2.850999999999999979e+00
2.853000000000000203e+00
3.214999999999999858e+00
2.450000000000000178e+00
2.951000000000000068e+00
2.466000000000000192e+00
2.556999999999999940e+00
2.813000000000000167e+00
2.834000000000000075e+00
2.347999999999999865e+00
2.427000000000000046e+00
2.620999999999999996e+00
2.876999999999999780e+00
2.876999999999999780e+00
2.944999999999999840e+00
2.616999999999999993e+00
2.684000000000000163e+00
2.705000000000000071e+00
2.456999999999999851e+00
2.319999999999999840e+00
2.402000000000000135e+00
2.475000000000000089e+00
3.346000000000000085e+00
2.619000000000000217e+00
2.702999999999999847e+00
2.508000000000000007e+00
2.748000000000000220e+00
3.392999999999999794e+00
2.851999999999999869e+00
3.028999999999999915e+00
2.149999999999999911e+00
2.419000000000000039e+00
2.880999999999999783e+00
3.028999999999999915e+00
2.830000000000000071e+00
2.595000000000000195e+00
2.549999999999999822e+00
2.996999999999999886e+00
2.825000000000000178e+00
3.423000000000000043e+00
2.681999999999999940e+00
2.552999999999999936e+00
2.099000000000000199e+00
2.830000000000000071e+00
2.831999999999999851e+00
2.806999999999999940e+00
2.991000000000000103e+00
2.725000000000000089e+00
2.754000000000000004e+00
2.604000000000000092e+00
2.343999999999999861e+00
2.775999999999999801e+00
2.899000000000000021e+00
2.884999999999999787e+00
2.677999999999999936e+00
2.580000000000000071e+00
3.025999999999999801e+00
2.741000000000000103e+00
2.903999999999999915e+00
2.333000000000000185e+00
3.044000000000000039e+00
2.795999999999999819e+00
2.886000000000000121e+00
2.309000000000000163e+00
2.717999999999999972e+00
2.525999999999999801e+00
2.862000000000000099e+00
2.716000000000000192e+00
2.500000000000000000e+00
2.888999999999999790e+00
2.718999999999999861e+00
2.568000000000000060e+00
2.778000000000000025e+00
2.652000000000000135e+00
2.924999999999999822e+00
2.887999999999999901e+00
3.057999999999999829e+00
2.970000000000000195e+00
2.700000000000000178e+00
2.947000000000000064e+00
2.971999999999999975e+00
2.930000000000000160e+00
2.709999999999999964e+00
2.390000000000000124e+00
2.912999999999999812e+00
3.233999999999999986e+00
3.242999999999999883e+00
2.456999999999999851e+00
3.001999999999999780e+00
2.850000000000000089e+00
3.290000000000000036e+00
2.721999999999999975e+00
2.588000000000000078e+00
2.720000000000000195e+00
3.048000000000000043e+00
2.818000000000000060e+00
2.782000000000000028e+00
2.601999999999999869e+00
2.698999999999999844e+00
2.629000000000000004e+00
2.478000000000000203e+00
2.765000000000000124e+00
2.689000000000000057e+00
2.842999999999999972e+00
2.915999999999999925e+00
3.174999999999999822e+00
2.751999999999999780e+00
2.549999999999999822e+00
2.741999999999999993e+00
2.446000000000000174e+00
3.142999999999999794e+00
2.737000000000000099e+00
2.617999999999999883e+00
2.641000000000000014e+00
2.633000000000000007e+00
3.011000000000000121e+00
2.810999999999999943e+00
2.645999999999999908e+00
2.403999999999999915e+00
2.858000000000000096e+00
2.498000000000000220e+00
2.754999999999999893e+00
2.426000000000000156e+00
2.928999999999999826e+00
2.806000000000000050e+00
2.725999999999999979e+00
2.371999999999999886e+00
2.708000000000000185e+00
2.847999999999999865e+00
3.145999999999999908e+00
2.569999999999999840e+00
2.835999999999999854e+00
3.069999999999999840e+00
2.758000000000000007e+00
2.499000000000000110e+00
2.847999999999999865e+00
2.575000000000000178e+00
2.801000000000000156e+00
2.527000000000000135e+00
2.454000000000000181e+00
2.866999999999999993e+00
3.016999999999999904e+00
2.123000000000000220e+00
2.487999999999999989e+00
2.710999999999999854e+00
2.951000000000000068e+00
2.785000000000000142e+00
2.786000000000000032e+00
2.732000000000000206e+00
2.847999999999999865e+00
2.649000000000000021e+00
2.762999999999999901e+00
2.545999999999999819e+00
2.940999999999999837e+00
2.509999999999999787e+00
2.693000000000000060e+00
2.665000000000000036e+00
2.815999999999999837e+00
2.615000000000000213e+00
2.424999999999999822e+00
2.733999999999999986e+00
2.569999999999999840e+00
3.080000000000000071e+00
2.662999999999999812e+00
2.790000000000000036e+00
2.940999999999999837e+00
2.745999999999999996e+00
2.508999999999999897e+00
2.936999999999999833e+00
2.972999999999999865e+00
2.528999999999999915e+00
3.380999999999999783e+00
2.767999999999999794e+00
3.025999999999999801e+00
2.935999999999999943e+00
2.346000000000000085e+00
2.641000000000000014e+00
2.858000000000000096e+00
3.001999999999999780e+00
2.732000000000000206e+00
3.177000000000000046e+00
3.181000000000000050e+00
2.721000000000000085e+00
2.548000000000000043e+00
2.767999999999999794e+00
2.547000000000000153e+00
2.569999999999999840e+00
2.495999999999999996e+00
2.991000000000000103e+00
2.591000000000000192e+00
2.515000000000000124e+00
2.791999999999999815e+00
2.834000000000000075e+00
2.642999999999999794e+00
2.722999999999999865e+00
2.782000000000000028e+00
2.615000000000000213e+00
2.914000000000000146e+00
2.787999999999999812e+00
2.660000000000000142e+00
2.833000000000000185e+00
3.060000000000000053e+00
2.621999999999999886e+00
2.653000000000000025e+00
3.049999999999999822e+00
2.842999999999999972e+00
2.611000000000000210e+00
2.810999999999999943e+00
2.717000000000000082e+00
2.650999999999999801e+00
3.100999999999999979e+00
2.943999999999999950e+00
2.888999999999999790e+00
2.476999999999999869e+00
3.119000000000000217e+00
2.649000000000000021e+00
2.685000000000000053e+00
2.830000000000000071e+00
3.184000000000000163e+00
2.692000000000000171e+00
2.573999999999999844e+00
2.895000000000000018e+00
2.463999999999999968e+00
2.596000000000000085e+00
2.451000000000000068e+00
2.999000000000000110e+00
2.646999999999999797e+00
2.516000000000000014e+00
2.567000000000000171e+00
2.787999999999999812e+00
3.039000000000000146e+00
2.483999999999999986e+00
2.494000000000000217e+00
2.418000000000000149e+00
2.871999999999999886e+00
2.595000000000000195e+00
2.766999999999999904e+00
2.843999999999999861e+00
2.958000000000000185e+00
2.551000000000000156e+00
2.753000000000000114e+00
2.928999999999999826e+00
2.455000000000000071e+00
2.805000000000000160e+00
2.551000000000000156e+00
2.793000000000000149e+00
2.911000000000000032e+00
2.589999999999999858e+00
2.858999999999999986e+00
2.915999999999999925e+00
2.689999999999999947e+00
2.870999999999999996e+00
3.178999999999999826e+00
2.661000000000000032e+00
3.347999999999999865e+00
2.616000000000000103e+00
2.720000000000000195e+00
3.080000000000000071e+00
2.825000000000000178e+00
2.853000000000000203e+00
3.119000000000000217e+00
2.726999999999999869e+00
2.596000000000000085e+00
2.427999999999999936e+00
2.866000000000000103e+00
2.976999999999999869e+00
2.870000000000000107e+00
3.060000000000000053e+00
3.093999999999999861e+00
3.346000000000000085e+00
3.254999999999999893e+00
2.668000000000000149e+00
3.149000000000000021e+00
2.790000000000000036e+00
3.220000000000000195e+00
2.843999999999999861e+00
2.545999999999999819e+00
2.903999999999999915e+00
2.826000000000000068e+00
3.242999999999999883e+00
2.511000000000000121e+00
2.634999999999999787e+00
2.712000000000000188e+00
2.533999999999999808e+00
2.689999999999999947e+00
2.592000000000000082e+00
2.660000000000000142e+00
2.512000000000000011e+00
2.862000000000000099e+00
2.650999999999999801e+00
2.400999999999999801e+00
2.779999999999999805e+00
2.454000000000000181e+00
3.347999999999999865e+00
2.607000000000000206e+00
2.573999999999999844e+00
2.798000000000000043e+00
3.100000000000000089e+00
2.677000000000000046e+00
3.063000000000000167e+00
2.492999999999999883e+00
2.516000000000000014e+00
2.736000000000000210e+00
2.928999999999999826e+00
2.592999999999999972e+00
2.900999999999999801e+00
2.549999999999999822e+00
2.729000000000000092e+00
2.871999999999999886e+00
2.533999999999999808e+00
3.240000000000000213e+00
3.024000000000000021e+00
2.653000000000000025e+00
2.979000000000000092e+00
2.954000000000000181e+00
2.826999999999999957e+00
2.685000000000000053e+00
2.665999999999999925e+00
2.726999999999999869e+00
2.798999999999999932e+00
2.697000000000000064e+00
2.625000000000000000e+00
2.754000000000000004e+00
2.870999999999999996e+00
2.650999999999999801e+00
2.539000000000000146e+00
2.935000000000000053e+00
2.887999999999999901e+00
2.658999999999999808e+00
2.601999999999999869e+00
2.817000000000000171e+00
2.532999999999999918e+00
2.656000000000000139e+00
2.660000000000000142e+00
2.634999999999999787e+00
2.721000000000000085e+00
2.771999999999999797e+00
2.883999999999999897e+00
3.021999999999999797e+00
2.254000000000000004e+00
2.709000000000000075e+00
3.290000000000000036e+00
2.475999999999999979e+00
2.749000000000000110e+00
3.111000000000000210e+00
3.149000000000000021e+00
2.475000000000000089e+00
2.571000000000000174e+00
2.589999999999999858e+00
2.587000000000000188e+00
2.468999999999999861e+00
2.681999999999999940e+00
2.887000000000000011e+00
2.588999999999999968e+00
2.531000000000000139e+00
2.684000000000000163e+00
2.790999999999999925e+00
2.964999999999999858e+00
2.694999999999999840e+00
2.577999999999999847e+00
2.884999999999999787e+00
2.682999999999999829e+00
2.661999999999999922e+00
2.980999999999999872e+00
2.501999999999999780e+00
2.991000000000000103e+00
2.366000000000000103e+00
2.650999999999999801e+00
2.928999999999999826e+00
2.653999999999999915e+00
2.696000000000000174e+00
2.706999999999999851e+00
2.802000000000000046e+00
2.552000000000000046e+00
2.748000000000000220e+00
2.649000000000000021e+00
2.666999999999999815e+00
2.682999999999999829e+00
2.734999999999999876e+00
3.142999999999999794e+00
2.830999999999999961e+00
2.876999999999999780e+00
2.410000000000000142e+00
2.709000000000000075e+00
2.569999999999999840e+00
2.626999999999999780e+00
2.580999999999999961e+00
2.541999999999999815e+00
2.576999999999999957e+00
2.956999999999999851e+00
2.504999999999999893e+00
2.660000000000000142e+00
2.720000000000000195e+00
2.455000000000000071e+00
3.037999999999999812e+00
2.701000000000000068e+00
2.750999999999999890e+00
2.638999999999999790e+00
2.869000000000000217e+00
3.052000000000000046e+00
2.533999999999999808e+00
3.025999999999999801e+00
2.745000000000000107e+00
2.729999999999999982e+00
2.911000000000000032e+00
2.688000000000000167e+00
2.979999999999999982e+00
2.737999999999999989e+00
2.779999999999999805e+00
3.096999999999999975e+00
2.588000000000000078e+00
2.670999999999999819e+00
3.016999999999999904e+00
2.763999999999999790e+00
2.766999999999999904e+00
3.479000000000000092e+00
2.887999999999999901e+00
3.100000000000000089e+00
2.673999999999999932e+00
2.762000000000000011e+00
2.960999999999999854e+00
2.505999999999999783e+00
3.104000000000000092e+00
2.310999999999999943e+00
3.290999999999999925e+00
2.870000000000000107e+00
2.637000000000000011e+00
2.979999999999999982e+00
2.979999999999999982e+00
2.721000000000000085e+00
2.734999999999999876e+00
2.608000000000000096e+00
3.088000000000000078e+00
2.774000000000000021e+00
2.870999999999999996e+00
2.802999999999999936e+00
