2.934000000000000163e+00
2.638999999999999790e+00
2.778999999999999915e+00
2.823999999999999844e+00
2.644000000000000128e+00
2.487000000000000099e+00
3.005999999999999783e+00
2.682999999999999829e+00
3.112000000000000099e+00
2.669000000000000039e+00
2.669000000000000039e+00
2.990000000000000213e+00
2.310000000000000053e+00
3.233999999999999986e+00
2.597999999999999865e+00
2.575000000000000178e+00
3.107000000000000206e+00
2.669000000000000039e+00
2.600999999999999979e+00
2.634999999999999787e+00
2.674999999999999822e+00
2.637000000000000011e+00
3.092999999999999972e+00
2.641999999999999904e+00
2.636000000000000121e+00
2.508000000000000007e+00
3.011000000000000121e+00
2.765000000000000124e+00
2.777000000000000135e+00
2.834000000000000075e+00
2.809000000000000163e+00
2.702999999999999847e+00
3.064999999999999947e+00
2.754000000000000004e+00
2.802000000000000046e+00
2.479999999999999982e+00
2.778000000000000025e+00
3.047000000000000153e+00
2.665000000000000036e+00
2.565999999999999837e+00
2.641000000000000014e+00
3.177000000000000046e+00
2.754999999999999893e+00
2.781000000000000139e+00
2.486000000000000210e+00
3.145999999999999908e+00
2.678999999999999826e+00
2.674999999999999822e+00
2.964999999999999858e+00
2.527000000000000135e+00
2.484999999999999876e+00
3.136000000000000121e+00
2.759999999999999787e+00
2.589999999999999858e+00
3.479000000000000092e+00
2.876999999999999780e+00
2.629000000000000004e+00
3.024000000000000021e+00
2.988999999999999879e+00
2.749000000000000110e+00
3.012000000000000011e+00
2.986000000000000210e+00
2.717000000000000082e+00
2.486000000000000210e+00
2.787999999999999812e+00
2.966000000000000192e+00
2.487000000000000099e+00
2.572000000000000064e+00
2.705999999999999961e+00
2.619000000000000217e+00
2.572999999999999954e+00
2.571000000000000174e+00
3.196000000000000174e+00
2.737999999999999989e+00
2.576000000000000068e+00
2.706999999999999851e+00
2.492999999999999883e+00
2.523000000000000131e+00
2.652000000000000135e+00
2.748000000000000220e+00
2.721000000000000085e+00
2.827999999999999847e+00
2.983999999999999986e+00
2.677000000000000046e+00
2.519000000000000128e+00
3.392999999999999794e+00
3.057999999999999829e+00
2.561999999999999833e+00
2.704000000000000181e+00
2.490000000000000213e+00
2.609999999999999876e+00
2.464999999999999858e+00
2.569999999999999840e+00
2.422000000000000153e+00
2.587000000000000188e+00
2.475999999999999979e+00
2.790000000000000036e+00
2.544999999999999929e+00
2.870999999999999996e+00
2.838000000000000078e+00
2.781000000000000139e+00
3.633999999999999897e+00
2.745999999999999996e+00
2.661000000000000032e+00
2.984999999999999876e+00
3.209000000000000075e+00
2.766000000000000014e+00
3.016999999999999904e+00
2.426000000000000156e+00
2.577999999999999847e+00
