1.195753449684930025e+01
1.224318394371675289e+01
1.553766448359614216e+01
1.103245389578974489e+01
1.536034913564354021e+01
1.202081324406622720e+01
1.244003026996968231e+01
1.312395964608672116e+01
1.317569834465894196e+01
1.164513193121363344e+01
1.224917104725261652e+01
1.224318394371675289e+01
1.249150903400206580e+01
1.243333382863669634e+01
1.225717724545807741e+01
1.216931807676933097e+01
1.214862380188467661e+01
1.123804327868903030e+01
1.183132248014385546e+01
1.136634534100475058e+01
1.136471632762653350e+01
1.123804327868903030e+01
1.537072570813923633e+01
1.184898963513213488e+01
1.239409199399962702e+01
1.209907552392871111e+01
1.155905707857277598e+01
1.550779929756404840e+01
1.200678064097510855e+01
1.553766448359614216e+01
1.115131070924957157e+01
1.173407437578709356e+01
1.202081324406622720e+01
1.542549996381691990e+01
1.543599020822739121e+01
1.224917104725261652e+01
1.183132248014385546e+01
1.545158963095528293e+01
1.546141789104582287e+01
1.294035630079407895e+01
1.352629359039035251e+01
1.182014922842795102e+01
1.136634534100475058e+01
1.553766448359614216e+01
1.223369254507682946e+01
1.239308548926199727e+01
1.545158963095528293e+01
1.173407437578709356e+01
1.283660001022155939e+01
1.155905707857277598e+01
1.202081324406622720e+01
1.182014922842795102e+01
1.200209505627394613e+01
1.547737911025613400e+01
1.283660001022155939e+01
1.244003026996968231e+01
1.193966375868637897e+01
1.328303973046469899e+01
1.239409199399962702e+01
1.265279971993011365e+01
1.211250794301162514e+01
1.246169098968614009e+01
1.226410369739583750e+01
1.176291478249127564e+01
1.111346562963647600e+01
1.203691186304314087e+01
1.266516313125602089e+01
1.212940686562883741e+01
1.215710909107589544e+01
1.317569834465894196e+01
1.164513193121363344e+01
1.191739733278471292e+01
1.279637045628939340e+01
1.267696613298356212e+01
1.282110414064595894e+01
1.337169381655492195e+01
1.542172444492319272e+01
1.302478509662957684e+01
1.111346562963647600e+01
1.373855277459982993e+01
1.239409199399962702e+01
1.345948492627336535e+01
1.219205894260027456e+01
1.210234892848312782e+01
1.303580816325981573e+01
1.536034913564354021e+01
1.550779929756404840e+01
1.276908254839786672e+01
1.530762302390240315e+01
1.316795333617841557e+01
1.547737911025613400e+01
1.191768817577101203e+01
1.328367116077299848e+01
1.161368248225671707e+01
1.319040838854327369e+01
1.251475810475582051e+01
1.164513193121363344e+01
1.202081324406622720e+01
1.251139099021248491e+01
1.320761723677210320e+01
1.182014922842795102e+01
1.173405136928296422e+01
1.246286438635934957e+01
1.199064687970444965e+01
1.295163529164530836e+01
1.560507885951862761e+01
1.183132248014385546e+01
1.224852427212094597e+01
1.236269847397517907e+01
1.202081324406622720e+01
1.542549996381691990e+01
1.264278958331503766e+01
1.172947510487370870e+01
1.268057901993010894e+01
1.182014922842795102e+01
1.547118151149652832e+01
1.214032777432465338e+01
1.317569834465894196e+01
1.120531619949821156e+01
1.277299695879703023e+01
1.200333644526419796e+01
1.548087974909955200e+01
1.176464646147206139e+01
1.224195836645831115e+01
1.201367530365370406e+01
1.288753773259131385e+01
1.171829462340593686e+01
1.317962381918318471e+01
1.182014922842795102e+01
1.545158963095528293e+01
1.122118874488008267e+01
1.282944204177326064e+01
1.180906236660402442e+01
1.202081324406622720e+01
1.127864147498567426e+01
1.241809600720554840e+01
1.202081324406622720e+01
1.239409199399962702e+01
1.304532602371218175e+01
1.191739733278471292e+01
1.361097580437035326e+01
1.358020342357978372e+01
1.142677812777936808e+01
1.209403815209405231e+01
1.243584518038223763e+01
1.546141789104582287e+01
1.260083295739667975e+01
1.206874743123684723e+01
1.310306420960393048e+01
1.308962349201808451e+01
1.313994359449040417e+01
1.204358166435333111e+01
1.296441263510390129e+01
1.532887914561998244e+01
1.233126929070514244e+01
1.150632337584375264e+01
1.161331860108877834e+01
1.220638506147954594e+01
1.238882419977278282e+01
1.173407437578709356e+01
1.193473839142536796e+01
1.156680208705330237e+01
1.557658671328789701e+01
1.224917104725261652e+01
1.204358166435333111e+01
1.543174216468611704e+01
1.263803436241092193e+01
1.294973331061895649e+01
1.316795333617841557e+01
1.325229650983848906e+01
1.176967380194425239e+01
1.552777232707362209e+01
1.173407437578709356e+01
1.164340025223284947e+01
1.264959252426597303e+01
1.176967380194425239e+01
1.273820056483303276e+01
1.270911052957848142e+01
1.543174216468611704e+01
1.546141789104582287e+01
1.545680056078009379e+01
1.278478493503137159e+01
1.538104432986576597e+01
1.224917104725261652e+01
1.216309619461175728e+01
1.125423609494297494e+01
1.362970950167186679e+01
1.173405136928296422e+01
1.533942511117606244e+01
1.134083705301331690e+01
1.189729054576534217e+01
1.172947510487370870e+01
1.285410653172405659e+01
1.214032777432465338e+01
1.154642643591260409e+01
1.550007710293113661e+01
1.147392820988692819e+01
1.260083295739667975e+01
1.373855277459982993e+01
1.172947510487370870e+01
1.358726871252413559e+01
1.551900400687776838e+01
1.243531975980606674e+01
1.195619753154318943e+01
1.277760552787067638e+01
1.241444328374690187e+01
1.167857160883120216e+01
1.172947510487370870e+01
1.239409199399962702e+01
1.202081324406622720e+01
1.239093844955305457e+01
1.212965651699419034e+01
1.265896915081294161e+01
1.123804327868903030e+01
1.552777232707362209e+01
1.152724374844792088e+01
1.183132248014385546e+01
1.300963625277306868e+01
1.555725636413738577e+01
1.211752706497573051e+01
1.316795333617841557e+01
1.217232194572105008e+01
1.120470134741490398e+01
1.354027095854808849e+01
1.172947510487370870e+01
1.232766350175033132e+01
1.183132248014385546e+01
1.115131070924957157e+01
1.224917104725261652e+01
1.193473839142536796e+01
1.317569834465894196e+01
1.130726359752094012e+01
1.164340025223284947e+01
1.164340025223284947e+01
1.324098046291481801e+01
1.279201939356075535e+01
1.221793317936752388e+01
1.202081324406622720e+01
1.248016684664048626e+01
1.352629359039035251e+01
1.250636015753445918e+01
1.227662362133432339e+01
1.294973331061895649e+01
1.294875848698002585e+01
1.171829462340593686e+01
1.204358166435333111e+01
1.547118151149652832e+01
1.182014922842795102e+01
1.212965651699419034e+01
1.249170393422350855e+01
1.202081324406622720e+01
1.200013549612900832e+01
1.294973331061895649e+01
1.317569834465894196e+01
1.531827820212614633e+01
1.178343637809485855e+01
1.222775063088768199e+01
1.545680056078009379e+01
1.336687427916355908e+01
1.224550071639724358e+01
1.542549996381691990e+01
1.227457746374119907e+01
1.212965651699419034e+01
1.205938664983077224e+01
1.283008500248572226e+01
1.335870436940858141e+01
1.546141789104582287e+01
1.540150474817991899e+01
1.227296633218309729e+01
1.550007710293113661e+01
1.262694281402500529e+01
1.172947510487370870e+01
1.533942511117606244e+01
1.200914027006164986e+01
1.316795333617841557e+01
1.323989252323715604e+01
1.176464646147206139e+01
1.234152191614437832e+01
1.202081324406622720e+01
1.539130425761527832e+01
1.266996282119907136e+01
1.304532602371218175e+01
1.191938661728970494e+01
1.219988917584443655e+01
1.134070327513850884e+01
1.176464646147206139e+01
1.152724374844792088e+01
1.239409199399962702e+01
1.376155342932998060e+01
1.282128356497124777e+01
1.136634534100475058e+01
1.318969999761347012e+01
1.248016684664048626e+01
1.542172444492319272e+01
1.156000306252778564e+01
1.149416795199829089e+01
1.277705749990775708e+01
1.549771991099269997e+01
1.233856344141827144e+01
1.182014922842795102e+01
1.251188622563257624e+01
1.160024176467087287e+01
1.312048858047094768e+01
1.543174216468611704e+01
1.197341673737020074e+01
1.263899233794414911e+01
1.362970950167186679e+01
1.182014922842795102e+01
1.260922344768945891e+01
1.166612933891780557e+01
1.548087974909955200e+01
1.276584017287501105e+01
1.264278958331503766e+01
1.172947510487370870e+01
1.376114442362442958e+01
1.214032777432465338e+01
1.222115658723907927e+01
1.176967380194425239e+01
1.195083701040228163e+01
1.176291478249127564e+01
1.164340025223284947e+01
1.182014922842795102e+01
1.276909089788050977e+01
1.352629359039035251e+01
1.342904548603359061e+01
1.132483072975663774e+01
1.303580816325981573e+01
1.307301435754451724e+01
1.294973331061895649e+01
1.191739733278471292e+01
1.173407437578709356e+01
1.310306420960393048e+01
1.195083701040228163e+01
1.224917104725261652e+01
1.275815386906193361e+01
1.171829462340593686e+01
1.215710909107589544e+01
1.276584017287501105e+01
1.352629359039035251e+01
1.203691186304314087e+01
1.217668302807932790e+01
1.538298920679746118e+01
1.167857160883120216e+01
1.182014922842795102e+01
1.539130425761527832e+01
1.547118151149652832e+01
1.150632337584375264e+01
1.193966375868637897e+01
1.111852874843060235e+01
1.216309619461175728e+01
1.123804327868903030e+01
1.247714717601384216e+01
1.278735724467920498e+01
1.142691190565417614e+01
1.291227075856582651e+01
1.130726359752094012e+01
1.288064066849947054e+01
1.543174216468611704e+01
1.301698935696307302e+01
1.149416795199829089e+01
1.535054968050626023e+01
1.152724374844792088e+01
1.164513193121363344e+01
1.546711918250662521e+01
1.115196842604817107e+01
1.251733551433335201e+01
1.243115080577172904e+01
1.152760762961586138e+01
1.530762302390240315e+01
1.190303413483620076e+01
1.148423085788495968e+01
1.227662362133432339e+01
1.182014922842795102e+01
1.214032777432465338e+01
1.226708575875169593e+01
1.273756375879298197e+01
1.289576862548524971e+01
1.212965651699419034e+01
1.224550071639724358e+01
1.553766448359614216e+01
1.239576485861896771e+01
1.202081324406622720e+01
1.168359894930339493e+01
1.270300991702301552e+01
1.176464646147206139e+01
1.248016684664048626e+01
1.236269847397517907e+01
1.130726359752094012e+01
1.191739733278471292e+01
1.557658671328789701e+01
1.109978436479761399e+01
1.282902857345177416e+01
1.176464646147206139e+01
1.202081324406622720e+01
1.330439797876983476e+01
1.246169098968614009e+01
1.540150474817991899e+01
1.172947510487370870e+01
1.326166712348556587e+01
1.553766448359614216e+01
1.255854072905423102e+01
1.540150474817991899e+01
1.212965651699419034e+01
1.317582372398456236e+01
1.533942511117606244e+01
1.148072723441244491e+01
1.526447482786540277e+01
1.342904548603359061e+01
1.218060430397003380e+01
1.551781701732697449e+01
1.227662362133432339e+01
1.236269847397517907e+01
1.225035897826190379e+01
1.213430050383465186e+01
1.204358166435333111e+01
1.546711918250662521e+01
1.229526292332072934e+01
1.560507885951862761e+01
1.193473839142536974e+01
1.251475810475582051e+01
1.355196648530792203e+01
1.152760762961586138e+01
1.548087974909955200e+01
1.145242019364560804e+01
1.538104432986576597e+01
1.552777232707362209e+01
1.239524357449739433e+01
1.286268363433916662e+01
1.537072570813923811e+01
1.314934453279051851e+01
1.256272315550686081e+01
1.183161332313015457e+01
1.362970950167186679e+01
1.224917104725261652e+01
1.260752257569000712e+01
1.274252314588368762e+01
