2.224000000000000199e+00
2.194999999999999840e+00
2.130999999999999783e+00
2.214999999999999858e+00
2.430000000000000160e+00
2.141000000000000014e+00
2.392999999999999794e+00
2.325000000000000178e+00
2.869000000000000217e+00
2.354000000000000092e+00
2.293000000000000149e+00
2.474000000000000199e+00
2.035000000000000142e+00
2.342000000000000082e+00
2.188000000000000167e+00
2.204000000000000181e+00
2.934000000000000163e+00
2.193000000000000060e+00
2.177000000000000046e+00
2.306999999999999940e+00
2.479000000000000092e+00
2.228000000000000203e+00
2.157000000000000028e+00
2.105999999999999872e+00
2.055000000000000160e+00
1.965000000000000080e+00
2.274999999999999911e+00
2.282999999999999918e+00
2.213999999999999968e+00
2.478000000000000203e+00
2.435000000000000053e+00
2.338999999999999968e+00
2.661999999999999922e+00
2.289000000000000146e+00
2.251999999999999780e+00
2.281000000000000139e+00
2.083000000000000185e+00
2.334000000000000075e+00
2.270000000000000018e+00
2.330999999999999961e+00
2.197000000000000064e+00
2.709999999999999964e+00
2.773000000000000131e+00
2.258000000000000007e+00
2.178999999999999826e+00
2.517999999999999794e+00
2.486000000000000210e+00
2.287999999999999812e+00
2.684000000000000163e+00
2.286000000000000032e+00
2.287999999999999812e+00
2.665999999999999925e+00
2.267999999999999794e+00
2.096000000000000085e+00
2.677999999999999936e+00
2.361000000000000210e+00
2.232000000000000206e+00
2.653000000000000025e+00
2.644000000000000128e+00
2.322000000000000064e+00
2.201999999999999957e+00
2.176000000000000156e+00
2.286000000000000032e+00
2.193999999999999950e+00
2.355999999999999872e+00
2.327999999999999847e+00
2.229999999999999982e+00
2.161999999999999922e+00
2.141999999999999904e+00
2.350000000000000089e+00
2.115000000000000213e+00
2.225000000000000089e+00
2.170999999999999819e+00
2.225999999999999979e+00
2.222999999999999865e+00
2.205000000000000071e+00
1.856999999999999984e+00
1.834000000000000075e+00
2.258000000000000007e+00
2.269000000000000128e+00
2.626999999999999780e+00
2.375999999999999890e+00
2.471000000000000085e+00
2.306000000000000050e+00
2.153000000000000025e+00
2.620000000000000107e+00
2.807999999999999829e+00
2.032999999999999918e+00
2.083000000000000185e+00
2.133999999999999897e+00
2.321000000000000174e+00
2.209999999999999964e+00
2.329000000000000181e+00
2.125999999999999890e+00
2.229999999999999982e+00
2.076999999999999957e+00
2.275999999999999801e+00
1.959999999999999964e+00
2.478000000000000203e+00
2.298000000000000043e+00
2.201999999999999957e+00
2.761000000000000121e+00
2.314000000000000057e+00
2.338000000000000078e+00
2.376999999999999780e+00
2.355999999999999872e+00
2.165999999999999925e+00
2.140000000000000124e+00
2.065999999999999837e+00
2.158999999999999808e+00
