1.266806540659275804e+01
1.348671109384918765e+01
1.711719072192603619e+01
1.212520382778209971e+01
1.688897035912457412e+01
1.318257795754395367e+01
1.285745254414729644e+01
1.373575410487517523e+01
1.274465900288014453e+01
1.269948671210911684e+01
1.370603286377213337e+01
1.348671109384918765e+01
1.290443687060371758e+01
1.333841949430545348e+01
1.311051296553098844e+01
1.300033853922877647e+01
1.297478536734736387e+01
1.251767770577560412e+01
1.302936319078441407e+01
1.123015015644253900e+01
1.237506723956391852e+01
1.251767770577560412e+01
1.691244768667217002e+01
1.318042343303392272e+01
1.401277966133760877e+01
1.291428525457323317e+01
1.268324967691219918e+01
1.704636591764187870e+01
1.280446610328767143e+01
1.711719072192603619e+01
1.100561236400544196e+01
1.290316629385422331e+01
1.318257795754395367e+01
1.685831599741268150e+01
1.688175097172854677e+01
1.370603286377213337e+01
1.302936319078441407e+01
1.710095368672911675e+01
1.712459470935935357e+01
1.340654432064479806e+01
1.318549496253940134e+01
1.291940332905114097e+01
1.123015015644253900e+01
1.711719072192603619e+01
1.308081013157331007e+01
1.319034095536505014e+01
1.710095368672911675e+01
1.290316629385422331e+01
1.328020805730586140e+01
1.268324967691219918e+01
1.318257795754395367e+01
1.291940332905114097e+01
1.271705834609615593e+01
1.697569991853852045e+01
1.328020805730586140e+01
1.285745254414729644e+01
1.329564017184772595e+01
1.384898311469657273e+01
1.401277966133760877e+01
1.363398314880631190e+01
1.293058795377446479e+01
1.294301425106726455e+01
1.311930664301633875e+01
1.316418639783700328e+01
1.247224084036382941e+01
1.342183706877791671e+01
1.365101351493216164e+01
1.267079252337614470e+01
1.347047405865226821e+01
1.274465900288014453e+01
1.269948671210911684e+01
1.304560022598133173e+01
1.383429969237226409e+01
1.356555548666034738e+01
1.376426347154026608e+01
1.457876803005944844e+01
1.703012888244496281e+01
1.360626788246485397e+01
1.247224084036382941e+01
1.346969075753361800e+01
1.401277966133760877e+01
1.408922135335462933e+01
1.293889765532464686e+01
1.266251408756557773e+01
1.258298869495195227e+01
1.688897035912457412e+01
1.704636591764187870e+01
1.231565800699344138e+01
1.677190816215489377e+01
1.282314441347026879e+01
1.697569991853852045e+01
1.174332269653497107e+01
1.444204131066331875e+01
1.289571666732838295e+01
1.430007697531621602e+01
1.418745878581455067e+01
1.269948671210911684e+01
1.318257795754395367e+01
1.292342566467088005e+01
1.384701603572875506e+01
1.291940332905114097e+01
1.162487150602241748e+01
1.287788423536683879e+01
1.278570000387252570e+01
1.394910766327976681e+01
1.728298377039076072e+01
1.302936319078441407e+01
1.271954716217234171e+01
1.386294793664577263e+01
1.318257795754395367e+01
1.685831599741268150e+01
1.313805597894133825e+01
1.280418659023733774e+01
1.357046842426004751e+01
1.291940332905114097e+01
1.714825120371997258e+01
1.355881480034053865e+01
1.274465900288014453e+01
1.221574768347762685e+01
1.369732272625677538e+01
1.271844243527495522e+01
1.717192262648854495e+01
1.307572355490570182e+01
1.309124438356746012e+01
1.281252735485203864e+01
1.249872494092506869e+01
1.153232271121416552e+01
1.371200538313395079e+01
1.291940332905114097e+01
1.710095368672911675e+01
1.229862320450057389e+01
1.335966693685460349e+01
1.258571420401138674e+01
1.318257795754395367e+01
1.235883020436699908e+01
1.283849029715867118e+01
1.318257795754395367e+01
1.401277966133760877e+01
1.353842524398192637e+01
1.304560022598133173e+01
1.430218170367517416e+01
1.504195010820177636e+01
1.269109708249407831e+01
1.282208415543036750e+01
1.334172961101407040e+01
1.712459470935935357e+01
1.420369582101146833e+01
1.287776206586355343e+01
1.265937456108986758e+01
1.272842196768322687e+01
1.366020328765584502e+01
1.331355898577862895e+01
1.396745940275632059e+01
1.681866597949940001e+01
1.277080449887692915e+01
1.130404486962203592e+01
1.141921741714116223e+01
1.304649933007186924e+01
1.281428343373656986e+01
1.290316629385422331e+01
1.316634092234703424e+01
1.260476426632207492e+01
1.721184546953956485e+01
1.370603286377213337e+01
1.331355898577862895e+01
1.705372022994949432e+01
1.361369769924559492e+01
1.256675165975503461e+01
1.282314441347026879e+01
1.292784429159848791e+01
1.158739632238908435e+01
1.709356571434860683e+01
1.290316629385422331e+01
1.278794955504041830e+01
1.314582238019229798e+01
1.158739632238908435e+01
1.375246133822684413e+01
1.360938825176220490e+01
1.705372022994949432e+01
1.712459470935935357e+01
1.692868472186908946e+01
1.321890072133495941e+01
1.693594537585198978e+01
1.370603286377213337e+01
1.368979582857521393e+01
1.226193353045019840e+01
1.332247269410202328e+01
1.162487150602241748e+01
1.684207896221576206e+01
1.242685692319696500e+01
1.260417956758618274e+01
1.280418659023733774e+01
1.391645938824001405e+01
1.355881480034053865e+01
1.281933080119046764e+01
1.721930808395984513e+01
1.134551175170158999e+01
1.420369582101146833e+01
1.346969075753361800e+01
1.280418659023733774e+01
1.426843557347174851e+01
1.726674673519384129e+01
1.324479545952669923e+01
1.266661707944238913e+01
1.321051141978833421e+01
1.331357434267550133e+01
1.305948651970878416e+01
1.280418659023733774e+01
1.401277966133760877e+01
1.318257795754395367e+01
1.287463959840639660e+01
1.332979602097554839e+01
1.364247630769770936e+01
1.251767770577560412e+01
1.709356571434860683e+01
1.140298038194424279e+01
1.302936319078441407e+01
1.414257157402185072e+01
1.716448823891689202e+01
1.293669882788365655e+01
1.282314441347026879e+01
1.291502421371630582e+01
1.106026982153530902e+01
1.420200046300227115e+01
1.280418659023733774e+01
1.276827974750931283e+01
1.302936319078441407e+01
1.100561236400544196e+01
1.370603286377213337e+01
1.316634092234703424e+01
1.274465900288014453e+01
1.231486023969749333e+01
1.278794955504041830e+01
1.278794955504041830e+01
1.379293275619134107e+01
1.322738116635148664e+01
1.297044079982992848e+01
1.318257795754395367e+01
1.402901669653452643e+01
1.318549496253940134e+01
1.291857951093334478e+01
1.384671090144885319e+01
1.256675165975503461e+01
1.341696091501167309e+01
1.153232271121416552e+01
1.331355898577862895e+01
1.714825120371997258e+01
1.291940332905114097e+01
1.332979602097554839e+01
1.331825133021661145e+01
1.318257795754395367e+01
1.279672003048573004e+01
1.256675165975503461e+01
1.274465900288014453e+01
1.679527553170497001e+01
1.167694080618028352e+01
1.270899908321916882e+01
1.692868472186908946e+01
1.457121010256710569e+01
1.271795242669123027e+01
1.685831599741268150e+01
1.363654281854102379e+01
1.332979602097554839e+01
1.286657215984457636e+01
1.243851794105864350e+01
1.395099285193684935e+01
1.712459470935935357e+01
1.698299966581858556e+01
1.303839936059523552e+01
1.721930808395984513e+01
1.304147239671653757e+01
1.280418659023733774e+01
1.684207896221576206e+01
1.280722221704592911e+01
1.282314441347026879e+01
1.389043489110392215e+01
1.307572355490570182e+01
1.312455573388945140e+01
1.318257795754395367e+01
1.695946288334160101e+01
1.308823793341984931e+01
1.353842524398192637e+01
1.270457701937690764e+01
1.294841453312457880e+01
1.267486004729715887e+01
1.307572355490570182e+01
1.140298038194424279e+01
1.401277966133760877e+01
1.535688312276975864e+01
1.334965483406481823e+01
1.123015015644253900e+01
1.372522685666694109e+01
1.402901669653452643e+01
1.703012888244496281e+01
1.136174878689850765e+01
1.251947982453179797e+01
1.238559123181135035e+01
1.702279221515743757e+01
1.277598718065232219e+01
1.291940332905114097e+01
1.334475149641775360e+01
1.296476407392174224e+01
1.363496012562308479e+01
1.705372022994949432e+01
1.268536937925763652e+01
1.305443490125842665e+01
1.332247269410202328e+01
1.291940332905114097e+01
1.302261377025510747e+01
1.147616923402228650e+01
1.717192262648854495e+01
1.328233358760455829e+01
1.313805597894133825e+01
1.280418659023733774e+01
1.522079890780491418e+01
1.355881480034053865e+01
1.306502820624023720e+01
1.158739632238908435e+01
1.340560003358099905e+01
1.316418639783700328e+01
1.278794955504041830e+01
1.291940332905114097e+01
1.379580432117005451e+01
1.318549496253940134e+01
1.305929806560921058e+01
1.259198452627421183e+01
1.258298869495195227e+01
1.357379817988371329e+01
1.256675165975503461e+01
1.304560022598133173e+01
1.290316629385422331e+01
1.265937456108986758e+01
1.340560003358099905e+01
1.370603286377213337e+01
1.327310457540842314e+01
1.153232271121416552e+01
1.347047405865226821e+01
1.328233358760455829e+01
1.318549496253940134e+01
1.342183706877791671e+01
1.300947117253255669e+01
1.676480144936852312e+01
1.305948651970878416e+01
1.291940332905114097e+01
1.695946288334160101e+01
1.714825120371997258e+01
1.130404486962203592e+01
1.329564017184772595e+01
1.214144086297901914e+01
1.368979582857521393e+01
1.251767770577560412e+01
1.339640797373508541e+01
1.382155793793607756e+01
1.244309395839388266e+01
1.400018787907558604e+01
1.231486023969749333e+01
1.395453492233653847e+01
1.705372022994949432e+01
1.264313752589294992e+01
1.251947982453179797e+01
1.669491736804364024e+01
1.140298038194424279e+01
1.269948671210911684e+01
1.695218241104890922e+01
1.250144067057868469e+01
1.300024440328471087e+01
1.284969508804254801e+01
1.287947963213146529e+01
1.677190816215489377e+01
1.268640320420718304e+01
1.275130408236050350e+01
1.384671090144885319e+01
1.291940332905114097e+01
1.355881480034053865e+01
1.272977973245292205e+01
1.375157057048904363e+01
1.397633353448368609e+01
1.332979602097554839e+01
1.271795242669123027e+01
1.711719072192603619e+01
1.328910173706024800e+01
1.318257795754395367e+01
1.157115928719216669e+01
1.360104823863343526e+01
1.307572355490570182e+01
1.402901669653452643e+01
1.386294793664577263e+01
1.231486023969749333e+01
1.304560022598133173e+01
1.721184546953956485e+01
1.242621956492107316e+01
1.327116942347469397e+01
1.307572355490570182e+01
1.318257795754395367e+01
1.387762488715103437e+01
1.294301425106726455e+01
1.698299966581858556e+01
1.280418659023733774e+01
1.391988285036965678e+01
1.711719072192603619e+01
1.297011489345814184e+01
1.698299966581858556e+01
1.332979602097554839e+01
1.380451392031994828e+01
1.684207896221576206e+01
1.258852723112515726e+01
1.667868033284672080e+01
1.305929806560921058e+01
1.268851361414396273e+01
1.706995726514641021e+01
1.384671090144885319e+01
1.386294793664577263e+01
1.301034490013029554e+01
1.295719496711601870e+01
1.331355898577862895e+01
1.695218241104890922e+01
1.315904652347101411e+01
1.728298377039076072e+01
1.316634092234703424e+01
1.418745878581455067e+01
1.421847573857140112e+01
1.287947963213146529e+01
1.717192262648854495e+01
1.124638719163945666e+01
1.693594537585198978e+01
1.709356571434860683e+01
1.381122194301796391e+01
1.340072387981475366e+01
1.691244768667217002e+01
1.423847159023811138e+01
1.351113282824044148e+01
1.172708566133805164e+01
1.332247269410202328e+01
1.370603286377213337e+01
1.357196299601877776e+01
1.316991318411166922e+01
