5.086022642423226880e-01
1.424472053508937797e-01
-4.897348775800857146e-01
2.314336196942119450e-01
-1.973595186780713329e+00
-2.559125042328178612e+00
8.481212517978466980e-01
1.585192723040399043e+00
3.234210917427091658e-01
-3.675355958758257935e-01
-4.747148053094307207e-01
-5.339520206597492269e-01
8.959588831376128493e-01
5.654658840653498109e-01
-6.808380289357897075e-01
4.605097138856767414e-01
-2.313088984833667483e-01
1.784017116394631230e+00
8.883430573124052876e-02
-1.076773294394302249e+00
1.244739189807913649e+00
-1.221082181198215100e+00
-9.479630935904341804e-01
1.723130407753277415e+00
-2.170605382871787503e-01
5.116151415306452455e-02
1.709606501143517754e+00
-1.053332452288087001e-01
9.093296509880699485e-01
-1.001833147198936347e+00
-9.011981182522239842e-02
5.176050964311550429e-01
3.084384412496224415e-01
-8.687295831180070760e-01
-1.392147181131959677e-01
7.265713638931092788e-02
9.858254067736746951e-01
-7.393301249860885216e-01
-1.954955922636571364e+00
1.146379677783098350e+00
-5.911642868735244027e-01
-4.811581997738138550e-01
1.412027885712177355e-01
-2.602689073026581146e-01
-6.893646148081655767e-01
3.192412466373673041e-01
3.094682050749558155e-01
2.184057257760201598e-01
-2.164849664176460575e-01
1.380811120519118473e+00
-8.075162304116709766e-01
7.836374986228493711e-01
5.349548115344602284e-01
-3.638497734353422164e+00
-4.083230591173930835e-01
-4.263693737876568801e-01
1.602932627480207817e+00
1.380497548681619835e-01
-1.388630545781248227e+00
-6.807512949753173892e-01
9.548640177011623598e-01
1.941458158236052389e+00
8.808436515568612846e-01
-3.650314433653950030e-01
1.152487885438644000e+00
4.532977193336784616e-01
5.660200740527200347e-01
-6.331970581951393284e-02
-1.261552723967261036e+00
8.323073305245760611e-01
5.333436676714983227e-01
1.669840053521943535e+00
-1.109375304277635532e+00
-3.419319914350412160e-01
4.004344530019214865e-01
-1.927259241743511375e-01
9.464734204411198171e-01
1.884191592036608270e-02
-7.061354370171478712e-01
-1.018101634167871250e+00
2.786876427196558925e+00
6.500096156586432361e-01
-2.265086229101815063e-01
-4.399663729085019903e-01
1.574590106880545681e-01
-1.465987584556779355e+00
-1.352076738036847248e+00
1.803565384107464475e-01
6.006942621086732714e-01
-2.423614662548451981e-01
2.120028538858329981e+00
5.468667180622381885e-01
-6.983205734441577661e-01
-4.441689709532100627e-01
4.445639071041674328e-01
-9.858680189188652188e-01
2.453113786687913134e+00
5.624412063306130083e-01
5.227037882443943850e+00
-6.761235011388420924e-02
-2.081310621704273167e-01
-2.606494439581031330e-01
1.787355886638863078e-01
6.049503892184765474e-01
7.707887563593158742e-01
2.269391349484349285e-01
-1.908966212521030936e+00
6.250374722937180987e-03
-3.377906955821303181e-01
-1.298359820398895748e+00
2.361337320167862242e-01
-1.659277254086146458e+00
-9.648371513871484284e-01
6.345127251501873067e-01
1.447111947386905406e+00
-6.061725963570641085e-01
9.983503348692862600e-01
-7.439997614921785019e-01
6.566352151586161146e-01
-1.927756765983514378e-02
-5.485211367303648444e-01
6.751730267365945171e-01
6.670751405127042233e-01
3.594498324354472585e-01
-1.019965399975788500e-01
-1.032451156746970744e+00
3.561863281173398010e-01
-2.621810874137873171e-01
8.326531621161372687e-01
-6.765098820952590852e-01
1.012464937487139061e+00
1.796784105987687008e+00
7.520259536662838862e-01
3.473740854243004827e-01
-4.892560335432937779e-01
3.460856076337841536e-01
5.036320592334144752e-01
-9.134594076327603451e-01
-1.415603041057992728e+00
1.058364712946351593e+00
2.515144315769971328e+00
-4.182811954482215655e-01
-1.861656542569845030e+00
-1.859278171128597446e-01
5.080026737111678070e-01
-2.094744290307366974e+00
5.064072879623914697e-02
4.540886308666921556e-01
-2.591073005432206755e-01
6.039022132725108127e-01
-2.855509126372851592e-01
3.985386804491574120e-01
-5.767054469752127543e-01
4.380256118700750489e-01
-1.272663705601438044e+00
-4.003903057819663269e-02
-8.923661460592222650e-01
-1.566988853142118054e-01
1.430396241357802634e+00
9.279166084784760127e-01
5.398934591031981922e-01
2.989581269500939456e-02
-2.320710289562128104e+00
1.069829498162601089e+00
-7.920158648544207702e-01
3.171696320285013471e-01
-3.322022288703783688e-01
-6.881198292502662683e-01
6.699446170221037278e-01
3.385704011479493958e-01
1.938358797582743875e+00
4.130647641290688399e-01
1.234401856302535627e+00
7.720420669954171089e-01
-1.109368583782734285e+00
-1.042442606399966332e+00
-1.088108096360233201e+00
5.448586507591689498e-01
4.557971861388531165e-01
-2.417165682225504764e+00
4.478786690533119730e-01
6.341585549887521767e-01
-1.068971717117141867e-02
6.926948701439199496e-01
-3.684775529247797388e-01
-1.504675841962167804e-01
-1.779857733094859062e+00
4.502998013249180920e-01
4.425717691558851419e-01
4.684275508315757786e-01
6.102885338023936734e-01
-5.402531397258387713e-01
-2.583046212334588199e-01
4.945398814257614961e-01
1.831636117548876452e+00
-3.396046837949688313e-01
8.679409367636379269e-01
-1.904506972836105705e+00
9.612230445278232560e-01
1.477305204892394863e-01
-5.097845925433163172e-01
1.800300957392804990e-01
5.467091790830166387e-01
-7.302009175398698204e-01
1.002953564713469525e+00
1.370434589441784867e+00
-7.269488712085043769e-01
4.644181999611753375e-01
-4.204064504851672268e-01
1.297248279665296433e+00
-8.110453356927930461e-04
7.864292841421931524e-01
1.706412435999112021e-01
2.015162305188534786e-01
3.132668202430681781e-01
1.314111115933195739e+00
6.004446983377561414e-02
-4.881587827852274658e-02
5.720840455526006174e-01
-9.928057511924623380e-02
1.474003746705946583e+00
5.256374117588780148e-01
1.022045610864067422e+00
-4.069254604194466607e-01
1.236825388588806085e+00
-1.139695777768650053e-01
9.660361042742156013e-01
-1.957650175196126996e-01
-1.261468152672403864e+00
-5.180623000950224794e-02
1.089181628589384748e-01
5.548723749773702973e-01
-6.071981848873190257e-01
-7.090358076418650235e-01
-9.392889812930647064e-01
1.399703947682289229e+00
4.038434764096533736e-02
8.384131156754786041e-01
-6.700469770012985604e-01
-1.876367236529086213e-01
1.770872248704619345e+00
2.041960554195013655e-01
-4.633773237951174795e-01
2.668845507844292975e+00
-1.466193463803181496e+00
7.684157608792040184e-02
9.885032947695602257e-01
-1.590630760916144970e+00
-1.495345177376812051e+00
-4.597958515534762702e-02
-3.455573007798518059e-01
8.413798624700787876e-01
1.300100067538397575e+00
-1.227352576151606867e+00
3.893625918675511777e-01
-5.384378577405003474e-01
-1.998329971412049766e-01
-2.175119773556319025e+00
6.465862448730110845e-01
1.013323850207639154e+00
4.342233015375024929e-01
7.308221642503196502e-01
5.588156012280236506e-01
-8.193824669375081582e-01
-6.194318519765328324e-01
-2.636227968444827541e-01
4.806585173851014026e-01
3.259220761261757415e-01
5.210304145853940083e-01
-1.105739070488373610e+00
2.966922774313458966e+00
1.000046854655840978e+00
1.026697064839709045e-01
3.426048442370746017e-01
1.913953809525198446e+00
5.265753160981900827e-01
4.548735090277268855e-01
6.820044866190065891e-01
8.582216534575362044e-01
1.148615526707896572e+00
8.097026791284842595e-01
-7.307041291708046837e-02
3.419747913839987774e-01
3.865475007028791321e-01
-2.316326401627849252e-01
1.462909290783109162e+00
9.393467466488872319e-02
-5.494144207730904811e-02
3.437999608312714006e-01
2.836335193039081659e+00
-6.946291626988893020e-02
3.259853090782389717e-01
-1.133870862564740678e+00
2.686099070366727570e-01
8.521434520258185374e-01
9.018513489238465519e-01
2.627167857205646717e-01
2.503597494445647942e-01
8.699549744799929540e-02
-3.402793037289147393e-01
3.131722407066049874e-01
-1.794704440779888444e+00
-1.028489008684281725e+00
1.705331128896901305e+00
7.006173408454904328e-01
-4.041019528354747314e-01
-2.926107840280190928e-02
8.522819357526688622e-01
2.667219212110596982e-01
-4.297267935901684099e-01
-1.040267118514526690e+00
3.277054127057220101e-01
1.160171815248819405e+00
4.837246445945548312e-01
3.164186960125193737e-01
4.231450245667878196e-02
-1.514525442910110709e-01
7.751953147777110864e-01
-1.163015882668937628e+00
-8.762788587001403284e-01
1.742647321656400461e+00
1.627806700927834971e+00
-3.881955218768157745e-01
-8.638476851150153069e-01
1.807777157974133631e-01
6.493237229008811395e-01
9.506300618458800589e-01
1.224364441221614586e+00
-4.633773237951174795e-01
2.108001601500703703e+00
2.387866408358594317e+00
-1.407470042332517324e-01
-1.330399041987981201e+00
-5.578774329645462826e-01
2.658666961321806799e+00
1.563825717635940749e-01
2.864754958444883370e-01
6.662989145978317485e-01
1.505727526598791943e+00
-4.651002333713536580e-02
-1.381558013122715332e-02
2.228464532208041859e+00
-7.189016605997829990e-01
8.675007876391521711e-02
1.188831098839523204e+00
-5.475244681224680776e-02
-6.827369750121342618e-01
-1.469586632939999804e+00
1.193176189986946856e+00
-4.935786652513687311e-01
4.902767186432293589e-01
-1.173925931007041290e-01
4.686489977332509160e-01
3.662040172935890903e-01
4.173399355279133194e-01
9.668292072607461707e-01
-4.734815653316782891e-01
2.399610089538033453e-01
9.855274345733088248e-01
5.835621903931829113e-01
-3.494129997128948339e+00
1.022239141889130343e+00
8.921253210360841068e-01
3.141965020116628815e-01
-1.114134613536634788e+00
4.277203586896893284e-01
6.014054316064449540e-02
3.101281255177985030e-01
1.850228204866721571e+00
-4.845361698253366489e-01
-1.125552920872899820e-01
-6.746374195532059970e-01
1.078936308473287919e+00
-1.347055639936556026e-01
1.105215381659022000e+00
-8.464957060345298379e-01
-5.339226658045669316e-01
1.767451212333218669e-01
4.737079318434044284e-01
1.030301679358568978e-01
-5.669263501006038819e-01
-1.526691213704072680e+00
6.936253991293702681e-01
1.015482406717695296e+00
7.182623283554987470e-01
-4.770028873879256781e-01
-5.641812056683462862e-01
1.404346156848743865e+00
3.378311840672579974e-02
-5.490050128664557549e-01
-5.073173634972089063e-01
-9.934306793339542363e-01
1.273204023756378533e-01
-1.298359820398895748e+00
5.872352644380750553e-01
-5.283203084172420905e-01
9.195098259613762037e-01
-4.248307017903055205e-02
-4.570922987642877522e-01
-4.685115233187470141e-01
-1.147351296540098486e+00
-7.786830513468599897e-03
-8.556467275364387781e-01
4.672090934232882020e-01
1.145925448065777896e+00
-2.815792127855338278e-01
-9.453884864490420536e-01
-8.735533146885071654e-01
-1.140048191133065769e+00
-1.075073763400597349e+00
9.094687876515015201e-01
2.322549074310118478e+00
-4.086137073585737606e-02
5.125146713998600667e-01
8.031004999879023387e-01
2.591715490882316453e-01
-6.932348698846027002e-01
1.165791209555572389e-01
1.183562939369734224e+00
5.184917134154276575e-01
-1.055552048922913100e+00
2.600960674236680870e-01
7.599692001752885728e-01
-3.924361485138456729e-01
3.998403925172095974e-01
-3.605486374463854338e-01
-1.274771500144977976e+00
2.122668268412526427e+00
-1.065582792858935646e+00
9.059482956747964832e-02
2.072094294887218691e-01
-6.697037004634252000e-01
1.083510182052785487e+00
1.323073978557534891e-01
-7.284238927862400903e-01
8.999824090660556442e-01
