2.733999999999999986e+00
2.770000000000000018e+00
2.612999999999999989e+00
2.714999999999999858e+00
2.657000000000000028e+00
2.092000000000000082e+00
2.916999999999999815e+00
2.645999999999999908e+00
3.224000000000000199e+00
2.633000000000000007e+00
2.564000000000000057e+00
2.839999999999999858e+00
2.408999999999999808e+00
2.895000000000000018e+00
2.407999999999999918e+00
2.499000000000000110e+00
2.986000000000000210e+00
2.410000000000000142e+00
2.709000000000000075e+00
2.575000000000000178e+00
2.734999999999999876e+00
2.456999999999999851e+00
2.665000000000000036e+00
2.568999999999999950e+00
2.516000000000000014e+00
2.479999999999999982e+00
2.637999999999999901e+00
2.774999999999999911e+00
2.533999999999999808e+00
2.794999999999999929e+00
2.613999999999999879e+00
2.817000000000000171e+00
3.108000000000000096e+00
2.701999999999999957e+00
2.595000000000000195e+00
3.015000000000000124e+00
2.628000000000000114e+00
2.470000000000000195e+00
2.678999999999999826e+00
2.559000000000000163e+00
2.600000000000000089e+00
2.940999999999999837e+00
2.773000000000000131e+00
2.633000000000000007e+00
2.525999999999999801e+00
2.926000000000000156e+00
2.652000000000000135e+00
2.678999999999999826e+00
2.954000000000000181e+00
2.479999999999999982e+00
2.565999999999999837e+00
2.979999999999999982e+00
2.694999999999999840e+00
2.556999999999999940e+00
3.190999999999999837e+00
2.645999999999999908e+00
2.623000000000000220e+00
2.951000000000000068e+00
2.892999999999999794e+00
2.694999999999999840e+00
2.560999999999999943e+00
2.725000000000000089e+00
2.503000000000000114e+00
2.597999999999999865e+00
2.725000000000000089e+00
2.709000000000000075e+00
2.625999999999999890e+00
2.762000000000000011e+00
2.447000000000000064e+00
2.576000000000000068e+00
2.484999999999999876e+00
2.439999999999999947e+00
2.705999999999999961e+00
2.597999999999999865e+00
2.568999999999999950e+00
2.669000000000000039e+00
2.302000000000000046e+00
2.366999999999999993e+00
2.564000000000000057e+00
2.657000000000000028e+00
2.887000000000000011e+00
2.539000000000000146e+00
2.685999999999999943e+00
2.575000000000000178e+00
2.507000000000000117e+00
2.911000000000000032e+00
3.121999999999999886e+00
2.535000000000000142e+00
2.657000000000000028e+00
2.500999999999999890e+00
2.674999999999999822e+00
2.750000000000000000e+00
2.552999999999999936e+00
2.584000000000000075e+00
2.717999999999999972e+00
2.617999999999999883e+00
2.548999999999999932e+00
2.374000000000000110e+00
2.842000000000000082e+00
2.668000000000000149e+00
2.608000000000000096e+00
3.174999999999999822e+00
2.579000000000000181e+00
2.717999999999999972e+00
3.012000000000000011e+00
2.801000000000000156e+00
2.619000000000000217e+00
2.615000000000000213e+00
2.600000000000000089e+00
2.463999999999999968e+00
