1.652394399373968525e+01
1.740932475580149230e+01
2.104781014335067013e+01
1.614250359189721706e+01
2.115865991414914760e+01
1.711001115913186865e+01
1.635402018175278371e+01
1.767081376088937006e+01
1.744448252793359444e+01
1.660320241287099208e+01
1.799923427663350495e+01
1.740932475580149230e+01
1.642569520047929643e+01
1.755238618290954022e+01
1.731507317617830566e+01
1.719611205539074561e+01
1.716802477642676905e+01
1.662033186169506038e+01
1.723607856600596833e+01
1.559974488746271781e+01
1.621941915917187416e+01
1.662033186169506038e+01
2.117593664678354060e+01
1.746046880784617628e+01
1.857616696923666666e+01
1.710066506235454753e+01
1.686825904028491152e+01
2.099673946974061067e+01
1.697475189645380667e+01
2.104781014335067013e+01
1.534689111458942889e+01
1.710514735719020152e+01
1.711001115913186865e+01
2.085895067365553501e+01
2.087629326754931114e+01
1.799923427663350495e+01
1.723607856600596833e+01
2.131286677076458957e+01
2.132981189147056256e+01
1.704185643532851557e+01
1.791893375386111131e+01
1.684009072977627852e+01
1.559974488746271781e+01
2.104781014335067013e+01
1.728331884069217850e+01
1.711729673495138115e+01
2.131286677076458957e+01
1.710514735719020152e+01
1.690074827261701884e+01
1.686825904028491152e+01
1.711001115913186865e+01
1.684009072977627852e+01
1.658526933180588614e+01
2.094533077760918260e+01
1.690074827261701884e+01
1.635402018175278371e+01
1.758297562698804484e+01
1.750386358752486160e+01
1.857616696923666666e+01
1.784745756532206684e+01
1.711894182409957210e+01
1.676885060680755046e+01
1.732443272004877244e+01
1.772552543526009572e+01
1.683160639494765221e+01
1.771390683580381165e+01
1.786410833606417015e+01
1.592529565522618817e+01
1.767438138321541530e+01
1.744448252793359444e+01
1.660320241287099208e+01
1.697102193859204533e+01
1.804120110909052599e+01
1.749909266389309082e+01
1.769325454238975581e+01
1.844711777763976102e+01
2.126179609715453012e+01
1.753739238715237647e+01
1.683160639494765221e+01
1.820426119469080461e+01
1.857616696923666666e+01
1.774123613290604595e+01
1.684501002658524627e+01
1.589002880304490795e+01
1.725296642490553722e+01
2.115865991414914760e+01
2.099673946974061067e+01
1.688351095707715288e+01
2.107179118957754937e+01
1.781617085555397750e+01
2.094533077760918260e+01
1.584778606534396594e+01
1.832475111531777046e+01
1.714019818340528545e+01
1.819600455043251941e+01
1.874028112681571656e+01
1.660320241287099208e+01
1.711001115913186865e+01
1.645332522480022774e+01
1.778323507739940723e+01
1.684009072977627852e+01
1.600765897626559564e+01
1.638583532133662501e+01
1.695267920388291927e+01
1.786988754381278000e+01
2.116555256901373383e+01
1.723607856600596833e+01
1.608697981872427007e+01
1.815220965301325862e+01
1.711001115913186865e+01
2.085895067365553501e+01
1.701850005072194350e+01
1.671758391063440996e+01
1.750395170710298487e+01
1.684009072977627852e+01
2.134671660718840513e+01
1.785289605634363497e+01
1.744448252793359444e+01
1.599849692611784668e+01
1.762836931075447211e+01
1.658697548153728363e+01
2.136358020607447017e+01
1.734608731008275839e+01
1.729449885191236191e+01
1.698417870915825034e+01
1.743238760185486314e+01
1.563180773353717257e+01
1.736487436698503828e+01
1.684009072977627852e+01
2.131286677076458957e+01
1.640508803839216156e+01
1.727319468142113124e+01
1.670285461893573498e+01
1.711001115913186865e+01
1.648447578658579715e+01
1.632342899629733424e+01
1.711001115913186865e+01
1.857616696923666666e+01
1.718394135842253334e+01
1.697102193859204533e+01
1.794594145260800033e+01
1.912909425063284985e+01
1.688291630819000844e+01
1.671131251943948470e+01
1.755576179573396800e+01
2.132981189147056256e+01
1.847522449940179357e+01
1.705935505089265902e+01
1.734522510146258512e+01
1.770953915534751388e+01
1.731149585167899829e+01
1.752140600683565808e+01
1.788723117563488074e+01
2.110663284431147702e+01
1.620217869587212078e+01
1.539607669993946537e+01
1.551607494277493338e+01
1.724635587858443841e+01
1.628256820492588375e+01
1.710514735719020152e+01
1.737506778654578810e+01
1.649657071266452846e+01
2.111534534887116266e+01
1.799923427663350495e+01
1.752140600683565808e+01
2.127885816176291556e+01
1.782757843043538770e+01
1.751802305231945667e+01
1.781617085555397750e+01
1.793055235331739539e+01
1.568786435833629511e+01
2.103082532950023165e+01
1.710514735719020152e+01
1.698264053804832940e+01
1.702782695662623169e+01
1.568786435833629511e+01
1.796259200004588052e+01
1.754233526844566526e+01
2.127885816176291556e+01
2.132981189147056256e+01
2.091088001936961760e+01
1.683000780585123834e+01
2.119317938102274468e+01
1.799923427663350495e+01
1.826429090404742439e+01
1.606651584123406096e+01
1.805792297440093463e+01
1.600765897626559564e+01
2.112400730106945801e+01
1.657011123705039068e+01
1.644077627015008858e+01
1.671758391063440996e+01
1.811940578927776713e+01
1.785289605634363497e+01
1.704793950684823756e+01
2.139718120597659379e+01
1.572162358506936997e+01
1.847522449940179357e+01
1.820426119469080461e+01
1.671758391063440996e+01
1.791382786325378262e+01
2.143060919642765327e+01
1.717421440666961985e+01
1.652210154183414303e+01
1.682019098745297470e+01
1.752699117695332376e+01
1.761114393749667784e+01
1.671758391063440996e+01
1.857616696923666666e+01
1.711001115913186865e+01
1.667058805772119712e+01
1.725634937942173863e+01
1.785576577458776626e+01
1.662033186169506038e+01
2.103082532950023165e+01
1.578113157018885282e+01
1.723607856600596833e+01
1.833117606183591874e+01
2.108165997977448569e+01
1.712576803823271021e+01
1.781617085555397750e+01
1.681814233194395669e+01
1.541103137896072006e+01
1.785025762191874676e+01
1.671758391063440996e+01
1.619714396700018355e+01
1.723607856600596833e+01
1.534689111458942889e+01
1.799923427663350495e+01
1.737506778654578810e+01
1.744448252793359444e+01
1.614003141097824212e+01
1.698264053804832940e+01
1.698264053804832940e+01
1.744734615609395689e+01
1.683989611384393115e+01
1.688019354971532948e+01
1.711001115913186865e+01
1.831111034182274366e+01
1.791893375386111131e+01
1.644633677099585967e+01
1.841726628042718161e+01
1.751802305231945667e+01
1.705325339521223071e+01
1.563180773353717257e+01
1.752140600683565808e+01
2.134671660718840513e+01
1.684009072977627852e+01
1.725634937942173863e+01
1.725008295434138716e+01
1.711001115913186865e+01
1.696566295511206945e+01
1.751802305231945667e+01
1.744448252793359444e+01
2.108922723653295961e+01
1.606099424207542725e+01
1.605827274888969924e+01
2.091088001936961760e+01
1.844039466202265132e+01
1.608279352015921759e+01
2.085895067365553501e+01
1.783328207202490034e+01
1.725634937942173863e+01
1.704659207550715649e+01
1.735299985366122755e+01
1.760557105145179335e+01
2.132981189147056256e+01
2.122756000694096556e+01
1.695488625299357821e+01
2.139718120597659379e+01
1.661327158756486710e+01
1.671758391063440996e+01
2.112400730106945801e+01
1.697797851797561464e+01
1.781617085555397750e+01
1.782661348632969123e+01
1.734608731008275839e+01
1.704767817955069376e+01
1.711001115913186865e+01
2.121038740502310560e+01
1.667253805048425619e+01
1.718394135842253334e+01
1.685495243313354052e+01
1.685566208589975901e+01
1.714797293560392788e+01
1.734608731008275839e+01
1.578113157018885282e+01
1.857616696923666666e+01
1.939293811634979292e+01
1.726211146867790447e+01
1.559974488746271781e+01
1.737842229650595272e+01
1.831111034182274366e+01
2.126179609715453012e+01
1.545656695765545052e+01
1.639731328619351913e+01
1.727948428391704638e+01
2.097963984751873667e+01
1.621236498620569222e+01
1.684009072977627852e+01
1.727721771057823474e+01
1.750451223729021422e+01
1.728530448150379328e+01
2.127885816176291556e+01
1.654581991893301307e+01
1.662988684471382328e+01
1.805792297440093463e+01
1.684009072977627852e+01
1.658881634070220557e+01
1.557451656487610947e+01
2.136358020607447017e+01
1.718667789345728281e+01
1.701850005072194350e+01
1.671758391063440996e+01
1.900125615279632996e+01
1.785289605634363497e+01
1.726635574720341282e+01
1.568786435833629511e+01
1.797896346321773464e+01
1.772552543526009572e+01
1.698264053804832940e+01
1.684009072977627852e+01
1.800431507502097617e+01
1.791893375386111131e+01
1.778800254504534450e+01
1.674138182332961122e+01
1.725296642490553722e+01
1.722131613436414099e+01
1.751802305231945667e+01
1.697102193859204533e+01
1.710514735719020152e+01
1.734522510146258512e+01
1.797896346321773464e+01
1.799923427663350495e+01
1.717620414985161403e+01
1.563180773353717257e+01
1.767438138321541530e+01
1.718667789345728281e+01
1.791893375386111131e+01
1.771390683580381165e+01
1.720610175597145641e+01
2.078926878787500243e+01
1.761114393749667784e+01
1.684009072977627852e+01
2.121038740502310560e+01
2.134671660718840513e+01
1.539607669993946537e+01
1.758297562698804484e+01
1.587744696448329584e+01
1.826429090404742439e+01
1.662033186169506038e+01
1.761126764627853447e+01
1.802900956319625081e+01
1.630505460963647124e+01
1.819840010744428938e+01
1.614003141097824212e+01
1.815541480819891618e+01
2.127885816176291556e+01
1.761028172887650811e+01
1.639731328619351913e+01
2.073670021944638364e+01
1.578113157018885282e+01
1.660320241287099208e+01
2.092812275360882524e+01
1.688538848910898338e+01
1.684584442076282329e+01
1.634163946174194848e+01
1.740525481081920844e+01
2.107179118957754937e+01
1.683247071247830817e+01
1.696230405638364047e+01
1.841726628042718161e+01
1.684009072977627852e+01
1.785289605634363497e+01
1.611272880290308507e+01
1.796173235385948175e+01
1.817596524850942785e+01
1.725634937942173863e+01
1.608279352015921759e+01
2.104781014335067013e+01
1.750187390404964916e+01
1.711001115913186865e+01
1.595292098575021456e+01
1.753412634286311089e+01
1.734608731008275839e+01
1.831111034182274366e+01
1.815220965301325862e+01
1.614003141097824212e+01
1.697102193859204533e+01
2.111534534887116266e+01
1.642766874581554148e+01
1.689042314105752141e+01
1.734608731008275839e+01
1.711001115913186865e+01
1.753256609059995341e+01
1.676885060680755046e+01
2.122756000694096556e+01
1.671758391063440996e+01
1.785588682513694891e+01
2.104781014335067013e+01
1.651872296790872952e+01
2.122756000694096556e+01
1.725634937942173863e+01
1.774051167185368882e+01
2.112400730106945801e+01
1.676162734007844790e+01
2.100175684686030309e+01
1.778800254504534450e+01
1.599376788406493510e+01
2.101380153434899256e+01
1.841726628042718161e+01
1.815220965301325862e+01
1.692422554514662991e+01
1.714856879566307768e+01
1.752140600683565808e+01
2.092812275360882524e+01
1.736650484104459835e+01
2.116555256901373383e+01
1.737506778654579165e+01
1.874028112681571656e+01
1.786606628547168185e+01
1.740525481081920844e+01
2.136358020607447017e+01
1.533468826004879659e+01
2.119317938102274468e+01
2.103082532950023165e+01
1.799739622960395025e+01
1.731831002262615016e+01
2.117593664678354060e+01
1.813958441294626667e+01
1.772627442982000900e+01
1.611284269275788716e+01
1.805792297440093463e+01
1.799923427663350495e+01
1.778651953618079773e+01
1.677216609604427688e+01
