5.273202093085237185e-02
4.757307612218151793e-01
-3.491720515507678452e-02
1.051989096449114314e+00
-2.212406277294267642e+00
-1.657511361232683278e+00
1.265757152520005924e-01
-2.700725421486191991e-01
3.491942765904945123e-01
-3.167893434252334051e-01
3.920822058859478876e-01
1.045027672648191075e+00
3.982998341197376280e-01
-1.221507830991465371e-01
-9.107027241069212686e-02
-5.897775342429512763e-02
-5.516127873644907642e-02
1.885704957324748632e+00
-1.638847627908959215e-01
-1.124034256268099607e+00
2.443414158781930912e+00
-1.188904623731047216e+00
4.024884784592343556e-01
1.534699709057937844e-01
-5.929078727262804271e-01
-2.792101452532512809e-02
-1.336724079598825554e+00
-2.534814987413465115e-01
-4.459603603433170103e-03
2.196783113862015580e-01
-4.446422953820903801e-01
-5.793135834397598050e-01
-8.015855959332011116e-01
3.198839117803007892e-01
-8.322111294307212859e-01
2.249770318325054197e-01
7.430931552018597008e-01
-8.188326162419576892e-01
-4.990334664090787520e-01
1.787586048366308411e+00
-7.574517898416628370e-01
-1.120710715099492855e-01
-9.272920447142700695e-01
-9.232150464974123727e-01
6.588331453619302724e-01
-6.366001168747552341e-02
-5.648982784653014955e-01
-9.695113581339174225e-01
-6.315876476066230039e-01
-1.495183300655361425e+00
-2.067024356973131471e+00
8.537818376772264850e-01
4.089568251549271505e-01
-3.405193457981261052e+00
-3.568730416719414489e-01
-9.232586260345485574e-01
1.618919908641838434e+00
-5.294035129272595119e-01
7.358436523378513172e-01
-1.389459425456601727e+00
6.700134754851119201e-01
2.613588432666542172e+00
2.459729601990968018e+00
4.933311077711787229e-01
1.433610649180905972e+00
1.166159011115541211e-01
1.129221714674067956e+00
4.251929858764595671e-02
-8.648382222849363421e-01
7.193027029146940032e-01
-4.464170123859299011e-01
-6.813830330865771057e-01
-1.578974786319880641e+00
-1.007996541172282212e+00
-8.160272790705548340e-01
-3.507867349492876236e-02
9.651356351335347306e-01
5.238470554511241994e-01
-1.625739494105396532e-01
1.185173202962089389e+00
7.358436523378513172e-01
1.306098330220547277e-01
4.826945812128292657e-01
-1.188516905445411886e+00
-1.675412506094492715e-01
-4.394423067663086324e-01
-4.282851669999162003e-01
-6.783250462064103203e-01
-3.746247839397319757e-01
1.005296814730748389e+00
-1.297093373175924880e+00
6.257670751853252611e-01
-8.480222462633290048e-01
-8.148377870481958718e-01
1.347301529372231244e-01
-1.372562173082358727e+00
1.174358953315537857e+00
1.076240670025070845e+00
4.926060421384552135e-01
-1.094083606237925999e+00
-1.476970302092795784e+00
-3.462150217583768175e-01
2.878878079117401165e-02
9.229871160103438887e-01
6.868084839696326771e-01
-5.861679080683570575e-01
-1.680359555895395207e+00
5.284381616058506648e-01
2.658752435146702897e-01
-1.889145223016403197e+00
7.162079667077789202e-02
-1.089268698933873569e+00
-1.697780514669705143e+00
-3.907610312167099087e-01
-1.020852994480995424e+00
-1.221472831489709199e+00
1.713711695920851152e+00
6.314232700383303198e-01
-8.280321072002226890e-01
6.547027379967824690e-01
-7.118968760320335543e-01
-1.296899836849884080e+00
-2.413386687723600987e-01
5.767503154047017716e-02
8.974959395460395672e-01
-5.021427821629903532e-01
-5.157940568365789735e-01
-7.623963478077085965e-01
-5.723888252641830959e-02
-3.270287215895932853e-01
-6.621909424473699790e-01
-8.101211373988844722e-01
5.740205573826392405e-01
-1.868154569185510372e+00
-1.987154055835916866e+00
2.503271944323450238e-01
6.007821986164780803e-01
2.241474217059380158e-01
-3.133277702636898532e+00
-3.826950246131533527e-03
1.262583740135851507e+00
-9.970477535194790519e-01
-6.693437251669127619e-01
9.469728843728976442e-02
-4.216526497735670898e-01
-2.303216585476401956e+00
-2.407846981406467801e+00
3.024313312698034828e-01
-6.695419727770794971e-01
1.278443395308614727e+00
-1.464340920562478443e+00
-1.308029991127348746e+00
-5.980560851143582046e-02
-1.045611336465411600e+00
-5.549692988032116636e-01
-1.859190795002884922e-01
-7.059386578200548268e-01
-6.127477375100649493e-01
1.061669777829714334e-01
-1.280704088911610139e+00
-3.168073553099628459e-01
1.827832530010453871e+00
-3.210538445630747972e+00
-4.255711115705186343e-01
-4.440406603451959033e-01
-1.136991140539542533e+00
-1.883451728215164434e-01
-3.843632139550669513e-01
2.410460328216226800e-01
-5.916790036139374376e-01
5.823911029855947108e-01
-1.907889025145969475e+00
8.880609478646300792e-01
-3.013717234688880753e-01
-1.131869611001967479e+00
-6.665307130411209924e-01
-1.231563744571867805e-02
3.709459684627333664e-01
-4.844909733509233374e-01
-3.073117915419327328e+00
-1.918097482177604299e-02
-7.483401743456704613e-01
-5.076212756658660119e-01
1.720267039198659642e-01
-1.079939080612079882e+00
-6.979494805670404256e-01
-1.002621379116452216e+00
-4.008417168885418033e-03
-4.646926780712041793e-01
-1.854799635797735879e-01
2.303125865746329104e-01
-6.385563682708085276e-01
-2.629641230354825762e-02
2.860184369583942954e-01
2.689085820841643493e-01
-8.327519532223601750e-01
4.365113486531363440e-01
1.581041646725548366e+00
-3.580026316162246425e-01
-1.023725247147515338e+00
-7.636345217101599969e-01
-4.774180835661818167e-01
-1.620179934551990442e-01
-3.442786816988960275e-01
2.404672316659387798e-01
1.706627835036081509e+00
-3.545771758569021270e-01
-2.164249590788993871e-01
-4.435074963976869955e-01
-3.327350706014808868e-01
2.327986634740592198e+00
3.952043250112394213e-01
3.309002255323502117e-01
1.105898650804979094e-01
-1.143838007737094514e-01
9.830660115072070715e-01
-6.474984838855030178e-01
5.139529064064164432e-01
-3.298500819557167452e-01
2.301072851462637181e-01
-2.800074756881563154e-01
5.249907492968381995e-01
2.083992981422600962e-02
-1.203447164776831668e+00
-9.598304412347489212e-01
-7.906836611153129912e-02
5.171431147806325734e-01
2.939463923559109682e-01
-4.550856381269168249e-01
5.333100692839743973e-01
7.413488244199009092e-01
1.669640214497945419e+00
5.175973805263501815e-01
-1.863895665104725374e+00
7.954170543999203868e-01
2.966011811936279385e-01
3.307953866836362833e-01
-1.360364077447254294e+00
1.404117741193856128e+00
-1.940708167860905886e-01
9.174788004612283165e-01
2.547968392164651763e-01
1.668990269679666294e-01
2.184674305362716284e-01
-2.177033224635664954e-01
5.539770274875656098e-01
-2.832777542777916047e+00
-1.996304758467354334e-01
1.153533461136937999e-01
-3.674618815297581165e-01
1.373466126152081301e+00
-8.451488500931670922e-01
6.929455816920584987e-02
-1.789427121256188802e-01
-1.264387211217716800e-01
-2.958228950551763936e-01
1.959395556350592704e-01
-3.102052643274354704e+00
-1.242514870570700758e+00
1.766965126359048455e+00
-2.319005174302130393e-02
9.346872933823293650e-01
-4.930692608719455805e-01
-8.438686087445718131e-01
-8.073039770041664509e-01
-5.693132540100728223e-01
-9.200204977584703903e-01
-3.696836608502163113e-01
1.361883627181937673e+00
2.850999041735213790e-01
1.567294295391381986e+00
-1.034362701599395917e+00
1.337652695040681072e+00
5.218978631105883892e-01
1.500799555897349258e+00
1.477966503935549847e+00
5.002198244901144841e-01
3.290519730226486583e-01
1.258887166401732705e+00
-1.359953737690153819e+00
-5.025151985397423998e-02
-2.059243947885642800e+00
2.741663941731358745e-01
-6.554920312122974879e-01
1.335458131623899591e+00
-3.361395888407782695e-01
5.674921605523909340e-01
-5.100751532444970648e-02
8.653318684251638804e-02
5.586446525993278289e-01
-8.423557773970081763e-01
2.214863259957133845e-01
-7.835148503935828179e-01
-2.180008033187839089e-01
-1.465485449363416737e-01
1.940567174316418786e+00
-3.622666026745194334e-01
-4.689150034664075206e-01
-9.178367936148945638e-02
8.875315872719374832e-01
-4.664710787840601891e-01
4.685305155783081044e-01
-1.312151402651914545e+00
1.450204758908370417e+00
-4.582997032873966092e-01
-3.523491531293511114e-01
3.086755245661145786e-01
6.183617125873098752e-01
2.260045637138556607e-01
9.379231957773408179e-02
-1.054176543922384024e+00
1.361986461363233314e+00
2.566158415460729203e-01
4.523337930548493979e+00
-1.481702308563198844e+00
4.604955377465145272e-01
-8.005502762888372370e-01
-7.080249610913541547e-01
-4.487627793810046173e-01
1.903382450659005576e+00
7.983523735054008919e-01
-4.827340369240780693e-01
-3.916121046067259637e-01
-6.360835063380883003e-01
-6.304818539249222864e-01
-1.232802890251872702e-01
4.355846655898723552e-01
-6.869291478973064136e-01
-5.025733854884211205e-01
-1.367404713509404290e+00
3.701882856023686053e-01
-2.482832661809910024e-01
2.750844298396813020e-02
-1.174423593113598896e+00
-5.245893945824627869e-01
4.132149202758195194e-01
5.914308292128395150e-01
-2.914336144157388397e-01
5.108562204035344001e-01
-6.064826584746793037e-01
-1.101570443380999187e-01
-1.214289553990923087e+00
4.040314789058511158e-01
-2.185630913676181120e+00
1.811842171479553176e+00
1.219486951119939766e+00
-1.937186782913768723e-01
-1.000292017687570256e+00
-1.161845995099510587e+00
-7.665555072624979926e-01
-2.705011253492164980e-02
-9.686432694760670481e-01
7.898779416424488442e-01
4.167002391370702025e-02
4.027179591507488166e-01
5.805396922178605035e-01
-8.561284762575563922e-01
-1.321677161002630663e-01
1.656046139064586142e-01
5.707035794443002796e-01
-3.294497656626917959e+00
4.665549744171886004e-02
1.230739854137222311e+00
1.428251394096740345e-01
-1.181992654206780458e+00
-8.403454578675765285e-01
-3.666508453751395891e-01
3.701080318550271087e-01
1.560070948319561834e+00
-6.354403080973648477e-01
3.258327898028531150e-02
-1.783410862428749522e-01
-7.205308714947481485e-01
3.314239085941123042e-01
5.338389093619103631e-01
-1.042267249496443837e-01
2.643659421815881122e-02
-1.467061955712233079e+00
-1.541389035525305262e+00
-2.858480372332135311e-02
1.574572526999787447e+00
-1.787651136778473093e-01
-3.409039549594077290e-01
-1.827730359997764564e-01
1.426469637966011783e+00
-1.442757389467185236e-01
-1.249134323230442822e+00
-7.729836648154913004e-01
-6.055227562800844510e-01
-1.655360471215638341e-01
1.248033619983832526e-01
-1.746423602412480625e+00
1.009201427652504979e+00
-3.327350706014808868e-01
1.035153276818846724e+00
1.109988007794284970e+00
-4.510275464474359230e-01
1.227134506323773327e-01
2.112082790928125065e-01
1.105152212458379690e+00
5.649023444010583539e-01
-6.500524267568348336e-01
-3.831898963045903272e-01
-1.692421734144399004e+00
-2.714611798857174740e+00
-8.338106026472144050e-01
-1.178776668559507190e-01
-1.212356670698607086e+00
-8.616053449395567609e-01
-9.538504425439378043e-01
-1.481746873429825029e-01
-2.243970563639129667e-01
-5.652611855205383895e-01
2.623415287989672162e-01
-3.109965740759530473e-01
1.602629398725542664e+00
-5.197082773545677048e-01
-5.675571097286969957e-01
1.587728256588937015e+00
-1.639299314470526348e+00
-1.056237210271120164e+00
-1.273951757484948211e-01
-5.380090134713104086e-03
-6.101109056467972636e-01
4.321471118808832279e-01
-2.121614560789027770e+00
-1.435459498482562601e+00
1.960584847347370374e+00
-2.102944858590260757e-01
-3.743778559121151983e-01
1.153616773531815215e-01
-4.100981563672123631e-01
2.477931998951398707e-01
-2.372814438680854288e+00
-5.077971605783668796e-01
9.985457385225431082e-02
