2.755999999999999783e+00
2.387000000000000011e+00
2.608000000000000096e+00
2.251999999999999780e+00
2.591000000000000192e+00
2.354999999999999982e+00
3.136000000000000121e+00
2.605999999999999872e+00
2.649000000000000021e+00
2.689999999999999947e+00
2.544000000000000039e+00
2.908999999999999808e+00
2.270000000000000018e+00
2.431999999999999940e+00
2.557999999999999829e+00
2.838000000000000078e+00
3.088999999999999968e+00
2.757000000000000117e+00
3.056999999999999940e+00
2.653999999999999915e+00
2.803999999999999826e+00
1.881999999999999895e+00
2.519000000000000128e+00
2.803999999999999826e+00
2.435999999999999943e+00
2.251999999999999780e+00
3.052000000000000046e+00
2.650999999999999801e+00
2.479999999999999982e+00
2.899999999999999911e+00
2.774999999999999911e+00
2.661999999999999922e+00
3.150999999999999801e+00
2.560999999999999943e+00
2.706999999999999851e+00
2.750999999999999890e+00
2.681000000000000050e+00
2.644000000000000128e+00
2.491999999999999993e+00
2.825000000000000178e+00
2.509999999999999787e+00
2.810000000000000053e+00
2.983999999999999986e+00
2.665999999999999925e+00
2.517999999999999794e+00
2.576999999999999957e+00
2.705000000000000071e+00
2.813000000000000167e+00
3.052999999999999936e+00
2.797000000000000153e+00
2.592000000000000082e+00
3.113999999999999879e+00
3.121999999999999886e+00
2.462000000000000188e+00
3.033999999999999808e+00
2.749000000000000110e+00
2.685999999999999943e+00
3.005999999999999783e+00
3.016000000000000014e+00
2.866999999999999993e+00
2.817000000000000171e+00
2.404999999999999805e+00
2.717000000000000082e+00
2.710999999999999854e+00
2.693000000000000060e+00
2.918000000000000149e+00
2.468999999999999861e+00
2.370999999999999996e+00
2.480999999999999872e+00
2.521999999999999797e+00
2.317000000000000171e+00
2.149000000000000021e+00
2.532999999999999918e+00
2.323999999999999844e+00
2.597999999999999865e+00
2.451000000000000068e+00
2.025999999999999801e+00
1.669999999999999929e+00
2.596000000000000085e+00
2.680000000000000160e+00
2.786000000000000032e+00
2.625000000000000000e+00
2.450000000000000178e+00
2.742999999999999883e+00
2.527000000000000135e+00
3.301000000000000156e+00
3.164000000000000146e+00
2.545999999999999819e+00
2.361000000000000210e+00
2.500999999999999890e+00
2.745999999999999996e+00
1.997000000000000108e+00
2.706999999999999851e+00
2.459000000000000075e+00
2.805000000000000160e+00
2.568000000000000060e+00
2.367999999999999883e+00
2.214999999999999858e+00
2.791999999999999815e+00
2.754999999999999893e+00
2.492999999999999883e+00
3.113999999999999879e+00
2.539000000000000146e+00
2.346000000000000085e+00
2.842000000000000082e+00
2.685000000000000053e+00
2.712000000000000188e+00
2.531000000000000139e+00
2.310000000000000053e+00
2.315999999999999837e+00
