2.572999999999999954e+00
2.766000000000000014e+00
2.806000000000000050e+00
2.524000000000000021e+00
2.572999999999999954e+00
2.486000000000000210e+00
2.668000000000000149e+00
2.383999999999999897e+00
2.835999999999999854e+00
2.520000000000000018e+00
2.326999999999999957e+00
2.689999999999999947e+00
2.830999999999999961e+00
2.641999999999999904e+00
2.201999999999999957e+00
2.766999999999999904e+00
2.943999999999999950e+00
2.613999999999999879e+00
2.587000000000000188e+00
1.782000000000000028e+00
2.355999999999999872e+00
2.269000000000000128e+00
2.916999999999999815e+00
2.859999999999999876e+00
2.233000000000000096e+00
2.350999999999999979e+00
2.568999999999999950e+00
3.301000000000000156e+00
2.668000000000000149e+00
2.805000000000000160e+00
1.907999999999999918e+00
2.588000000000000078e+00
2.869000000000000217e+00
2.805000000000000160e+00
3.071000000000000174e+00
2.673000000000000043e+00
2.583000000000000185e+00
3.036000000000000032e+00
2.729000000000000092e+00
2.858000000000000096e+00
2.508000000000000007e+00
2.269000000000000128e+00
2.092999999999999972e+00
3.071000000000000174e+00
2.201000000000000068e+00
2.721999999999999975e+00
3.383000000000000007e+00
2.535000000000000142e+00
2.802999999999999936e+00
2.564000000000000057e+00
2.640000000000000124e+00
2.871999999999999886e+00
2.685999999999999943e+00
2.133999999999999897e+00
2.766000000000000014e+00
2.125000000000000000e+00
2.415999999999999925e+00
2.879000000000000004e+00
2.797000000000000153e+00
2.286999999999999922e+00
2.774999999999999911e+00
2.656000000000000139e+00
2.838999999999999968e+00
2.258000000000000007e+00
2.734999999999999876e+00
2.427999999999999936e+00
2.492999999999999883e+00
2.498000000000000220e+00
2.721000000000000085e+00
2.532999999999999918e+00
2.779999999999999805e+00
2.786999999999999922e+00
2.782000000000000028e+00
2.652000000000000135e+00
2.338999999999999968e+00
2.583000000000000185e+00
3.164000000000000146e+00
2.512999999999999901e+00
2.584000000000000075e+00
2.513999999999999790e+00
2.673000000000000043e+00
2.834000000000000075e+00
2.669000000000000039e+00
2.373000000000000220e+00
2.817000000000000171e+00
2.431999999999999940e+00
2.750999999999999890e+00
2.334000000000000075e+00
3.463000000000000078e+00
2.407000000000000028e+00
3.173000000000000043e+00
2.834000000000000075e+00
3.166999999999999815e+00
2.093999999999999861e+00
2.661000000000000032e+00
2.370999999999999996e+00
2.501999999999999780e+00
2.439999999999999947e+00
2.870999999999999996e+00
2.674999999999999822e+00
2.862000000000000099e+00
2.088000000000000078e+00
2.640000000000000124e+00
2.664000000000000146e+00
2.613999999999999879e+00
3.240000000000000213e+00
2.701999999999999957e+00
2.459999999999999964e+00
2.717999999999999972e+00
2.515000000000000124e+00
3.447000000000000064e+00
2.415000000000000036e+00
2.720000000000000195e+00
2.736000000000000210e+00
2.459999999999999964e+00
3.125000000000000000e+00
2.524999999999999911e+00
2.495999999999999996e+00
2.697999999999999954e+00
2.729999999999999982e+00
2.399000000000000021e+00
2.983999999999999986e+00
2.754000000000000004e+00
2.491000000000000103e+00
2.549999999999999822e+00
2.007000000000000117e+00
2.379000000000000004e+00
3.149999999999999911e+00
2.537999999999999812e+00
2.576999999999999957e+00
2.459999999999999964e+00
2.621999999999999886e+00
2.462000000000000188e+00
2.524000000000000021e+00
2.677000000000000046e+00
2.432999999999999829e+00
2.991000000000000103e+00
2.419000000000000039e+00
2.237999999999999989e+00
2.584999999999999964e+00
2.934000000000000163e+00
2.810000000000000053e+00
2.242999999999999883e+00
2.633000000000000007e+00
2.605999999999999872e+00
2.572999999999999954e+00
2.552000000000000046e+00
2.373000000000000220e+00
2.251999999999999780e+00
2.483000000000000096e+00
2.665999999999999925e+00
2.947000000000000064e+00
2.685999999999999943e+00
3.126999999999999780e+00
2.415000000000000036e+00
2.079000000000000181e+00
1.695999999999999952e+00
2.724000000000000199e+00
2.943000000000000060e+00
2.520999999999999908e+00
2.225999999999999979e+00
2.634999999999999787e+00
2.544000000000000039e+00
2.609999999999999876e+00
2.700000000000000178e+00
3.126999999999999780e+00
2.862000000000000099e+00
2.398000000000000131e+00
2.233000000000000096e+00
2.293000000000000149e+00
1.965000000000000080e+00
3.072999999999999954e+00
2.697000000000000064e+00
2.766999999999999904e+00
2.548000000000000043e+00
1.735999999999999988e+00
2.387999999999999901e+00
2.960999999999999854e+00
3.463000000000000078e+00
2.588000000000000078e+00
2.810000000000000053e+00
2.826000000000000068e+00
2.786000000000000032e+00
2.515000000000000124e+00
2.326999999999999957e+00
2.673000000000000043e+00
2.334000000000000075e+00
2.579000000000000181e+00
3.383000000000000007e+00
2.369000000000000217e+00
2.277000000000000135e+00
2.605999999999999872e+00
2.656000000000000139e+00
2.749000000000000110e+00
2.770000000000000018e+00
2.419999999999999929e+00
1.889000000000000012e+00
2.573999999999999844e+00
2.432999999999999829e+00
2.649000000000000021e+00
2.462000000000000188e+00
2.991999999999999993e+00
2.563000000000000167e+00
2.193000000000000060e+00
2.896999999999999797e+00
3.128000000000000114e+00
3.080000000000000071e+00
2.831999999999999851e+00
2.843999999999999861e+00
2.338999999999999968e+00
2.806999999999999940e+00
2.895999999999999908e+00
2.652000000000000135e+00
2.544999999999999929e+00
3.065999999999999837e+00
2.588000000000000078e+00
2.605999999999999872e+00
2.930000000000000160e+00
3.028999999999999915e+00
2.378000000000000114e+00
2.205000000000000071e+00
2.629000000000000004e+00
2.189999999999999947e+00
2.233999999999999986e+00
2.626999999999999780e+00
2.165000000000000036e+00
2.680000000000000160e+00
2.293000000000000149e+00
2.802999999999999936e+00
2.616000000000000103e+00
2.468999999999999861e+00
2.677999999999999936e+00
2.729000000000000092e+00
2.523000000000000131e+00
2.358999999999999986e+00
2.770000000000000018e+00
2.383999999999999897e+00
2.544000000000000039e+00
3.079000000000000181e+00
2.742999999999999883e+00
2.653000000000000025e+00
2.777000000000000135e+00
2.245999999999999996e+00
2.620000000000000107e+00
1.991999999999999993e+00
2.568999999999999950e+00
2.563000000000000167e+00
2.960999999999999854e+00
2.706999999999999851e+00
2.717000000000000082e+00
2.343999999999999861e+00
2.487000000000000099e+00
2.531000000000000139e+00
1.923000000000000043e+00
3.164000000000000146e+00
2.161999999999999922e+00
2.290999999999999925e+00
2.544000000000000039e+00
2.759999999999999787e+00
2.682999999999999829e+00
3.065999999999999837e+00
2.713000000000000078e+00
2.926000000000000156e+00
2.399000000000000021e+00
2.483999999999999986e+00
2.564000000000000057e+00
3.255999999999999783e+00
2.991999999999999993e+00
2.758000000000000007e+00
2.916999999999999815e+00
2.608999999999999986e+00
2.483999999999999986e+00
3.241000000000000103e+00
2.998000000000000220e+00
3.068000000000000060e+00
2.504000000000000004e+00
2.468999999999999861e+00
2.680000000000000160e+00
2.696000000000000174e+00
3.205999999999999961e+00
2.672000000000000153e+00
2.646999999999999797e+00
2.620000000000000107e+00
2.412999999999999812e+00
2.591000000000000192e+00
2.665999999999999925e+00
2.423999999999999932e+00
2.891000000000000014e+00
2.734999999999999876e+00
2.769000000000000128e+00
1.866999999999999993e+00
2.482000000000000206e+00
2.923999999999999932e+00
3.164000000000000146e+00
2.170999999999999819e+00
2.704000000000000181e+00
1.997000000000000108e+00
2.962000000000000188e+00
2.779999999999999805e+00
3.081999999999999851e+00
2.576999999999999957e+00
2.439999999999999947e+00
2.686999999999999833e+00
3.323999999999999844e+00
2.380999999999999783e+00
2.706999999999999851e+00
2.814000000000000057e+00
2.682999999999999829e+00
2.648000000000000131e+00
2.053999999999999826e+00
2.745000000000000107e+00
2.818999999999999950e+00
2.584999999999999964e+00
3.108999999999999986e+00
2.863999999999999879e+00
2.498000000000000220e+00
2.519000000000000128e+00
2.274000000000000021e+00
2.435999999999999943e+00
3.334999999999999964e+00
2.537999999999999812e+00
2.745999999999999996e+00
2.499000000000000110e+00
2.561999999999999833e+00
2.387999999999999901e+00
2.398000000000000131e+00
2.656000000000000139e+00
2.821000000000000174e+00
1.981000000000000094e+00
2.625999999999999890e+00
2.584000000000000075e+00
2.097999999999999865e+00
2.717000000000000082e+00
2.708000000000000185e+00
2.418000000000000149e+00
2.274000000000000021e+00
2.983000000000000096e+00
2.684000000000000163e+00
2.403999999999999915e+00
2.854000000000000092e+00
3.048999999999999932e+00
3.173000000000000043e+00
2.366000000000000103e+00
2.674999999999999822e+00
2.782000000000000028e+00
3.241000000000000103e+00
2.287999999999999812e+00
2.350999999999999979e+00
2.592999999999999972e+00
2.402000000000000135e+00
2.613999999999999879e+00
2.762000000000000011e+00
2.660000000000000142e+00
2.899999999999999911e+00
2.673999999999999932e+00
2.886000000000000121e+00
2.805000000000000160e+00
3.052999999999999936e+00
1.899999999999999911e+00
2.529999999999999805e+00
2.133999999999999897e+00
1.953999999999999959e+00
2.495999999999999996e+00
3.111000000000000210e+00
2.442000000000000171e+00
2.786999999999999922e+00
2.173999999999999932e+00
2.762999999999999901e+00
3.323999999999999844e+00
2.524999999999999911e+00
2.422000000000000153e+00
2.662999999999999812e+00
2.785000000000000142e+00
2.658999999999999808e+00
2.535000000000000142e+00
2.508000000000000007e+00
2.577999999999999847e+00
2.948999999999999844e+00
2.301000000000000156e+00
3.447000000000000064e+00
2.943999999999999950e+00
2.650999999999999801e+00
1.729999999999999982e+00
2.798999999999999932e+00
2.774999999999999911e+00
2.399999999999999911e+00
2.677999999999999936e+00
2.601999999999999869e+00
2.626999999999999780e+00
2.951999999999999957e+00
2.702999999999999847e+00
2.649000000000000021e+00
2.379999999999999893e+00
2.318999999999999950e+00
2.571000000000000174e+00
2.431999999999999940e+00
3.113999999999999879e+00
2.904999999999999805e+00
2.669999999999999929e+00
3.298999999999999932e+00
2.085999999999999854e+00
2.636000000000000121e+00
2.633999999999999897e+00
2.640000000000000124e+00
2.563000000000000167e+00
2.706999999999999851e+00
2.669000000000000039e+00
2.133999999999999897e+00
2.859999999999999876e+00
3.069999999999999840e+00
2.345000000000000195e+00
3.060000000000000053e+00
2.520999999999999908e+00
2.561999999999999833e+00
2.665000000000000036e+00
3.033999999999999808e+00
2.543000000000000149e+00
2.962000000000000188e+00
2.725999999999999979e+00
2.435999999999999943e+00
2.412999999999999812e+00
2.406000000000000139e+00
3.321000000000000174e+00
2.044999999999999929e+00
2.758000000000000007e+00
3.023000000000000131e+00
2.870000000000000107e+00
3.181999999999999940e+00
2.669000000000000039e+00
2.806999999999999940e+00
2.592000000000000082e+00
1.925999999999999934e+00
2.809000000000000163e+00
2.543000000000000149e+00
2.349000000000000199e+00
2.818999999999999950e+00
