4.061513404289533724e-02
2.306907886951767572e-01
-4.450300330997279397e-01
-1.442508005125594239e-01
-1.148755629634587550e+00
-9.835484199945967454e-01
5.819407308434026982e-01
-1.373499965159514558e+00
8.898328159779869129e-01
-6.570908836451804236e-01
-2.015386992749687689e+00
-1.306025948238981049e-01
1.480024272206255542e+00
1.795645494988339363e-01
-1.419700126044170174e+00
7.867543463164903272e-01
1.529810096460436197e+00
5.035927596458716904e-01
-3.409583625374267846e-01
-1.276326113522209926e+00
-1.224298671243739811e+00
-1.579870391366942295e+00
1.407088855308828157e-01
1.546038020185617645e+00
-2.499081239957303247e+00
-8.061647875546955611e-01
-2.952060505409134783e-01
1.549442234215921310e+00
4.622579916871012995e-01
-4.488419190602964681e-01
-9.678398355617047200e-01
-2.931505975025029409e-01
8.182242607465851636e-01
-3.815347958591509547e-01
6.522908435757711620e-01
1.015254219842653682e-01
-3.594203779609553839e-01
5.599295723909762934e-01
-6.339426789249601457e-01
1.297498509221290730e+00
-1.114596122913861370e-01
-1.853208512906012073e+00
-5.605291010429716003e-01
5.909542644224747843e-01
-1.413707147275050424e+00
4.304318869160476679e-01
1.983345693071379312e+00
-5.365470553760700589e-01
1.039257797640164238e+00
-3.181927018620611114e-01
-2.761184499586382679e-01
9.196574903689460623e-01
4.640032840649954693e-01
-2.794541976833492480e+00
8.223753539744556029e-01
-2.347499172851454485e+00
-1.309512729681620913e+00
1.233275022219259665e+00
9.617791527043366706e-01
-1.254573610772755421e+00
8.445005509591161363e-01
5.784308793347264777e-01
1.042801070585121392e+00
-1.997237026956073302e+00
1.505727372555339727e+00
-1.295673455807587748e+00
-4.839915574820344291e-01
-3.426808987326161304e-03
1.537800648324661179e-01
5.502753856847403952e-02
5.592829000878054568e-01
4.642218222708579534e-01
6.194515430808413825e-01
4.683010842428396436e-02
-1.207268374407740597e+00
-4.607523808240958085e-01
1.093922287851793795e+00
-6.161313886999796319e-01
5.497805073100133777e-01
-1.468367796648489543e-01
1.646083203770000725e-01
8.791569078380500057e-01
3.020882508912428599e-01
-6.519669141115845834e-01
8.844745492068999404e-01
-1.653539942640084970e+00
-6.348582953021328912e-01
-3.017513503810481112e-01
2.408307156350571354e+00
-2.208034250275390242e-01
1.040315969879827662e+00
1.306711700668751863e+00
1.999892066724766826e+00
-2.941938054599561259e+00
-8.942116838177867344e-02
-1.755874949601779811e+00
-7.388545010630351850e-01
-1.190293046167085977e+00
1.698769171150931179e+00
2.018431920870468188e-01
8.708067229262860254e-01
-5.741356872286635937e-01
3.991795707041364549e-01
4.543209517733525216e-01
-1.960922115840652846e-01
1.233128760430291848e+00
1.964862938194090192e-01
-3.642358687285722763e-01
3.277882179244999139e-01
-8.521214102263982015e-01
2.213524499857246308e+00
-9.107221301156926963e-01
2.301940203139138108e-01
3.830247112057156289e-01
-1.013896919304877020e+00
9.043473217449109480e-01
-7.640134992049478768e-01
-4.332896289553415936e-02
4.516929112897262177e-01
3.273888940224344846e-01
-6.533554771819285456e-01
3.349414604206269463e-01
9.123359105866017948e-01
-3.376182841335767515e-01
-6.882572073252170818e-03
-1.113136527426709987e+00
6.704477188313913427e-02
2.945260823635982739e+00
-6.605234795754587607e-01
-1.189545336353920790e+00
-5.850755470965751659e-01
1.098242042632225773e-01
-2.355297280336967614e-01
-8.111635643841259569e-01
3.729913395093010231e-01
-7.080586241663697766e-01
1.421320312784470907e+00
-1.405238500873073004e+00
-2.224309300167079950e+00
-4.878709287873578826e-01
1.404222001747524429e+00
4.598412575075542796e-01
-1.934584022561169236e+00
2.051817133897048950e-01
3.611375995200855754e-02
-1.210392883530379216e+00
-8.436474573002397115e-01
-7.099144325343494932e-01
-6.472728009492861867e-01
2.812937960756366120e-03
6.200548471397814704e-02
1.295734094825437888e+00
8.628773353630342369e-02
9.983158337295394702e-01
-7.100526850379138555e-01
-6.774790903524502417e-01
-1.548650594649303214e+00
5.964218294121826913e-01
2.254139031889807132e+00
-6.003773073913576397e-01
-1.986052183269563010e+00
-8.496285347499513141e-02
-1.443291484648723699e+00
-2.958414890808404585e-01
9.927764249516612960e-02
9.375756791720121219e-01
1.002196136295764761e+00
-1.709601993153605781e-01
-6.632687955866175544e-01
-5.376742810550431129e-01
-9.465289580629804300e-01
6.052354085744016121e-01
2.160430763707130164e-01
5.920012252540080011e-01
-1.839462036693221281e-01
-1.460429571916801450e+00
-9.080117707034365271e-01
1.305110188555716366e+00
2.335770259120044656e+00
-1.155777067570408656e+00
-3.804672171181673890e-01
1.210598123645040713e+00
-3.691609297093614295e-01
-8.851326897418453354e-01
-1.829457201239390374e+00
2.955470893229832363e-01
-5.899178456318875385e-01
6.778970525241044820e-01
2.050652816272525936e+00
-1.070101272573258377e+00
-1.046463515768233821e+00
-3.046194886628432741e-01
9.153861401091674399e-02
6.474208134313208518e-01
1.184745246381711192e+00
-1.782924433777909989e+00
-1.041839437402024560e+00
-7.071634237254528221e-01
-3.602180013463056607e-01
-1.043683770004687761e-01
-1.302832657960999230e+00
3.407415938790722687e-01
-2.178013965159101561e-01
-1.385209797187261893e+00
1.638117987486653160e+00
2.212752691852678311e+00
3.269044088167104789e+00
7.677350732804028022e-01
1.269077432106272108e+00
-1.636718953507733998e+00
1.520227077894055645e+00
9.063367543191108711e-01
1.408161678964643115e-01
7.402062319742971908e-02
5.772073838073831231e-01
6.984665403614068735e-01
-2.530497989977593121e-01
1.162254443477000132e+00
4.107387954009240061e-01
-7.135790194991823432e-01
-7.327479018237378350e-01
1.519262274110817490e-01
-3.074209256450897709e-01
-2.497237987272930226e+00
-2.070471846876960342e-01
-2.021794773428373659e+00
9.268074167916935668e-02
-4.134779010416863437e-02
9.377695440683806449e-01
-2.502188184890418721e-01
-1.145990138811567860e-01
2.799189594407960890e-01
4.106286235562723874e-01
-5.483505017319912911e-01
-1.691466834720632306e+00
8.763876716595949690e-01
-8.146172562522864258e-01
-7.198586350688780389e-01
2.661088102194706817e+00
5.281830461220253792e-01
4.313830979490089201e-01
8.939729596421653879e-01
-5.576709485397426391e-01
-9.012372868209829468e-02
-8.849056770234641212e-01
-5.116663065890943995e-01
-1.253037799565485777e+00
1.358515282867211571e+00
-5.288841557049697890e-03
3.729202054064941763e-01
-1.614863874474588679e+00
-2.440706323182406101e-01
1.786975667017516034e-01
-1.460772093671541150e+00
1.154366692556044960e+00
-3.930676688288067822e-01
-1.245599025954843508e+00
-1.368595639139307041e+00
2.486740216005409732e-01
8.908083025162299995e-01
6.382449298479242472e-01
6.984363315139298367e-02
1.054115076585037558e+00
-6.078061941368757548e-01
1.010160033074058439e-01
-6.274861748202152922e-01
1.446372590676916703e+00
4.165435079297043486e-01
6.254118572713192048e-01
5.958779019296545770e-02
7.555883016965778132e-02
-8.628931178066967522e-01
1.458034815532163186e+00
1.823579030377302734e+00
1.619030180972083510e+00
-7.774219298330801164e-01
-8.738155283348115754e-01
2.819939307038685783e-01
-1.312845552130068559e-02
1.283957065072385939e+00
3.996900904566371704e-01
5.996400990425683995e-03
3.164314054190520142e-01
-6.972372821173612456e-01
3.412762430024324778e-01
3.494364202153723009e-01
2.633384052683397369e-01
1.579168205526525259e+00
8.018944478681885868e-02
9.614331622408012201e-01
-1.087038325102589686e+00
-9.973638660950505663e-01
1.612618370545828350e+00
1.093922287851793795e+00
-4.563030347895697947e-01
2.809137829979709844e-01
-1.090355109963217828e+00
1.835502835174186165e-01
1.340529981256555647e+00
1.966805457713788341e+00
-1.914304431767135106e-01
-8.065749631770749994e-01
1.929905145618567297e-01
1.747946983456747372e+00
-7.047237385884335126e-01
6.257061255724271076e-01
7.020666890613869171e-01
1.231883596060310074e-02
3.117368277017964484e-01
-7.394783066074412936e-01
-5.864668135543240624e-01
1.291139652810895377e+00
2.848390712584497955e-02
2.147266917906041517e+00
5.281333240558292452e-01
-9.296583657390397049e-01
-2.209650765242452963e-01
-1.991222901093854525e-01
-1.061524386038130707e+00
4.999967168203098389e+00
-4.799237847704633242e-01
3.109993678827163710e-01
-4.957130862999311049e-01
3.272943387218067018e-02
-4.005223666324905785e-01
-9.196074590549584427e-01
4.361609564209038004e-01
9.999828986145286036e-01
-1.197686095871564271e+00
-2.978131357178168681e-01
-3.116165351379656667e-01
-1.025187391100345069e+00
6.865577522112925601e-01
3.245232254823741114e-01
-9.757654270078425229e-01
-2.003827086030030846e-01
1.429881201286573811e+00
5.049836348603258251e-01
-3.843604068257033268e-01
1.390243876491598307e+00
1.964708761179757790e+00
1.094055791199685990e+00
-1.306656664224321140e+00
-2.533624044364174085e-02
-3.904325484342022756e-01
1.378095955223940017e+00
-1.635126803623426772e-01
-1.696970616630102846e+00
3.473923428418318471e-02
-1.384357946983009180e+00
5.035927596458716904e-01
6.466656495798802640e-01
1.296906261158898843e-01
1.267589167448607279e+00
1.440783240960842593e-01
1.279346813205157751e+00
6.856785744995228526e-01
6.402029014435957066e-01
-1.408412612417273113e+00
-5.275881266590406460e-01
-2.723404979341832455e+00
-8.936132939606878933e-01
-7.660373646887329580e-01
7.949747238310996833e-01
-3.694488622434778935e-01
1.288431432666221621e+00
-2.089319661890463919e+00
1.269754411887944023e+00
1.820483880687273848e+00
-4.679293057655151133e-02
-9.341670471311559476e-01
1.632938592975630154e-01
4.977935833674713151e-01
7.242776134234944763e-02
2.662313059448608368e-02
-4.504614729966367470e-01
-2.306959059347259422e-01
1.167974670521009006e+00
-1.215486416689457894e+00
2.146217376656100573e+00
1.430546028348388399e+00
-2.246989617160317643e-01
-1.392906280863160706e+00
6.322011411955734683e-01
1.048139774555284731e+00
-1.705104627632249015e+00
7.254434884256616423e-02
-7.493422330053567393e-02
-2.931570922709101357e-01
9.403550121868768652e-02
1.248697613004063900e+00
1.521519824847611668e-01
-1.409335999329733635e+00
-1.723881743294451541e+00
-5.613358833042663143e-01
-6.709932814145505020e-01
9.035880606674612237e-01
1.124445231734563011e+00
1.463236623828201854e-01
1.522394839055096538e+00
-2.655846142800974530e+00
-9.424952072462672303e-01
-3.482901139583792771e-01
1.789397710146120590e-02
-1.173098939257262385e+00
3.910541937399403811e-01
-7.432564675597163051e-01
-1.037263577283067395e+00
2.008959163901173905e+00
5.994580609503780133e-01
-1.784083961836037791e+00
2.593086733357955254e+00
-3.062158798855938446e-01
-1.639429888025648735e-02
-6.558104539259562715e-02
4.865041528668877513e-01
-1.577852844361656570e-01
1.138963634266024344e-01
2.666800446623762699e-01
-1.366630257360717415e+00
-1.552974031748606043e+00
-9.547258681069900055e-01
1.703902300130676339e+00
-7.556304872877042111e-01
-4.751936107699548661e-01
4.058025808397249801e-01
7.784410877974805576e-01
3.445350430624894322e+00
-8.022467474436638657e-01
5.157062406162628010e-01
-6.380452864536717561e-02
-9.508236345077528684e-01
6.879355827420241543e-01
-7.126959059936240903e-01
-1.009890089045941686e+00
1.199642788171688679e+00
