2.480999999999999872e+00
2.399000000000000021e+00
2.358999999999999986e+00
2.423000000000000043e+00
2.545999999999999819e+00
2.248000000000000220e+00
2.508000000000000007e+00
2.310999999999999943e+00
2.681000000000000050e+00
2.387999999999999901e+00
2.317000000000000171e+00
2.450000000000000178e+00
2.228000000000000203e+00
2.505999999999999783e+00
2.363999999999999879e+00
2.315999999999999837e+00
2.785000000000000142e+00
2.416999999999999815e+00
2.277000000000000135e+00
2.309000000000000163e+00
2.286999999999999922e+00
2.384999999999999787e+00
2.500000000000000000e+00
2.290000000000000036e+00
2.269000000000000128e+00
2.248000000000000220e+00
2.435000000000000053e+00
2.365000000000000213e+00
2.507000000000000117e+00
2.524999999999999911e+00
2.536000000000000032e+00
2.375999999999999890e+00
2.572000000000000064e+00
2.396999999999999797e+00
2.302999999999999936e+00
2.291999999999999815e+00
2.494000000000000217e+00
2.508000000000000007e+00
2.521999999999999797e+00
2.463999999999999968e+00
2.265000000000000124e+00
2.689999999999999947e+00
2.633000000000000007e+00
2.470000000000000195e+00
2.395000000000000018e+00
2.750999999999999890e+00
2.347999999999999865e+00
2.334000000000000075e+00
2.744000000000000217e+00
2.415999999999999925e+00
2.415999999999999925e+00
2.758999999999999897e+00
2.424999999999999822e+00
2.442000000000000171e+00
2.878000000000000114e+00
2.415000000000000036e+00
2.217000000000000082e+00
2.749000000000000110e+00
2.736000000000000210e+00
2.581999999999999851e+00
2.588999999999999968e+00
2.390000000000000124e+00
2.559000000000000163e+00
2.435999999999999943e+00
2.305000000000000160e+00
2.608000000000000096e+00
2.314999999999999947e+00
2.342999999999999972e+00
2.358999999999999986e+00
2.544000000000000039e+00
2.299999999999999822e+00
2.395999999999999908e+00
2.250999999999999890e+00
2.553999999999999826e+00
2.505999999999999783e+00
2.342000000000000082e+00
2.112000000000000099e+00
2.033999999999999808e+00
2.311999999999999833e+00
2.403999999999999915e+00
2.532999999999999918e+00
2.322999999999999954e+00
2.426000000000000156e+00
2.447000000000000064e+00
2.294999999999999929e+00
3.089999999999999858e+00
2.959000000000000075e+00
2.298000000000000043e+00
2.265000000000000124e+00
2.107000000000000206e+00
2.286999999999999922e+00
2.213999999999999968e+00
2.282000000000000028e+00
2.370999999999999996e+00
2.338999999999999968e+00
2.262999999999999901e+00
2.439000000000000057e+00
2.408999999999999808e+00
2.681999999999999940e+00
2.536999999999999922e+00
2.173000000000000043e+00
2.805000000000000160e+00
2.255999999999999783e+00
2.478000000000000203e+00
2.466000000000000192e+00
2.744000000000000217e+00
2.306000000000000050e+00
2.297000000000000153e+00
2.415000000000000036e+00
2.148000000000000131e+00
