1.317038725597750748e+01
1.387087927835727008e+01
1.663040840127692732e+01
1.260855319432545762e+01
1.633876305669503992e+01
1.361722631490629531e+01
1.377158291273061508e+01
1.423541020798448464e+01
1.329641646639018582e+01
1.321840942208612013e+01
1.308925251556395075e+01
1.387087927835727008e+01
1.379923826837814715e+01
1.349752488976743159e+01
1.330820377108617869e+01
1.321877379786102757e+01
1.319828570842786597e+01
1.217609810771539536e+01
1.328346518418752353e+01
1.193870648815783930e+01
1.297208526499244030e+01
1.217609810771539536e+01
1.634738073704395234e+01
1.265141425657943053e+01
1.313664949224718370e+01
1.315021631131695123e+01
1.299956420020107473e+01
1.660735260364976185e+01
1.306481338090489253e+01
1.663040840127692732e+01
1.166140888580993895e+01
1.317836542328657856e+01
1.361722631490629531e+01
1.653999185171888797e+01
1.654886310595832200e+01
1.308925251556395075e+01
1.328346518418752353e+01
1.641156317939188369e+01
1.641896994980234936e+01
1.416938110645154403e+01
1.365498230406772606e+01
1.339721064517162219e+01
1.193870648815783930e+01
1.663040840127692732e+01
1.328393107307459964e+01
1.357937524362369253e+01
1.641156317939188369e+01
1.317836542328657856e+01
1.406923023237155412e+01
1.299956420020107473e+01
1.361722631490629531e+01
1.339721064517162219e+01
1.320588684799304069e+01
1.658307320018758446e+01
1.406923023237155412e+01
1.377158291273061508e+01
1.274591033667651452e+01
1.453566361306946675e+01
1.313664949224718370e+01
1.374511140756241367e+01
1.316310534370053631e+01
1.361538230715428277e+01
1.331541110910983505e+01
1.243256903469438512e+01
1.194457148430533699e+01
1.285101009757746304e+01
1.375928420560052601e+01
1.373028440634713832e+01
1.365203405647222468e+01
1.329641646639018582e+01
1.321840942208612013e+01
1.350231040607257071e+01
1.391055166035802770e+01
1.389327404756814310e+01
1.405850845982944897e+01
1.469568652342150372e+01
1.638850738176471467e+01
1.412722105920237681e+01
1.194457148430533699e+01
1.389322472205421377e+01
1.313664949224718370e+01
1.473643628331481281e+01
1.337567701299056644e+01
1.373572930896103195e+01
1.317380503565467897e+01
1.633876305669503992e+01
1.660735260364976185e+01
1.299743617472601898e+01
1.629379048396122087e+01
1.315223609819623007e+01
1.658307320018758446e+01
1.269159639216459112e+01
1.459449939401474872e+01
1.242686904769483469e+01
1.448671385092900721e+01
1.327674387131551725e+01
1.321840942208612013e+01
1.361722631490629531e+01
1.381107453955119624e+01
1.432879584089570457e+01
1.339721064517162219e+01
1.237073889869087218e+01
1.378329117221944955e+01
1.305050162162097926e+01
1.420959024503853740e+01
1.667923284590284183e+01
1.328346518418752353e+01
1.371788059626384459e+01
1.321957896986216241e+01
1.361722631490629531e+01
1.653999185171888797e+01
1.375395310209237287e+01
1.330271456507453820e+01
1.389738450722991203e+01
1.339721064517162219e+01
1.642623512138822761e+01
1.296592600641118764e+01
1.329641646639018582e+01
1.286736524405790760e+01
1.400311287432741914e+01
1.320690297193982232e+01
1.643335728349435243e+01
1.256710911359101246e+01
1.329244491832930386e+01
1.307098895464876165e+01
1.290591194110255024e+01
1.247651429732674089e+01
1.442074770423574215e+01
1.339721064517162219e+01
1.641156317939188369e+01
1.271162986849231835e+01
1.392598911395582029e+01
1.290533436664836486e+01
1.361722631490629531e+01
1.275324004310739490e+01
1.376123849472458360e+01
1.361722631490629531e+01
1.313664949224718370e+01
1.427659135738299589e+01
1.350231040607257071e+01
1.491142943198721582e+01
1.480920180987235035e+01
1.227917478188225608e+01
1.328471541381803434e+01
1.350030053812952424e+01
1.641896994980234936e+01
1.349558909320056266e+01
1.312152616643405700e+01
1.323084125418509771e+01
1.307757124450514041e+01
1.437745229555046933e+01
1.352170760217401302e+01
1.422441765088208498e+01
1.631215070463190386e+01
1.373018104004745688e+01
1.222457038250061956e+01
1.235422901908050264e+01
1.325603752368854416e+01
1.374891650902815599e+01
1.317836542328657856e+01
1.339838109302124813e+01
1.314374456839503047e+01
1.665918024735058722e+01
1.308925251556395075e+01
1.352170760217401302e+01
1.639633048471789323e+01
1.372820838433183610e+01
1.295495981376963357e+01
1.315223609819623007e+01
1.323654124118464814e+01
1.253431627186742681e+01
1.662286144269705090e+01
1.317836542328657856e+01
1.308386934318949280e+01
1.375977902704851630e+01
1.253431627186742681e+01
1.384332178904913313e+01
1.392991102344640808e+01
1.639633048471789323e+01
1.641896994980234936e+01
1.656622595892899952e+01
1.402178122371675428e+01
1.635586951446484605e+01
1.308925251556395075e+01
1.287040729367890535e+01
1.289575196600296358e+01
1.376989821290145066e+01
1.237073889869087218e+01
1.632114662983384079e+01
1.280228791577447822e+01
1.312569963410553342e+01
1.330271456507453820e+01
1.397745725075591317e+01
1.296592600641118764e+01
1.236983282916441595e+01
1.644716693664663154e+01
1.207136101765575731e+01
1.349558909320056266e+01
1.389322472205421377e+01
1.330271456507453820e+01
1.488395465604527423e+01
1.646038762401779465e+01
1.362454058369556265e+01
1.316935264799303340e+01
1.401535756920338471e+01
1.347670284540959962e+01
1.234826389170596705e+01
1.330271456507453820e+01
1.313664949224718370e+01
1.361722631490629531e+01
1.357215418362564030e+01
1.374055282405905842e+01
1.375218158599418672e+01
1.217609810771539536e+01
1.662286144269705090e+01
1.213538379719545723e+01
1.328346518418752353e+01
1.415804152179917175e+01
1.664508034327327479e+01
1.316794918006965531e+01
1.315223609819623007e+01
1.335685515838746085e+01
1.173165619910860080e+01
1.482956860916481645e+01
1.330271456507453820e+01
1.372927005564761771e+01
1.328346518418752353e+01
1.166140888580993895e+01
1.308925251556395075e+01
1.339838109302124813e+01
1.329641646639018582e+01
1.293047509037736376e+01
1.308386934318949280e+01
1.308386934318949280e+01
1.448860898080797099e+01
1.402829247075811558e+01
1.340070649138686676e+01
1.361722631490629531e+01
1.335549471413222911e+01
1.365498230406772606e+01
1.380802262831273808e+01
1.300073374797711701e+01
1.295495981376963357e+01
1.417775984009312573e+01
1.247651429732674089e+01
1.352170760217401302e+01
1.642623512138822761e+01
1.339721064517162219e+01
1.374055282405905842e+01
1.368586812153343324e+01
1.361722631490629531e+01
1.305889479776085693e+01
1.295495981376963357e+01
1.329641646639018582e+01
1.630303151912264070e+01
1.242324235948423450e+01
1.371770954432341227e+01
1.656622595892899952e+01
1.469016297534049365e+01
1.371778280553547624e+01
1.653999185171888797e+01
1.378794980074229137e+01
1.374055282405905842e+01
1.311279026130587155e+01
1.286430176648747370e+01
1.462119299042573140e+01
1.641896994980234936e+01
1.637245471790186357e+01
1.345519726837781249e+01
1.644716693664663154e+01
1.389052256315561173e+01
1.330271456507453820e+01
1.632114662983384079e+01
1.306692295172343599e+01
1.315223609819623007e+01
1.436521871949696205e+01
1.256710911359101246e+01
1.352525205130616293e+01
1.361722631490629531e+01
1.636422797830253728e+01
1.392404235218233488e+01
1.427659135738299589e+01
1.298980044596551053e+01
1.338320988295684622e+01
1.206032955999721068e+01
1.256710911359101246e+01
1.213538379719545723e+01
1.313664949224718370e+01
1.500652490613067691e+01
1.391800149836424616e+01
1.193870648815783930e+01
1.443182061443230957e+01
1.335549471413222911e+01
1.638850738176471467e+01
1.229020623954080271e+01
1.307816935618994236e+01
1.282957864211307353e+01
1.659939354449269544e+01
1.373212261800016876e+01
1.339721064517162219e+01
1.370806639506515445e+01
1.227359903801487739e+01
1.435642207964086126e+01
1.639633048471789323e+01
1.318281692249885317e+01
1.389971950111490351e+01
1.376989821290145066e+01
1.339721064517162219e+01
1.387728360695104257e+01
1.241640845903678958e+01
1.643335728349435243e+01
1.386475663394903712e+01
1.375395310209237287e+01
1.330271456507453820e+01
1.513214376489143120e+01
1.296592600641118764e+01
1.327108104554259249e+01
1.253431627186742681e+01
1.263216487569241586e+01
1.243256903469438512e+01
1.308386934318949280e+01
1.339721064517162219e+01
1.387899641965206676e+01
1.365498230406772606e+01
1.354988254316677754e+01
1.221606493556279993e+01
1.317380503565467897e+01
1.430572404969257150e+01
1.295495981376963357e+01
1.350231040607257071e+01
1.317836542328657856e+01
1.323084125418509771e+01
1.263216487569241586e+01
1.308925251556395075e+01
1.385752482336253166e+01
1.247651429732674089e+01
1.365203405647222468e+01
1.386475663394903712e+01
1.365498230406772606e+01
1.285101009757746304e+01
1.322612101492398295e+01
1.650327423168786467e+01
1.234826389170596705e+01
1.339721064517162219e+01
1.636422797830253728e+01
1.642623512138822761e+01
1.222457038250061956e+01
1.274591033667651452e+01
1.282739841621050303e+01
1.287040729367890535e+01
1.217609810771539536e+01
1.354618338416903178e+01
1.390012103708612301e+01
1.302113313765952363e+01
1.404496669984557933e+01
1.293047509037736376e+01
1.400824523290740764e+01
1.639633048471789323e+01
1.301199603230005053e+01
1.307816935618994236e+01
1.647448128178251991e+01
1.213538379719545723e+01
1.321840942208612013e+01
1.657471473634988968e+01
1.195725288583034995e+01
1.365417158393572983e+01
1.376728533908494789e+01
1.220802382580978751e+01
1.629379048396122087e+01
1.297649796922729237e+01
1.232078495649733263e+01
1.300073374797711701e+01
1.339721064517162219e+01
1.296592600641118764e+01
1.371903093274303131e+01
1.384258707452735138e+01
1.402580606056874757e+01
1.374055282405905842e+01
1.371778280553547624e+01
1.663040840127692732e+01
1.345621786028454103e+01
1.361722631490629531e+01
1.231547104998238140e+01
1.392294675415375238e+01
1.256710911359101246e+01
1.335549471413222911e+01
1.321957896986216241e+01
1.293047509037736376e+01
1.350231040607257071e+01
1.665918024735058722e+01
1.214797277747414128e+01
1.406218186655820190e+01
1.256710911359101246e+01
1.361722631490629531e+01
1.455970120784004784e+01
1.361538230715428277e+01
1.637245471790186357e+01
1.330271456507453820e+01
1.438989530656890281e+01
1.663040840127692732e+01
1.384143442037636440e+01
1.637245471790186357e+01
1.374055282405905842e+01
1.429311722042659660e+01
1.632114662983384079e+01
1.292489934650998507e+01
1.625563605989747629e+01
1.354988254316677754e+01
1.372142104139887131e+01
1.661517570660293686e+01
1.300073374797711701e+01
1.321957896986216241e+01
1.343261383086417382e+01
1.318424385843929159e+01
1.352170760217401302e+01
1.657471473634988968e+01
1.334809759690141284e+01
1.667923284590284183e+01
1.339838109302124991e+01
1.327674387131551725e+01
1.484309115612156660e+01
1.220802382580978751e+01
1.643335728349435243e+01
1.215755171004288471e+01
1.635586951446484605e+01
1.662286144269705090e+01
1.392804417981062493e+01
1.395891461820808033e+01
1.634738073704395234e+01
1.443912313684522708e+01
1.364245079321904974e+01
1.247275117027954749e+01
1.376989821290145066e+01
1.308925251556395075e+01
1.369336642363987622e+01
1.398453391188301964e+01
