5.534777163307386116e-02
1.754438598809801464e+00
-5.879384081100722664e-02
-6.931082621629811591e-01
-1.122434248646537042e-01
-2.382892232291021539e+00
6.715480874897543639e-01
2.847419249110536010e-01
1.040653735290429649e-01
1.033103437318682281e-02
-1.037216038241586480e+00
1.004295732133670294e+00
1.604191423806299310e-01
1.875694149146570344e-01
2.700501391869987722e-01
4.649690355306032585e-01
-3.997810621123712993e-01
4.312900685625498554e+00
-1.878948710048822912e+00
-1.101367539414927599e+00
-5.819145435404523559e-01
-1.749055709244537127e+00
4.938449341835368656e-01
5.268662804376208486e-01
2.910304873855456886e+00
-3.569611656607378780e-01
2.763425236752397485e+00
2.234690408283912078e+00
1.304889575300329563e+00
-6.194800534390738633e-01
-1.702695539810493264e+00
-5.259067959181017438e-01
-5.075180724146118871e-01
-5.656081742550267411e-01
1.340863224124420938e+00
1.233305032642979304e+00
1.842485471069725600e+00
-3.632270459108061789e-01
-7.823094289895361486e-01
1.011013927725925798e+00
-1.692661144543100127e+00
-2.594920944748072000e-01
-8.125857230619504268e-01
1.292277004910078464e+00
-4.842037475887523978e-01
1.122863594936706289e+00
2.203868520091535110e+00
1.170377381775624392e-01
5.421947353856682028e-01
9.321057838339344981e-01
-1.603724495601809963e+00
1.439963265050254071e+00
4.853073089011969432e-01
-3.201580363406031360e+00
-1.143593221288083273e+00
-1.231406295255248917e+00
1.157696096098520977e+00
-2.408444497397595196e-01
4.829586436214597378e-01
-7.860023005380446515e-01
1.099206464825063234e+00
7.830784934443498768e-01
2.535177050445143188e-01
2.253747793960475809e-01
1.794164694429396301e+00
-1.715043570016412944e-01
7.029392437558490414e-01
5.627782174314303054e-01
-9.731917623901581438e-02
9.777128284398878266e-01
-9.645993351415268480e-01
-3.968532020065130284e-01
-1.778235516915140257e+00
-4.525806408444430495e-01
-4.383904869452686093e-01
8.883916403665544914e-01
1.535883569649963309e+00
1.031136851087981254e+00
1.623044499902419169e+00
4.320159807528706208e-01
-1.244523647131645427e+00
1.559564975990399560e+00
-7.919952269080465790e-01
-7.322122188182362823e-01
9.872063862021729364e-01
-1.096584941490469367e+00
-2.071399097460818517e+00
-9.941229930272579285e-01
-1.968732446327919439e+00
1.052704053783176663e-01
1.351524637975092036e+00
-9.183984477422821313e-02
-3.099551135884262565e-01
-7.119952574037671233e-01
-3.588252171703192883e-01
-1.918541217256358289e+00
1.665526006091224476e+00
2.329688902840682641e+00
3.248048015831753732e-01
7.493163056213975048e-02
-2.040036174278991588e-01
-4.363396192485202718e-01
4.446938980951511966e-01
4.978782130830130548e-01
7.042387170867675517e-01
-4.191619426815975658e-01
-9.458284685008375159e-02
-4.175713496468453911e-01
-6.916111656343141290e-01
-5.259798518369434017e-01
5.705593867150128284e-01
-1.141224822020809215e+00
-6.647289700429986903e-01
4.721767735326846127e-01
-2.964271161416660028e-01
4.529314455290157915e-02
-2.215355249055590836e-01
-1.017122818729264688e+00
5.717929945780728662e-01
-4.430006718158412959e-01
2.185040230475429890e-01
-4.392388314129301308e-01
1.292797121988125353e+00
4.524946363663679971e-01
3.544961912792856107e-01
3.056518168030928351e-01
-7.160809741642434889e-02
8.346096331884442221e-02
1.030234611598021682e-01
2.598196887337017591e-01
1.980268842533930984e+00
1.280275343369408292e+00
1.070447581014610933e-01
1.045115263778612080e+00
8.216988953792195849e-01
1.547693118502882825e+00
1.298248385214567868e+00
6.934744471339303606e-01
-2.121558822299786318e+00
-3.599067181832455442e-01
1.689974659553946656e-01
-4.024962998084722354e-01
-3.536370987295101909e+00
-2.965999680756622459e-01
-4.204807625143349714e-01
-1.600321988924784111e-01
-2.056744774599125858e+00
7.379717716339168065e-01
-2.606749102879921676e-01
7.595319880847322125e-01
-2.626199455529614757e-01
3.494470197075664752e-01
-1.864868448274561663e+00
-3.956066072959381064e-01
-1.366718176663307638e+00
7.732258207726147026e-01
-2.604186730865000410e+00
-5.338675498798287622e-01
4.106815078967118171e-01
-2.028288933958734219e+00
-2.352143607810433856e+00
-1.567775327118460904e+00
-4.663304954330674962e-02
-3.915447974898179639e-01
-1.047181624669634159e+00
-4.457625020375424185e-01
-5.351777905759882437e-01
-6.492255693565367469e-01
4.625753900456330281e-01
6.747549679132335276e-01
-6.203095602456296272e-03
9.455885436627997631e-01
1.415819313271552193e+00
2.346844105330562869e+00
-2.991585631317373317e-01
-1.283873656559414878e+00
-1.237223047723414071e+00
1.193570692758153529e+00
-2.029827705539836380e+00
-3.504178171548923970e-01
-1.897377694330304454e-01
-4.956826378814032652e-01
-9.572038331209123951e-01
-1.859796204966382704e-01
1.837457170218659952e+00
-9.042310545382497011e-01
-8.699890417507055718e-01
-3.124676101374797010e-01
2.257740399275584231e+00
2.187624080850548935e+00
-4.372723830618165941e-01
9.875396887374658927e-01
1.043185954796589154e+00
-4.979034409210262857e-01
2.338219337225181604e+00
-3.442328367052673310e-01
-8.675124328735636103e-01
-9.878540815707227418e-01
-7.995150133541815141e-01
2.484061846167428533e-01
-5.114478368789315832e-01
-2.194532518286864686e-01
-5.647680202511793368e-01
-1.303943729402693208e+00
1.343553640996264509e+00
-6.933781157047909371e-02
-1.216293259826616069e+00
1.170194490211627913e+00
1.281139687506828828e+00
2.239239087608472456e+00
1.128219378903490666e+00
-1.803026322954297544e-01
-1.458036987814124649e-02
7.949756607363646088e-01
-6.491757773898202410e-01
1.048549940972562489e+00
3.904786879156590396e-01
8.975778881011525767e-02
-7.339166257800994186e-02
-5.157200327137230200e-01
1.573989215764884264e+00
-8.131897910439028765e-01
1.275372450956221870e+00
-1.705285676659596295e+00
-2.286533424562073424e+00
8.213324751446785532e-01
-4.441571213453243128e-01
-1.319605724520880763e+00
-1.308839361502705634e+00
9.741199643829724364e-01
-6.332049627492896127e-01
2.922217246858559436e-01
6.740355659269133826e-01
-4.545544541962992513e-01
-1.500319363237216708e+00
-8.717383183038963645e-01
4.234210330991431404e-01
-8.910257554751492559e-02
1.626483205848664459e+00
-4.983032379019239899e-01
1.473854362412978958e+00
1.017633876452932906e+00
-2.661590074476232637e+00
5.127460408170882999e-01
-1.296326908024831193e+00
1.300323984657393073e+00
-9.266949032507055817e-01
2.530038563874522084e-01
1.434451888792309671e+00
2.966370336063010038e-01
-7.007945375761261975e-01
5.636447676961743314e-01
1.278094990285550736e+00
-1.707012433768650694e-01
-7.936006310844163913e-02
-7.652163993192977465e-01
-7.774702671548493482e-01
8.750862140608996545e-03
1.612396563663748283e-01
1.363871241297361092e-01
-5.998005179375527351e-01
1.071297639688444825e+00
8.679812843528231792e-01
-8.421313883980902082e-01
6.601020071097094544e-01
-1.163661844093724973e+00
4.962187029878473848e-02
-1.670611740759428143e-01
1.043255117182766645e+00
4.343904414440186157e-01
1.710677834638890449e+00
-1.608998727256706340e-01
-6.282154779604990358e-01
-4.833925358865723276e-01
2.194696805137378526e+00
4.800110967453850019e-01
-1.540884383222124399e+00
7.583303714445158716e-01
9.676104596468870778e-01
3.412495485618624036e-01
1.550772484604677759e-01
-9.183496308957435073e-01
5.435298066348902557e-01
-9.250297342688486024e-01
1.329537578449669910e+00
2.318847817644138942e+00
2.971992854861386091e-01
-5.772904063590222901e-01
7.167384439198027923e-01
1.569708298395894763e+00
7.333830332359773108e-01
1.073309353495065066e+00
-3.003412567558280344e+00
-1.302881881907881900e-01
-5.756422284148646762e-01
-3.577068918506564610e-01
6.663529582913602090e-01
1.246015904564960752e-02
4.651735962458790619e-01
2.842076879791402000e+00
-1.329414477022365926e-01
-4.072901778212629220e-01
-1.248524011577151649e+00
1.863509563260974111e-01
9.380480911813597611e-02
6.521919479122897934e-02
5.473775893481331867e-01
1.255274914460546398e+00
2.911959479860499744e-01
-1.001732988678889047e+00
-1.119808637741270596e+00
7.117268021097173936e-01
6.556987568296625268e-02
1.930683625441179663e+00
2.375230730402989043e-01
1.807082666939098470e+00
6.911485854032154222e-03
3.052604354139192289e+00
8.830617486782168513e-01
2.493191506131264001e-01
2.993132997575738141e-01
1.342632389005261162e+00
4.482127879190629660e-02
-5.484881435397093163e-01
-1.119287620448184528e+00
8.362974747167358780e-01
1.656361388643478705e+00
9.090840101135245765e-01
-1.218098630445295927e-01
1.340056257551837104e+00
-4.963378452519180001e-02
-8.249630794051059368e-01
8.095656540727568240e-01
5.236017928002948407e-01
-3.296617464978888745e-01
2.673321347817491506e-02
1.183842504281574115e+00
1.399695929349389356e+00
1.872151828617101055e+00
6.181761545725850127e-01
8.880497928082309311e-02
1.399070362856674299e+00
4.734746489581098117e-01
-8.992176290628406399e-01
3.116635180552642104e-01
-6.908291758766933466e-01
-8.256157803652042215e-01
-1.684166108280087171e+00
4.182912773593019384e-01
5.301236468627379406e-01
2.097427101126726201e-01
-6.558228780614516751e-01
7.582603653125791210e-01
1.667047418571503181e+00
-8.513249856283457984e-01
9.379261972277315174e-01
3.510167034482710169e-01
2.275848610269808614e-01
1.163920889293601935e+00
7.649229199439069316e-01
-3.136879257941634691e+00
3.959506811821637551e-01
6.280558562714007032e-01
7.308274044865921137e-01
-9.958352385444288468e-02
-7.526734897814530978e-01
-7.214771717323316125e-01
2.624282629622286755e+00
2.474462155380144079e-01
3.869122498579846137e-01
-1.434379826754318688e-01
-7.964613691562948405e-01
-6.483165160070319954e-02
6.442663110803514837e-01
1.139326200820647284e+00
-1.013477427324400271e+00
-4.986246622412512375e-01
-1.615493772560029351e-01
3.819614428684072194e-01
5.166875075309657062e-01
-9.172272307655093826e-01
4.301311019908645172e-01
2.919091525030942935e-01
-1.963365307409272592e-02
-1.153591660204228986e-01
-5.772435434254910014e-01
-1.512021824054550656e+00
2.566411298395479879e+00
1.232976846448556651e+00
-1.869316400047798532e-01
-6.178697136694610847e-01
-8.167798211336460001e-01
3.240475410837065695e+00
-1.833738527484203962e+00
2.296762732371256943e-01
6.811179325288556352e-02
4.809582715628008681e-02
1.655723127818997442e+00
-7.142018996954122567e-01
-1.065084775362965752e+00
-2.905353565780774083e+00
-6.587858009276533755e-01
-2.084111423634668336e-01
7.799915019507703828e-01
-8.640812053345112709e-01
9.532013328287647358e-01
-1.047056314814261091e+00
-1.450374989114137536e+00
-7.654808625768736441e-01
-8.146991026832596239e-01
-6.176514137191015941e-01
-5.832615692771764282e-01
-1.084498796486947247e+00
1.746814207582959300e-01
6.442183906223513112e-01
9.253874703106946820e-01
-5.091744753129582302e-01
-3.510959694183376362e-02
-1.125149975177131279e-01
-9.503118862397856859e-01
5.664010905996629264e-01
7.509651057693498277e-01
-2.553568565281024161e-01
6.052893975729546350e-01
-1.803102208842681797e-01
-8.305676058535754747e-01
-3.290167120922125044e-01
1.601025327988456981e+00
-1.101719517371462675e+00
-5.702364533375815503e-01
-1.586646777612569670e+00
-1.194037960307611002e+00
2.119046250154123179e+00
1.523126694974871853e+00
-5.181227117472396726e-01
-6.105987826856122958e-01
