2.415000000000000036e+00
2.646999999999999797e+00
2.564999999999999947e+00
1.985000000000000098e+00
2.725999999999999979e+00
2.387999999999999901e+00
2.525999999999999801e+00
2.333000000000000185e+00
2.031000000000000139e+00
2.448999999999999844e+00
1.927999999999999936e+00
2.899999999999999911e+00
3.237999999999999989e+00
2.137000000000000011e+00
2.645000000000000018e+00
2.678999999999999826e+00
2.432999999999999829e+00
2.556999999999999940e+00
2.201000000000000068e+00
2.095000000000000195e+00
2.347999999999999865e+00
2.217000000000000082e+00
2.536999999999999922e+00
2.321000000000000174e+00
2.418000000000000149e+00
2.230999999999999872e+00
2.253000000000000114e+00
3.043000000000000149e+00
2.536000000000000032e+00
2.681000000000000050e+00
2.455999999999999961e+00
2.245000000000000107e+00
2.415999999999999925e+00
2.681000000000000050e+00
2.248000000000000220e+00
1.965999999999999970e+00
2.358999999999999986e+00
2.496999999999999886e+00
2.524999999999999911e+00
2.847999999999999865e+00
2.928999999999999826e+00
2.637999999999999901e+00
2.136000000000000121e+00
2.248000000000000220e+00
2.701999999999999957e+00
3.185999999999999943e+00
4.128000000000000114e+00
2.406000000000000139e+00
2.581999999999999851e+00
2.162999999999999812e+00
2.217999999999999972e+00
2.149999999999999911e+00
2.456999999999999851e+00
2.403000000000000025e+00
2.237999999999999989e+00
2.365000000000000213e+00
2.452999999999999847e+00
2.303999999999999826e+00
2.173999999999999932e+00
2.001999999999999780e+00
2.262000000000000011e+00
2.884999999999999787e+00
2.160000000000000142e+00
2.419000000000000039e+00
2.451999999999999957e+00
2.580999999999999961e+00
2.876999999999999780e+00
2.862000000000000099e+00
2.071000000000000174e+00
2.222999999999999865e+00
2.217999999999999972e+00
2.391999999999999904e+00
1.695999999999999952e+00
2.164000000000000146e+00
2.484999999999999876e+00
2.517999999999999794e+00
2.491000000000000103e+00
2.657000000000000028e+00
2.225999999999999979e+00
3.019000000000000128e+00
2.412999999999999812e+00
2.487000000000000099e+00
2.379000000000000004e+00
2.468999999999999861e+00
2.552000000000000046e+00
2.208000000000000185e+00
2.802999999999999936e+00
1.887999999999999901e+00
3.259999999999999787e+00
2.762999999999999901e+00
2.587000000000000188e+00
2.673999999999999932e+00
2.334999999999999964e+00
1.943000000000000060e+00
2.358999999999999986e+00
2.616000000000000103e+00
2.447999999999999954e+00
2.120000000000000107e+00
2.666999999999999815e+00
2.475999999999999979e+00
2.505999999999999783e+00
2.040000000000000036e+00
2.579000000000000181e+00
2.236000000000000210e+00
2.101999999999999869e+00
2.483999999999999986e+00
2.419000000000000039e+00
2.132000000000000117e+00
2.107000000000000206e+00
2.240000000000000213e+00
2.975999999999999979e+00
2.266999999999999904e+00
2.115000000000000213e+00
2.375999999999999890e+00
2.226999999999999869e+00
2.358000000000000096e+00
2.585999999999999854e+00
2.192000000000000171e+00
2.250999999999999890e+00
2.515000000000000124e+00
1.999000000000000110e+00
2.722999999999999865e+00
2.629000000000000004e+00
2.362999999999999989e+00
2.166999999999999815e+00
2.479000000000000092e+00
2.363999999999999879e+00
2.725000000000000089e+00
2.293000000000000149e+00
3.511000000000000121e+00
2.827999999999999847e+00
2.395999999999999908e+00
2.837000000000000188e+00
2.229000000000000092e+00
2.689000000000000057e+00
2.813000000000000167e+00
2.589999999999999858e+00
3.120000000000000107e+00
2.630999999999999783e+00
2.595000000000000195e+00
2.487999999999999989e+00
2.294999999999999929e+00
2.184000000000000163e+00
2.587000000000000188e+00
2.471999999999999975e+00
2.725999999999999979e+00
2.297000000000000153e+00
2.415000000000000036e+00
2.584000000000000075e+00
3.008999999999999897e+00
2.456999999999999851e+00
2.571000000000000174e+00
2.262000000000000011e+00
2.576000000000000068e+00
2.254000000000000004e+00
2.492999999999999883e+00
1.792000000000000037e+00
2.759999999999999787e+00
2.318999999999999950e+00
2.399999999999999911e+00
2.556000000000000050e+00
2.109999999999999876e+00
2.492999999999999883e+00
2.745999999999999996e+00
2.778999999999999915e+00
2.576000000000000068e+00
2.045999999999999819e+00
2.295999999999999819e+00
2.278000000000000025e+00
2.665000000000000036e+00
2.217000000000000082e+00
2.580000000000000071e+00
2.569999999999999840e+00
2.266999999999999904e+00
2.342000000000000082e+00
2.177000000000000046e+00
2.011000000000000121e+00
2.180000000000000160e+00
3.259999999999999787e+00
1.875999999999999890e+00
2.970000000000000195e+00
3.206999999999999851e+00
2.750000000000000000e+00
2.150999999999999801e+00
2.358000000000000096e+00
2.044000000000000039e+00
2.387000000000000011e+00
2.236000000000000210e+00
4.128000000000000114e+00
2.233000000000000096e+00
2.165999999999999925e+00
2.291999999999999815e+00
3.047000000000000153e+00
2.016000000000000014e+00
2.507000000000000117e+00
2.419999999999999929e+00
2.319999999999999840e+00
2.351999999999999869e+00
2.729000000000000092e+00
3.302000000000000046e+00
3.100000000000000089e+00
2.395999999999999908e+00
2.267999999999999794e+00
2.290000000000000036e+00
2.271999999999999797e+00
2.035000000000000142e+00
2.359999999999999876e+00
2.262999999999999901e+00
2.255999999999999783e+00
2.443999999999999950e+00
2.797000000000000153e+00
2.111000000000000210e+00
2.508999999999999897e+00
2.019000000000000128e+00
2.609999999999999876e+00
3.133999999999999897e+00
2.213000000000000078e+00
2.335999999999999854e+00
3.321000000000000174e+00
2.343999999999999861e+00
2.496999999999999886e+00
2.408999999999999808e+00
2.263999999999999790e+00
2.487999999999999989e+00
2.504000000000000004e+00
2.241000000000000103e+00
2.354000000000000092e+00
2.186999999999999833e+00
2.698999999999999844e+00
2.628000000000000114e+00
2.309000000000000163e+00
2.266999999999999904e+00
2.096999999999999975e+00
2.345000000000000195e+00
2.213999999999999968e+00
2.234999999999999876e+00
2.693999999999999950e+00
2.560000000000000053e+00
2.745999999999999996e+00
2.273000000000000131e+00
2.956999999999999851e+00
2.435999999999999943e+00
2.157000000000000028e+00
2.337000000000000188e+00
2.137999999999999901e+00
2.419000000000000039e+00
2.338999999999999968e+00
2.426000000000000156e+00
2.540999999999999925e+00
2.185000000000000053e+00
2.322000000000000064e+00
2.491000000000000103e+00
2.576000000000000068e+00
2.138999999999999790e+00
2.134999999999999787e+00
2.333000000000000185e+00
2.282000000000000028e+00
2.492999999999999883e+00
3.016999999999999904e+00
2.505999999999999783e+00
2.609999999999999876e+00
2.291999999999999815e+00
2.390000000000000124e+00
2.056000000000000050e+00
2.060000000000000053e+00
2.487000000000000099e+00
2.198999999999999844e+00
2.395999999999999908e+00
2.306000000000000050e+00
2.536999999999999922e+00
2.376999999999999780e+00
2.322000000000000064e+00
2.721999999999999975e+00
1.935999999999999943e+00
2.641000000000000014e+00
2.580999999999999961e+00
2.887000000000000011e+00
2.013999999999999790e+00
2.407999999999999918e+00
2.524000000000000021e+00
2.036000000000000032e+00
2.488999999999999879e+00
2.404999999999999805e+00
2.012999999999999901e+00
2.241999999999999993e+00
2.233999999999999986e+00
2.487999999999999989e+00
2.221999999999999975e+00
2.351999999999999869e+00
2.443000000000000060e+00
2.350999999999999979e+00
2.740000000000000213e+00
2.076000000000000068e+00
2.134999999999999787e+00
2.209000000000000075e+00
3.244000000000000217e+00
2.448999999999999844e+00
2.471999999999999975e+00
2.478000000000000203e+00
2.439999999999999947e+00
2.370000000000000107e+00
2.560000000000000053e+00
3.185000000000000053e+00
2.849000000000000199e+00
2.168000000000000149e+00
2.440999999999999837e+00
2.644000000000000128e+00
2.124000000000000110e+00
3.089999999999999858e+00
2.201999999999999957e+00
2.674999999999999822e+00
2.342999999999999972e+00
2.161999999999999922e+00
2.459000000000000075e+00
2.523000000000000131e+00
2.794999999999999929e+00
2.565999999999999837e+00
2.153000000000000025e+00
2.415000000000000036e+00
2.036999999999999922e+00
2.250999999999999890e+00
2.491999999999999993e+00
2.496999999999999886e+00
2.096999999999999975e+00
2.298999999999999932e+00
2.343999999999999861e+00
3.048000000000000043e+00
2.310999999999999943e+00
2.221999999999999975e+00
2.185999999999999943e+00
1.870999999999999996e+00
2.258000000000000007e+00
2.330000000000000071e+00
2.307999999999999829e+00
2.216000000000000192e+00
2.161999999999999922e+00
2.338000000000000078e+00
3.008000000000000007e+00
2.992999999999999883e+00
2.204000000000000181e+00
2.524999999999999911e+00
2.587000000000000188e+00
2.423000000000000043e+00
2.250999999999999890e+00
2.478000000000000203e+00
2.721999999999999975e+00
1.828999999999999959e+00
2.488999999999999879e+00
2.878000000000000114e+00
2.343999999999999861e+00
2.597999999999999865e+00
2.068000000000000060e+00
2.361000000000000210e+00
2.270000000000000018e+00
2.532999999999999918e+00
2.157999999999999918e+00
2.226999999999999869e+00
3.470000000000000195e+00
2.544000000000000039e+00
2.503000000000000114e+00
2.403000000000000025e+00
2.307999999999999829e+00
2.251999999999999780e+00
2.766000000000000014e+00
2.596000000000000085e+00
2.290999999999999925e+00
2.567000000000000171e+00
2.575000000000000178e+00
2.849000000000000199e+00
2.130999999999999783e+00
2.165999999999999925e+00
2.154999999999999805e+00
2.271999999999999797e+00
2.287999999999999812e+00
2.626999999999999780e+00
2.141999999999999904e+00
2.214999999999999858e+00
2.253000000000000114e+00
2.205999999999999961e+00
2.975999999999999979e+00
2.736000000000000210e+00
2.204000000000000181e+00
1.804999999999999938e+00
2.560999999999999943e+00
2.278000000000000025e+00
2.225999999999999979e+00
2.463000000000000078e+00
2.089999999999999858e+00
2.240000000000000213e+00
2.801000000000000156e+00
2.298000000000000043e+00
2.208000000000000185e+00
2.476999999999999869e+00
2.548000000000000043e+00
2.407999999999999918e+00
2.253000000000000114e+00
2.541999999999999815e+00
2.585999999999999854e+00
2.238999999999999879e+00
2.462000000000000188e+00
2.045999999999999819e+00
2.399000000000000021e+00
2.407999999999999918e+00
2.658999999999999808e+00
2.338999999999999968e+00
2.297000000000000153e+00
2.685999999999999943e+00
2.137999999999999901e+00
2.084999999999999964e+00
2.499000000000000110e+00
2.721000000000000085e+00
2.115000000000000213e+00
2.535000000000000142e+00
2.718999999999999861e+00
2.517999999999999794e+00
2.595000000000000195e+00
2.318999999999999950e+00
2.471999999999999975e+00
2.454000000000000181e+00
2.341000000000000192e+00
2.908999999999999808e+00
2.391000000000000014e+00
2.572000000000000064e+00
2.266999999999999904e+00
2.524000000000000021e+00
2.520999999999999908e+00
2.115000000000000213e+00
2.548999999999999932e+00
2.685999999999999943e+00
2.069999999999999840e+00
2.241000000000000103e+00
2.194999999999999840e+00
2.379999999999999893e+00
2.467999999999999972e+00
2.374000000000000110e+00
2.343999999999999861e+00
