3.777696678640865002e-01
5.972883635384254042e-01
-5.814385098497114601e-01
-9.993883134210630459e-01
-3.093902704412992977e-02
-1.492176407831144747e-01
4.255154094379167695e-01
-4.341082760730024526e-01
-1.180202361221834861e+00
1.590468427631371306e-01
-2.629069089563805584e+00
1.438205032412853024e+00
3.381138085369691293e+00
-5.005526295452621399e-01
1.100073488246006370e+00
1.234941486052018256e+00
4.682200154579947426e-01
9.826310481093409877e-01
-5.740777139516516359e-01
-6.369067448699424761e-01
-8.097590671440932364e-02
-7.744769063368034390e-01
-5.363683363650371128e-01
-4.903815451375199697e-01
-1.593973218415250803e-01
-1.254214233625570440e-01
-3.341560834582789075e-01
7.362810236580609180e-01
8.264132929523511084e-01
-2.739193520964693374e-01
1.696154311925790470e-01
-4.111944042185513570e-01
-6.222837446260236910e-02
-2.343003062420118410e-01
-1.352318431667678400e+00
-2.450722253790583061e+00
-9.517421695176538077e-02
-6.690323230208736760e-01
-5.998297659219827827e-01
1.576465194833418515e+00
6.264188354468464004e-01
7.092940654393383726e-01
-5.572899696632938049e-01
-1.388271689246079132e+00
1.290004791043002141e+00
2.784218073635675417e+00
4.139504371384196801e+00
8.138188775321113233e-02
5.346915587234019052e-01
-6.028474117110225183e-01
-6.669409984512736367e-01
-8.037106306260641819e-01
4.962579354150338240e-01
-9.786192772918832494e-01
-7.837233869708299938e-01
-1.959160461956439003e-01
1.452522702990400316e-01
-7.079898604286429808e-01
-1.397565793807467038e+00
-9.568204631042571684e-01
-3.755032787548976542e-02
1.988945629325827857e+00
-3.810676227999983401e-01
1.972718223001309057e-01
6.181701644211023972e-01
7.717337467312388455e-01
1.723991053274340546e+00
1.816240721721237517e+00
-1.066281013331692451e+00
-8.064351889907999116e-01
-5.488007888716409655e-01
-1.027244230157652455e-01
-1.830295314211970226e+00
-5.816279775640468275e-01
3.335830562168792812e-01
2.399553832859435687e-01
-6.739209307446644148e-01
8.676159631783373349e-01
-5.387840111836420531e-01
7.845172503198389879e-01
-1.853882158773133559e-01
-8.252544022792647482e-02
2.078665767029306000e-01
2.386636945150114320e-01
-1.057787485129175753e-01
-1.364480939918072178e+00
6.695581397654212785e-02
-1.387455946255695904e+00
1.492816525276856376e+00
3.842103155470322773e-01
-5.021946208308133430e-01
3.208593655424937241e-01
-2.886861959089011553e-01
-2.230714561057725476e+00
-1.824209910576542748e-01
8.177227757667875352e-01
1.559118577186037469e-01
-9.570551603408696817e-01
9.697846618146113151e-01
7.930193772331461943e-02
2.857889459036105362e-01
-8.701744306130727580e-01
6.295730694974999153e-01
-8.155827062775970748e-02
-8.544678126685475439e-01
-8.166661107309116652e-01
9.075356845462539956e-02
-1.033399208134897940e+00
-1.840198957988465889e+00
-6.009647109085902716e-01
5.758266323009451071e-01
-5.056975457640712213e-01
-8.785275645623944474e-01
4.680779278161997792e-02
-5.747930300243558888e-01
-1.031351567670536706e+00
7.416635272623108843e-01
-8.678602694261530193e-01
-3.438027050709028254e-01
4.432761898506323295e-01
-8.518325381547300346e-01
-8.185004774628042157e-02
1.170528702264575394e+00
2.274554232236443707e-01
-2.895526802038143055e-01
-1.771086953707448064e-01
-2.680160594773138283e-01
9.799986820030986978e-01
-3.755678799734338269e-01
2.191686903647724005e+00
1.585189419958593859e+00
-8.191006324269430039e-02
1.841293967032692436e+00
-6.339913869933230250e-01
1.111656564021690219e+00
1.584050299409162754e+00
4.889161275593769673e-01
3.728874939521527931e+00
6.538777654057675859e-01
5.391139559117206215e-01
-1.441031837191499299e-01
-4.436511527480637151e-01
-9.938373869542874717e-01
8.789121494503538967e-01
5.005758067066912176e-01
-6.675840714870254211e-02
-1.036182038256361571e+00
4.354379851947153268e-01
-4.900731158354373895e-02
9.518486737903497641e-01
-6.710021246301041409e-02
5.005873168912462479e-01
-3.925348296668602077e-01
-4.195784783494951875e-01
-5.948039269055339640e-01
7.359117322438525621e-02
-1.332313751376534405e+00
1.486066056151640780e+00
-3.604393754849626319e-01
6.273764223979345911e-02
4.893463165193845943e-01
-8.460022705767396012e-01
-7.830575244946694768e-01
1.551437138977032504e+00
1.180327367688471796e+00
-4.557925743103405924e-01
-8.280607221905268434e-01
-5.631910795915444634e-01
-6.384611787686619300e-01
1.535928297780637664e-01
-5.816246087530284603e-01
-5.384997403670803706e-01
5.993857951110391769e-01
-3.168740345219335786e-01
-2.263490720779273435e-01
-6.607038848423715249e-01
-9.606963411594184876e-01
-5.458556985235023529e-01
1.449212329181318371e+00
-2.182019535752040440e+00
5.479983554339629137e-01
3.161876916663730608e+00
2.671118923962655448e-02
-1.559248570198350059e+00
-3.350318228993182657e-01
-9.626347653111552161e-01
-5.679105671406329270e-01
-4.876871204398391946e-01
4.179123417238654881e+00
-3.355540042030277781e-01
-3.515697307066271149e-01
-3.506398673634286145e-01
2.231154818743710688e+00
-2.152120668499200917e+00
6.158684199963114780e-01
-8.844862581921412170e-01
-2.299959983430735211e-01
-7.554206338859618119e-01
1.339841959038932107e-01
3.014968620388675635e+00
2.379808858335824784e+00
-9.524739084503996978e-01
-1.978448378858653767e-01
4.825028278800432154e-04
-6.376656970367804433e-01
-7.855633625669170561e-01
-6.617389859756847570e-02
-4.384988612551259379e-01
-9.884257419008801726e-01
2.523774574498682463e-02
1.641160012732209461e+00
-1.020196397697543667e+00
5.416261970949456384e-01
-1.741576429780911095e+00
-4.593673885139062385e-01
1.531210712866781343e+00
-5.382592346060643962e-01
-1.102887176918109918e-01
1.525210453950553990e+00
2.062679651700891070e-01
-1.881812335031785854e-01
3.047294389574000117e-01
-2.435549242747951371e-01
-1.133493541852271108e-01
3.074182794785688122e-01
-6.425495614050298343e-01
-1.105684401663278998e-01
-3.761634559486669582e-01
1.292981163203008599e+00
7.211968608508833034e-01
-6.339098383345833643e-01
-3.152258818580696564e-01
-8.215376001021258423e-01
-7.917263858468109872e-02
-1.025387345440031073e+00
-7.798225146893275062e-01
1.186360406340745133e+00
3.926094544267134667e-01
1.416863548445822740e+00
-7.770044843122466682e-01
2.166126011547938379e+00
3.462411037082383479e-03
-8.397216568757945865e-01
-4.531185785794530352e-01
-7.199304063695870504e-01
1.984694036868716108e-02
-1.079166272511444147e+00
3.414988340146481866e-02
2.950776955082846098e-01
-4.599508397158764694e-01
-3.523585039458766999e-01
6.878975856710045633e-01
1.796523294240618546e-02
-9.719255090572725964e-01
-1.526815596684137688e+00
-3.082153930204267755e-01
-4.803274091692026904e-01
-7.404089463324385889e-01
1.868261225403388126e+00
3.743241283088937221e-01
-4.232825589834157687e-01
-4.517178876414588151e-01
-1.798311361377676887e-01
-6.203463430729436734e-01
-1.009564004150051097e+00
-3.991765575462805776e-02
-1.422276891165917601e+00
-9.103404887069457274e-01
-3.535891930711100584e-02
-5.824766991686789464e-01
-1.958431939088058071e-01
-2.591965120165168335e-01
-3.441364948957099934e-02
-9.422750476850707546e-01
1.183104670177218959e-01
4.776496938635230172e-01
2.597792430253404117e+00
-9.027217148081152498e-01
-8.713124830499924256e-02
-5.775001623693279962e-01
-1.461796298446772280e+00
9.383672910914482579e-02
4.434700759357814714e-01
-8.642054411723405494e-01
-5.217745210474328266e-01
-8.885399057844721726e-01
9.774029541182448211e-02
-1.158939053143473119e+00
-3.421956471770672414e-01
1.015153763266854053e-01
-1.280455675015598482e-01
1.036959690855326244e+00
-2.059808737575671955e+00
-1.563156653553602116e+00
-5.253089646171041904e-01
2.873356998449788868e+00
-2.241862609144150975e-01
-8.090954716043499140e-01
2.553928618343149215e-01
7.790844446128020184e-02
8.391642177588773399e-02
1.019358671734239996e+00
2.943410448347663966e+00
2.793584823279706142e-01
-3.627580123648325716e-01
4.602309542299262007e-02
-2.634286802824348239e-02
-8.801409151329651070e-01
2.706936489441054139e+00
-5.763371356306600246e-01
-2.108196007076462153e-01
-2.610814262160363053e-01
-8.924261527042133268e-01
1.654516443460147257e-01
1.089341114175686465e-01
1.884536701843330775e+00
8.604542276694767677e-01
-7.078228600143060545e-01
7.790503856418513895e-02
-1.713409711984392070e+00
-3.651613637512521326e-01
2.414749608223215882e-01
4.666713583304505364e-01
-1.124027859471114166e+00
-7.039850305546050402e-01
-1.543456605782384250e-01
9.930925050163446066e-01
-5.977642883367664250e-01
-7.114266071943652348e-01
-7.282587096553456707e-01
-1.490747693344216751e+00
-7.236337394206800999e-01
-3.602044596421475342e-01
-7.735029873157952540e-01
-7.326354549580696984e-01
-6.729664551909443349e-01
-2.698779275823943724e-01
2.414804495736301959e+00
7.720155469383798152e-01
-1.178605912379238729e+00
7.449851905635084259e-01
-4.692094429115014620e-01
2.597695790496969970e-01
-5.026662515800722764e-01
-6.967480262762855148e-01
-8.105762174329703140e-02
-1.227520290622095223e+00
3.344011882650462231e-01
1.677157253128915393e+00
-4.068825285356740817e-01
1.202372111339196969e+00
-7.123645327930581139e-01
4.329100655206830767e-02
-3.336032265384950013e-01
5.289888260574766576e-01
-6.409520356210787195e-01
-3.891876798861980125e-01
2.074578577264889923e+00
-6.136167511760873966e-02
3.709212176827724750e-01
-9.344333350958082818e-01
-2.731316565867278334e-01
-4.467077610996031400e-01
-1.953791113777571600e-02
1.374407623403911760e+00
-3.790763469737344349e-01
5.885677536345466088e-01
1.132192078795687840e+00
3.229626784235086201e-01
-3.659973156897214919e-01
-1.104020246463062627e+00
-1.422255059657398624e+00
-4.392559842017472738e-01
-8.136177549716497870e-01
8.503251264677414989e-01
-5.874704795297572835e-01
-4.297753528452700755e-01
-5.986452550687413332e-01
-7.632776061281766333e-01
5.362075864464875830e-01
1.349895304355946957e+00
-7.087650684621163988e-01
-1.289601090728690780e+00
6.109494499627745601e-01
-6.670847226070146796e-01
-1.321735010349776029e+00
-3.805149663562238521e-02
-8.402671037420011979e-01
-5.668692151293059922e-01
3.685159150736462552e-02
-3.443502360598073020e-01
-8.918395308875955996e-01
3.595604536850821042e-01
3.542348210666027009e-01
-3.223713352982354174e-01
-5.061175116087408554e-01
-5.341605622052610913e-01
5.692067697141218741e-01
-8.421764564501533767e-01
-8.490735092702548226e-01
-1.395464686851453306e+00
-9.027168345970422170e-01
-1.239423806116531496e-01
8.150922847712014363e-01
-1.032522300257717962e+00
-1.787572559197891375e-01
-1.052444841788217761e-01
-1.023732765482343154e+00
-1.198337619381486308e+00
-7.464451139575799532e-01
1.531001856900106706e+00
-1.801181762852744006e+00
6.722810191585745221e-01
1.373899533290536157e+00
3.313970432940537836e-01
-4.774920012103400779e-01
7.867305567561853896e-02
-8.476392796169158750e-01
1.661284377058629969e-01
-6.290310370418095154e-01
1.583188341552621559e+00
1.632797834849100405e-01
-4.839011424881911605e-01
-3.707705716314907418e-01
-5.738842362480248704e-01
-6.928652214545731880e-01
-1.022873954085347536e+00
4.996883502244059416e-01
-1.421857627653409506e-01
-1.015895654205335896e+00
-2.392222711490658293e-01
-6.000500147530128947e-01
-5.822930566487477533e-01
5.368254045714930534e-02
1.439429815230441057e-01
-3.559074311156832371e-01
