2.682999999999999829e+00
2.725999999999999979e+00
3.189000000000000057e+00
2.479000000000000092e+00
2.774000000000000021e+00
2.785000000000000142e+00
2.716000000000000192e+00
3.025999999999999801e+00
3.378000000000000114e+00
2.285000000000000142e+00
2.738999999999999879e+00
2.661999999999999922e+00
2.994000000000000217e+00
3.129000000000000004e+00
2.765000000000000124e+00
2.672000000000000153e+00
2.619000000000000217e+00
2.568000000000000060e+00
2.540999999999999925e+00
2.483000000000000096e+00
2.638999999999999790e+00
2.519000000000000128e+00
3.216000000000000192e+00
2.524999999999999911e+00
2.786000000000000032e+00
2.547000000000000153e+00
2.579000000000000181e+00
3.519000000000000128e+00
2.725999999999999979e+00
3.291999999999999815e+00
2.729000000000000092e+00
2.388999999999999790e+00
2.951000000000000068e+00
3.291999999999999815e+00
3.273000000000000131e+00
2.561999999999999833e+00
2.871999999999999886e+00
3.351999999999999869e+00
3.004999999999999893e+00
3.161999999999999922e+00
2.891999999999999904e+00
2.528999999999999915e+00
2.533999999999999808e+00
3.273000000000000131e+00
2.673000000000000043e+00
2.705999999999999961e+00
3.095000000000000195e+00
2.763999999999999790e+00
2.782000000000000028e+00
2.387000000000000011e+00
2.531000000000000139e+00
2.932999999999999829e+00
2.717999999999999972e+00
2.633999999999999897e+00
2.878000000000000114e+00
3.065999999999999837e+00
2.931999999999999940e+00
2.995999999999999996e+00
2.701999999999999957e+00
2.584999999999999964e+00
2.709999999999999964e+00
2.693999999999999950e+00
2.706999999999999851e+00
2.619000000000000217e+00
2.670999999999999819e+00
2.503000000000000114e+00
2.729000000000000092e+00
2.931000000000000050e+00
2.654999999999999805e+00
3.317000000000000171e+00
2.846999999999999975e+00
2.838999999999999968e+00
2.701999999999999957e+00
2.767999999999999794e+00
2.745000000000000107e+00
2.943000000000000060e+00
2.956999999999999851e+00
2.818999999999999950e+00
2.763999999999999790e+00
3.107000000000000206e+00
2.904999999999999805e+00
3.091000000000000192e+00
2.617999999999999883e+00
2.755999999999999783e+00
2.879999999999999893e+00
3.077999999999999847e+00
3.257000000000000117e+00
2.685000000000000053e+00
3.174999999999999822e+00
2.939999999999999947e+00
3.242999999999999883e+00
2.947999999999999954e+00
3.076999999999999957e+00
2.634999999999999787e+00
2.959000000000000075e+00
2.607000000000000206e+00
2.778999999999999915e+00
2.700000000000000178e+00
3.072000000000000064e+00
2.467999999999999972e+00
2.745999999999999996e+00
2.565999999999999837e+00
2.799999999999999822e+00
2.781000000000000139e+00
2.975999999999999979e+00
3.415999999999999925e+00
2.491000000000000103e+00
2.818999999999999950e+00
2.670999999999999819e+00
2.650999999999999801e+00
3.346000000000000085e+00
2.770000000000000018e+00
2.649000000000000021e+00
2.850000000000000089e+00
2.616999999999999993e+00
3.318000000000000060e+00
2.826000000000000068e+00
2.959999999999999964e+00
2.575000000000000178e+00
2.883000000000000007e+00
2.803999999999999826e+00
2.950000000000000178e+00
2.786999999999999922e+00
2.967000000000000082e+00
2.714999999999999858e+00
2.843999999999999861e+00
2.601999999999999869e+00
2.823999999999999844e+00
2.813000000000000167e+00
3.282999999999999918e+00
2.656000000000000139e+00
2.831999999999999851e+00
2.758999999999999897e+00
2.704000000000000181e+00
2.621999999999999886e+00
2.900999999999999801e+00
2.807999999999999829e+00
2.645000000000000018e+00
2.581999999999999851e+00
2.794000000000000039e+00
3.063000000000000167e+00
2.825000000000000178e+00
2.331999999999999851e+00
2.775999999999999801e+00
2.576000000000000068e+00
2.774000000000000021e+00
2.704000000000000181e+00
2.829000000000000181e+00
2.895000000000000018e+00
2.883999999999999897e+00
3.068000000000000060e+00
2.702999999999999847e+00
2.684000000000000163e+00
3.237000000000000099e+00
2.732000000000000206e+00
2.701999999999999957e+00
2.686999999999999833e+00
2.923000000000000043e+00
2.700000000000000178e+00
2.366999999999999993e+00
2.907999999999999918e+00
2.866999999999999993e+00
3.049999999999999822e+00
2.751999999999999780e+00
2.790000000000000036e+00
3.237000000000000099e+00
2.653000000000000025e+00
2.859999999999999876e+00
2.827999999999999847e+00
2.641000000000000014e+00
2.737999999999999989e+00
2.975999999999999979e+00
2.935000000000000053e+00
2.908999999999999808e+00
2.839999999999999858e+00
2.701000000000000068e+00
2.857000000000000206e+00
2.787999999999999812e+00
3.174999999999999822e+00
3.290999999999999925e+00
3.016000000000000014e+00
2.802000000000000046e+00
3.319999999999999840e+00
2.512999999999999901e+00
2.475999999999999979e+00
2.716000000000000192e+00
2.857000000000000206e+00
2.571000000000000174e+00
3.095000000000000195e+00
2.724000000000000199e+00
2.508999999999999897e+00
2.603000000000000203e+00
2.927000000000000046e+00
2.474000000000000199e+00
2.575000000000000178e+00
3.049999999999999822e+00
2.932999999999999829e+00
2.919999999999999929e+00
2.696000000000000174e+00
2.975000000000000089e+00
2.947000000000000064e+00
3.161000000000000032e+00
2.753000000000000114e+00
2.452999999999999847e+00
2.777000000000000135e+00
2.992999999999999883e+00
2.766999999999999904e+00
3.020999999999999908e+00
2.737000000000000099e+00
2.677999999999999936e+00
2.835999999999999854e+00
2.936999999999999833e+00
2.701000000000000068e+00
2.681999999999999940e+00
3.273000000000000131e+00
2.899000000000000021e+00
2.853000000000000203e+00
2.754999999999999893e+00
2.980999999999999872e+00
2.626999999999999780e+00
3.035000000000000142e+00
2.753000000000000114e+00
2.766999999999999904e+00
2.797000000000000153e+00
2.664000000000000146e+00
2.891999999999999904e+00
2.638999999999999790e+00
2.826000000000000068e+00
2.766999999999999904e+00
2.766999999999999904e+00
2.910000000000000142e+00
2.649999999999999911e+00
2.821000000000000174e+00
2.460999999999999854e+00
2.962000000000000188e+00
2.742999999999999883e+00
2.632000000000000117e+00
2.708000000000000185e+00
2.884999999999999787e+00
2.862000000000000099e+00
2.954000000000000181e+00
2.775999999999999801e+00
2.787999999999999812e+00
2.923000000000000043e+00
2.811999999999999833e+00
3.012999999999999901e+00
3.104000000000000092e+00
2.866999999999999993e+00
2.725000000000000089e+00
2.491999999999999993e+00
2.624000000000000110e+00
2.894000000000000128e+00
2.842000000000000082e+00
2.759999999999999787e+00
3.262999999999999901e+00
2.830999999999999961e+00
2.837000000000000188e+00
3.049999999999999822e+00
2.819999999999999840e+00
3.080000000000000071e+00
3.273000000000000131e+00
2.802999999999999936e+00
2.713999999999999968e+00
2.541999999999999815e+00
2.509999999999999787e+00
2.737999999999999989e+00
3.278000000000000025e+00
3.161000000000000032e+00
3.060000000000000053e+00
3.216000000000000192e+00
3.130999999999999783e+00
2.851999999999999869e+00
3.178999999999999826e+00
2.753000000000000114e+00
3.251999999999999780e+00
3.000999999999999890e+00
2.608999999999999986e+00
2.931999999999999940e+00
2.866999999999999993e+00
3.080000000000000071e+00
2.728000000000000203e+00
2.830000000000000071e+00
2.895999999999999908e+00
2.499000000000000110e+00
2.724000000000000199e+00
2.589999999999999858e+00
3.225999999999999979e+00
2.597999999999999865e+00
2.698999999999999844e+00
2.669999999999999929e+00
2.859999999999999876e+00
2.801000000000000156e+00
2.447000000000000064e+00
3.262999999999999901e+00
2.951000000000000068e+00
2.963000000000000078e+00
2.846999999999999975e+00
3.326999999999999957e+00
2.834000000000000075e+00
2.890000000000000124e+00
2.818999999999999950e+00
2.608999999999999986e+00
2.971999999999999975e+00
3.008999999999999897e+00
2.584000000000000075e+00
2.761000000000000121e+00
2.910000000000000142e+00
2.975000000000000089e+00
2.948999999999999844e+00
2.721999999999999975e+00
3.056999999999999940e+00
3.035000000000000142e+00
2.830999999999999961e+00
3.218999999999999861e+00
3.019000000000000128e+00
2.862999999999999989e+00
2.491000000000000103e+00
2.712000000000000188e+00
2.854000000000000092e+00
2.851999999999999869e+00
2.955000000000000071e+00
2.740000000000000213e+00
2.520999999999999908e+00
2.954000000000000181e+00
2.866000000000000103e+00
2.693000000000000060e+00
2.942000000000000171e+00
3.099000000000000199e+00
2.903000000000000025e+00
2.971000000000000085e+00
2.984999999999999876e+00
2.810999999999999943e+00
2.560999999999999943e+00
2.564999999999999947e+00
2.786000000000000032e+00
2.821000000000000174e+00
2.886000000000000121e+00
2.888999999999999790e+00
2.942000000000000171e+00
2.754000000000000004e+00
2.806000000000000050e+00
3.242999999999999883e+00
2.759999999999999787e+00
2.765000000000000124e+00
3.257000000000000117e+00
3.178999999999999826e+00
2.830999999999999961e+00
2.672000000000000153e+00
2.585999999999999854e+00
2.638999999999999790e+00
2.608000000000000096e+00
2.717999999999999972e+00
2.837000000000000188e+00
2.673000000000000043e+00
2.120999999999999996e+00
2.839999999999999858e+00
3.101999999999999869e+00
3.283999999999999808e+00
2.748000000000000220e+00
2.613999999999999879e+00
2.633999999999999897e+00
2.673000000000000043e+00
2.934000000000000163e+00
3.548000000000000043e+00
2.601999999999999869e+00
2.939999999999999947e+00
2.975999999999999979e+00
2.568999999999999950e+00
3.008999999999999897e+00
2.751999999999999780e+00
2.633999999999999897e+00
2.669000000000000039e+00
2.853000000000000203e+00
2.495000000000000107e+00
3.120999999999999996e+00
2.559000000000000163e+00
2.870000000000000107e+00
2.891000000000000014e+00
2.900999999999999801e+00
3.346000000000000085e+00
2.987999999999999989e+00
2.978000000000000203e+00
2.572999999999999954e+00
2.717000000000000082e+00
2.519000000000000128e+00
2.588999999999999968e+00
2.693000000000000060e+00
2.822000000000000064e+00
2.765000000000000124e+00
3.186999999999999833e+00
2.596999999999999975e+00
2.763999999999999790e+00
2.859999999999999876e+00
2.222999999999999865e+00
2.871999999999999886e+00
2.685000000000000053e+00
3.097999999999999865e+00
2.361000000000000210e+00
3.013999999999999790e+00
3.298000000000000043e+00
2.900999999999999801e+00
3.060000000000000053e+00
2.660000000000000142e+00
2.750000000000000000e+00
3.104000000000000092e+00
2.645999999999999908e+00
3.471000000000000085e+00
2.759999999999999787e+00
2.963000000000000078e+00
3.095000000000000195e+00
2.806000000000000050e+00
2.794000000000000039e+00
2.741999999999999993e+00
2.785000000000000142e+00
3.025999999999999801e+00
3.611000000000000210e+00
2.547000000000000153e+00
3.326999999999999957e+00
2.579000000000000181e+00
2.529999999999999805e+00
2.882000000000000117e+00
2.654999999999999805e+00
3.450000000000000178e+00
2.721000000000000085e+00
3.330999999999999961e+00
2.884999999999999787e+00
2.866999999999999993e+00
3.120999999999999996e+00
3.471000000000000085e+00
2.806000000000000050e+00
2.737999999999999989e+00
2.810000000000000053e+00
2.665000000000000036e+00
2.701999999999999957e+00
2.932999999999999829e+00
2.851999999999999869e+00
