1.263725741889165732e+01
1.343989865873956546e+01
1.691461035036244098e+01
1.228762521636174831e+01
1.664272379684784653e+01
1.323811438199016521e+01
1.363885725043458841e+01
1.411320671650836722e+01
1.441481918488162961e+01
1.290343150024254371e+01
1.263701935375592633e+01
1.343989865873956546e+01
1.367851510210125987e+01
1.294472563392326947e+01
1.278739176269155742e+01
1.270981215699316635e+01
1.269164630635750157e+01
1.177127875745446417e+01
1.296177673594962698e+01
1.328602798233605853e+01
1.266370552544234407e+01
1.177127875745446417e+01
1.665277189079646192e+01
1.227801059238545989e+01
1.266437155833475003e+01
1.264834118915711691e+01
1.272016899649276667e+01
1.688553143514743837e+01
1.256850082872019314e+01
1.691461035036244098e+01
1.319659311831743054e+01
1.287482024751215981e+01
1.323811438199016521e+01
1.680574688594584032e+01
1.681589023693608098e+01
1.263701935375592633e+01
1.296177673594962698e+01
1.673134784661266750e+01
1.674093350585467732e+01
1.405649113864250666e+01
1.472462609620876606e+01
1.305808275126193507e+01
1.328602798233605853e+01
1.691461035036244098e+01
1.276658749258633208e+01
1.301494591001174328e+01
1.673134784661266750e+01
1.287482024751215981e+01
1.396591001710138080e+01
1.272016899649276667e+01
1.323811438199016521e+01
1.305808275126193507e+01
1.267456117033692564e+01
1.685598394376777520e+01
1.396591001710138080e+01
1.363885725043458841e+01
1.235847378860487389e+01
1.436223349489712753e+01
1.266437155833475003e+01
1.314312313693075751e+01
1.266005338721562623e+01
1.353990557534134886e+01
1.279353635592076088e+01
1.209474808863568462e+01
1.156083539616379063e+01
1.244543027704234284e+01
1.315436152375798606e+01
1.344694806115746033e+01
1.325663615498978842e+01
1.441481918488162961e+01
1.290343150024254371e+01
1.314503923969940402e+01
1.327397864235735625e+01
1.327020261846125848e+01
1.340124132582424288e+01
1.390811133527107479e+01
1.670226893139766489e+01
1.402434474732589464e+01
1.156083539616379063e+01
1.491621517292234955e+01
1.266437155833475003e+01
1.452218253835805761e+01
1.283762484193550790e+01
1.343600050751395969e+01
1.429524245597126253e+01
1.664272379684784653e+01
1.688553143514743837e+01
1.408106799068389492e+01
1.659177742909545117e+01
1.429975585300212870e+01
1.685598394376777520e+01
1.367881791927317181e+01
1.382647570041263130e+01
1.207312681828490319e+01
1.374022119993416702e+01
1.277510756378391577e+01
1.290343150024254371e+01
1.323811438199016521e+01
1.369415456180061064e+01
1.418858889828345760e+01
1.305808275126193507e+01
1.345100948448148515e+01
1.365628864820637212e+01
1.255467185803861341e+01
1.352055962517890997e+01
1.698053541694915225e+01
1.296177673594962698e+01
1.350743774279612985e+01
1.274028969608250428e+01
1.323811438199016521e+01
1.680574688594584032e+01
1.369012638406852211e+01
1.297761955504252107e+01
1.327347703866684725e+01
1.305808275126193507e+01
1.675046437154147938e+01
1.253850541933310403e+01
1.441481918488162961e+01
1.253577336324938685e+01
1.335741731074530492e+01
1.267560660998532640e+01
1.675993976128884810e+01
1.220382253758548252e+01
1.277390461186111992e+01
1.257442310930676399e+01
1.406002987820192729e+01
1.358779272006617944e+01
1.426915835260636634e+01
1.305808275126193507e+01
1.673134784661266750e+01
1.243333679664378266e+01
1.385143269188281145e+01
1.240258736297043107e+01
1.323811438199016521e+01
1.248044302169256703e+01
1.362237918226474243e+01
1.323811438199016521e+01
1.266437155833475003e+01
1.414924524816745866e+01
1.314503923969940402e+01
1.466046381793346143e+01
1.399967440020915355e+01
1.191699033773649852e+01
1.275277867077892324e+01
1.294698268822943454e+01
1.674093350585467732e+01
1.295837006753369103e+01
1.262197845106968508e+01
1.435232263745132641e+01
1.423155668113185257e+01
1.423360401155418131e+01
1.315336581266321048e+01
1.353226980289958803e+01
1.661229442626135722e+01
1.356029437109292068e+01
1.349278535642516275e+01
1.354031791079259506e+01
1.274245664618653961e+01
1.360084335103764808e+01
1.287482024751215981e+01
1.305485187824038817e+01
1.283523232837226935e+01
1.695262149646232430e+01
1.263701935375592633e+01
1.315336581266321048e+01
1.671201487699993038e+01
1.312970923069114271e+01
1.411197995222148549e+01
1.429975585300212870e+01
1.437394390780210784e+01
1.361121540903820204e+01
1.690497057994945251e+01
1.287482024751215981e+01
1.279435705129274581e+01
1.369591264199164016e+01
1.361121540903820204e+01
1.322087071075529607e+01
1.329935476383681525e+01
1.671201487699993038e+01
1.674093350585467732e+01
1.683603439454623896e+01
1.392118751843159608e+01
1.666277133264792099e+01
1.263701935375592633e+01
1.245375685000614929e+01
1.257405066582581910e+01
1.481770123849952725e+01
1.345100948448148515e+01
1.662248438219606683e+01
1.253239309571212345e+01
1.258760573150466655e+01
1.297761955504252107e+01
1.332680432296323580e+01
1.253850541933310403e+01
1.201604663680483931e+01
1.677872138342835484e+01
1.333323773574491611e+01
1.295837006753369103e+01
1.491621517292234955e+01
1.297761955504252107e+01
1.463877165722360729e+01
1.679727291319937521e+01
1.305262599443562621e+01
1.263614525562713631e+01
1.391502211489195950e+01
1.292775916598574959e+01
1.202056003383570548e+01
1.297761955504252107e+01
1.266437155833475003e+01
1.323811438199016521e+01
1.348395746677006102e+01
1.333662831641298752e+01
1.314873042897130162e+01
1.177127875745446417e+01
1.690497057994945251e+01
1.335705540704281802e+01
1.296177673594962698e+01
1.346963544003796898e+01
1.693372687529125642e+01
1.266443517138818109e+01
1.429975585300212870e+01
1.282043846560772948e+01
1.321803569271762058e+01
1.459582435744359863e+01
1.297761955504252107e+01
1.355784502638572420e+01
1.296177673594962698e+01
1.319659311831743054e+01
1.263701935375592633e+01
1.305485187824038817e+01
1.441481918488162961e+01
1.261659930039355970e+01
1.279435705129274581e+01
1.279435705129274581e+01
1.432431256940819075e+01
1.392740823066469069e+01
1.286022493831394087e+01
1.323811438199016521e+01
1.284763406208452707e+01
1.472462609620876606e+01
1.369018177192986130e+01
1.255702719233272724e+01
1.411197995222148549e+01
1.406387813902767547e+01
1.358779272006617944e+01
1.315336581266321048e+01
1.675046437154147938e+01
1.305808275126193507e+01
1.333662831641298752e+01
1.310311215546411034e+01
1.323811438199016521e+01
1.256279992337448803e+01
1.411197995222148549e+01
1.441481918488162961e+01
1.660205854776641132e+01
1.347358272939375112e+01
1.349543399975059366e+01
1.683603439454623896e+01
1.390363581708735197e+01
1.350565546920113569e+01
1.680574688594584032e+01
1.336398052099181122e+01
1.333662831641298752e+01
1.261386548872872204e+01
1.401292365315314470e+01
1.443066277768082095e+01
1.674093350585467732e+01
1.668262153052246788e+01
1.290853488487153022e+01
1.677872138342835484e+01
1.378782463834930638e+01
1.297761955504252107e+01
1.662248438219606683e+01
1.257052683900721668e+01
1.429975585300212870e+01
1.421776212337741896e+01
1.220382253758548252e+01
1.296911999537662652e+01
1.323811438199016521e+01
1.667272144001800172e+01
1.382366405364092721e+01
1.414924524816745866e+01
1.249413444321078259e+01
1.284445610351603939e+01
1.173372783398672148e+01
1.220382253758548252e+01
1.335705540704281802e+01
1.266437155833475003e+01
1.417016597082107054e+01
1.384428810939972898e+01
1.328602798233605853e+01
1.427820167323899092e+01
1.284763406208452707e+01
1.670226893139766489e+01
1.351650023949469315e+01
1.277273578094196438e+01
1.397037501858540409e+01
1.687573342552687805e+01
1.356528455938036437e+01
1.305808275126193507e+01
1.312122948149395008e+01
1.195236086196543113e+01
1.421620775929427616e+01
1.671201487699993038e+01
1.265050171846821847e+01
1.379781798496388490e+01
1.481770123849952725e+01
1.305808275126193507e+01
1.377319719145402210e+01
1.356412114581703676e+01
1.675993976128884810e+01
1.379593688876305713e+01
1.369012638406852211e+01
1.297761955504252107e+01
1.427199131731577175e+01
1.253850541933310403e+01
1.275550159836816633e+01
1.361121540903820204e+01
1.226216777329256580e+01
1.209474808863568462e+01
1.279435705129274581e+01
1.305808275126193507e+01
1.324905828385423057e+01
1.472462609620876606e+01
1.463766960777129711e+01
1.183616440059232566e+01
1.429524245597126253e+01
1.417386500481612366e+01
1.411197995222148549e+01
1.314503923969940402e+01
1.287482024751215981e+01
1.435232263745132641e+01
1.226216777329256580e+01
1.263701935375592633e+01
1.378926340167664222e+01
1.358779272006617944e+01
1.325663615498978842e+01
1.379593688876305713e+01
1.472462609620876606e+01
1.244543027704234284e+01
1.271628777665724286e+01
1.676471425638248647e+01
1.202056003383570548e+01
1.305808275126193507e+01
1.667272144001800172e+01
1.675046437154147938e+01
1.349278535642516275e+01
1.235847378860487389e+01
1.247088772011152535e+01
1.245375685000614929e+01
1.177127875745446417e+01
1.298415077469134893e+01
1.326574208824039403e+01
1.271565559946190049e+01
1.338013143248506687e+01
1.261659930039355970e+01
1.335111840463073030e+01
1.671201487699993038e+01
1.416906013370154938e+01
1.277273578094196438e+01
1.673347670408583454e+01
1.335705540704281802e+01
1.290343150024254371e+01
1.684603383639769802e+01
1.158801625370468713e+01
1.358515441317894634e+01
1.363215362742384862e+01
1.188986431453512793e+01
1.659177742909545117e+01
1.248038188848859242e+01
1.196409656278528288e+01
1.255702719233272724e+01
1.305808275126193507e+01
1.253850541933310403e+01
1.351862960600806218e+01
1.322028997814274121e+01
1.336499073099949264e+01
1.333662831641298752e+01
1.350565546920113569e+01
1.691461035036244098e+01
1.291100325399738402e+01
1.323811438199016521e+01
1.342795290528842500e+01
1.329381876089255243e+01
1.220382253758548252e+01
1.284763406208452707e+01
1.274028969608250428e+01
1.261659930039355970e+01
1.314503923969940402e+01
1.695262149646232430e+01
1.168016808152624186e+01
1.395935144127923166e+01
1.220382253758548252e+01
1.323811438199016521e+01
1.438152301470643302e+01
1.353990557534134886e+01
1.668262153052246788e+01
1.297761955504252107e+01
1.423747036933581001e+01
1.691461035036244098e+01
1.373185323942016289e+01
1.668262153052246788e+01
1.333662831641298752e+01
1.415989902302332659e+01
1.662248438219606683e+01
1.265196982462249231e+01
1.655021420033605750e+01
1.463766960777129711e+01
1.347042115895064640e+01
1.689527738074970742e+01
1.255702719233272724e+01
1.274028969608250428e+01
1.288865170339100530e+01
1.267909948566362921e+01
1.315336581266321048e+01
1.684603383639769802e+01
1.282122504682670616e+01
1.698053541694915225e+01
1.305485187824038817e+01
1.277510756378391577e+01
1.460650484872306798e+01
1.188986431453512793e+01
1.675993976128884810e+01
1.346929048608583557e+01
1.666277133264792099e+01
1.690497057994945251e+01
1.347471652644097517e+01
1.388061563527789843e+01
1.665277189079646192e+01
1.370232266314308589e+01
1.306143006751466196e+01
1.349555541552339477e+01
1.481770123849952725e+01
1.263701935375592633e+01
1.310201788634904574e+01
1.388501470854856734e+01
