2.615000000000000213e+00
2.376999999999999780e+00
2.345000000000000195e+00
2.315999999999999837e+00
2.424999999999999822e+00
1.981000000000000094e+00
2.380999999999999783e+00
2.370000000000000107e+00
2.508999999999999897e+00
2.440999999999999837e+00
2.366999999999999993e+00
2.520000000000000018e+00
1.907000000000000028e+00
2.607000000000000206e+00
2.177000000000000046e+00
2.476999999999999869e+00
2.638999999999999790e+00
2.293000000000000149e+00
2.515000000000000124e+00
2.309000000000000163e+00
2.205000000000000071e+00
2.209999999999999964e+00
2.428999999999999826e+00
2.410000000000000142e+00
2.056999999999999940e+00
2.365000000000000213e+00
2.170999999999999819e+00
2.548000000000000043e+00
2.500999999999999890e+00
2.484999999999999876e+00
2.403000000000000025e+00
2.450000000000000178e+00
2.517999999999999794e+00
2.253000000000000114e+00
2.839999999999999858e+00
2.362999999999999989e+00
2.556999999999999940e+00
2.548000000000000043e+00
2.521999999999999797e+00
2.709999999999999964e+00
2.193999999999999950e+00
2.600000000000000089e+00
2.589999999999999858e+00
2.649999999999999911e+00
2.311999999999999833e+00
2.672000000000000153e+00
2.189999999999999947e+00
2.261000000000000121e+00
2.685000000000000053e+00
2.355999999999999872e+00
2.310999999999999943e+00
2.954000000000000181e+00
2.431999999999999940e+00
2.499000000000000110e+00
2.521999999999999797e+00
2.621999999999999886e+00
2.535000000000000142e+00
2.774999999999999911e+00
2.412999999999999812e+00
2.544999999999999929e+00
2.517999999999999794e+00
2.330000000000000071e+00
2.399000000000000021e+00
2.524999999999999911e+00
2.293000000000000149e+00
2.454000000000000181e+00
2.084999999999999964e+00
2.516999999999999904e+00
2.500000000000000000e+00
2.520999999999999908e+00
1.937999999999999945e+00
2.141999999999999904e+00
2.446000000000000174e+00
2.309000000000000163e+00
2.366999999999999993e+00
2.188000000000000167e+00
2.084999999999999964e+00
2.411999999999999922e+00
2.379999999999999893e+00
2.391000000000000014e+00
2.392999999999999794e+00
2.293000000000000149e+00
2.394000000000000128e+00
2.576000000000000068e+00
2.458000000000000185e+00
2.370000000000000107e+00
2.528000000000000025e+00
2.539000000000000146e+00
2.472999999999999865e+00
2.173999999999999932e+00
2.202999999999999847e+00
2.319999999999999840e+00
2.447999999999999954e+00
2.407000000000000028e+00
2.577999999999999847e+00
2.237000000000000099e+00
2.403999999999999915e+00
2.100000000000000089e+00
2.237999999999999989e+00
2.472999999999999865e+00
2.202999999999999847e+00
2.690999999999999837e+00
2.250999999999999890e+00
2.305000000000000160e+00
2.162999999999999812e+00
2.379999999999999893e+00
2.073999999999999844e+00
2.399999999999999911e+00
2.365000000000000213e+00
2.249000000000000110e+00
