1.182034159736054058e+01
1.304062538450834907e+01
1.387084539136870553e+01
1.224470972580975570e+01
1.375494683833491472e+01
1.288302264687006371e+01
1.203279857319147617e+01
1.259556667205941594e+01
1.153759325112935485e+01
1.261942829791575527e+01
1.221127862316630619e+01
1.304062538450834907e+01
1.207142248183985167e+01
1.222924355068875713e+01
1.210598332129717924e+01
1.204405322483338381e+01
1.202940992911645246e+01
1.148604654205645481e+01
1.282098457712473838e+01
1.023352920645826991e+01
1.241798727823015014e+01
1.148604654205645481e+01
1.376879910444448107e+01
1.193064482386196445e+01
1.238778443632080872e+01
1.199425359384520995e+01
1.262970506604940368e+01
1.382841086343768033e+01
1.192836626102593911e+01
1.387084539136870553e+01
1.003008263444420400e+01
1.275300634985883619e+01
1.288302264687006371e+01
1.371709105409978235e+01
1.373085963959750622e+01
1.221127862316630619e+01
1.282098457712473838e+01
1.388112215950235395e+01
1.389535051315380265e+01
1.239613338085198535e+01
1.178457946610280338e+01
1.274272958172518955e+01
1.023352920645826991e+01
1.387084539136870553e+01
1.208946551857476592e+01
1.213067582244130982e+01
1.388112215950235395e+01
1.275300634985883619e+01
1.232246521781675952e+01
1.262970506604940368e+01
1.288302264687006371e+01
1.274272958172518955e+01
1.185270089352759193e+01
1.378635233664645732e+01
1.232246521781675952e+01
1.203279857319147617e+01
1.199434316610553708e+01
1.263636525482863426e+01
1.238778443632080872e+01
1.238359778435027891e+01
1.200379823801547019e+01
1.212347118912649435e+01
1.211085023171472308e+01
1.194092159199561287e+01
1.146672040985339791e+01
1.206232139337143749e+01
1.239239267342160211e+01
1.178910526137292614e+01
1.305090215264199749e+01
1.153759325112935485e+01
1.261942829791575527e+01
1.281070780899108996e+01
1.248670134751485428e+01
1.232947799722159843e+01
1.243209821491264222e+01
1.285114342398565590e+01
1.383868763157132697e+01
1.252628683414338795e+01
1.146672040985339791e+01
1.193353669589767208e+01
1.238778443632080872e+01
1.276106631413593107e+01
1.198888715133828775e+01
1.176727262709594157e+01
1.143707190429651455e+01
1.375494683833491472e+01
1.382841086343768033e+01
1.124001128570260910e+01
1.368631323237878128e+01
1.160357672316111710e+01
1.378635233664645732e+01
1.059513384165513017e+01
1.278032993778165327e+01
1.176332554915765805e+01
1.270713045520662199e+01
1.247735188896492531e+01
1.261942829791575527e+01
1.288302264687006371e+01
1.208623410155036915e+01
1.265411168062601277e+01
1.274272958172518955e+01
1.053289634999959290e+01
1.204998157244477142e+01
1.191678924392705241e+01
1.252699065808456425e+01
1.397132006049430863e+01
1.282098457712473838e+01
1.188478132828982048e+01
1.229223896888869660e+01
1.288302264687006371e+01
1.371709105409978235e+01
1.225551805756334467e+01
1.267903123948161692e+01
1.233202830947009510e+01
1.274272958172518955e+01
1.390962060630875285e+01
1.213463623125041124e+01
1.153759325112935485e+01
1.230014923309373032e+01
1.239762938623439759e+01
1.185359979793533824e+01
1.392393242936697106e+01
1.187104188229610280e+01
1.209528210626290345e+01
1.193330790803767094e+01
1.140213570347551197e+01
1.044435781065437752e+01
1.256405041694966052e+01
1.274272958172518955e+01
1.388112215950235395e+01
1.238615066303704459e+01
1.238882935127984908e+01
1.178497598519896172e+01
1.288302264687006371e+01
1.242826404636379856e+01
1.201621122363618888e+01
1.288302264687006371e+01
1.238778443632080872e+01
1.247008865827236690e+01
1.281070780899108996e+01
1.287051621953118286e+01
1.311309198630358708e+01
1.162748747928374371e+01
1.191893738614808917e+01
1.223099788019813694e+01
1.389535051315380265e+01
1.246707512083127689e+01
1.197266357344846988e+01
1.148558362188902393e+01
1.154787001926300327e+01
1.253633834738002406e+01
1.296994180691960530e+01
1.253640026332531043e+01
1.371364109144197307e+01
1.194967225558970014e+01
1.027040547456422814e+01
1.036030196317046226e+01
1.207022659880558102e+01
1.199394222495507023e+01
1.275300634985883619e+01
1.289329941500371213e+01
1.256372159401764144e+01
1.392800920459458425e+01
1.221127862316630619e+01
1.296994180691960530e+01
1.385279070911088795e+01
1.237311221435387942e+01
1.144734867243016296e+01
1.160357672316111710e+01
1.166317966472697876e+01
1.048421004549108027e+01
1.385665878682099184e+01
1.275300634985883619e+01
1.268930800761526534e+01
1.226041960678570675e+01
1.048421004549108027e+01
1.244465591794826764e+01
1.235220336488602833e+01
1.385279070911088795e+01
1.389535051315380265e+01
1.375852233631083266e+01
1.228542752190571541e+01
1.378269319645962021e+01
1.221127862316630619e+01
1.222155539129995283e+01
1.233666093419457965e+01
1.185689430398177713e+01
1.053289634999959290e+01
1.372736782223342900e+01
1.247347701531844955e+01
1.177628132861716459e+01
1.267903123948161692e+01
1.252885199482386724e+01
1.213463623125041124e+01
1.171481383156514866e+01
1.395268122679230238e+01
1.032636347744440464e+01
1.246707512083127689e+01
1.193353669589767208e+01
1.267903123948161692e+01
1.285320427606406746e+01
1.398159682862795528e+01
1.216023224020956484e+01
1.181936782443656497e+01
1.228028111886800566e+01
1.221604992573398896e+01
1.188131865042975122e+01
1.267903123948161692e+01
1.238778443632080872e+01
1.288302264687006371e+01
1.207086440846195963e+01
1.295966503878595866e+01
1.238798474634437952e+01
1.148604654205645481e+01
1.385665878682099184e+01
1.037057873130411068e+01
1.282098457712473838e+01
1.264481039847533594e+01
1.389934383817510621e+01
1.200736196933550737e+01
1.160357672316111710e+01
1.197485135438486914e+01
1.008318108271855884e+01
1.281909666194145636e+01
1.267903123948161692e+01
1.194687594841092526e+01
1.282098457712473838e+01
1.003008263444420400e+01
1.221127862316630619e+01
1.289329941500371213e+01
1.153759325112935485e+01
1.237587389490339618e+01
1.268930800761526534e+01
1.268930800761526534e+01
1.260691947557971204e+01
1.229060970071194525e+01
1.200725293419635697e+01
1.288302264687006371e+01
1.237750766818716031e+01
1.178457946610280338e+01
1.208249147438066018e+01
1.230251573702234502e+01
1.144734867243016296e+01
1.240207289926066814e+01
1.044435781065437752e+01
1.296994180691960530e+01
1.390962060630875285e+01
1.274272958172518955e+01
1.295966503878595866e+01
1.219961806130748982e+01
1.288302264687006371e+01
1.192360023300403071e+01
1.144734867243016296e+01
1.153759325112935485e+01
1.369995622495701504e+01
1.056986900851886091e+01
1.186825429146560573e+01
1.375852233631083266e+01
1.284721974360384422e+01
1.188238150779909041e+01
1.371709105409978235e+01
1.313617085194046119e+01
1.295966503878595866e+01
1.196598825326184823e+01
1.136002232014875801e+01
1.268956110720959529e+01
1.389535051315380265e+01
1.381060681980570415e+01
1.204619385841843382e+01
1.395268122679230238e+01
1.217132988618872069e+01
1.267903123948161692e+01
1.372736782223342900e+01
1.193005787055167310e+01
1.160357672316111710e+01
1.267678021085711393e+01
1.187104188229610280e+01
1.209449049655131425e+01
1.288302264687006371e+01
1.379662910478010573e+01
1.220264165776695542e+01
1.247008865827236690e+01
1.186541500942807836e+01
1.199444917991764648e+01
1.163776424741739213e+01
1.187104188229610280e+01
1.037057873130411068e+01
1.238778443632080872e+01
1.328207399705435066e+01
1.238304767400797424e+01
1.023352920645826991e+01
1.257108688719933021e+01
1.237750766818716031e+01
1.383868763157132697e+01
1.031608670931075622e+01
1.251171196477731051e+01
1.132080935943993971e+01
1.381434956380254242e+01
1.195532041487021502e+01
1.274272958172518955e+01
1.221371243960933839e+01
1.182561194653163739e+01
1.252274273385585523e+01
1.385279070911088795e+01
1.183189620122722552e+01
1.218011813991309999e+01
1.185689430398177713e+01
1.274272958172518955e+01
1.215837947661671947e+01
1.040305705674958681e+01
1.392393242936697106e+01
1.234365572652327359e+01
1.225551805756334467e+01
1.267903123948161692e+01
1.318965559595134529e+01
1.213463623125041124e+01
1.208063798273931155e+01
1.048421004549108027e+01
1.207259816150508591e+01
1.194092159199561287e+01
1.268930800761526534e+01
1.274272958172518955e+01
1.246693359599332851e+01
1.178457946610280338e+01
1.171660123883690297e+01
1.155176281747407785e+01
1.143707190429651455e+01
1.248951238628312055e+01
1.144734867243016296e+01
1.281070780899108996e+01
1.275300634985883619e+01
1.148558362188902393e+01
1.207259816150508591e+01
1.221127862316630619e+01
1.233818017170054127e+01
1.044435781065437752e+01
1.305090215264199749e+01
1.234365572652327359e+01
1.178457946610280338e+01
1.206232139337143749e+01
1.204925924470178167e+01
1.366243535517385688e+01
1.188131865042975122e+01
1.274272958172518955e+01
1.379662910478010573e+01
1.390962060630875285e+01
1.027040547456422814e+01
1.199434316610553708e+01
1.223443295767610728e+01
1.222155539129995283e+01
1.148604654205645481e+01
1.225986961310657541e+01
1.248015996997403221e+01
1.246320024718480113e+01
1.257178135146305209e+01
1.237587389490339618e+01
1.254837542456907507e+01
1.385279070911088795e+01
1.149586039002267235e+01
1.251171196477731051e+01
1.362188342500408389e+01
1.037057873130411068e+01
1.261942829791575527e+01
1.377241642832597357e+01
1.149632331019010323e+01
1.216440050384487748e+01
1.202609354954667076e+01
1.177360231729130646e+01
1.368631323237878128e+01
1.185356613311150298e+01
1.166960086261049767e+01
1.230251573702234502e+01
1.274272958172518955e+01
1.213463623125041124e+01
1.189947008167899334e+01
1.244419780660027364e+01
1.255955152341699410e+01
1.295966503878595866e+01
1.188238150779909041e+01
1.387084539136870553e+01
1.220300664836050508e+01
1.288302264687006371e+01
1.049448681362472868e+01
1.234788415774035109e+01
1.187104188229610280e+01
1.237750766818716031e+01
1.229223896888869660e+01
1.237587389490339618e+01
1.281070780899108996e+01
1.392800920459458425e+01
1.137826593407853082e+01
1.231706420197621199e+01
1.187104188229610280e+01
1.288302264687006371e+01
1.265134783609623348e+01
1.212347118912649435e+01
1.381060681980570415e+01
1.267903123948161692e+01
1.269210876604213567e+01
1.387084539136870553e+01
1.212114825012708863e+01
1.381060681980570415e+01
1.295966503878595866e+01
1.263183254385616117e+01
1.372736782223342900e+01
1.257399836215128985e+01
1.363216019313773231e+01
1.171660123883690297e+01
1.183044514673643199e+01
1.384251394097723953e+01
1.230251573702234502e+01
1.229223896888869660e+01
1.203021651289936678e+01
1.201926122453541801e+01
1.296994180691960530e+01
1.377241642832597357e+01
1.213271849857428286e+01
1.397132006049430863e+01
1.289329941500371213e+01
1.247735188896492531e+01
1.282755900737008048e+01
1.177360231729130646e+01
1.392393242936697106e+01
1.022325243832462327e+01
1.378269319645962021e+01
1.385665878682099184e+01
1.322573830458457778e+01
1.241234966739431478e+01
1.376879910444448107e+01
1.267544764402283874e+01
1.231990242446587835e+01
1.060541060978877859e+01
1.185689430398177713e+01
1.221127862316630619e+01
1.235150274934233039e+01
1.225507876950187125e+01
