3.059967184331138790e-01
-4.015660199132255470e-01
-1.286844350921320990e+00
-1.486900543615392811e+00
-9.339944197180283236e-01
-9.946209349899567398e-01
2.655404732440603266e-01
5.098096904775608618e-01
-8.677555827552941858e-01
-8.791316566656531828e-01
-2.455319939698438425e+00
-1.176143808365414101e+00
-1.869403352970687937e+00
1.430869131407302319e+00
4.778490921523721457e-01
5.434586219098157533e-01
1.581380657995881789e+00
2.085477274605874509e+00
1.174850399492642916e+00
4.530699505071761335e-02
-6.242180579079115166e-01
-8.866254882464600362e-01
1.314349501475725379e+00
3.779018642754778501e+00
2.328304919930101136e+00
-1.394277989095531467e-01
1.517322319139763787e+00
-1.370058563762569070e+00
2.029210977750068867e+00
-1.626066163892869731e+00
-1.214839242611249093e+00
-3.370127166449066736e-01
1.729803291978782853e-01
-1.499988514311000998e+00
1.534681164989422752e+00
-1.521689596390014998e+00
1.983292081510779070e+00
1.815799487038831650e+00
-6.265458600025335389e-01
-5.859094426942542677e-01
1.410843691211887574e+00
6.326850990058267843e-02
-1.458599197877294751e+00
1.419893674296430541e+00
-5.834371558386559631e-01
-2.000787197857555738e-02
9.263705855574216885e-01
-8.509779528393013326e-01
-5.657997762655694318e-01
-1.434697780027935243e+00
-1.908152224618306025e+00
5.066754975558845908e-01
-1.293201578930030404e+00
1.547647602320338267e+00
-4.973999378242459635e-01
-2.603549922905787462e+00
3.352058027810630447e-01
-1.538815830788808903e-01
1.402391007269537138e+00
-1.146902434932052905e+00
8.279566378921153769e-01
5.872824095468348604e-01
-2.280871196454117150e-02
1.708984002571311278e-01
-6.918513128799056444e-01
6.671045096857519674e-01
5.985967937248595216e-01
-3.349347616619738344e-01
2.207311151738954036e-01
1.081194124540635626e-01
8.834889047625635317e-02
-3.980265630206613059e-01
-1.415935209004215656e+00
8.096239425326644534e-01
-5.162049851991963589e-02
7.924111979878503131e-01
-3.215663517768340696e-01
-1.227610236554584233e+00
1.385377756598225707e+00
3.531877062727514782e-01
1.096791843083859908e+00
5.904079290679387082e-01
-4.064989764543910922e-01
-4.374726105896509787e-01
9.141798583582837479e-01
2.932121975403492731e-01
-7.603973890442002892e-01
-8.598436631976386080e-01
3.634681623405037754e-01
7.817295051061875499e-01
3.374183324447326271e-01
6.002735392963481909e-01
4.563490384460338611e-01
-1.532560788277493929e-03
-4.970107231541678328e-01
-2.508697128406814914e-01
1.325299652131517902e+00
4.393075718933898699e-01
1.485355446093336251e+00
-3.960516306644252360e+00
-2.814163542980953614e-01
-5.421159871289673582e-01
-3.251942845125136206e+00
1.874594311605000341e+00
1.575267370440089909e-01
2.769696961036260396e-01
-1.951595480585498546e-02
3.307177268543646242e-01
-6.399631407724785115e-01
-2.296104235359280599e-01
-3.786532507690191229e-01
2.331736525550070493e-01
2.883376579094426573e-01
2.799212891825428873e+00
-1.057856318662424577e+00
-5.772656410158043538e-01
1.437567935696590249e+00
3.502246108142776371e-01
-4.486974978964741734e-01
-6.523730372342060324e-01
-1.820838232262989020e+00
3.614280128894954702e-02
3.036046551260354942e+00
-7.099005634793186248e-01
2.776737915010339952e-01
-5.681296403802983397e-01
-1.597450871093114788e+00
-8.621260250104830769e-01
-1.067541583483462148e-01
6.477951372506818295e-01
-3.253570226441476580e-03
4.938026758378050718e-01
7.005271367733768573e-01
7.469241561849052080e-02
-1.346064204969033229e+00
-9.916218700692208676e-01
-7.428543137183206690e-01
-2.410219134375151118e-01
-2.075693819058265888e+00
4.372809991421381381e-01
9.891766685694518557e-01
4.055778415731094433e-01
-2.082866714999624946e+00
7.438822579626548359e-01
-5.959339594329333689e-01
-1.049124604844846598e+00
4.640973454147823696e-01
1.395912168167524392e+00
3.834438406625438889e-01
1.346329399082651035e+00
1.214873353946563039e+00
-1.975835908717069045e-01
-5.100493305867092042e-01
1.526904052426558245e+00
-1.175727835491338968e+00
6.436139772026643058e-02
-8.257117272635310368e-01
9.952585296610154675e-01
1.712514989468311599e+00
-2.875490327176461136e+00
6.089308637139770330e-02
-5.516023128023930244e-01
-9.492530864146145886e-01
-9.822374166560113862e-01
3.681981807917721339e-01
1.412802186765183210e+00
-7.745208872549144696e-02
-9.690513038684966940e-01
-1.757249816507892692e+00
-9.103120794070775901e-01
-2.325040543186064068e-01
9.392524782789998250e-01
1.840033994559672759e-01
9.544711758182022887e-01
-4.728321139312190446e-01
-1.896017004607246426e+00
-1.764451420857012121e+00
2.008802421701989083e+00
2.269576134511194498e-01
-4.788847935379010323e+00
2.414200919751049168e-01
-1.457704817000455622e+00
-1.181669351128893597e+00
-8.259386974605662513e-01
7.374566530826555111e-01
-9.554718333202468772e-01
1.462828557887895509e-01
5.260086518913631437e-01
1.052448235139291866e+00
-1.006190501224969669e+00
5.712013054474108786e-01
1.596421900717498177e-01
-1.010661587089577651e+00
-1.882091358187557129e+00
-1.687938119689819771e+00
1.256895698593327171e-02
5.692521825099802202e-01
-3.615736621555546426e-01
9.983569310168151079e-01
1.352149699140191286e-01
-1.184467229911233765e+00
-1.106546676319553724e+00
1.031593099726805907e+00
-3.050231528206346354e-01
4.876891630736995831e-01
-7.989785719387599849e-01
5.456223266723434634e-02
1.779807216633935152e-01
8.863371313668884088e-01
-1.933224241038079272e-01
-1.208330301095697168e+00
-5.092138898841369610e-01
1.019586731506056387e-01
1.127038816945149957e+00
-6.151120961044651558e-01
7.636104389270673698e-01
-7.436331624093113213e-01
5.561415398113808140e-01
-1.100742450622528568e-01
-7.230052846027946734e-01
1.076171696478744444e+00
-3.752499026404763072e-01
-6.754317614060627584e-01
-6.225624877776354538e-01
-8.539848448357962862e-01
-5.145936327240687724e-01
-4.951786098529749602e-01
9.960385546160941406e-01
-1.044487692433273329e+00
-1.048772883177401471e+00
-3.705237622381238327e-01
-2.579445691626084392e-01
-1.453557181392399478e-01
-1.691514473764968995e+00
-3.513012385851696173e+00
-9.381879783949771401e-01
7.568237715398292709e-01
-4.161028478785031015e-01
1.747231864231511667e+00
6.452660481354197675e-01
-8.717758270473738857e-01
2.761759353581475507e-01
1.351623974839643028e+00
1.351476803653161474e+00
-1.130936589934203207e+00
3.681981807917721339e-01
6.457559370306480417e-01
-7.380585576487067589e-01
1.688401070584502506e+00
-1.009245798181438586e-01
-4.220909109557368089e-01
-7.403890941854597563e-02
-1.319912247887847778e-01
-3.364607951371760830e-01
1.363547168051898018e+00
-6.299095926391545808e-01
-1.155205982652516283e-01
-8.102748542049262870e-01
3.579587402096311988e-01
1.409172611270819830e+00
-5.006673785666196919e-01
-4.306519764409715290e-01
-8.765214736884524571e-01
-7.785857092316015304e-01
-1.302110264821094432e-01
-6.205714577579485303e-01
-1.594310455296132245e+00
-9.663358777351439555e-01
5.646489136755405980e-01
1.163567245849400855e+00
1.239447396322137740e+00
-1.488373574057776816e+00
-1.579507453257840588e+00
-5.118967864341225638e-02
1.664318242617310595e-01
-1.802167385574560132e-01
-2.030378059002456492e+00
2.607414884956967271e-01
-8.075691727996686664e-01
-1.153564749580567872e+00
-1.102401253522010016e+00
-1.822677263806293801e+00
-5.185914972171458137e-01
-1.315414264108188513e+00
7.285645410930898791e-01
1.950940874659447655e+00
1.960602076572584007e-01
-6.334905223275735242e-01
-4.728594723806922584e-02
5.977873787985431564e-01
4.530699505071761335e-02
-1.751211809884089199e+00
5.879332836209069102e-01
1.249788232988319869e+00
4.291238315910665402e-01
3.641146817436911598e-01
-7.668509686668888437e-01
1.260001046354192744e-01
-1.758833134421421973e-01
1.679945085187524167e+00
-3.243744645501902002e-01
1.707980380047018132e+00
-1.640866194847284021e+00
-2.242654988059504806e+00
-5.695725914379923260e-01
-9.860946914669992402e-01
1.593644148469260058e+00
5.128965773340666834e-01
-1.245429997465022476e+00
-6.769913346346394245e-02
-1.637205561899212292e+00
5.073731072182003921e-01
1.401377306516672805e+00
-8.015905304544979071e-01
1.214801403127711676e+00
-9.643251312225681110e-04
-5.773136246989832854e-01
1.638070311523873945e+00
1.196920466632608981e+00
2.318623014485833966e+00
1.100532806258754492e+00
3.764284575762638085e-01
-2.035165634173403126e-01
-3.079995401077245676e-01
-1.131726959709774771e+00
7.749825390980064066e-01
1.283467606724113530e+00
1.604583335412619993e+00
-7.299753598396778731e-01
-5.350703001499862443e-01
-1.893849330516856000e+00
3.377859341240828650e-01
4.107111400578454252e-01
3.785027623367107630e+00
-1.728685923169490213e+00
-3.377211862965699973e-01
-4.273107258980652912e-01
7.742682939020647526e-01
-2.635749813013097409e-01
-1.756486057500519449e+00
2.028081700160467571e-01
4.390295262806490073e-01
-1.924078273867328159e-01
4.942384720025028710e-01
6.815669387901568399e-01
-1.728953661111991114e+00
-1.236204648984142063e+00
-1.904086795356611850e+00
9.047557517303969066e-01
7.208602140121550539e-01
4.066019740739873489e-01
2.863936257989644907e-01
6.703571085592018308e-01
2.341969141940708488e-02
-2.072821060221158973e+00
-3.996245902994782218e-01
5.810621653982697699e-02
7.635738978674425637e-01
3.413577514100186172e-01
-1.927723285393033448e-01
1.682511139684429224e+00
3.700036248292304930e-01
1.758922116387039436e+00
-5.460338590742581655e-01
1.231665787701376358e+00
2.184849909928806011e-01
-5.499275133670279425e-01
1.240634554304657078e+00
-2.106144439170120730e+00
-3.287460141036264716e-01
-4.106711482456816831e-01
4.240256923172064374e-01
-3.053929779599344752e-01
-6.305221509448161177e-01
-1.104782870515525151e+00
-1.094542316868060139e+00
-1.352415229442535116e+00
-3.170115270541479235e-01
1.697540038660934281e+00
-5.047309003508877456e-01
1.688058462902003676e+00
-7.799914022143181191e-02
-5.037908406079301127e-01
1.041641513876520264e+00
2.899950361227829898e-01
1.174843772898717775e+00
1.584503923337123199e+00
8.257881452116644372e-02
-1.332898202235323071e-01
-5.923441831380198419e-01
6.598709248644415437e-01
-8.234420910596296217e-01
1.670464824804855919e+00
-1.836110428877216316e+00
4.046198447369840356e-01
-7.652113702781019322e-01
-3.872860572281401903e-01
8.358618304958067569e-01
5.425950711337092225e-03
-5.386850251723125371e-01
-2.282874488467081076e+00
-5.976259772658764069e-01
-2.004026482151526345e+00
1.592051206605564484e-01
7.952021448847984564e-01
8.827985615857155688e-01
-1.123966779457141074e+00
-3.726569886701877055e-01
4.070217765947591881e-01
6.510403512062227227e-01
-7.215492797405206327e-01
1.885287447666133653e+00
-2.894484962816604723e-01
3.848958434356595681e+00
9.579049261829965245e-02
-3.082234530015500185e-01
-1.416415846618829022e+00
-2.714776701436575831e-03
-1.221554706984293165e-01
-1.063832263669311384e+00
-1.207750879434698721e+00
-1.621205811494859095e+00
2.115590583002378011e+00
7.980503113815733407e-01
1.455693371587952978e+00
-9.107893820015398045e-01
-8.745346707042103152e-01
2.273122405719434802e+00
-1.236009880711899989e+00
-1.212829786380120733e+00
1.043474724828061584e+00
-9.911790828007819298e-01
-1.607965153656022161e-01
4.177074120621986908e-01
6.567883880511252159e-02
5.150407716688074622e-01
