2.338000000000000078e+00
2.259999999999999787e+00
2.103000000000000203e+00
1.772000000000000020e+00
2.266999999999999904e+00
2.036000000000000032e+00
2.233000000000000096e+00
2.303999999999999826e+00
2.366999999999999993e+00
2.209999999999999964e+00
2.156000000000000139e+00
2.334000000000000075e+00
1.495999999999999996e+00
2.303999999999999826e+00
2.241000000000000103e+00
2.266999999999999904e+00
2.802000000000000046e+00
2.407000000000000028e+00
2.262999999999999901e+00
2.289000000000000146e+00
2.096000000000000085e+00
2.079000000000000181e+00
2.246999999999999886e+00
2.307999999999999829e+00
1.663000000000000034e+00
1.697999999999999954e+00
1.917000000000000037e+00
2.350999999999999979e+00
1.997999999999999998e+00
2.410000000000000142e+00
2.322000000000000064e+00
1.981000000000000094e+00
2.705999999999999961e+00
2.185999999999999943e+00
2.209000000000000075e+00
2.189999999999999947e+00
2.257000000000000117e+00
2.209000000000000075e+00
2.075000000000000178e+00
2.498000000000000220e+00
2.076000000000000068e+00
2.561999999999999833e+00
2.939999999999999947e+00
2.624000000000000110e+00
2.242999999999999883e+00
2.620999999999999996e+00
2.169000000000000039e+00
2.085999999999999854e+00
2.005999999999999783e+00
2.189000000000000057e+00
2.130999999999999783e+00
2.470000000000000195e+00
2.089999999999999858e+00
2.125000000000000000e+00
2.177000000000000046e+00
2.275999999999999801e+00
2.154999999999999805e+00
2.990000000000000213e+00
2.529999999999999805e+00
2.153999999999999915e+00
2.111000000000000210e+00
1.802000000000000046e+00
2.232000000000000206e+00
2.326000000000000068e+00
2.286999999999999922e+00
2.408999999999999808e+00
1.776000000000000023e+00
2.305000000000000160e+00
1.903000000000000025e+00
2.024000000000000021e+00
1.941999999999999948e+00
2.048999999999999932e+00
1.981000000000000094e+00
2.403999999999999915e+00
2.338999999999999968e+00
2.498000000000000220e+00
1.915000000000000036e+00
1.570999999999999952e+00
2.299999999999999822e+00
2.387999999999999901e+00
2.100000000000000089e+00
2.258999999999999897e+00
2.416999999999999815e+00
2.342999999999999972e+00
2.242999999999999883e+00
2.620999999999999996e+00
1.903999999999999915e+00
1.657999999999999918e+00
1.743999999999999995e+00
2.000999999999999890e+00
2.032999999999999918e+00
1.929999999999999938e+00
2.335999999999999854e+00
2.083000000000000185e+00
2.314000000000000057e+00
2.083000000000000185e+00
2.076000000000000068e+00
1.947999999999999954e+00
1.953000000000000069e+00
2.200000000000000178e+00
2.165000000000000036e+00
2.383000000000000007e+00
2.138999999999999790e+00
2.236000000000000210e+00
2.005999999999999783e+00
2.162999999999999812e+00
2.134999999999999787e+00
2.015000000000000124e+00
2.048000000000000043e+00
1.834999999999999964e+00
