1.113519191481432991e+01
1.141548752097220110e+01
1.276540850004986183e+01
1.051592213360542871e+01
1.256556409298052301e+01
1.124448109618944081e+01
1.049822817304189826e+01
1.099081219345736216e+01
8.923709748937488584e+00
1.096347473313319831e+01
1.072195814868116770e+01
1.141548752097220110e+01
1.053387820904930550e+01
1.148052032793622246e+01
1.134870349130776646e+01
1.128334999860701515e+01
1.126800046823523260e+01
9.980712052763697884e+00
1.109615269203901278e+01
7.859835269887119225e+00
1.075824715530798947e+01
9.980712052763697884e+00
1.257982607968827260e+01
1.042053644969938730e+01
1.083235853220215716e+01
1.123132783837675674e+01
1.089312542353027702e+01
1.272196102042906851e+01
1.116336655609433315e+01
1.276540850004986183e+01
7.717884741746569688e+00
1.102335383331534935e+01
1.124448109618944081e+01
1.260748555916360480e+01
1.262168341793775461e+01
1.072195814868116770e+01
1.109615269203901278e+01
1.269505919044694053e+01
1.270960362428667878e+01
1.085974373008857796e+01
9.184602184064463160e+00
1.109370314291826887e+01
7.859835269887119225e+00
1.276540850004986183e+01
1.133120733436615524e+01
1.145623688649277305e+01
1.269505919044694053e+01
1.102335383331534935e+01
1.078299278943610240e+01
1.089312542353027702e+01
1.124448109618944081e+01
1.109370314291826887e+01
1.116745547632738500e+01
1.267879487365495272e+01
1.078299278943610240e+01
1.049822817304189826e+01
1.048814375247361852e+01
1.111628525748836083e+01
1.083235853220215716e+01
1.164757342362413794e+01
1.124125810256602875e+01
1.050312266483760659e+01
1.135386719006085876e+01
1.035018714009646779e+01
9.884939548390569541e+00
1.056094261119728372e+01
1.165712714142512496e+01
1.030798196266409938e+01
1.134513821136927980e+01
8.923709748937488584e+00
1.096347473313319831e+01
1.116650200164193407e+01
1.175968478804222173e+01
1.167033874826748097e+01
1.178181040367694976e+01
1.223707311991754487e+01
1.265161171082614722e+01
1.091644690942197826e+01
9.884939548390569541e+00
9.345617721548347134e+00
1.083235853220215716e+01
1.125151958867001412e+01
1.130678336095836478e+01
1.029470403422208769e+01
8.821326215395670189e+00
1.256556409298052301e+01
1.272196102042906851e+01
8.632478462456612434e+00
1.249473666656225213e+01
8.911225605952806106e+00
1.267879487365495272e+01
8.193223769684756519e+00
1.216038961864875567e+01
1.024671069447388483e+01
1.208096641167878715e+01
1.092982416343197194e+01
1.096347473313319831e+01
1.124448109618944081e+01
1.054780352477533611e+01
1.105401405435798168e+01
1.109370314291826887e+01
8.071825987289216187e+00
1.051396341449759220e+01
1.115154155261541113e+01
1.188506518268864554e+01
1.286786124690894972e+01
1.109615269203901278e+01
1.037378450639973515e+01
1.080992813052755075e+01
1.124448109618944081e+01
1.260748555916360480e+01
1.063360475857901655e+01
1.102609584014403765e+01
1.167310448810095558e+01
1.109370314291826887e+01
1.272417882209368400e+01
1.063892170574479046e+01
8.923709748937488584e+00
1.064539901428612723e+01
1.174433403843138457e+01
1.116835709435334145e+01
1.273878466005848686e+01
1.035791534268854797e+01
1.133736327370303343e+01
1.116842536580482381e+01
8.705998028127597266e+00
8.086723628546312881e+00
1.103830616294085409e+01
1.109370314291826887e+01
1.269505919044694053e+01
1.064675388694937297e+01
1.077097387899899594e+01
1.102004336274969809e+01
1.124448109618944081e+01
1.068789784570506818e+01
1.048324443147986429e+01
1.124448109618944081e+01
1.083235853220215716e+01
1.093785130327216137e+01
1.116650200164193407e+01
1.137058051316664198e+01
1.243772199801341571e+01
1.011154380610764392e+01
1.123458338758934794e+01
1.148240956856103345e+01
1.270960362428667878e+01
1.100017347303489323e+01
1.120894137999453299e+01
8.870370267341064263e+00
8.853360439334567289e+00
1.100855831599399437e+01
1.125716822952289853e+01
1.189530607917372151e+01
1.252297064046754826e+01
1.042551433832889352e+01
7.963436062820075989e+00
8.027075104053539079e+00
1.131088730453612001e+01
1.046347491233611038e+01
1.102335383331534935e+01
1.117413178658651951e+01
1.090560956651495950e+01
1.282377032397451977e+01
1.072195814868116770e+01
1.125716822952289853e+01
1.266606310990719919e+01
1.163618647951910923e+01
8.750976905792748894e+00
8.911225605952806106e+00
8.973846712963647221e+00
8.114986965950485853e+00
1.275089495398687589e+01
1.102335383331534935e+01
1.095574653054111813e+01
1.063857117753692805e+01
8.114986965950485853e+00
1.171394189539981312e+01
1.169499376318322170e+01
1.266606310990719919e+01
1.270960362428667878e+01
1.265017538929119389e+01
1.074488169299713825e+01
1.259411994464860030e+01
1.072195814868116770e+01
1.065160883907824818e+01
1.067956390133526767e+01
9.262581278611969893e+00
8.071825987289216187e+00
1.253713624956068351e+01
1.073287672337021981e+01
1.109193026134302507e+01
1.102609584014403765e+01
1.180555691057178258e+01
1.063892170574479046e+01
1.019766664252849075e+01
1.276808776122354416e+01
7.925392192213580600e+00
1.100017347303489323e+01
9.345617721548347134e+00
1.102609584014403765e+01
1.135173982523911285e+01
1.279751193730602843e+01
1.148780700421310641e+01
1.113422711069137350e+01
1.073961459396365292e+01
1.146632165583272922e+01
1.028756603308562667e+01
1.102609584014403765e+01
1.083235853220215716e+01
1.124448109618944081e+01
1.045342794299632061e+01
1.132751753912581805e+01
1.165233859096437818e+01
9.980712052763697884e+00
1.275089495398687589e+01
7.956725794450617784e+00
1.109615269203901278e+01
1.193172391066502591e+01
1.279452813169660530e+01
1.124497090105237262e+01
8.911225605952806106e+00
1.129220196620766181e+01
7.754662478153207417e+00
1.131462620739539737e+01
1.102609584014403765e+01
1.042318297440147035e+01
1.109615269203901278e+01
7.717884741746569688e+00
1.072195814868116770e+01
1.117413178658651951e+01
8.923709748937488584e+00
1.071710319655229426e+01
1.095574653054111813e+01
1.095574653054111813e+01
1.108447980453187931e+01
1.075019266734861390e+01
1.132592809970569725e+01
1.124448109618944081e+01
1.090270784180507846e+01
9.184602184064463160e+00
1.054427250074279421e+01
1.073957882092462945e+01
8.750976905792748894e+00
1.086598056442779026e+01
8.086723628546312881e+00
1.125716822952289853e+01
1.272417882209368400e+01
1.109370314291826887e+01
1.132751753912581805e+01
1.153005301286945183e+01
1.124448109618944081e+01
1.115849389057897056e+01
8.750976905792748894e+00
8.923709748937488584e+00
1.250883740486491469e+01
8.097913519342567312e+00
1.036148059731286075e+01
1.265017538929119389e+01
1.223282852178538427e+01
1.037197438699518059e+01
1.260748555916360480e+01
1.143791792264680751e+01
1.132751753912581805e+01
1.120204194658791508e+01
8.664854069371902057e+00
1.117388711262698742e+01
1.270960362428667878e+01
1.262280281408908600e+01
1.136674796671138132e+01
1.276808776122354416e+01
1.063005131660690950e+01
1.102609584014403765e+01
1.253713624956068351e+01
1.116509752191046623e+01
8.911225605952806106e+00
1.107855057658414388e+01
1.035791534268854797e+01
1.141776318543780100e+01
1.124448109618944081e+01
1.260844556405203143e+01
1.066112016429246090e+01
1.093785130327216137e+01
1.109955151776633642e+01
1.131257366389237440e+01
1.004119449650472262e+01
1.035791534268854797e+01
7.956725794450617784e+00
1.083235853220215716e+01
1.261808008054073404e+01
1.076492958482919704e+01
7.859835269887119225e+00
1.104587296314795708e+01
1.090270784180507846e+01
1.265161171082614722e+01
7.995741501816501895e+00
1.085227008491853518e+01
8.627314774154875465e+00
1.270754088055320352e+01
1.043024882574131773e+01
1.109370314291826887e+01
1.154521298476992897e+01
1.022970086646738785e+01
1.099399773818220893e+01
1.266606310990719919e+01
1.114666795599590721e+01
1.063873293045531732e+01
9.262581278611969893e+00
1.109370314291826887e+01
1.061731593911407856e+01
8.057411077105403052e+00
1.273878466005848686e+01
1.072393829464976633e+01
1.063360475857901655e+01
1.102609584014403765e+01
1.260093203545955021e+01
1.063892170574479046e+01
1.132187575973441085e+01
8.114986965950485853e+00
1.049059330159436243e+01
1.035018714009646779e+01
1.095574653054111813e+01
1.109370314291826887e+01
1.173817592600790505e+01
9.184602184064463160e+00
9.111803325340797954e+00
1.003983962384147688e+01
8.821326215395670189e+00
1.095851563285234676e+01
8.750976905792748894e+00
1.116650200164193407e+01
1.102335383331534935e+01
8.870370267341064263e+00
1.049059330159436243e+01
1.072195814868116770e+01
1.071826802856099548e+01
8.086723628546312881e+00
1.134513821136927980e+01
1.072393829464976633e+01
9.184602184064463160e+00
1.056094261119728372e+01
1.128881712527360648e+01
1.255101785897196542e+01
1.028756603308562667e+01
1.109370314291826887e+01
1.260844556405203143e+01
1.272417882209368400e+01
7.963436062820075989e+00
1.048814375247361852e+01
1.058627144320834823e+01
1.065160883907824818e+01
9.980712052763697884e+00
1.151354096616798728e+01
1.175256682531417773e+01
1.080322603297314110e+01
1.185227753060355127e+01
1.071710319655229426e+01
1.182680518830573746e+01
1.266606310990719919e+01
8.800020957738142968e+00
1.085227008491853518e+01
1.250901047214385464e+01
7.956725794450617784e+00
1.096347473313319831e+01
1.266446925425152159e+01
9.910362743160778365e+00
1.054279712753334053e+01
1.049214610821744031e+01
1.017636138487096353e+01
1.249473666656225213e+01
1.108768317237209899e+01
1.015268776486333913e+01
1.073957882092462945e+01
1.109370314291826887e+01
1.063892170574479046e+01
1.038503310281081582e+01
1.171344363490963225e+01
1.183896828617748120e+01
1.132751753912581805e+01
1.037197438699518059e+01
1.276540850004986183e+01
1.145230231412891797e+01
1.124448109618944081e+01
8.044637656347564558e+00
1.169030613802213558e+01
1.035791534268854797e+01
1.090270784180507846e+01
1.080992813052755075e+01
1.071710319655229426e+01
1.116650200164193407e+01
1.282377032397451977e+01
9.892818572308151204e+00
1.077741372781387952e+01
1.035791534268854797e+01
1.124448109618944081e+01
1.113249192010785293e+01
1.050312266483760659e+01
1.262280281408908600e+01
1.102609584014403765e+01
1.109515885564725224e+01
1.276540850004986183e+01
1.058111849389658055e+01
1.262280281408908600e+01
1.132751753912581805e+01
1.102993157920150580e+01
1.253713624956068351e+01
1.083526025691203820e+01
1.243866116254093335e+01
9.111803325340797954e+00
1.033480398708205250e+01
1.273641241951011871e+01
1.073957882092462945e+01
1.080992813052755075e+01
1.134996381127063714e+01
1.125738742703239481e+01
1.125716822952289853e+01
1.266446925425152159e+01
1.137711507068839722e+01
1.286786124690894972e+01
1.117413178658651951e+01
1.092982416343197194e+01
1.132383333258121105e+01
1.017636138487096353e+01
1.273878466005848686e+01
7.930184579490040520e+00
1.259411994464860030e+01
1.275089495398687589e+01
1.153538355387662229e+01
1.079563125482486896e+01
1.257982607968827260e+01
1.204654871113664250e+01
1.157847093383257686e+01
8.122874460081835224e+00
9.262581278611969893e+00
1.072195814868116770e+01
1.161273221183472693e+01
1.071392916962815889e+01
