1.388653465666092046e-01
7.467489357724499399e-01
6.018772523515885098e-01
2.836536749192681839e-01
5.782491301364736103e-01
6.146890250500813835e-01
3.952650854881802900e-01
9.072096895099690528e-01
9.010566340480661296e-01
4.084613532884944220e-01
6.249426398026258767e-01
7.467489357724499399e-01
4.169921153222997390e-01
5.571176481502764233e-01
4.600438116457485904e-01
4.129160401018410198e-01
4.019560504677137658e-01
1.074856426613433058e-01
6.791983746446792480e-01
1.323686811402904340e-01
2.675044856361310508e-01
1.074856426613433058e-01
5.942107836965870860e-01
4.001395919791050915e-01
8.905540723041251994e-01
3.759539738688957300e-01
5.314427608751515208e-01
5.522655783875052293e-01
3.285209384474132577e-01
6.018772523515885098e-01
-6.686813136830949134e-02
6.254831982258117762e-01
6.146890250500813835e-01
4.235883123214385648e-01
4.393874383704634567e-01
6.249426398026258767e-01
6.791983746446792480e-01
7.248586599382456086e-01
7.415621441951891768e-01
6.368835349401802404e-01
1.089596626576261329e+00
5.025017906391564537e-01
1.323686811402904340e-01
6.018772523515885098e-01
4.473567105973081937e-01
3.641846964937798248e-01
7.248586599382456086e-01
6.254831982258117762e-01
5.825571391568704627e-01
5.314427608751515208e-01
6.146890250500813835e-01
5.025017906391564537e-01
1.603902645376464875e-01
5.033976363742347360e-01
5.825571391568704627e-01
3.952650854881802900e-01
4.493151659678886745e-01
8.256678121667295756e-01
8.905540723041251994e-01
6.842717081113818267e-01
3.829684946444356086e-01
5.648272114365973096e-01
4.637975338697337691e-01
5.231209995657604139e-01
2.160468618519324480e-01
5.030303423867543700e-01
6.916987245621779579e-01
2.918530636397900224e-01
8.697303433591070387e-01
9.010566340480661296e-01
4.084613532884944220e-01
5.562169670580221492e-01
7.725405825555782258e-01
5.245556323331790338e-01
6.112904116826829437e-01
9.914454194278921051e-01
6.752469859741623281e-01
8.520896645065612063e-01
2.160468618519324480e-01
1.211508923992132836e+00
8.905540723041251994e-01
9.296448025163552842e-01
2.565769759883700374e-01
2.845523098791584715e-01
8.308084262455803781e-01
5.782491301364736103e-01
5.522655783875052293e-01
7.104805656368711198e-01
4.996571780385181683e-01
1.064822420393390701e+00
5.033976363742347360e-01
3.549355446493844823e-01
9.244044425584316826e-01
2.775562296794049644e-01
8.562691903712078556e-01
9.701663586811335449e-01
4.084613532884944220e-01
6.146890250500813835e-01
4.256519422568967315e-01
9.547661898990309481e-01
5.025017906391564537e-01
4.138789012162931158e-01
4.047729750346888977e-01
3.203782251784623725e-01
6.937951428874349347e-01
7.205621555048011828e-01
6.791983746446792480e-01
3.255796107050556998e-01
6.935623111011821607e-01
6.146890250500813835e-01
4.235883123214385648e-01
6.509559027552747068e-01
4.533262166503728707e-01
5.266791827757497657e-01
5.025017906391564537e-01
7.583491103373276587e-01
5.615024003788136042e-01
9.010566340480661296e-01
1.957682213182962983e-01
5.818649429326292477e-01
1.609963949609056755e-01
7.752197696151021944e-01
3.552747286172266428e-01
4.518149724118991628e-01
3.320150077992494175e-01
9.238655527410273294e-01
2.194546561636858684e-01
7.671957541746703413e-01
5.025017906391564537e-01
7.248586599382456086e-01
3.637211926400070183e-01
7.467206137914512709e-01
2.325379192931027461e-01
6.146890250500813835e-01
3.904858932227881496e-01
3.863398876474519739e-01
6.146890250500813835e-01
8.905540723041251994e-01
6.932783284195469520e-01
5.562169670580221492e-01
1.024088439801833061e+00
1.361342867856242478e+00
1.875531603820821402e-01
2.061382749917584079e-01
5.585283510664709183e-01
7.415621441951891768e-01
8.471849510944764461e-01
3.602159964470299514e-01
8.641225138689119234e-01
1.024038041634721452e+00
7.451507016795098082e-01
8.011106720605507547e-01
7.020943081747965664e-01
5.308515407389453600e-01
3.532620385698699295e-01
5.492492391646486283e-02
1.407496077573533455e-01
4.326851089127785599e-01
3.747687389425085058e-01
6.254831982258117762e-01
7.376704326367384823e-01
3.676769745298269498e-01
6.691929256923039304e-01
6.249426398026258767e-01
8.011106720605507547e-01
6.917012920781768770e-01
6.754422305144753835e-01
9.537898338322374769e-01
1.064822420393390701e+00
1.109687283755267373e+00
2.560927622333224463e-01
5.852570387293987153e-01
6.254831982258117762e-01
5.763076242370281932e-01
6.543391946326941877e-01
2.560927622333224463e-01
7.362293346148316431e-01
5.435361224464774210e-01
6.917012920781768770e-01
7.415621441951891768e-01
4.712293761099317635e-01
5.560479929749586603e-01
6.102540178879145571e-01
6.249426398026258767e-01
7.479240473892829755e-01
2.169044389553054231e-01
1.148068684568320563e+00
4.138789012162931158e-01
5.465697199080956636e-01
4.204101743139982972e-01
1.105503056148684493e-01
4.533262166503728707e-01
8.093720986236974113e-01
5.615024003788136042e-01
2.442421420560734191e-01
8.092130125793453033e-01
2.216997168837711030e-01
8.471849510944764461e-01
1.211508923992132836e+00
4.533262166503728707e-01
1.008956379375780088e+00
8.435435630914582816e-01
3.873722983742968751e-01
1.382267912356631712e-01
5.524112988186278272e-01
5.465340866578518586e-01
4.782561362038837416e-01
4.533262166503728707e-01
8.905540723041251994e-01
6.146890250500813835e-01
5.337507801212577618e-01
6.781292644738936559e-01
6.879739510010480785e-01
1.074856426613433058e-01
5.852570387293987153e-01
2.637310153440104443e-01
6.791983746446792480e-01
9.128701269784595951e-01
6.353677027506705599e-01
3.855962541689379464e-01
1.064822420393390701e+00
2.462984451924228324e-01
-1.453164045902433088e-02
9.793551954354651201e-01
4.533262166503728707e-01
3.519735861746458028e-01
6.791983746446792480e-01
-6.686813136830949134e-02
6.249426398026258767e-01
7.376704326367384823e-01
9.010566340480661296e-01
2.407397850533499195e-01
5.763076242370281932e-01
5.763076242370281932e-01
8.016946372229032391e-01
5.597218083609387662e-01
2.701377143953926918e-01
6.146890250500813835e-01
7.675726647174698769e-01
1.089596626576261329e+00
4.234474195004267472e-01
8.165437186878392595e-01
9.537898338322374769e-01
6.413481223841994705e-01
2.194546561636858684e-01
8.011106720605507547e-01
7.583491103373276587e-01
5.025017906391564537e-01
6.781292644738936559e-01
4.186308260306699225e-01
6.146890250500813835e-01
3.251613852480037536e-01
9.537898338322374769e-01
9.010566340480661296e-01
5.152140971992356100e-01
4.468324360010544893e-01
3.192528652707267156e-01
4.712293761099317635e-01
9.877021511461325787e-01
3.246436239919123778e-01
4.235883123214385648e-01
9.437406969753929786e-01
6.781292644738936559e-01
3.553873392622826088e-01
8.971008521582461981e-01
8.695417513117060793e-01
7.415621441951891768e-01
6.425860731659600589e-01
2.992855672977867698e-01
8.092130125793453033e-01
4.784832727527792429e-01
4.533262166503728707e-01
5.465697199080956636e-01
3.297157954861944518e-01
1.064822420393390701e+00
9.734173037262934258e-01
3.552747286172266428e-01
3.361255818265380668e-01
6.146890250500813835e-01
6.263790439608918348e-01
4.990848151148323808e-01
6.932783284195469520e-01
2.850161682883243230e-01
2.606706926893629372e-01
3.105345679687392391e-01
3.552747286172266428e-01
2.637310153440104443e-01
8.905540723041251994e-01
1.534400999859029113e+00
7.424215479917997129e-01
1.323686811402904340e-01
7.728254124470748110e-01
7.675726647174698769e-01
6.752469859741623281e-01
9.871830929711400415e-02
3.307428543506727436e-01
8.732655060602017016e-01
5.358939091669139287e-01
3.558904482831213301e-01
5.025017906391564537e-01
4.299158951893051750e-01
4.374717574452144930e-01
7.344093662823958368e-01
6.917012920781768770e-01
1.464840789624766160e-01
4.842079952975897328e-01
1.148068684568320563e+00
5.025017906391564537e-01
4.701325819086381586e-01
1.810009973589519205e-01
7.752197696151021944e-01
7.134577304258034047e-01
6.509559027552747068e-01
4.533262166503728707e-01
1.326586830484933088e+00
5.615024003788136042e-01
4.406104721338195418e-01
2.560927622333224463e-01
6.260117499734114688e-01
5.231209995657604139e-01
5.763076242370281932e-01
5.025017906391564537e-01
7.554151401656721276e-01
1.089596626576261329e+00
1.035881450157395633e+00
1.425815966470285190e-01
8.308084262455803781e-01
7.083624769370384655e-01
9.537898338322374769e-01
5.562169670580221492e-01
6.254831982258117762e-01
8.641225138689119234e-01
6.260117499734114688e-01
6.249426398026258767e-01
7.094786570657447555e-01
2.194546561636858684e-01
8.697303433591070387e-01
7.134577304258034047e-01
1.089596626576261329e+00
5.030303423867543700e-01
4.168301696170750859e-01
3.611991644196947959e-01
4.782561362038837416e-01
5.025017906391564537e-01
6.263790439608918348e-01
7.583491103373276587e-01
5.492492391646486283e-02
4.493151659678886745e-01
1.606722673326110851e-01
7.479240473892829755e-01
1.074856426613433058e-01
5.818600553388524332e-01
7.668630785933707728e-01
2.974287667273411984e-01
8.473201656628166489e-01
2.407397850533499195e-01
8.265759213395522664e-01
6.917012920781768770e-01
9.871039214555690222e-01
3.307428543506727436e-01
3.152491125900702684e-01
2.637310153440104443e-01
4.084613532884944220e-01
4.872726103012574583e-01
2.304670502480004046e-01
5.903925431026397774e-01
3.916266949293625288e-01
4.005376372660620632e-01
4.996571780385181683e-01
2.770515132362483257e-01
2.143178609648632715e-01
8.165437186878392595e-01
5.025017906391564537e-01
5.615024003788136042e-01
3.314416431097040316e-01
7.358360776308483509e-01
8.364649285176852800e-01
6.781292644738936559e-01
3.246436239919123778e-01
6.018772523515885098e-01
5.361159664081363019e-01
6.146890250500813835e-01
3.790741698199795451e-01
5.399186437662084614e-01
3.552747286172266428e-01
7.675726647174698769e-01
6.935623111011821607e-01
2.407397850533499195e-01
5.562169670580221492e-01
6.691929256923039304e-01
5.955333117983308000e-02
5.786557616464751419e-01
3.552747286172266428e-01
6.146890250500813835e-01
8.379516455227751237e-01
5.648272114365973096e-01
6.425860731659600589e-01
4.533262166503728707e-01
9.861036616075136152e-01
6.018772523515885098e-01
4.467245218243700577e-01
6.425860731659600589e-01
6.781292644738936559e-01
9.365641136546098977e-01
5.465697199080956636e-01
4.906583821164822723e-01
4.382305201767273672e-01
1.035881450157395633e+00
3.057151222749379116e-01
5.687198844915197782e-01
8.165437186878392595e-01
6.935623111011821607e-01
2.872633729009379522e-01
3.944039628989415291e-01
8.011106720605507547e-01
4.872726103012574583e-01
4.807485237922612953e-01
7.205621555048011828e-01
7.376704326367384823e-01
9.701663586811335449e-01
9.866731524326795011e-01
4.005376372660620632e-01
7.752197696151021944e-01
9.387273553633335155e-03
6.102540178879145571e-01
5.852570387293987153e-01
1.023352983352401324e+00
7.643295299708565693e-01
5.942107836965888623e-01
8.271516220309926837e-01
6.310631562481763268e-01
4.779169522360415812e-01
1.148068684568320563e+00
6.249426398026258767e-01
6.573328158831461820e-01
5.347765885709474531e-01
