2.712000000000000188e+00
2.404999999999999805e+00
2.547000000000000153e+00
2.713000000000000078e+00
2.234999999999999876e+00
2.509999999999999787e+00
2.987999999999999989e+00
2.495000000000000107e+00
2.912999999999999812e+00
2.519000000000000128e+00
2.354000000000000092e+00
2.665999999999999925e+00
1.963000000000000078e+00
2.206999999999999851e+00
2.463000000000000078e+00
2.555000000000000160e+00
2.608000000000000096e+00
2.593999999999999861e+00
2.467000000000000082e+00
2.357000000000000206e+00
2.556999999999999940e+00
2.466000000000000192e+00
2.313000000000000167e+00
2.470000000000000195e+00
2.435999999999999943e+00
2.708000000000000185e+00
2.141000000000000014e+00
2.322999999999999954e+00
2.233000000000000096e+00
2.541999999999999815e+00
2.734999999999999876e+00
2.334999999999999964e+00
2.955999999999999961e+00
2.358999999999999986e+00
2.584000000000000075e+00
2.254999999999999893e+00
2.528999999999999915e+00
2.400999999999999801e+00
2.568999999999999950e+00
2.657999999999999918e+00
2.378000000000000114e+00
2.813000000000000167e+00
2.620000000000000107e+00
2.520999999999999908e+00
2.567000000000000171e+00
2.625999999999999890e+00
2.274000000000000021e+00
2.450000000000000178e+00
2.737999999999999989e+00
2.407000000000000028e+00
2.495000000000000107e+00
2.681999999999999940e+00
2.564999999999999947e+00
2.576999999999999957e+00
2.778000000000000025e+00
2.621999999999999886e+00
2.579000000000000181e+00
2.611000000000000210e+00
2.525999999999999801e+00
2.742999999999999883e+00
2.458000000000000185e+00
2.495000000000000107e+00
2.616000000000000103e+00
2.623000000000000220e+00
2.354000000000000092e+00
2.654999999999999805e+00
2.474000000000000199e+00
2.180000000000000160e+00
2.428999999999999826e+00
2.294999999999999929e+00
2.630999999999999783e+00
2.459000000000000075e+00
2.588000000000000078e+00
2.446000000000000174e+00
2.567000000000000171e+00
2.346000000000000085e+00
2.073999999999999844e+00
2.595000000000000195e+00
2.556999999999999940e+00
2.503000000000000114e+00
2.379999999999999893e+00
2.399000000000000021e+00
2.310000000000000053e+00
2.338999999999999968e+00
2.406000000000000139e+00
3.076000000000000068e+00
2.362000000000000099e+00
2.141999999999999904e+00
2.402000000000000135e+00
2.217999999999999972e+00
2.236000000000000210e+00
2.619000000000000217e+00
2.278999999999999915e+00
2.435999999999999943e+00
2.592000000000000082e+00
2.234999999999999876e+00
2.495000000000000107e+00
2.373000000000000220e+00
2.831999999999999851e+00
2.568000000000000060e+00
2.500000000000000000e+00
2.858999999999999986e+00
2.443000000000000060e+00
2.698999999999999844e+00
2.709999999999999964e+00
2.791999999999999815e+00
2.524000000000000021e+00
2.383000000000000007e+00
2.355999999999999872e+00
2.293000000000000149e+00
