2.205999999999999961e+00
2.416999999999999815e+00
2.733000000000000096e+00
2.158999999999999808e+00
2.709999999999999964e+00
2.536999999999999922e+00
2.507000000000000117e+00
2.412999999999999812e+00
2.407000000000000028e+00
2.258999999999999897e+00
2.220000000000000195e+00
2.529999999999999805e+00
2.753000000000000114e+00
2.241000000000000103e+00
2.173999999999999932e+00
2.224000000000000199e+00
2.265000000000000124e+00
2.758000000000000007e+00
2.740000000000000213e+00
2.370999999999999996e+00
2.571000000000000174e+00
2.384999999999999787e+00
2.536999999999999922e+00
2.350999999999999979e+00
2.470000000000000195e+00
2.261000000000000121e+00
2.517999999999999794e+00
3.076000000000000068e+00
2.528999999999999915e+00
3.174999999999999822e+00
2.157000000000000028e+00
2.545999999999999819e+00
2.311999999999999833e+00
3.174999999999999822e+00
3.214999999999999858e+00
2.591000000000000192e+00
2.533999999999999808e+00
2.931000000000000050e+00
2.480999999999999872e+00
2.432999999999999829e+00
2.464999999999999858e+00
2.297000000000000153e+00
2.021999999999999797e+00
3.214999999999999858e+00
2.314999999999999947e+00
2.274000000000000021e+00
3.051000000000000156e+00
2.366999999999999993e+00
2.681999999999999940e+00
2.563000000000000167e+00
2.415999999999999925e+00
2.471999999999999975e+00
2.483000000000000096e+00
2.194999999999999840e+00
2.221999999999999975e+00
2.165999999999999925e+00
2.644000000000000128e+00
2.403999999999999915e+00
2.732000000000000206e+00
2.258000000000000007e+00
2.418000000000000149e+00
2.528999999999999915e+00
2.347999999999999865e+00
2.250000000000000000e+00
2.515000000000000124e+00
2.160000000000000142e+00
2.971999999999999975e+00
2.427999999999999936e+00
2.475000000000000089e+00
2.629000000000000004e+00
2.396999999999999797e+00
2.318000000000000060e+00
2.310000000000000053e+00
2.563000000000000167e+00
2.314000000000000057e+00
2.395000000000000018e+00
2.362000000000000099e+00
2.849000000000000199e+00
2.544999999999999929e+00
2.452999999999999847e+00
2.204000000000000181e+00
2.625999999999999890e+00
2.345000000000000195e+00
2.589999999999999858e+00
2.649999999999999911e+00
2.206999999999999851e+00
2.728000000000000203e+00
2.181000000000000050e+00
2.584999999999999964e+00
2.560000000000000053e+00
2.822000000000000064e+00
2.595000000000000195e+00
2.517999999999999794e+00
2.241000000000000103e+00
2.470000000000000195e+00
2.310000000000000053e+00
2.321000000000000174e+00
2.487000000000000099e+00
2.354999999999999982e+00
2.613999999999999879e+00
2.548000000000000043e+00
2.290000000000000036e+00
2.467000000000000082e+00
2.553999999999999826e+00
2.422000000000000153e+00
2.922000000000000153e+00
2.826000000000000068e+00
2.564999999999999947e+00
2.547000000000000153e+00
2.217999999999999972e+00
2.701000000000000068e+00
2.435000000000000053e+00
2.580999999999999961e+00
2.366000000000000103e+00
2.523000000000000131e+00
2.584999999999999964e+00
2.508000000000000007e+00
2.169000000000000039e+00
2.527000000000000135e+00
2.346999999999999975e+00
2.281000000000000139e+00
2.620000000000000107e+00
2.551000000000000156e+00
2.337000000000000188e+00
2.217000000000000082e+00
2.162999999999999812e+00
2.335999999999999854e+00
2.149000000000000021e+00
2.516999999999999904e+00
2.625999999999999890e+00
2.560000000000000053e+00
2.431000000000000050e+00
2.403999999999999915e+00
2.818000000000000060e+00
2.346999999999999975e+00
2.686999999999999833e+00
2.830999999999999961e+00
2.545999999999999819e+00
1.919000000000000039e+00
2.607000000000000206e+00
2.500999999999999890e+00
2.480999999999999872e+00
2.217999999999999972e+00
2.133999999999999897e+00
2.361000000000000210e+00
2.709999999999999964e+00
2.196000000000000174e+00
2.539000000000000146e+00
2.232000000000000206e+00
2.721999999999999975e+00
2.450000000000000178e+00
2.443999999999999950e+00
2.463000000000000078e+00
2.834000000000000075e+00
2.222999999999999865e+00
2.548000000000000043e+00
2.580000000000000071e+00
2.463999999999999968e+00
2.505999999999999783e+00
2.575000000000000178e+00
2.303999999999999826e+00
2.459999999999999964e+00
2.361000000000000210e+00
2.440999999999999837e+00
2.500999999999999890e+00
2.834000000000000075e+00
2.428999999999999826e+00
2.358999999999999986e+00
2.492999999999999883e+00
2.599000000000000199e+00
2.535000000000000142e+00
2.571000000000000174e+00
2.879999999999999893e+00
2.866999999999999993e+00
2.626999999999999780e+00
2.170999999999999819e+00
2.258000000000000007e+00
2.463000000000000078e+00
2.584999999999999964e+00
2.540000000000000036e+00
2.813000000000000167e+00
2.536000000000000032e+00
2.379999999999999893e+00
2.322999999999999954e+00
2.245000000000000107e+00
2.439000000000000057e+00
2.354000000000000092e+00
2.702999999999999847e+00
3.051000000000000156e+00
2.391000000000000014e+00
2.403999999999999915e+00
2.596999999999999975e+00
2.349000000000000199e+00
2.378000000000000114e+00
2.116000000000000103e+00
2.803999999999999826e+00
2.468999999999999861e+00
2.269000000000000128e+00
2.464999999999999858e+00
2.555000000000000160e+00
2.463999999999999968e+00
2.865000000000000213e+00
2.335999999999999854e+00
2.113999999999999879e+00
2.311999999999999833e+00
2.297000000000000153e+00
2.116999999999999993e+00
2.438000000000000167e+00
2.596000000000000085e+00
2.705000000000000071e+00
2.520999999999999908e+00
2.379999999999999893e+00
2.392999999999999794e+00
2.259999999999999787e+00
2.766000000000000014e+00
2.458000000000000185e+00
2.567000000000000171e+00
2.520999999999999908e+00
2.693999999999999950e+00
2.422000000000000153e+00
2.327999999999999847e+00
2.366000000000000103e+00
2.341000000000000192e+00
2.504000000000000004e+00
2.516999999999999904e+00
2.544000000000000039e+00
2.503000000000000114e+00
2.536000000000000032e+00
2.491000000000000103e+00
2.652000000000000135e+00
2.205000000000000071e+00
2.532000000000000028e+00
2.285000000000000142e+00
2.299999999999999822e+00
2.266999999999999904e+00
2.581999999999999851e+00
2.478000000000000203e+00
2.333000000000000185e+00
2.382000000000000117e+00
2.676000000000000156e+00
2.487999999999999989e+00
2.451999999999999957e+00
2.345000000000000195e+00
2.515000000000000124e+00
2.282000000000000028e+00
2.813000000000000167e+00
2.418000000000000149e+00
2.346999999999999975e+00
2.637999999999999901e+00
2.279999999999999805e+00
2.435999999999999943e+00
2.447999999999999954e+00
2.660000000000000142e+00
2.619000000000000217e+00
2.697000000000000064e+00
2.205000000000000071e+00
2.225999999999999979e+00
2.361000000000000210e+00
2.358999999999999986e+00
2.528999999999999915e+00
2.766000000000000014e+00
2.330000000000000071e+00
2.338999999999999968e+00
2.266000000000000014e+00
2.242999999999999883e+00
2.317000000000000171e+00
2.750000000000000000e+00
2.865000000000000213e+00
2.488999999999999879e+00
2.536999999999999922e+00
2.605999999999999872e+00
2.371999999999999886e+00
2.733999999999999986e+00
2.373000000000000220e+00
2.661999999999999922e+00
2.734999999999999876e+00
2.125000000000000000e+00
2.084000000000000075e+00
2.612000000000000099e+00
2.637000000000000011e+00
2.515000000000000124e+00
2.516000000000000014e+00
2.322000000000000064e+00
2.282999999999999918e+00
2.379999999999999893e+00
2.471000000000000085e+00
2.498000000000000220e+00
2.392999999999999794e+00
2.310999999999999943e+00
2.623000000000000220e+00
2.265000000000000124e+00
2.366999999999999993e+00
2.447999999999999954e+00
2.697000000000000064e+00
2.403999999999999915e+00
2.830000000000000071e+00
2.238999999999999879e+00
2.726999999999999869e+00
2.379000000000000004e+00
2.883999999999999897e+00
2.190999999999999837e+00
2.395000000000000018e+00
2.451999999999999957e+00
1.895000000000000018e+00
2.374000000000000110e+00
2.283999999999999808e+00
2.847999999999999865e+00
2.297000000000000153e+00
2.370000000000000107e+00
2.192000000000000171e+00
2.785000000000000142e+00
2.580999999999999961e+00
2.638999999999999790e+00
2.787999999999999812e+00
2.483999999999999986e+00
2.484999999999999876e+00
2.358000000000000096e+00
2.395999999999999908e+00
2.374000000000000110e+00
2.657000000000000028e+00
2.657999999999999918e+00
2.532000000000000028e+00
2.495000000000000107e+00
2.689000000000000057e+00
1.895000000000000018e+00
2.133999999999999897e+00
2.571000000000000174e+00
2.544000000000000039e+00
2.579000000000000181e+00
2.737999999999999989e+00
2.718999999999999861e+00
2.447000000000000064e+00
2.479999999999999982e+00
2.298000000000000043e+00
2.463000000000000078e+00
2.400999999999999801e+00
2.821000000000000174e+00
2.616000000000000103e+00
2.733000000000000096e+00
2.258000000000000007e+00
2.540999999999999925e+00
2.822000000000000064e+00
2.487999999999999989e+00
2.475000000000000089e+00
3.138999999999999790e+00
2.733999999999999986e+00
2.367999999999999883e+00
2.345000000000000195e+00
2.233999999999999986e+00
2.337000000000000188e+00
2.251999999999999780e+00
2.301000000000000156e+00
2.524999999999999911e+00
2.818000000000000060e+00
2.160000000000000142e+00
2.737000000000000099e+00
2.512999999999999901e+00
2.737999999999999989e+00
2.588999999999999968e+00
2.741999999999999993e+00
2.194999999999999840e+00
2.266999999999999904e+00
2.859999999999999876e+00
2.547000000000000153e+00
2.370000000000000107e+00
2.419999999999999929e+00
2.244000000000000217e+00
2.698999999999999844e+00
1.895000000000000018e+00
2.281000000000000139e+00
2.354000000000000092e+00
2.611000000000000210e+00
2.338000000000000078e+00
2.541999999999999815e+00
2.286999999999999922e+00
2.347999999999999865e+00
2.279999999999999805e+00
2.809000000000000163e+00
2.435999999999999943e+00
2.701000000000000068e+00
2.540999999999999925e+00
2.740000000000000213e+00
2.040000000000000036e+00
2.216000000000000192e+00
2.653000000000000025e+00
2.411000000000000032e+00
2.303999999999999826e+00
2.782999999999999918e+00
2.645000000000000018e+00
2.785000000000000142e+00
2.500000000000000000e+00
2.432999999999999829e+00
2.129000000000000004e+00
2.370000000000000107e+00
2.738999999999999879e+00
2.520000000000000018e+00
2.734999999999999876e+00
2.803999999999999826e+00
2.549999999999999822e+00
2.966000000000000192e+00
2.322000000000000064e+00
2.705999999999999961e+00
2.470000000000000195e+00
2.451999999999999957e+00
2.418000000000000149e+00
2.499000000000000110e+00
2.444999999999999840e+00
2.190999999999999837e+00
2.241999999999999993e+00
2.572999999999999954e+00
2.101999999999999869e+00
2.436999999999999833e+00
2.245000000000000107e+00
2.342000000000000082e+00
2.596000000000000085e+00
2.778000000000000025e+00
2.201999999999999957e+00
2.726999999999999869e+00
2.270000000000000018e+00
2.553999999999999826e+00
2.633999999999999897e+00
2.423999999999999932e+00
3.164000000000000146e+00
2.327999999999999847e+00
2.641999999999999904e+00
2.404999999999999805e+00
2.528000000000000025e+00
2.873000000000000220e+00
2.444999999999999840e+00
2.391000000000000014e+00
2.379999999999999893e+00
2.056999999999999940e+00
2.511000000000000121e+00
2.234999999999999876e+00
2.253000000000000114e+00
2.543000000000000149e+00
