1.293171489281428244e+01
1.391626142883220574e+01
1.525697076047935674e+01
1.342116019115874437e+01
1.521440771093058686e+01
1.377716794815388468e+01
1.343393862866663113e+01
1.381270237066146400e+01
1.363699221347051171e+01
1.356586182162102006e+01
1.277115697717759879e+01
1.391626142883220574e+01
1.344439185445237506e+01
1.325080799400085318e+01
1.315027554076587890e+01
1.310345762501477829e+01
1.309281264991215643e+01
1.231092038927362431e+01
1.375255030896891739e+01
1.329883154074080309e+01
1.344267487727923260e+01
1.231092038927362431e+01
1.522334941775523731e+01
1.253666082079002386e+01
1.295663048773373660e+01
1.306798222084582406e+01
1.360298223995654432e+01
1.523061498339512809e+01
1.302450203083985336e+01
1.525697076047935674e+01
1.312442596029805131e+01
1.369667423054639244e+01
1.377716794815388468e+01
1.515934331851237005e+01
1.516832523439277480e+01
1.277115697717759879e+01
1.375255030896891739e+01
1.529409117881488100e+01
1.530282750676232695e+01
1.362496986465657400e+01
1.382492672329852290e+01
1.365955381221086995e+01
1.329883154074080309e+01
1.525697076047935674e+01
1.313751732332889333e+01
1.314076918845078090e+01
1.529409117881488100e+01
1.369667423054639244e+01
1.357331473791237464e+01
1.360298223995654432e+01
1.377716794815388468e+01
1.365955381221086995e+01
1.294881941463820851e+01
1.520404938413800622e+01
1.357331473791237464e+01
1.343393862866663113e+01
1.258643442866127415e+01
1.381939185499233602e+01
1.295663048773373660e+01
1.338519613452628576e+01
1.307461855703214049e+01
1.349629802551736546e+01
1.315407041177802228e+01
1.257378123912554813e+01
1.234599409768382117e+01
1.264231050708379556e+01
1.339300466454178817e+01
1.346534206344181683e+01
1.395338184716773000e+01
1.363699221347051171e+01
1.356586182162102006e+01
1.371542989063339135e+01
1.347721770627243210e+01
1.330932934048853866e+01
1.340042910387420605e+01
1.377278276924547740e+01
1.526773540173065236e+01
1.375501731289300800e+01
1.234599409768382117e+01
1.395377319339232614e+01
1.295663048773373660e+01
1.392913770653420080e+01
1.303426590451152478e+01
1.347597161012734368e+01
1.357570202454930985e+01
1.521440771093058686e+01
1.523061498339512809e+01
1.349840570806937556e+01
1.516940378013318025e+01
1.371247907262167587e+01
1.520404938413800622e+01
1.352303229011137375e+01
1.371092717618773449e+01
1.242125821509340078e+01
1.364632148176475646e+01
1.303688776833880780e+01
1.356586182162102006e+01
1.377716794815388468e+01
1.344924597787187537e+01
1.386298959464991398e+01
1.365955381221086995e+01
1.351819001058379222e+01
1.343817878389211273e+01
1.301731708359311135e+01
1.348543194853276717e+01
1.531757672079838528e+01
1.375255030896891739e+01
1.343091976385234432e+01
1.284314204528260994e+01
1.377716794815388468e+01
1.515934331851237005e+01
1.356187649992699917e+01
1.360978020433961966e+01
1.331157382474084194e+01
1.365955381221086995e+01
1.531153854633692291e+01
1.270404856460428888e+01
1.363699221347051171e+01
1.339690365389066073e+01
1.336968188981685479e+01
1.294931448734422652e+01
1.532022380383914673e+01
1.249274243807142426e+01
1.314198839905494687e+01
1.302761267793550459e+01
1.358929212827988842e+01
1.342979219211601105e+01
1.375765379747184269e+01
1.365955381221086995e+01
1.529409117881488100e+01
1.346060378991398565e+01
1.364934314350760403e+01
1.294729050517995006e+01
1.377716794815388468e+01
1.347979529561475687e+01
1.343051022074246958e+01
1.377716794815388468e+01
1.295663048773373660e+01
1.368114623875452374e+01
1.371542989063339135e+01
1.402703339479057298e+01
1.402317556662330489e+01
1.235036398802886382e+01
1.298791350192974114e+01
1.325229501158866618e+01
1.530282750676232695e+01
1.299976735000328354e+01
1.305327367310225561e+01
1.360387443130812812e+01
1.367411263180603420e+01
1.373457286257116650e+01
1.388139677906271707e+01
1.349386995937951106e+01
1.518746245698889297e+01
1.342410798248077874e+01
1.329982006785391668e+01
1.336933178541707257e+01
1.312290083941841523e+01
1.342700200370143016e+01
1.369667423054639244e+01
1.381428836648940894e+01
1.352749538080538017e+01
1.529176236723395554e+01
1.277115697717759879e+01
1.388139677906271707e+01
1.527654463259952422e+01
1.337590082298572902e+01
1.361282244288483412e+01
1.371247907262167587e+01
1.375639745534027547e+01
1.345658699898437760e+01
1.524820963785858119e+01
1.369667423054639244e+01
1.364690062267514392e+01
1.356476473675981254e+01
1.345658699898437760e+01
1.343958782238231464e+01
1.332937248652839202e+01
1.527654463259952422e+01
1.530282750676232695e+01
1.518622899941971305e+01
1.354923818943598768e+01
1.523227027950272472e+01
1.277115697717759879e+01
1.280827739551312128e+01
1.340832739153216835e+01
1.388666478081901623e+01
1.351819001058379222e+01
1.519646373684789431e+01
1.350332561021970257e+01
1.291086208448093231e+01
1.360978020433961966e+01
1.351500560234170578e+01
1.270404856460428888e+01
1.239308580833458251e+01
1.533751499782839645e+01
1.337281952784764094e+01
1.299976735000328354e+01
1.395377319339232614e+01
1.360978020433961966e+01
1.401151211729197321e+01
1.535469713913390954e+01
1.316471130613345686e+01
1.293122259350810133e+01
1.354600377632492503e+01
1.323966572032956357e+01
1.252986285640694852e+01
1.360978020433961966e+01
1.295663048773373660e+01
1.377716794815388468e+01
1.347824870479654003e+01
1.384427636072719459e+01
1.338908978478148448e+01
1.231092038927362431e+01
1.524820963785858119e+01
1.340645220375259683e+01
1.375255030896891739e+01
1.361883942611648024e+01
1.527441812800139864e+01
1.307711682310007895e+01
1.371247907262167587e+01
1.302459284434914544e+01
1.317128990128035149e+01
1.398095799585243526e+01
1.360978020433961966e+01
1.342412062026187769e+01
1.375255030896891739e+01
1.312442596029805131e+01
1.277115697717759879e+01
1.381428836648940894e+01
1.363699221347051171e+01
1.342348337157845961e+01
1.364690062267514392e+01
1.364690062267514392e+01
1.379402454220461927e+01
1.355252326943408647e+01
1.304718408779876704e+01
1.377716794815388468e+01
1.291951006939821056e+01
1.382492672329852290e+01
1.344797767651392562e+01
1.288026246361813421e+01
1.361282244288483412e+01
1.362933197187779655e+01
1.342979219211601105e+01
1.388139677906271707e+01
1.531153854633692291e+01
1.365955381221086995e+01
1.384427636072719459e+01
1.319737299942175035e+01
1.377716794815388468e+01
1.302152657186029217e+01
1.361282244288483412e+01
1.363699221347051171e+01
1.517844230685081541e+01
1.354034392828039479e+01
1.343490117524385852e+01
1.518622899941971305e+01
1.376937394038265694e+01
1.343144086568506701e+01
1.515934331851237005e+01
1.402974987128333240e+01
1.384427636072719459e+01
1.304881387452580377e+01
1.357010062257911720e+01
1.386583323163461223e+01
1.530282750676232695e+01
1.525004749296813422e+01
1.307549649086037569e+01
1.533751499782839645e+01
1.348489878411768395e+01
1.360978020433961966e+01
1.519646373684789431e+01
1.302556394783594662e+01
1.371247907262167587e+01
1.388273884292402727e+01
1.249274243807142426e+01
1.311220943644807058e+01
1.377716794815388468e+01
1.524116980247353226e+01
1.350089638405285086e+01
1.368114623875452374e+01
1.298728461643811904e+01
1.303814742734197729e+01
1.238748440636438986e+01
1.249274243807142426e+01
1.340645220375259683e+01
1.295663048773373660e+01
1.415953261235767791e+01
1.364520614679499566e+01
1.329883154074080309e+01
1.376357186681016564e+01
1.291951006939821056e+01
1.526773540173065236e+01
1.333569910951211490e+01
1.349437759864299657e+01
1.355494464253282239e+01
1.522178243895149308e+01
1.342415585393476185e+01
1.365955381221086995e+01
1.320924138905667000e+01
1.249149641559130686e+01
1.372339411238568729e+01
1.527654463259952422e+01
1.293765857583617951e+01
1.348924803726234956e+01
1.388666478081901623e+01
1.365955381221086995e+01
1.347869955686037535e+01
1.340070163360597277e+01
1.532022380383914673e+01
1.361778472967759157e+01
1.356187649992699917e+01
1.360978020433961966e+01
1.405687412054371244e+01
1.270404856460428888e+01
1.313077756186431344e+01
1.345658699898437760e+01
1.267943092541932160e+01
1.257378123912554813e+01
1.364690062267514392e+01
1.365955381221086995e+01
1.345951411965719480e+01
1.382492672329852290e+01
1.376905064487600150e+01
1.232378427034106494e+01
1.357570202454930985e+01
1.369652822955771043e+01
1.361282244288483412e+01
1.371542989063339135e+01
1.369667423054639244e+01
1.360387443130812812e+01
1.267943092541932160e+01
1.277115697717759879e+01
1.361408339638623133e+01
1.342979219211601105e+01
1.395338184716773000e+01
1.361778472967759157e+01
1.382492672329852290e+01
1.264231050708379556e+01
1.310728311477554264e+01
1.512322695219999069e+01
1.252986285640694852e+01
1.365955381221086995e+01
1.524116980247353226e+01
1.531153854633692291e+01
1.329982006785391668e+01
1.258643442866127415e+01
1.338403977282322010e+01
1.280827739551312128e+01
1.231092038927362431e+01
1.327693626474443889e+01
1.347135752094198402e+01
1.346620519188417830e+01
1.355349669857813844e+01
1.342348337157845961e+01
1.353251332485691805e+01
1.527654463259952422e+01
1.364099484964365239e+01
1.349437759864299657e+01
1.509595536312200181e+01
1.340645220375259683e+01
1.356586182162102006e+01
1.519514986116720223e+01
1.234804080760914857e+01
1.351383892696638256e+01
1.343247197880355870e+01
1.245837863342892504e+01
1.516940378013318025e+01
1.298081957946398113e+01
1.236955549372963681e+01
1.288026246361813421e+01
1.365955381221086995e+01
1.270404856460428888e+01
1.342815445019419052e+01
1.343917841155016291e+01
1.354253396493622574e+01
1.384427636072719459e+01
1.343144086568506701e+01
1.525697076047935674e+01
1.322872554927756994e+01
1.377716794815388468e+01
1.349370741731990186e+01
1.332555591095870007e+01
1.249274243807142426e+01
1.291951006939821056e+01
1.284314204528260994e+01
1.342348337157845961e+01
1.371542989063339135e+01
1.529176236723395554e+01
1.231663507300956262e+01
1.356971928764383151e+01
1.249274243807142426e+01
1.377716794815388468e+01
1.383239970748744696e+01
1.349629802551736546e+01
1.525004749296813422e+01
1.360978020433961966e+01
1.389616447503486008e+01
1.525697076047935674e+01
1.346236294541928658e+01
1.525004749296813422e+01
1.384427636072719459e+01
1.384371923503485924e+01
1.519646373684789431e+01
1.356461579914090265e+01
1.513307578145752608e+01
1.376905064487600150e+01
1.344733762537030586e+01
1.523942421426399996e+01
1.288026246361813421e+01
1.284314204528260994e+01
1.306373354557419297e+01
1.308553725502899745e+01
1.388139677906271707e+01
1.519514986116720223e+01
1.317131591261969881e+01
1.531757672079838528e+01
1.381428836648940894e+01
1.303688776833880780e+01
1.398853423776881044e+01
1.245837863342892504e+01
1.532022380383914673e+01
1.326171112240527883e+01
1.523227027950272472e+01
1.524820963785858119e+01
1.411000715188840360e+01
1.366645239021332081e+01
1.522334941775523731e+01
1.361818293663303336e+01
1.332902433229631178e+01
1.356015270844689802e+01
1.388666478081901623e+01
1.277115697717759879e+01
1.335679935201162927e+01
1.353058109916138818e+01
