1.288000000000000114e+02
4.741000000000000227e+02
3.366999999999999886e+02
5.248999999999999773e+02
3.183999999999999773e+02
3.346000000000000227e+02
1.960000000000000000e+02
1.080599999999999909e+03
1.814000000000000057e+02
2.698000000000000114e+02
2.525999999999999943e+02
2.349000000000000057e+02
1.933000000000000114e+02
1.920000000000000000e+02
4.296000000000000227e+02
3.176000000000000227e+02
4.051000000000000227e+02
1.406999999999999886e+02
5.116999999999999886e+02
5.320000000000000000e+02
4.985000000000000000e+02
2.603999999999999773e+02
6.038999999999999773e+02
4.540000000000000000e+02
1.428000000000000114e+02
2.993999999999999773e+02
2.385999999999999943e+02
2.781000000000000227e+02
5.567000000000000455e+02
4.398999999999999773e+02
4.553999999999999773e+02
3.335000000000000000e+02
3.726999999999999886e+02
4.398999999999999773e+02
2.566999999999999886e+02
3.680000000000000000e+02
2.425999999999999943e+02
2.603999999999999773e+02
4.938999999999999773e+02
4.075000000000000000e+02
4.083999999999999773e+02
3.463999999999999773e+02
1.398200000000000045e+03
2.566999999999999886e+02
3.970000000000000000e+02
4.896000000000000227e+02
6.105000000000000000e+02
3.546000000000000227e+02
4.076999999999999886e+02
2.601999999999999886e+02
3.021000000000000227e+02
3.183999999999999773e+02
3.115000000000000000e+02
8.250000000000000000e+01
2.646999999999999886e+02
3.171999999999999886e+02
3.338999999999999773e+02
4.031000000000000227e+02
4.551000000000000227e+02
4.656999999999999886e+02
4.086000000000000227e+02
2.748000000000000114e+02
3.231999999999999886e+02
3.691999999999999886e+02
2.330000000000000000e+02
2.861000000000000227e+02
2.785000000000000000e+02
3.228000000000000114e+02
4.541000000000000227e+02
2.181999999999999886e+02
3.253000000000000114e+02
5.217000000000000455e+02
2.930000000000000000e+02
3.258000000000000114e+02
1.569000000000000057e+02
3.520000000000000000e+02
2.438000000000000114e+02
2.561900000000000091e+03
3.178000000000000114e+02
2.025999999999999943e+02
2.608000000000000114e+02
2.061999999999999886e+02
6.022999999999999545e+02
2.170000000000000000e+02
3.623000000000000114e+02
1.906999999999999886e+02
3.936999999999999886e+02
3.270000000000000000e+02
4.150000000000000000e+02
3.126999999999999886e+02
2.793000000000000114e+02
3.368999999999999773e+02
3.808000000000000114e+02
3.333999999999999773e+02
3.451000000000000227e+02
1.230999999999999943e+02
4.116999999999999886e+02
2.441999999999999886e+02
2.873000000000000114e+02
8.359999999999999432e+01
6.227000000000000455e+02
7.310000000000000000e+02
1.926999999999999886e+02
3.811999999999999886e+02
3.353000000000000114e+02
2.648999999999999773e+02
3.408999999999999773e+02
1.853000000000000114e+02
6.139999999999999858e+01
3.368000000000000114e+02
2.435000000000000000e+02
1.713000000000000114e+02
2.938000000000000114e+02
2.916999999999999886e+02
4.043999999999999773e+02
4.506999999999999886e+02
2.316999999999999886e+02
3.385000000000000000e+02
5.397999999999999545e+02
2.549000000000000057e+02
2.133000000000000114e+02
4.663999999999999773e+02
4.576000000000000227e+02
8.310000000000000000e+02
3.346999999999999886e+02
1.025900000000000091e+03
3.911999999999999886e+02
1.476999999999999886e+02
2.648000000000000114e+02
1.993000000000000114e+02
9.502999999999999545e+02
2.500999999999999943e+02
2.374000000000000057e+02
2.713999999999999773e+02
5.066000000000000227e+02
1.869000000000000057e+02
1.574000000000000057e+02
3.726000000000000227e+02
1.630000000000000000e+02
4.195000000000000000e+02
2.936999999999999886e+02
5.302000000000000455e+02
4.293999999999999773e+02
2.118000000000000114e+02
6.707999999999999545e+02
3.183999999999999773e+02
4.148000000000000114e+02
2.031999999999999886e+02
1.325999999999999943e+02
3.715000000000000000e+02
3.435000000000000000e+02
5.341000000000000227e+02
3.268999999999999773e+02
3.303999999999999773e+02
2.886999999999999886e+02
3.983000000000000114e+02
5.360000000000000000e+02
2.601000000000000227e+02
5.106999999999999886e+02
3.211999999999999886e+02
6.792999999999999545e+02
4.335000000000000000e+02
2.913999999999999773e+02
4.133000000000000114e+02
3.455000000000000000e+02
3.303999999999999773e+02
2.524000000000000057e+02
2.598000000000000114e+02
4.666000000000000227e+02
4.256999999999999886e+02
1.803000000000000114e+02
2.315999999999999943e+02
3.923000000000000114e+02
4.726000000000000227e+02
3.233000000000000114e+02
1.964000000000000057e+02
6.923999999999999773e+02
1.565000000000000000e+02
4.150000000000000000e+02
2.736999999999999886e+02
1.678000000000000114e+02
1.941999999999999886e+02
3.511999999999999886e+02
1.508000000000000114e+02
2.998999999999999773e+02
9.490000000000000000e+02
2.109000000000000057e+02
4.025000000000000000e+02
6.105000000000000000e+02
3.868000000000000114e+02
5.839999999999999858e+01
3.786000000000000227e+02
2.996999999999999886e+02
3.961999999999999886e+02
2.716000000000000227e+02
2.263000000000000114e+02
4.425000000000000000e+02
3.243000000000000114e+02
3.421000000000000227e+02
3.348999999999999773e+02
3.733000000000000114e+02
4.583000000000000114e+02
2.373000000000000114e+02
2.225999999999999943e+02
3.610000000000000000e+02
2.745000000000000000e+02
1.583000000000000114e+02
2.060999999999999943e+02
3.326999999999999886e+02
1.963000000000000114e+02
2.536999999999999886e+02
3.613999999999999773e+02
5.106000000000000227e+02
8.240000000000000568e+01
2.285000000000000000e+02
8.388999999999999773e+02
4.858999999999999773e+02
1.598000000000000114e+02
4.343999999999999773e+02
2.194000000000000057e+02
1.841999999999999886e+02
3.021000000000000227e+02
8.742000000000000455e+02
3.658000000000000114e+02
3.366999999999999886e+02
2.191999999999999886e+02
8.173999999999999773e+02
5.990000000000000000e+02
2.960000000000000000e+02
6.666000000000000227e+02
1.820000000000000000e+02
5.110000000000000000e+02
3.701000000000000227e+02
4.978000000000000114e+02
2.888999999999999773e+02
2.581000000000000227e+02
3.808999999999999773e+02
5.342999999999999545e+02
2.229000000000000057e+02
2.626999999999999886e+02
2.148000000000000114e+02
3.175000000000000000e+02
1.855000000000000000e+02
2.369000000000000057e+02
2.364000000000000057e+02
4.001999999999999886e+02
4.016999999999999886e+02
3.213000000000000114e+02
5.893999999999999773e+02
3.076999999999999886e+02
3.141999999999999886e+02
4.730000000000000000e+02
2.823999999999999773e+02
2.841999999999999886e+02
2.548000000000000114e+02
3.031000000000000227e+02
1.960999999999999943e+02
2.913999999999999773e+02
3.996999999999999886e+02
1.705999999999999943e+02
2.285000000000000000e+02
4.843999999999999773e+02
4.081000000000000227e+02
3.010000000000000000e+02
3.270000000000000000e+02
1.494000000000000057e+02
2.060999999999999943e+02
4.583000000000000114e+02
3.766000000000000227e+02
6.038999999999999773e+02
3.371000000000000227e+02
2.576000000000000227e+02
3.615000000000000000e+02
7.551000000000000227e+02
1.650999999999999943e+02
1.935999999999999943e+02
2.419000000000000057e+02
1.265999999999999943e+02
5.577000000000000455e+02
2.290000000000000000e+02
4.426999999999999886e+02
2.505999999999999943e+02
3.128000000000000114e+02
2.598000000000000114e+02
4.353999999999999773e+02
1.836999999999999886e+02
5.640000000000000000e+02
4.093000000000000114e+02
2.291999999999999886e+02
1.554000000000000057e+02
9.696000000000000227e+02
2.648999999999999773e+02
3.233000000000000114e+02
2.548000000000000114e+02
3.335000000000000000e+02
3.213000000000000114e+02
1.348000000000000114e+02
2.205999999999999943e+02
8.283999999999999773e+02
3.015000000000000000e+02
6.681000000000000227e+02
2.131999999999999886e+02
1.874000000000000057e+02
3.633999999999999773e+02
1.329000000000000057e+02
3.476999999999999886e+02
4.520000000000000000e+02
6.222999999999999545e+02
4.091999999999999886e+02
3.308999999999999773e+02
2.638000000000000114e+02
2.470000000000000000e+02
9.990000000000000568e+01
4.141000000000000227e+02
1.780999999999999943e+02
2.598000000000000114e+02
2.856000000000000227e+02
5.098999999999999773e+02
1.242000000000000028e+02
1.536999999999999886e+02
3.693999999999999773e+02
3.103999999999999773e+02
2.863999999999999773e+02
2.038000000000000114e+02
4.683999999999999773e+02
2.953999999999999773e+02
2.021999999999999886e+02
3.390000000000000000e+02
6.717000000000000455e+02
1.540000000000000000e+02
4.433999999999999773e+02
2.571999999999999886e+02
2.408000000000000114e+02
3.706999999999999886e+02
2.551999999999999886e+02
4.358999999999999773e+02
4.050000000000000000e+02
2.244000000000000057e+02
3.473999999999999773e+02
2.105999999999999943e+02
3.051000000000000227e+02
2.793000000000000114e+02
3.403999999999999773e+02
4.193000000000000114e+02
1.939000000000000057e+02
3.615000000000000000e+02
1.047099999999999909e+03
3.001000000000000227e+02
5.538999999999999773e+02
3.066000000000000227e+02
6.452999999999999545e+02
2.529000000000000057e+02
2.928000000000000114e+02
4.296000000000000227e+02
1.888000000000000114e+02
3.153999999999999773e+02
1.765999999999999943e+02
2.808000000000000114e+02
6.300000000000000000e+02
3.416999999999999886e+02
8.250000000000000000e+01
5.265000000000000000e+02
2.935000000000000000e+02
4.278000000000000114e+02
4.463000000000000114e+02
4.828000000000000114e+02
2.936000000000000227e+02
3.868999999999999773e+02
3.633999999999999773e+02
3.308000000000000114e+02
4.581999999999999886e+02
3.123000000000000114e+02
5.245000000000000000e+02
3.818000000000000114e+02
2.448000000000000114e+02
4.808999999999999773e+02
4.015000000000000000e+02
4.915000000000000000e+02
3.428999999999999773e+02
2.435000000000000000e+02
3.371000000000000227e+02
3.448000000000000114e+02
1.367400000000000091e+03
4.138000000000000114e+02
3.708999999999999773e+02
3.458000000000000114e+02
3.901000000000000227e+02
4.168000000000000114e+02
3.556000000000000227e+02
3.363999999999999773e+02
1.257000000000000028e+02
2.683999999999999773e+02
3.601999999999999886e+02
2.838999999999999773e+02
3.138999999999999773e+02
1.508000000000000114e+02
3.671999999999999886e+02
1.438000000000000114e+02
2.858000000000000114e+02
2.345999999999999943e+02
2.135999999999999943e+02
5.978999999999999773e+02
2.606999999999999886e+02
2.001999999999999886e+02
4.016999999999999886e+02
7.537999999999999545e+02
1.664000000000000057e+02
2.838000000000000114e+02
1.267999999999999972e+02
2.298000000000000114e+02
4.783000000000000114e+02
1.135000000000000000e+02
6.823999999999999773e+02
3.723999999999999773e+02
5.051000000000000227e+02
1.659000000000000057e+02
2.214000000000000057e+02
2.205999999999999943e+02
2.070000000000000000e+02
2.940000000000000000e+02
3.598000000000000114e+02
1.710999999999999943e+02
3.238000000000000114e+02
6.706000000000000227e+02
3.481999999999999886e+02
4.391000000000000227e+02
2.218000000000000114e+02
4.825000000000000000e+02
1.664000000000000057e+02
2.455999999999999943e+02
3.183999999999999773e+02
3.190000000000000000e+02
2.485000000000000000e+02
8.900000000000000000e+01
2.059000000000000057e+02
4.275000000000000000e+02
