-1.665742718958390878e+00
1.072097891590382490e+00
8.001084406722023257e-01
5.508212999908091989e-01
1.180651683556555032e-01
-7.141513172287555777e-02
-6.781069480658745707e-01
3.339564283707268100e+00
-4.711330904259391494e-01
-7.900806094614318820e-01
-9.483134643547623532e-02
-1.130626664747507837e+00
-7.092815509907488547e-01
-1.271342548825907137e+00
6.359910559061320301e-01
-1.115558458418802190e-01
4.803734219090997626e-01
-1.254649202283914855e+00
5.479791253350083657e-01
4.438090948594856228e-02
1.125028127346161755e+00
-1.062521564747573172e-01
1.717637641106979363e+00
1.021891570808946215e+00
-1.590894263609470505e+00
-2.597713187847343064e-01
-1.890812701091340253e+00
3.440206866799308538e-01
1.265180663054821464e+00
1.460579923788219547e+00
-3.899720889447000904e-01
-8.351348481042087935e-01
2.685069694075860047e-01
1.481464006861871852e+00
1.657409637898840382e-01
6.371324111250924460e-01
-1.804945535697289660e+00
-3.829926450191737386e-01
1.186074096852878901e+00
1.218456938379844035e+00
5.702485288698661003e-01
9.039739784273963241e-03
1.405602240021011529e+00
1.465165465677966683e-01
4.385382466770847976e-01
1.527951872563861002e+00
1.729923936776520899e+00
-6.422374562614470150e-01
1.210140567689940827e+00
-1.626268722013762158e+00
-3.903637996971944246e-01
-2.551248783866968406e-01
3.818088845002932108e-01
-2.412534894802703000e+00
9.759802851481970409e-02
5.309581338651061522e-01
4.177567551272403645e-01
1.228089860641178532e+00
6.290648319677191180e-01
8.804603322388427911e-01
4.984254022786356875e-01
-4.251260753293249484e-01
-6.026419981888749000e-02
1.549762201237784853e-01
-7.737244977466377627e-01
1.252812093907366697e-01
-3.733791378769312774e-01
5.386364249553683425e-01
2.077135082695253931e-01
-2.447825328909669917e-01
-2.099345628500546013e-01
1.336203636108689974e+00
-2.375420655271552051e-01
5.552375671996231388e-01
-1.138251470934463105e+00
8.120938567239324168e-01
-5.331850613683604134e-01
5.939209292280103192e+00
-1.762274634654741323e-01
-3.054820593345127788e-01
-4.664729672253555282e-01
-4.568887181092399219e-01
2.034756462892501894e+00
-4.729586761068939604e-01
3.908210381865501737e-01
-1.097364705345903468e+00
1.190728551198277474e+00
2.505820382827051440e-01
7.772135264497130880e-01
-8.630709069333000749e-02
3.601790523877803629e-01
6.883097058644684074e-02
9.974288937479188766e-01
3.911892777687015488e-01
7.488663413415795889e-01
-1.848973417770636063e+00
5.350517676675198286e-01
-1.044997054683197923e+00
2.819937235988925761e-01
-3.217346830020423543e+00
1.906629911155782064e+00
7.510964606448905512e-01
-7.185237583133312622e-01
3.176504189584174465e-01
6.552613547107618563e-01
2.050130980969855077e-01
-7.527859047517374558e-01
-8.299357968185685497e-01
-2.629873332663811070e+00
-5.085499365039990172e-02
4.208703230639375403e-02
-1.585083337274322934e+00
-5.169430813558549831e-01
2.896412155638936059e-01
4.996953992406373835e-01
9.533076844047946308e-01
-2.692943368897828815e-01
3.087043781001033160e-01
1.373586072869948049e+00
-2.074613549310534016e-02
-5.145390951594321916e-01
1.037014563657074451e+00
1.031533690441663875e+00
2.325387155153713525e+00
2.092371372531385935e-03
1.508685168531617160e+00
1.441672205897874814e-01
-1.302155185008647686e+00
-8.257399171818411432e-01
-1.012482758801148020e+00
2.564475413615924015e+00
-6.343929056515862364e-01
-8.314980360137875781e-01
-7.216667885972911645e-01
4.525902559484170085e-01
-7.959369299422678345e-01
-2.357388328905338781e+00
2.289271399675008034e-01
-1.079924432504835385e+00
6.304032417339029415e-01
4.480689062342599893e-01
1.285812492699050624e+00
8.834514445284967765e-01
-5.243772541159326117e-01
1.784968899731953274e+00
9.835382313145403510e-02
9.062544113734554152e-01
-1.176143093355872971e+00
-8.498952630729960100e-01
1.319015044207330345e-01
7.943067118660395165e-01
7.190748554550130400e-01
5.951635200868077291e-01
2.129842299943119355e-01
2.836537595182085369e-01
6.219849531971830686e-03
4.861311128893080480e-01
-5.855621063515366043e-01
1.778294617457351290e+00
-9.527528588460515424e-01
1.500832087544452076e+00
6.918315008593650672e-01
4.408755542779047021e-01
8.681860999769354104e-01
-6.797324683493919384e-01
1.947226843462276924e-01
-6.099508531466886208e-01
-3.299886868608519208e-01
4.343287046950999319e-01
3.173824239539937975e-01
-7.971507261436775460e-01
-9.504015729735505735e-02
-3.221206120836911380e-01
2.642445271656898576e-01
2.513870559698158993e-03
-6.928523823536567594e-01
1.901291017360841717e+00
-1.156614464119377184e+00
7.558627487094583541e-01
-2.662329273898576543e-01
-8.302817083239837359e-01
-6.779106760771836937e-01
3.535515123900975221e-01
-1.058747907724530535e+00
-2.175931708767320227e-01
3.280864427011954909e+00
-2.626527033896352004e-01
-5.167148888037784160e-02
1.750808019850176089e+00
-4.110181031617449188e-01
-3.374948502656038851e+00
2.781642793137533709e-01
-1.771159113978922617e-01
7.738077822784040771e-01
-1.099319902107116081e-02
-7.267613975331513876e-01
-1.077668832601056670e-01
4.191935972310626424e-01
3.529648894291916306e-01
-1.087430531180976767e-01
1.063466718530649224e+00
9.832785978449153363e-01
-2.271618746225091690e-01
-4.181554580209609351e-01
8.872682465271993779e-01
-4.361062065055530956e-01
-1.464813709170177836e+00
-1.598068938116094406e+00
5.651769753408121544e-03
-1.703816817033597664e+00
-6.308680081009735430e-01
1.870720757697480474e-01
1.112393352765088661e+00
-2.204751937441664200e+00
-1.267884389536373946e-01
8.043365003599391994e-01
3.794789427874034615e-01
-1.628227530483977503e+00
1.424685665577986260e+00
-9.936768054411825313e-01
-7.459284988971562891e-01
3.210906065931252718e-01
5.626752340958455223e-01
1.005160253606400378e+00
-9.192568273869961004e-02
-4.087545196960973848e-01
2.112745506021713293e+00
-2.266118632703899988e-02
2.105060725599200988e-01
1.437546958765885785e+00
-4.671187994750031769e-01
1.201325570133022547e+00
-5.187759809994805238e-01
4.329909981236155225e-01
3.620675491440967231e-01
3.012098703352610041e-02
8.876833018306844458e-01
1.429310512126643173e+00
-3.119374747706577522e-01
4.444114492843746593e-03
-4.483588963559483331e-01
-9.621755649080712680e-02
-7.464484008673112347e-01
-1.707087224372616230e-01
-4.973331270800759873e-01
-2.142061103400892674e-01
6.662754037942950625e-01
-2.268072220671848993e-01
1.768606641359750542e+00
3.965424093281835205e-01
-2.681337990030353557e-01
8.533368437672587126e-01
-2.248957436373225649e-01
8.565079242789834513e-02
-4.106731424017620036e-01
-3.892937983735627605e-01
-6.937045349672806838e-01
4.657190323171020996e-01
1.123139969250546377e+00
-1.031686303837788588e+00
-1.080472882569200183e-01
4.334375524142441427e-01
5.731703083467319937e-01
-2.502977252233595795e-01
-4.216091534299393206e-02
-1.253276591846680832e+00
-9.365212481502430686e-01
1.009927741956768266e+00
8.648409599292666838e-01
1.690395866890384458e+00
6.987370749033812167e-01
-9.219683229898404386e-01
4.313632948249223054e-01
2.052652152215582504e+00
-8.785308651352833342e-01
-1.224508820568656287e+00
-2.188292008932869459e-01
-1.672629289814795639e+00
1.570139496135151802e+00
-6.752521525783258260e-01
1.414263883115117082e+00
-1.990885942431169786e-02
-1.683291547768860918e-01
-3.631612380994300032e-02
4.578341693929062206e-01
-7.365634570464746345e-01
2.577463571201745740e-01
4.159234482296761959e-01
-7.522047295583043081e-01
-1.805386973105238990e+00
8.743596979069580000e-01
1.361414675300696153e-01
4.030324202494525720e-01
-4.284587444779485166e-01
-1.788589645333456268e-01
-2.645791364826471370e-01
-1.135465266292201125e+00
-2.033731121196665770e-01
3.105044844988224639e+00
-4.249603463273844417e-01
2.333806445401652496e+00
-9.168893787048962851e-01
-7.322597541100076546e-01
4.275917911351952982e-01
-1.594836735902079639e+00
7.795861772238803500e-01
7.097858467249432701e-01
1.904491593462564358e+00
1.202513155011966539e+00
-1.083289754354509471e-01
-3.587995578102390892e-01
-6.715629810666334798e-01
-2.864935406160640241e+00
5.637350099286179139e-01
-7.771428259554510332e-01
-5.101566621419357378e-02
-3.616537766768684325e-01
5.272693926476239579e-01
-1.883152572600407026e+00
-1.512526170715162932e+00
-5.247692452385797068e-01
-3.344735940196964519e-01
-2.950329286116640803e-01
-3.108955916461466074e-01
7.453273041441050850e-01
1.407102912446727416e-01
-3.441037313764316319e-01
7.527169525574083364e-01
9.168194983273606491e-01
-2.436283845241411505e+00
6.993896342789834852e-02
-4.310331114916120948e-02
-6.589455595860952419e-01
6.516073814752244564e-01
-5.901836862283214025e-01
2.859357320748546205e-01
-1.596514890204637771e-01
-9.112749804821669297e-01
3.601064943376625638e-01
-4.590098510036056956e-01
-2.075733827644141161e-01
3.751270294820704954e-01
-1.153887634157570868e-02
6.154065555503532847e-01
-1.064182438808960907e+00
4.060419594554899869e-01
1.329371429367193658e+00
2.094421599650754251e-01
1.452267132055733878e+00
-1.746381405960721056e-01
1.709471052627791643e+00
-6.234915241097684913e-01
-2.401612621473330211e-01
6.492576369208973297e-01
-1.256967653439179600e+00
-3.383546295049511543e-01
-1.413586891379739585e+00
-1.984371767006684051e-01
8.316210314525950276e-01
-7.168872065258607984e-02
-2.393424708486675101e+00
1.651669845365322797e-01
-5.301986021328544130e-01
1.404859110634573582e+00
4.993247362769586140e-01
1.044072968578003691e+00
3.326965800375548121e-01
2.316033690832322300e-01
4.489425688754499766e-01
-3.428707811895000818e-02
1.017027636879612729e+00
-1.284338945913791608e-01
1.340248718914857973e+00
7.001425328926345060e-01
-1.384472452521589014e-01
9.704125058458565878e-01
5.386542790637875999e-01
1.172617897523738018e+00
7.171029108426559828e-01
2.120294923274149840e-02
5.551284788011833643e-02
2.289648523478323566e-02
1.615474258541621966e+00
1.142926987173354725e+00
6.112685617603241806e-01
5.350219448374364806e-01
7.632162043534019835e-01
5.425662633659142919e-01
1.050859138222786926e-01
7.888551250979932705e-01
-1.467117306364729368e+00
1.320071345447036970e-01
5.533612905818404704e-01
-5.828564380179980242e-01
5.817097572826175345e-01
-1.905191844096538523e+00
4.591458430799883472e-01
-2.661354645988400325e+00
-2.488578170270056289e-01
-6.682505245008783790e-02
-4.591685390300559999e-01
1.686349527916627178e+00
-8.292184007879839225e-01
-1.149806749836146613e+00
6.915967391637274364e-01
1.793052134523922758e+00
-1.397592758400779456e+00
9.633597640913919846e-02
-1.753009820852747369e+00
-1.113342473764133145e-01
7.193507856637032516e-01
-1.561236282567440403e+00
2.362042739126158253e+00
2.721777402531310730e-01
5.365348559535665363e-01
-8.581600093829693243e-01
-9.556262828591931546e-01
-2.280770242368168055e-01
-2.269824247482477464e+00
-2.253296715968419739e-01
9.635381843146174630e-01
-1.331687315881100009e+00
1.346616422555373394e-01
6.556809284445712649e-01
3.325489942742320126e-01
1.458169485819279521e+00
-1.996632200950620994e+00
1.070497311217227576e+00
-1.413053564768584902e+00
-6.905192823866886098e-02
-6.386214660092549844e-02
-2.981343707675799815e-01
-5.907369614221124471e-02
-2.000847773871865520e+00
-1.090059881977386125e+00
1.327265878410118338e+00
