1.919000000000000039e+00
2.388999999999999790e+00
2.673999999999999932e+00
2.283999999999999808e+00
2.850000000000000089e+00
2.194999999999999840e+00
2.415999999999999925e+00
2.342000000000000082e+00
3.008999999999999897e+00
1.939000000000000057e+00
2.217999999999999972e+00
2.283999999999999808e+00
2.596000000000000085e+00
2.020000000000000018e+00
2.134999999999999787e+00
2.052000000000000046e+00
2.027000000000000135e+00
2.190999999999999837e+00
2.294999999999999929e+00
2.257000000000000117e+00
2.412999999999999812e+00
2.091000000000000192e+00
2.677999999999999936e+00
2.004999999999999893e+00
2.246999999999999886e+00
1.951999999999999957e+00
2.149999999999999911e+00
2.972999999999999865e+00
2.325000000000000178e+00
2.899000000000000021e+00
2.366000000000000103e+00
2.177999999999999936e+00
2.565999999999999837e+00
2.899000000000000021e+00
2.915999999999999925e+00
2.225999999999999979e+00
2.581999999999999851e+00
2.605999999999999872e+00
2.626999999999999780e+00
2.581999999999999851e+00
2.278000000000000025e+00
2.334999999999999964e+00
2.089999999999999858e+00
2.915999999999999925e+00
1.947999999999999954e+00
2.307999999999999829e+00
3.180000000000000160e+00
2.361000000000000210e+00
2.314000000000000057e+00
2.194999999999999840e+00
2.241999999999999993e+00
2.228000000000000203e+00
2.017999999999999794e+00
2.448999999999999844e+00
2.379000000000000004e+00
2.254000000000000004e+00
2.519000000000000128e+00
2.141000000000000014e+00
2.403999999999999915e+00
2.048999999999999932e+00
2.233999999999999986e+00
2.221999999999999975e+00
1.977999999999999980e+00
2.294999999999999929e+00
2.444999999999999840e+00
2.032000000000000028e+00
2.202999999999999847e+00
2.302999999999999936e+00
2.329000000000000181e+00
2.705000000000000071e+00
2.395999999999999908e+00
2.186999999999999833e+00
2.229000000000000092e+00
2.275999999999999801e+00
2.136000000000000121e+00
2.016999999999999904e+00
2.543000000000000149e+00
2.500000000000000000e+00
2.380999999999999783e+00
2.701000000000000068e+00
2.810999999999999943e+00
2.462000000000000188e+00
2.056000000000000050e+00
2.418000000000000149e+00
2.450000000000000178e+00
3.140000000000000124e+00
3.350999999999999979e+00
2.330000000000000071e+00
2.689999999999999947e+00
2.697999999999999954e+00
2.936999999999999833e+00
2.338999999999999968e+00
2.250999999999999890e+00
2.298000000000000043e+00
2.258000000000000007e+00
2.080999999999999961e+00
2.496999999999999886e+00
2.369000000000000217e+00
2.455999999999999961e+00
1.993000000000000105e+00
2.181999999999999940e+00
2.830000000000000071e+00
2.077999999999999847e+00
2.254999999999999893e+00
2.194999999999999840e+00
3.080000000000000071e+00
2.282999999999999918e+00
2.205000000000000071e+00
2.533999999999999808e+00
2.009999999999999787e+00
2.980999999999999872e+00
2.269000000000000128e+00
2.052999999999999936e+00
2.297000000000000153e+00
2.189000000000000057e+00
3.137999999999999901e+00
2.206999999999999851e+00
2.408999999999999808e+00
2.314000000000000057e+00
2.209000000000000075e+00
2.325000000000000178e+00
2.584999999999999964e+00
2.004000000000000004e+00
2.205000000000000071e+00
2.311999999999999833e+00
2.275999999999999801e+00
2.541999999999999815e+00
2.419999999999999929e+00
2.500000000000000000e+00
2.443999999999999950e+00
2.255999999999999783e+00
2.349000000000000199e+00
2.306000000000000050e+00
2.204000000000000181e+00
2.282000000000000028e+00
2.677000000000000046e+00
2.358000000000000096e+00
2.392999999999999794e+00
2.059000000000000163e+00
2.353000000000000203e+00
2.229000000000000092e+00
2.423000000000000043e+00
1.812999999999999945e+00
2.100999999999999979e+00
1.927999999999999936e+00
2.850000000000000089e+00
2.190999999999999837e+00
2.201000000000000068e+00
2.529999999999999805e+00
2.616999999999999993e+00
2.085999999999999854e+00
2.576000000000000068e+00
2.177999999999999936e+00
3.004000000000000004e+00
2.370999999999999996e+00
2.451000000000000068e+00
2.141999999999999904e+00
2.206999999999999851e+00
2.162999999999999812e+00
2.073999999999999844e+00
2.395999999999999908e+00
2.415000000000000036e+00
2.664000000000000146e+00
2.173000000000000043e+00
2.556000000000000050e+00
3.004000000000000004e+00
2.068999999999999950e+00
2.181000000000000050e+00
2.399999999999999911e+00
2.422000000000000153e+00
2.398000000000000131e+00
2.814000000000000057e+00
2.512999999999999901e+00
2.338999999999999968e+00
2.156000000000000139e+00
2.008999999999999897e+00
2.165000000000000036e+00
2.055000000000000160e+00
2.689999999999999947e+00
3.156000000000000139e+00
3.067000000000000171e+00
2.154999999999999805e+00
2.818999999999999950e+00
2.193000000000000060e+00
2.157999999999999918e+00
2.214999999999999858e+00
2.503000000000000114e+00
2.600000000000000089e+00
3.180000000000000160e+00
2.236000000000000210e+00
2.250000000000000000e+00
2.259999999999999787e+00
2.150999999999999801e+00
2.162999999999999812e+00
2.189999999999999947e+00
2.782999999999999918e+00
2.789000000000000146e+00
2.455000000000000071e+00
2.512000000000000011e+00
2.338999999999999968e+00
2.334999999999999964e+00
2.835999999999999854e+00
2.232000000000000206e+00
2.001999999999999780e+00
2.305000000000000160e+00
2.369000000000000217e+00
2.291999999999999815e+00
2.528000000000000025e+00
2.515000000000000124e+00
2.435999999999999943e+00
2.299999999999999822e+00
2.494000000000000217e+00
2.370999999999999996e+00
2.154999999999999805e+00
3.015000000000000124e+00
2.210999999999999854e+00
2.375000000000000000e+00
1.969000000000000083e+00
3.208000000000000185e+00
2.020000000000000018e+00
2.362999999999999989e+00
2.310000000000000053e+00
2.448999999999999844e+00
2.307999999999999829e+00
2.226999999999999869e+00
2.396999999999999797e+00
2.286999999999999922e+00
2.351999999999999869e+00
2.237999999999999989e+00
2.415999999999999925e+00
2.680000000000000160e+00
2.287999999999999812e+00
2.423000000000000043e+00
2.012999999999999901e+00
2.100000000000000089e+00
2.137999999999999901e+00
2.165000000000000036e+00
2.298000000000000043e+00
2.232000000000000206e+00
2.552000000000000046e+00
2.434000000000000163e+00
2.407000000000000028e+00
2.470000000000000195e+00
2.346000000000000085e+00
2.275999999999999801e+00
2.255999999999999783e+00
2.289000000000000146e+00
2.051000000000000156e+00
2.220000000000000195e+00
2.013999999999999790e+00
2.097999999999999865e+00
2.411999999999999922e+00
2.495000000000000107e+00
2.773000000000000131e+00
2.851999999999999869e+00
2.661000000000000032e+00
2.249000000000000110e+00
2.664000000000000146e+00
2.166999999999999815e+00
2.387999999999999901e+00
3.015000000000000124e+00
2.100000000000000089e+00
2.093999999999999861e+00
1.963000000000000078e+00
2.403999999999999915e+00
2.290000000000000036e+00
2.638999999999999790e+00
2.835999999999999854e+00
2.040000000000000036e+00
2.677999999999999936e+00
2.520999999999999908e+00
2.345000000000000195e+00
2.797000000000000153e+00
2.132000000000000117e+00
2.576000000000000068e+00
2.254999999999999893e+00
2.085999999999999854e+00
2.194999999999999840e+00
2.455000000000000071e+00
2.807999999999999829e+00
2.294999999999999929e+00
2.404999999999999805e+00
2.168000000000000149e+00
1.925000000000000044e+00
2.407000000000000028e+00
1.929999999999999938e+00
2.410000000000000142e+00
2.125999999999999890e+00
2.064999999999999947e+00
2.270999999999999908e+00
2.807999999999999829e+00
2.088999999999999968e+00
2.158999999999999808e+00
2.851999999999999869e+00
2.555000000000000160e+00
2.282999999999999918e+00
2.322999999999999954e+00
2.915000000000000036e+00
2.205999999999999961e+00
2.248000000000000220e+00
2.245000000000000107e+00
2.230999999999999872e+00
2.486000000000000210e+00
2.205999999999999961e+00
2.259999999999999787e+00
2.289000000000000146e+00
2.170999999999999819e+00
2.237999999999999989e+00
2.286000000000000032e+00
2.633000000000000007e+00
2.634999999999999787e+00
2.444999999999999840e+00
2.298000000000000043e+00
2.539000000000000146e+00
2.270000000000000018e+00
2.428999999999999826e+00
2.020999999999999908e+00
2.600999999999999979e+00
2.198999999999999844e+00
2.145000000000000018e+00
2.455000000000000071e+00
2.240000000000000213e+00
2.160000000000000142e+00
2.725000000000000089e+00
2.354999999999999982e+00
2.447999999999999954e+00
2.634999999999999787e+00
2.294000000000000039e+00
2.567000000000000171e+00
2.516999999999999904e+00
2.480999999999999872e+00
2.642999999999999794e+00
2.386000000000000121e+00
2.371999999999999886e+00
2.286999999999999922e+00
2.440999999999999837e+00
2.660000000000000142e+00
2.170999999999999819e+00
2.811999999999999833e+00
2.456999999999999851e+00
2.373000000000000220e+00
2.936999999999999833e+00
2.214999999999999858e+00
2.146999999999999797e+00
2.798000000000000043e+00
2.797000000000000153e+00
2.467000000000000082e+00
2.152000000000000135e+00
2.025999999999999801e+00
2.334999999999999964e+00
2.337000000000000188e+00
2.144000000000000128e+00
2.266999999999999904e+00
2.222999999999999865e+00
2.093999999999999861e+00
2.209000000000000075e+00
2.291999999999999815e+00
2.782999999999999918e+00
2.254000000000000004e+00
2.548999999999999932e+00
2.448999999999999844e+00
2.608000000000000096e+00
2.157000000000000028e+00
3.294999999999999929e+00
2.263999999999999790e+00
2.012000000000000011e+00
2.524000000000000021e+00
2.463999999999999968e+00
2.205999999999999961e+00
2.040999999999999925e+00
2.310000000000000053e+00
2.129000000000000004e+00
2.424999999999999822e+00
2.121999999999999886e+00
2.533999999999999808e+00
1.987999999999999989e+00
2.302000000000000046e+00
2.108000000000000096e+00
2.244000000000000217e+00
2.980999999999999872e+00
2.254999999999999893e+00
2.411000000000000032e+00
2.140000000000000124e+00
2.077999999999999847e+00
2.271999999999999797e+00
2.411999999999999922e+00
2.036999999999999922e+00
2.238999999999999879e+00
2.508999999999999897e+00
2.875999999999999890e+00
2.253000000000000114e+00
2.111000000000000210e+00
2.228000000000000203e+00
1.824999999999999956e+00
2.031000000000000139e+00
1.965999999999999970e+00
2.521999999999999797e+00
2.044999999999999929e+00
2.258999999999999897e+00
2.628000000000000114e+00
2.020000000000000018e+00
2.511000000000000121e+00
2.241000000000000103e+00
2.302000000000000046e+00
2.289000000000000146e+00
2.196000000000000174e+00
2.998000000000000220e+00
2.326999999999999957e+00
2.246999999999999886e+00
2.850000000000000089e+00
2.330000000000000071e+00
2.383999999999999897e+00
2.234999999999999876e+00
2.406000000000000139e+00
2.508999999999999897e+00
2.919999999999999929e+00
2.250999999999999890e+00
2.915000000000000036e+00
2.202999999999999847e+00
2.108000000000000096e+00
2.498000000000000220e+00
2.265000000000000124e+00
2.713000000000000078e+00
2.126999999999999780e+00
2.934000000000000163e+00
2.869000000000000217e+00
2.395000000000000018e+00
2.674999999999999822e+00
2.998000000000000220e+00
2.129999999999999893e+00
2.323999999999999844e+00
2.353000000000000203e+00
2.504999999999999893e+00
2.258999999999999897e+00
2.080000000000000071e+00
2.527000000000000135e+00
