2.951999999999999957e+00
2.186999999999999833e+00
2.395999999999999908e+00
2.774000000000000021e+00
1.975000000000000089e+00
2.068999999999999950e+00
2.895000000000000018e+00
2.212000000000000188e+00
3.029999999999999805e+00
2.073999999999999844e+00
2.189000000000000057e+00
2.600999999999999979e+00
2.220000000000000195e+00
3.140000000000000124e+00
2.028000000000000025e+00
2.282999999999999918e+00
3.333000000000000185e+00
2.037999999999999812e+00
2.541999999999999815e+00
2.245999999999999996e+00
2.629000000000000004e+00
2.486000000000000210e+00
1.979999999999999982e+00
2.214999999999999858e+00
2.802000000000000046e+00
2.323999999999999844e+00
2.543000000000000149e+00
2.262000000000000011e+00
2.080000000000000071e+00
2.358999999999999986e+00
2.478000000000000203e+00
2.411000000000000032e+00
2.613999999999999879e+00
2.286000000000000032e+00
2.228000000000000203e+00
2.124000000000000110e+00
2.378000000000000114e+00
2.678999999999999826e+00
2.406000000000000139e+00
2.435000000000000053e+00
2.508000000000000007e+00
3.067000000000000171e+00
2.584999999999999964e+00
2.146999999999999797e+00
2.423000000000000043e+00
2.443999999999999950e+00
2.415999999999999925e+00
2.419999999999999929e+00
2.782999999999999918e+00
1.965999999999999970e+00
2.036000000000000032e+00
2.822000000000000064e+00
2.373000000000000220e+00
2.603000000000000203e+00
2.919999999999999929e+00
2.418000000000000149e+00
2.299999999999999822e+00
2.763999999999999790e+00
2.633000000000000007e+00
2.430000000000000160e+00
2.251999999999999780e+00
2.573999999999999844e+00
2.395999999999999908e+00
2.564000000000000057e+00
2.233000000000000096e+00
2.532999999999999918e+00
2.625999999999999890e+00
2.363999999999999879e+00
2.036000000000000032e+00
2.254000000000000004e+00
2.330999999999999961e+00
2.391999999999999904e+00
2.565999999999999837e+00
2.121999999999999886e+00
2.464999999999999858e+00
1.911000000000000032e+00
2.684000000000000163e+00
2.543000000000000149e+00
2.392999999999999794e+00
2.161999999999999922e+00
2.818999999999999950e+00
2.597999999999999865e+00
2.857000000000000206e+00
2.259999999999999787e+00
2.234999999999999876e+00
2.972999999999999865e+00
2.543000000000000149e+00
2.330999999999999961e+00
1.977000000000000091e+00
1.979000000000000092e+00
2.105999999999999872e+00
2.278999999999999915e+00
2.138999999999999790e+00
1.981000000000000094e+00
2.141999999999999904e+00
2.314000000000000057e+00
2.439000000000000057e+00
2.092999999999999972e+00
2.386000000000000121e+00
2.263999999999999790e+00
2.027000000000000135e+00
3.158999999999999808e+00
2.255999999999999783e+00
2.399999999999999911e+00
2.696000000000000174e+00
3.228000000000000203e+00
2.419000000000000039e+00
2.373000000000000220e+00
2.270999999999999908e+00
2.303999999999999826e+00
