-1.001427875183241945e+00
2.208206189126991070e-01
-9.551816194742913657e-01
4.277938723195114784e-02
-1.896524532345224834e-01
-7.913189170017137508e-01
5.519620717439378543e-01
-1.883165079814732301e-01
2.236947291330817489e+00
-2.010962946710050492e+00
-3.517804082800863874e-01
-4.080532030882968453e-01
1.551010552722001723e+00
-8.467512092135963675e-01
-3.336095701951009018e-01
-6.272653070447848922e-01
-7.163683197242962652e-01
-6.075682079739728320e-02
-2.058039555111486063e-01
-1.092152572458186865e+00
8.172251095383568087e-01
-6.481744573898069461e-01
-8.844058388220824574e-01
-1.361828900454738811e+00
-3.899221777376589149e-01
-9.838094339966011459e-01
-9.069079429166269080e-01
2.835475293416467868e-01
5.218371887556823019e-01
-5.598533914256007687e-02
-5.803256020794409498e-01
-8.349788984991534102e-01
1.456679384960123613e+00
6.549865451905451108e-02
1.245437019041341908e-01
-3.036631375783286346e-01
1.560181398730879465e+00
-1.251682639713075362e+00
-1.182431794713873163e+00
1.318138271037684106e+00
-1.329849141348641073e+00
1.414699184367065599e-01
-1.786441389588782735e+00
1.380995557646543491e-02
-1.044368497909078153e+00
3.900270822041184693e-01
1.096540791399827075e+00
2.409346230277337464e-01
-1.175610578749128887e-01
-6.495690026844457288e-01
-5.189381695117660787e-01
-4.897552378511550453e-01
-6.407451412722118267e-01
-1.740519541263178649e+00
2.316913101347724546e-01
-3.157345889469816980e-01
1.715007580006716603e+00
-1.223615403584557892e+00
5.820551890880681922e-01
-8.256443108803498410e-01
1.135001859733777707e-01
-5.554744927008236077e-01
-9.426840330436894178e-01
2.871277134448144142e-01
1.452378458606541800e+00
-1.311676523140833828e+00
-2.232980221981575308e-01
-7.355062192714247049e-02
-1.974809070055547067e-01
7.337998603315984969e-01
5.974891154655889158e-01
-7.789702807967165965e-01
-1.769270386006248919e-01
1.459407071865612970e-01
-4.823661064768414164e-01
-1.230364427260737248e+00
-1.457322592307048748e+00
7.260494162463295709e-01
1.046738642973876088e+00
4.973188657333331153e-01
3.291037034617933621e+00
3.845471875148038232e-01
-5.510712015238973249e-01
5.397012577800585076e-01
-4.055481346903541118e-01
1.023374416400278042e+00
1.919675748921924940e+00
-8.813568695104042616e-01
-7.732420039291785230e-01
6.329661264074514238e-01
1.675314595850505572e-01
-8.179172713485129975e-01
-2.535943162486140601e-01
4.767188132776701281e-01
-1.731878326807188284e-01
-1.459448196969140410e+00
1.220338684688860198e+00
2.352649932114323494e-01
7.585231654935201684e-01
-2.013495966352559119e+00
-7.553082078923146758e-01
1.444838414625757794e+00
-1.218254336003163019e+00
2.369606041405943053e-01
-3.074816185482209807e-01
6.192169770606473778e-01
-2.767449037616511731e-01
-5.639601267024515474e-01
1.557516806645385055e+00
-1.827384651489420309e+00
4.045294017372971229e-01
-3.656234509225587126e-01
-1.434435898082516037e+00
2.312204228110490700e-01
-7.151253900708154365e-01
8.919718405216205959e-01
-3.508123747088246480e-01
-6.304685798266846941e-01
2.640443808056635033e-01
-1.688777835558357143e-01
5.866524004053454977e-01
-1.366300908680899928e+00
-1.324773196539012599e+00
-4.831108970057646640e-02
4.655800117783784331e-01
-1.193450485445211484e+00
1.441155900719249261e-01
3.005452280950495769e-01
1.151293341762386069e+00
-1.859933941369426913e+00
-1.609975542397471537e-01
-1.370877453235686688e-02
4.937952273903462586e-01
-7.394451172341389711e-01
-2.645126160665158335e-02
2.032074917934039604e+00
1.688990847180763810e-01
5.126016467126016662e-01
-1.517865232827613431e+00
1.971429530646220396e-01
-9.553875996477684263e-01
1.855510876490369110e-01
-2.228251545365515618e+00
-3.455449967537211897e-01
-1.194056713978442152e+00
-3.009772539014032855e-01
-7.554177816045757332e-01
-6.246207516437777239e-03
-6.225653577863758670e-02
2.765307600864775894e-01
-1.428561818478913947e+00
1.399002614583659154e+00
-3.819308264162778466e-01
4.775208075267304841e-01
3.171264621933903571e-01
-2.148675782434598669e-01
-1.571609697758129531e+00
-2.771757002156723104e-02
-7.796894520040549281e-01
-1.421578996131224182e+00
3.422475242019464847e-01
7.494279593631405501e-01
-1.040031505044807458e+00
-6.203822768364611884e-01
1.271875607530587260e+00
3.679649096860401758e-01
-7.419401957558575678e-01
-1.610951778378431731e+00
-7.377901774762957166e-01
-6.700172482330918333e-01
-5.190868226835634314e-01
-3.897358338531656807e-01
1.175959686923441661e+00
1.553059400623917063e-01
-9.529417204949784947e-01
-2.150068512819826250e+00
-4.082153520087716814e-01
-7.500012486151549362e-01
-9.040080525010786294e-01
9.811203496107513411e-01
7.340569492581133781e-01
-9.254577682340029421e-01
-3.366886660385879915e-01
-5.014358804018643756e-01
-7.679708205327823167e-01
-3.284129498268570369e-01
-3.785543530331155204e-01
3.436451921388801178e-01
1.218024785061440740e+00
-3.184158243635170638e-01
3.021191627123568368e-01
-2.563308367803110999e-01
-5.177734818486987578e-01
-6.126460255751465800e-01
-1.493736062038469314e-01
-6.167737361437150012e-01
1.312867547165230242e+00
8.777357165385395454e-01
-3.845116759224336822e-01
2.120517785355789386e-01
-3.815650697738499075e-01
-4.273064731118762505e-01
6.165949902811682093e-02
-6.900151119304132052e-01
-1.424597997256508153e-01
5.655763752165179348e-01
3.114057584652541455e-01
1.373596154198858610e+00
1.294152498555893871e+00
6.437135134867134623e-01
-1.304413771045530579e-01
9.385348817065941596e-01
4.738456748927552531e-01
-2.742357628880535136e-01
4.367058402503761205e-01
-1.325726209794886534e+00
2.731466768833425429e-01
-1.298876926576157942e+00
1.229531272402424324e+00
-7.328363460741172952e-01
-9.008221820550822434e-01
4.745369711742163377e-01
-2.205262021420010266e-01
-4.978374925372822668e-01
-4.489445166404215648e-01
4.583114096364396262e-01
-2.531241822827883792e-01
-6.416427463469843717e-01
-2.312809224065681124e-01
4.642860769642357388e-01
6.147253790961256792e-01
8.402977521511315051e-02
6.644736524987248094e-01
-1.710472438512057325e+00
-1.408642199054074728e+00
-1.014537794373953083e+00
-1.314038664180429139e-01
-1.896312774648846733e-01
-4.217589400457693039e-01
-1.119319708898589422e-01
6.382911202295872277e-01
6.816352761569847152e-01
-3.568335094933107188e-01
6.582917653296596269e-03
-1.036384406333163755e+00
-5.584146597161474546e-01
-2.441301205288672005e+00
-1.492086572369881070e+00
-7.114651647080086905e-01
-8.192141585444641105e-01
-1.341787577791988095e+00
8.915272640780463886e-01
-2.437336607901920138e-01
1.061211426961535143e+00
-1.386575881125926557e-01
6.166216630071196247e-01
-3.378203116803006334e-01
-9.050149774603185593e-01
-6.416070700797139592e-01
4.055734085569299707e-01
5.468499523026476572e-01
-1.600697420071575117e+00
-1.428719591434096214e+00
-9.300261594165474266e-01
-6.224216900390656670e-01
-4.915926809061270109e-01
-1.136161827349351228e+00
-2.901417009872910291e-01
-6.397859445767147824e-01
-1.031062390392917250e+00
1.090472508730121026e+00
2.480418682638907690e-01
-3.816931182100398723e-01
-2.636062777522740763e-01
5.951162415445603732e-02
-7.092174970850574356e-01
-8.569408096722218593e-01
-5.375250404369117524e-02
7.608547973990701374e-01
-3.919057891989341513e-01
-1.574384376518437045e-01
2.826432024342616645e-01
-9.526841083348597250e-02
-1.049365600965091572e+00
1.167330514148136933e+00
-1.736647050754054344e+00
-4.656369640048026448e-01
-1.110259928664719897e+00
-1.411472443472803873e+00
-4.251849615232323742e-01
1.431078416537954423e+00
-1.437940534369545276e+00
-8.574878838654244051e-01
-2.476266918055164412e-01
2.450435167005536596e-01
-1.267865230382077789e-02
-9.669965227011024789e-01
5.469969097157418442e-02
-5.556093921340914399e-01
-3.732015049203178947e-01
8.544542633938718990e-02
-2.227523365232040795e-02
6.940415572966777136e-01
-2.685257787260598050e+00
3.252598553929076375e-01
-1.793222689158867900e-01
-1.823723903773276644e+00
-4.315611327977476042e-01
-1.862115258279791463e-01
5.806405306241795294e-01
-1.174579049454783863e+00
5.356258047898313501e-01
-2.124733201448903153e-01
1.442953151775754117e+00
-4.864097484528326909e-01
1.020694498103350112e+00
-7.642171963632640175e-01
4.032077715803589757e-01
-3.970093325866277945e-01
-6.145137611316480175e-01
8.614310168833783088e-01
-4.199024401025964748e-01
-4.421992916251590855e-01
7.015203207080918935e-01
-9.584275205199092040e-01
1.513766206461563346e+00
4.441209247242625113e-01
-3.271357987067249895e-01
8.601412922271278738e-02
1.205453552141136031e+00
9.760429307731900428e-01
4.624255600225917195e-01
7.502070605556334648e-01
5.936610377968363217e-01
-3.146582091114344393e-01
-3.138509076134446962e-01
1.868725813583929529e+00
-9.210198513943255172e-01
1.123263175976293438e+00
1.260052832633098641e+00
6.692810506238496826e-01
2.642879457820077049e-01
-1.558802497493604333e-01
-9.549920510485515601e-01
-4.320223453020768378e-01
-5.260362504846350928e-01
-1.429191907613600321e-01
-5.628046699465337754e-01
-1.368113513898200573e+00
3.040040052487967270e-01
8.278609375677288273e-01
-3.811433657509723516e-01
-1.737580676615670811e-02
-3.372469130790306524e-01
-7.706457548366230093e-01
-3.777239190634346100e-01
4.166332018093307082e-02
-5.365551602673773735e-01
-1.322871337838754213e+00
1.614514230033197162e+00
-1.612553063834784473e+00
4.361118803221503137e-01
-8.103544239084337075e-01
1.713832660694949661e+00
3.201650538299534721e-01
-1.627294518989703453e+00
1.152797461775757926e+00
1.461088226915804089e+00
-2.554491738688697833e+00
-5.889353550793345882e-01
6.012492606203359014e-01
-1.012104645905259837e+00
6.868602207482805699e-01
-8.535988831696537105e-01
1.216139854129903553e+00
-1.096001534719658110e+00
7.577332722732570136e-02
-1.350344264964105756e+00
-3.617269542931194071e-01
2.830454080756825141e-01
9.824906908002496719e-02
4.904619117623856273e-01
-1.662591670524747878e+00
-6.582594445546395834e-01
2.478922505539171983e-01
6.915279251619645962e-01
-1.484337606338369087e+00
-2.035895160241981416e-01
1.155271361096505744e+00
-1.959614563655967534e-01
3.106429952677652317e-01
-1.165194510071531298e+00
-1.886675575983295591e-02
-2.804474526692567249e+00
-1.783147154773525145e+00
-1.834778841098589686e+00
-1.514057892844096864e+00
-1.478513475796336074e+00
-6.998021707281112391e-01
-1.133316654806052926e+00
-1.525213512049272913e+00
-1.555272393399085518e+00
-5.893446191897804276e-01
-4.280474753144469235e-01
-2.296958073014076618e+00
-6.077944047623977664e-01
5.153280236377483225e-01
-1.080466492799647238e+00
-3.565418052908491675e-01
-2.330926787383126308e-01
1.993358657174602588e-01
5.953638257093395447e-01
1.400576762499836647e-01
8.238186514270203764e-01
9.756072508877521310e-01
1.084023378271991717e-01
1.194943403765843792e-01
-7.136275733040392533e-02
-8.019613742962121705e-01
-1.303042011960476643e+00
5.316755631295135842e-01
2.160394551333158220e-01
-8.708681426294727634e-01
-1.594306276702754266e+00
1.322594063094634786e-01
-1.671832127843224658e-01
3.812513216601903787e-02
1.800715000664697474e+00
4.092715897264379010e-01
-6.665270344776560441e-01
3.171343266397279592e-01
-7.980590132922731339e-01
-3.694567186025781158e-01
-1.040177030440510991e-01
-6.861852106490242686e-01
1.085586712139791965e+00
