1.516599999999999909e+03
1.802799999999999955e+03
1.603700000000000045e+03
1.992000000000000000e+03
1.546900000000000091e+03
1.722500000000000000e+03
1.951299999999999955e+03
2.319900000000000091e+03
1.758799999999999955e+03
1.672599999999999909e+03
1.700700000000000045e+03
1.721799999999999955e+03
1.580900000000000091e+03
1.779200000000000045e+03
1.795099999999999909e+03
1.613400000000000091e+03
2.365199999999999818e+03
1.654299999999999955e+03
2.209800000000000182e+03
1.916799999999999955e+03
1.956700000000000045e+03
1.786299999999999955e+03
1.771000000000000000e+03
1.566400000000000091e+03
1.791299999999999955e+03
1.983099999999999909e+03
1.788599999999999909e+03
1.654900000000000091e+03
2.155400000000000091e+03
1.603299999999999955e+03
1.482500000000000000e+03
1.866500000000000000e+03
1.896900000000000091e+03
1.603299999999999955e+03
1.756900000000000091e+03
1.778599999999999909e+03
1.660500000000000000e+03
1.759900000000000091e+03
1.589700000000000045e+03
1.671000000000000000e+03
1.677599999999999909e+03
1.693099999999999909e+03
1.611700000000000045e+03
1.756900000000000091e+03
2.110500000000000000e+03
1.667700000000000045e+03
1.936299999999999955e+03
2.032299999999999955e+03
1.449400000000000091e+03
1.944299999999999955e+03
1.401900000000000091e+03
1.779000000000000000e+03
2.029299999999999955e+03
8.800000000000000000e+02
1.773400000000000091e+03
1.395299999999999955e+03
1.861500000000000000e+03
1.601099999999999909e+03
1.785299999999999955e+03
1.716400000000000091e+03
1.831599999999999909e+03
2.301099999999999909e+03
1.892200000000000045e+03
1.849900000000000091e+03
2.022599999999999909e+03
1.723700000000000045e+03
2.194400000000000091e+03
1.876200000000000045e+03
1.953099999999999909e+03
2.030500000000000000e+03
1.701099999999999909e+03
1.720900000000000091e+03
1.792500000000000000e+03
1.698400000000000091e+03
1.869700000000000045e+03
1.616500000000000000e+03
1.402799999999999955e+03
2.648199999999999818e+03
2.106699999999999818e+03
1.973500000000000000e+03
1.767299999999999955e+03
2.034900000000000091e+03
1.939400000000000091e+03
1.758099999999999909e+03
1.681599999999999909e+03
1.774500000000000000e+03
1.188900000000000091e+03
1.999200000000000045e+03
1.678299999999999955e+03
2.083400000000000091e+03
1.770099999999999909e+03
1.523000000000000000e+03
1.643400000000000091e+03
1.631900000000000091e+03
1.521599999999999909e+03
1.965799999999999955e+03
1.728500000000000000e+03
1.444599999999999909e+03
1.691799999999999955e+03
1.915400000000000091e+03
1.635099999999999909e+03
1.526000000000000000e+03
1.875400000000000091e+03
1.869200000000000045e+03
1.691200000000000045e+03
1.632000000000000000e+03
1.630299999999999955e+03
1.722500000000000000e+03
1.639200000000000045e+03
1.663099999999999909e+03
1.727700000000000045e+03
1.833400000000000091e+03
1.700000000000000000e+03
1.740400000000000091e+03
1.762900000000000091e+03
1.310099999999999909e+03
1.772400000000000091e+03
2.115199999999999818e+03
1.476500000000000000e+03
1.583299999999999955e+03
1.743000000000000000e+03
1.738900000000000091e+03
1.886500000000000000e+03
1.898200000000000045e+03
1.719799999999999955e+03
1.923099999999999909e+03
1.308700000000000045e+03
1.515000000000000000e+03
1.782799999999999955e+03
2.045900000000000091e+03
1.872799999999999955e+03
2.092199999999999818e+03
1.675299999999999955e+03
1.718900000000000091e+03
2.071099999999999909e+03
1.566799999999999955e+03
1.462200000000000045e+03
1.861000000000000000e+03
1.532599999999999909e+03
1.694599999999999909e+03
1.705099999999999909e+03
1.735000000000000000e+03
1.333099999999999909e+03
1.609200000000000045e+03
2.010900000000000091e+03
1.546900000000000091e+03
2.110000000000000000e+03
1.962799999999999955e+03
1.298299999999999955e+03
1.679500000000000000e+03
1.705400000000000091e+03
1.711000000000000000e+03
1.926799999999999955e+03
1.736200000000000045e+03
1.642500000000000000e+03
1.605099999999999909e+03
1.345200000000000045e+03
1.855200000000000045e+03
1.719200000000000045e+03
2.047599999999999909e+03
1.722000000000000000e+03
1.607700000000000045e+03
1.774700000000000045e+03
1.581700000000000045e+03
1.967400000000000091e+03
1.736200000000000045e+03
2.571300000000000182e+03
1.717299999999999955e+03
2.006700000000000045e+03
1.874299999999999955e+03
1.868900000000000091e+03
1.478299999999999955e+03
2.041099999999999909e+03
1.954200000000000045e+03
2.019299999999999955e+03
1.549700000000000045e+03
2.160900000000000091e+03
1.391599999999999909e+03
1.678299999999999955e+03
1.637599999999999909e+03
1.616500000000000000e+03
1.968900000000000091e+03
1.868000000000000000e+03
1.792400000000000091e+03
1.733599999999999909e+03
1.477000000000000000e+03
1.689200000000000045e+03
1.692099999999999909e+03
1.936299999999999955e+03
1.999099999999999909e+03
1.694500000000000000e+03
1.736599999999999909e+03
1.653900000000000091e+03
1.665099999999999909e+03
2.132800000000000182e+03
2.004400000000000091e+03
1.375900000000000091e+03
1.578200000000000045e+03
1.425700000000000045e+03
1.675700000000000045e+03
1.688099999999999909e+03
2.093800000000000182e+03
1.775599999999999909e+03
1.663500000000000000e+03
1.903400000000000091e+03
1.880500000000000000e+03
1.786799999999999955e+03
1.924900000000000091e+03
1.929599999999999909e+03
1.893200000000000045e+03
2.085800000000000182e+03
1.580099999999999909e+03
1.909900000000000091e+03
1.743500000000000000e+03
1.744599999999999909e+03
1.541500000000000000e+03
1.870700000000000045e+03
1.562900000000000091e+03
1.596900000000000091e+03
2.040599999999999909e+03
1.636099999999999909e+03
1.701200000000000045e+03
2.074900000000000091e+03
2.096300000000000182e+03
2.181900000000000091e+03
1.848900000000000091e+03
1.973599999999999909e+03
1.542000000000000000e+03
2.062599999999999909e+03
2.245599999999999909e+03
1.867299999999999955e+03
1.653099999999999909e+03
1.940299999999999955e+03
1.956500000000000000e+03
1.606500000000000000e+03
1.639900000000000091e+03
1.549799999999999955e+03
1.217400000000000091e+03
1.632299999999999955e+03
1.897500000000000000e+03
1.505799999999999955e+03
2.126800000000000182e+03
2.002000000000000000e+03
2.037599999999999909e+03
1.553599999999999909e+03
1.727799999999999955e+03
1.945900000000000091e+03
1.544700000000000045e+03
1.902000000000000000e+03
1.896700000000000045e+03
1.524799999999999955e+03
1.806200000000000045e+03
1.843500000000000000e+03
1.627099999999999909e+03
1.962700000000000045e+03
1.707599999999999909e+03
1.535599999999999909e+03
1.774700000000000045e+03
1.388799999999999955e+03
1.815099999999999909e+03
1.744599999999999909e+03
1.877900000000000091e+03
1.541599999999999909e+03
1.773400000000000091e+03
2.052099999999999909e+03
1.745299999999999955e+03
2.109300000000000182e+03
2.093800000000000182e+03
1.516000000000000000e+03
1.771000000000000000e+03
1.699200000000000045e+03
1.707099999999999909e+03
1.722599999999999909e+03
1.941000000000000000e+03
2.172099999999999909e+03
1.861500000000000000e+03
1.973599999999999909e+03
1.937099999999999909e+03
1.460900000000000091e+03
1.670700000000000045e+03
1.811900000000000091e+03
1.865500000000000000e+03
1.798500000000000000e+03
1.422000000000000000e+03
1.842000000000000000e+03
2.065000000000000000e+03
1.637099999999999909e+03
1.744799999999999955e+03
1.561500000000000000e+03
1.684099999999999909e+03
1.332599999999999909e+03
1.967000000000000000e+03
1.985599999999999909e+03
1.962700000000000045e+03
1.503500000000000000e+03
1.593599999999999909e+03
1.950099999999999909e+03
1.549099999999999909e+03
1.697900000000000091e+03
1.593599999999999909e+03
1.774000000000000000e+03
1.764700000000000045e+03
1.800099999999999909e+03
1.501500000000000000e+03
1.644000000000000000e+03
1.607099999999999909e+03
1.777400000000000091e+03
1.805200000000000045e+03
1.751099999999999909e+03
1.496599999999999909e+03
1.462099999999999909e+03
2.082099999999999909e+03
2.125599999999999909e+03
1.603900000000000091e+03
1.138799999999999955e+03
1.867500000000000000e+03
1.740700000000000045e+03
1.445000000000000000e+03
1.944400000000000091e+03
2.599699999999999818e+03
1.963000000000000000e+03
1.661099999999999909e+03
1.526700000000000045e+03
1.554200000000000045e+03
1.782099999999999909e+03
1.505799999999999955e+03
1.909400000000000091e+03
1.668599999999999909e+03
2.006099999999999909e+03
1.605099999999999909e+03
1.577500000000000000e+03
1.647599999999999909e+03
2.120599999999999909e+03
1.853700000000000045e+03
1.888799999999999955e+03
1.511700000000000045e+03
2.283400000000000091e+03
1.761200000000000045e+03
1.535299999999999955e+03
1.895900000000000091e+03
2.075099999999999909e+03
1.770099999999999909e+03
1.684700000000000045e+03
1.595400000000000091e+03
1.738400000000000091e+03
1.722599999999999909e+03
1.454500000000000000e+03
1.894099999999999909e+03
1.682700000000000045e+03
2.155500000000000000e+03
1.909400000000000091e+03
1.733700000000000045e+03
1.765099999999999909e+03
1.538599999999999909e+03
1.832500000000000000e+03
1.745799999999999955e+03
1.843000000000000000e+03
1.390299999999999955e+03
1.582799999999999955e+03
1.832900000000000091e+03
8.800000000000000000e+02
2.256699999999999818e+03
1.760099999999999909e+03
1.743599999999999909e+03
1.795200000000000045e+03
2.169500000000000000e+03
1.609799999999999955e+03
2.547900000000000091e+03
1.501500000000000000e+03
1.792000000000000000e+03
1.705500000000000000e+03
1.815900000000000091e+03
1.891900000000000091e+03
1.793900000000000091e+03
1.636400000000000091e+03
2.351800000000000182e+03
1.801299999999999955e+03
1.602200000000000045e+03
1.715200000000000045e+03
1.727700000000000045e+03
1.932299999999999955e+03
1.863400000000000091e+03
1.587200000000000045e+03
1.881200000000000045e+03
1.693700000000000045e+03
1.836400000000000091e+03
1.868200000000000045e+03
1.558200000000000045e+03
1.664299999999999955e+03
1.717900000000000091e+03
1.574900000000000091e+03
1.654000000000000000e+03
1.690700000000000045e+03
1.507700000000000045e+03
1.796000000000000000e+03
1.984000000000000000e+03
1.779400000000000091e+03
4.593000000000000114e+02
1.905099999999999909e+03
1.689500000000000000e+03
1.633200000000000045e+03
1.751400000000000091e+03
1.574599999999999909e+03
2.132500000000000000e+03
1.945900000000000091e+03
2.000900000000000091e+03
1.712299999999999955e+03
2.085699999999999818e+03
1.401700000000000045e+03
1.647200000000000045e+03
1.961400000000000091e+03
1.800299999999999955e+03
1.616700000000000045e+03
2.017099999999999909e+03
1.663500000000000000e+03
1.311900000000000091e+03
1.598700000000000045e+03
1.549099999999999909e+03
1.799900000000000091e+03
2.093000000000000000e+03
1.926299999999999955e+03
2.083800000000000182e+03
1.674400000000000091e+03
1.484099999999999909e+03
1.733099999999999909e+03
1.698000000000000000e+03
1.787200000000000045e+03
2.145400000000000091e+03
1.712299999999999955e+03
1.602799999999999955e+03
1.574500000000000000e+03
1.726000000000000000e+03
1.720500000000000000e+03
1.552000000000000000e+03
1.595299999999999955e+03
1.539799999999999955e+03
