7.823836405404621885e+00
8.146566609710180984e+00
7.766015281662326686e+00
8.347906607681894187e+00
8.110385199278944413e+00
8.125433666473801608e+00
8.063319144613323886e+00
8.421071753437326279e+00
7.995240381443672995e+00
8.088072205069941845e+00
7.950013000922762529e+00
8.146566609710180984e+00
8.065748762831802310e+00
8.169511014653227932e+00
8.151619073000082594e+00
8.143249209419455070e+00
8.141344125813425592e+00
7.866682211761073518e+00
8.409800026496823122e+00
8.040203072426383102e+00
8.065671362832549818e+00
7.866682211761073518e+00
8.105244236705411609e+00
7.909723930046544282e+00
8.264727239238450096e+00
8.136894327855902276e+00
8.383091642623460515e+00
7.783244398773914163e+00
8.129064541403236532e+00
7.766015281662326686e+00
7.967143441173297091e+00
8.399843368957585099e+00
8.125433666473801608e+00
7.825397104231882395e+00
7.820423007799527149e+00
7.950013000922762529e+00
8.409800026496823122e+00
8.061034719215847133e+00
8.055114799551759575e+00
8.099217929225417834e+00
8.028834974280874448e+00
8.104823931404066428e+00
8.040203072426383102e+00
7.766015281662326686e+00
8.149339050232757842e+00
7.861534344425548326e+00
8.061034719215847133e+00
8.399843368957585099e+00
8.089956189703906730e+00
8.383091642623460515e+00
8.125433666473801608e+00
8.104823931404066428e+00
7.827012007647221381e+00
7.799689457075809074e+00
8.089956189703906730e+00
8.063319144613323886e+00
7.918618973036764430e+00
8.133556975792235022e+00
8.264727239238450096e+00
8.191395992562275907e+00
8.138084632565499632e+00
8.363838174984655538e+00
8.152297215116385942e+00
8.204743367600062953e+00
8.160494872790305720e+00
7.928575630576003341e+00
8.192542757625616900e+00
8.055582040728342719e+00
8.441586047263699655e+00
7.995240381443672995e+00
8.088072205069941845e+00
8.114780588943306228e+00
8.203833471320306714e+00
7.890459788744501601e+00
7.903749808379251895e+00
7.929555672174543268e+00
8.078263836327433722e+00
8.410847806927607806e+00
8.160494872790305720e+00
8.050272344627632748e+00
8.264727239238450096e+00
8.150639014839748953e+00
7.842485564819128285e+00
8.054667187125204464e+00
7.984107845591223551e+00
8.110385199278944413e+00
7.783244398773914163e+00
7.968507838974082880e+00
8.134845601808798676e+00
8.297146027961028736e+00
7.799689457075809074e+00
7.873935668009547584e+00
7.928998770349467762e+00
7.888997417888789165e+00
7.926692816574040457e+00
8.272504031820520964e+00
8.088072205069941845e+00
8.125433666473801608e+00
8.066786274441998472e+00
8.429658291091271849e+00
8.104823931404066428e+00
8.144986833776874491e+00
8.064349903756024673e+00
8.127762893699019386e+00
7.914005132044330537e+00
7.722678917393622555e+00
8.409800026496823122e+00
8.057759466422343309e+00
7.960361651342878986e+00
8.125433666473801608e+00
7.825397104231882395e+00
8.376189193840268388e+00
8.095928888413846281e+00
7.890812390299247525e+00
8.104823931404066428e+00
8.049105494811422901e+00
7.939228708106498722e+00
7.995240381443672995e+00
8.056447129394756601e+00
7.899510246403118607e+00
7.827103238112872674e+00
8.043006238137156316e+00
7.901867246702638958e+00
8.150138109857932633e+00
8.129627183089287001e+00
8.274745185723636709e+00
7.823247213504401110e+00
8.122903898261739641e+00
8.104823931404066428e+00
8.061034719215847133e+00
8.357007636280048501e+00
8.391955828822286634e+00
8.114756895936002579e+00
8.125433666473801608e+00
8.360690800386068489e+00
8.062402022059773188e+00
8.125433666473801608e+00
8.264727239238450096e+00
8.109260275711815069e+00
8.114780588943306228e+00
8.163162722283908934e+00
8.212623558968344284e+00
7.875783240359226056e+00
7.834141346045911725e+00
8.169770932729729651e+00
8.055114799551759575e+00
7.977484594267002294e+00
8.134252617069662961e+00
7.989256761593659384e+00
8.290259818997192554e+00
8.118806383650303715e+00
8.431237396843583198e+00
7.914897812756008122e+00
8.125308055433691834e+00
8.059501624979784395e+00
7.762024403494754310e+00
7.793893441909321318e+00
8.146726395070297500e+00
8.061292803261206785e+00
8.399843368957585099e+00
8.420453104027320279e+00
8.081185996106105662e+00
7.741797025117757691e+00
7.950013000922762529e+00
8.431237396843583198e+00
8.072608670746003412e+00
8.190010385790223779e+00
8.279127283144742222e+00
8.297146027961028736e+00
8.305002711304933172e+00
7.836943898601935743e+00
7.771846383107846812e+00
8.399843368957585099e+00
8.390948325967364951e+00
8.376715893202929308e+00
7.836943898601935743e+00
8.199040819029486116e+00
7.893566394215782545e+00
8.072608670746003412e+00
8.055114799551759575e+00
7.810224799151892050e+00
8.085615167477911314e+00
8.100018990774767502e+00
7.950013000922762529e+00
8.245032438476281200e+00
8.058936082669346135e+00
8.039488051811369829e+00
8.144986833776874491e+00
8.120416541785401066e+00
8.365072897807174002e+00
7.819871684272755807e+00
8.095928888413846281e+00
8.208206288948256102e+00
7.939228708106498722e+00
7.883848501886353333e+00
8.030535601556103131e+00
8.073285373479453852e+00
7.977484594267002294e+00
8.050272344627632748e+00
8.095928888413846281e+00
8.161371214808321284e+00
8.017698354947141226e+00
7.865813575736977370e+00
7.823744199462590032e+00
8.085030038845919975e+00
8.167555110786985040e+00
8.196886684256158517e+00
8.095928888413846281e+00
8.264727239238450096e+00
8.125433666473801608e+00
8.360045872391799193e+00
8.136217959290064528e+00
8.191969802710151072e+00
7.866682211761073518e+00
7.771846383107846812e+00
8.088912879462840877e+00
8.409800026496823122e+00
8.217754181345842568e+00
7.754086057257904230e+00
8.138532509276545923e+00
8.297146027961028736e+00
7.840749618631379647e+00
7.986233251987236770e+00
8.157624818663954613e+00
8.095928888413846281e+00
8.059406447968648024e+00
8.409800026496823122e+00
7.967143441173297091e+00
7.950013000922762529e+00
8.420453104027320279e+00
7.995240381443672995e+00
8.061988198726528054e+00
8.390948325967364951e+00
8.390948325967364951e+00
8.129248254915557581e+00
8.086208914689445137e+00
7.844801059026117684e+00
8.125433666473801608e+00
7.969707801684931425e+00
8.028834974280874448e+00
8.066518720638775619e+00
8.255381088896397657e+00
8.279127283144742222e+00
8.099998303933679367e+00
7.823247213504401110e+00
8.431237396843583198e+00
8.049105494811422901e+00
8.104823931404066428e+00
8.136217959290064528e+00
7.871623163955936420e+00
8.125433666473801608e+00
8.128525862751372344e+00
8.279127283144742222e+00
7.995240381443672995e+00
8.130117553155596255e+00
8.157322353665106718e+00
8.057431009053951598e+00
7.810224799151892050e+00
7.929568760632454527e+00
8.057710040734109569e+00
7.825397104231882395e+00
8.450932197605752094e+00
8.136217959290064528e+00
8.133450454593457835e+00
8.271062021617616722e+00
8.141125931190687837e+00
8.055114799551759575e+00
8.089313381411415094e+00
7.849868127059960621e+00
8.030535601556103131e+00
8.073794672150983232e+00
8.095928888413846281e+00
8.120416541785401066e+00
8.129256673863565652e+00
8.297146027961028736e+00
8.432906128668154366e+00
7.901867246702638958e+00
7.856430639959272710e+00
8.125433666473801608e+00
8.094708894629327744e+00
8.076784713174330221e+00
8.109260275711815069e+00
8.122279182276145093e+00
7.843181607034984459e+00
8.170802677912746503e+00
7.901867246702638958e+00
8.088912879462840877e+00
8.264727239238450096e+00
8.192009283768463490e+00
8.391214951941893929e+00
8.040203072426383102e+00
8.123947145882993937e+00
7.969707801684931425e+00
8.078263836327433722e+00
7.778265935925934293e+00
8.075202376256092052e+00
8.268009905560433026e+00
7.788812446709825643e+00
8.059700184571454429e+00
8.104823931404066428e+00
7.873712811282357116e+00
8.190000475292322335e+00
8.116810847876285706e+00
8.072608670746003412e+00
7.824945693963273996e+00
8.074613004641477687e+00
8.039488051811369829e+00
8.104823931404066428e+00
8.072619423700706065e+00
7.808892131187837649e+00
8.043006238137156316e+00
8.386296745030641375e+00
8.376189193840268388e+00
8.095928888413846281e+00
7.908290622589695396e+00
7.939228708106498722e+00
8.148134434788541824e+00
7.836943898601935743e+00
8.223595068129521124e+00
8.204743367600062953e+00
8.390948325967364951e+00
8.104823931404066428e+00
8.201631568951343709e+00
8.028834974280874448e+00
8.018878316741634649e+00
7.870242171027454603e+00
7.984107845591223551e+00
8.112009075509305944e+00
8.279127283144742222e+00
8.114780588943306228e+00
8.399843368957585099e+00
7.989256761593659384e+00
8.223595068129521124e+00
7.950013000922762529e+00
8.385631605313198733e+00
7.823247213504401110e+00
8.441586047263699655e+00
8.386296745030641375e+00
8.028834974280874448e+00
7.928575630576003341e+00
8.143933571437903751e+00
7.844473330697463886e+00
8.196886684256158517e+00
8.104823931404066428e+00
8.094708894629327744e+00
8.049105494811422901e+00
7.762024403494754310e+00
7.918618973036764430e+00
8.052887170128375516e+00
8.245032438476281200e+00
7.866682211761073518e+00
8.174033735813942769e+00
8.203115190834747494e+00
8.070053460253655331e+00
8.212181503277470540e+00
8.061988198726528054e+00
8.210075846884896222e+00
8.072608670746003412e+00
8.284276199147178943e+00
8.075202376256092052e+00
7.857935205334709572e+00
8.088912879462840877e+00
8.088072205069941845e+00
7.804999553221247943e+00
8.161701649314592188e+00
8.367260773639191740e+00
8.062939134398069640e+00
8.184016855442308724e+00
8.134845601808798676e+00
8.121085889791965329e+00
7.879466404465246931e+00
8.255381088896397657e+00
8.104823931404066428e+00
7.939228708106498722e+00
8.058079720560201054e+00
8.198986367678068987e+00
8.211099991509728468e+00
8.136217959290064528e+00
8.057710040734109569e+00
7.766015281662326686e+00
8.165622023866717427e+00
8.125433666473801608e+00
8.131963336155454414e+00
7.892982259506293730e+00
7.901867246702638958e+00
7.969707801684931425e+00
7.960361651342878986e+00
8.061988198726528054e+00
8.114780588943306228e+00
7.741797025117757691e+00
7.863333294904598425e+00
8.089309305424539076e+00
7.901867246702638958e+00
8.125433666473801608e+00
8.135721476578448019e+00
8.363838174984655538e+00
8.089313381411415094e+00
8.095928888413846281e+00
8.435067522092861481e+00
7.766015281662326686e+00
8.069452773318138483e+00
8.089313381411415094e+00
8.136217959290064528e+00
8.426417161170970616e+00
8.120416541785401066e+00
8.376205433659624333e+00
8.152954642888229131e+00
8.018878316741634649e+00
8.056697372395451140e+00
7.777589233192483853e+00
8.255381088896397657e+00
7.960361651342878986e+00
7.847763913744735476e+00
8.140041317191021975e+00
8.431237396843583198e+00
7.804999553221247943e+00
8.155378987130420754e+00
7.722678917393622555e+00
8.420453104027320279e+00
8.272504031820520964e+00
8.158580423204989884e+00
8.184016855442308724e+00
8.043006238137156316e+00
7.745183634872863543e+00
8.100018990774767502e+00
7.771846383107846812e+00
8.458708990187822963e+00
8.395017741487196261e+00
8.105244236705411609e+00
7.925165491112336369e+00
8.182702970302518253e+00
8.168955105563066255e+00
8.039488051811369829e+00
7.950013000922762529e+00
8.187095316068900175e+00
8.082231298394752628e+00
