2.322000000000000064e+00
2.376999999999999780e+00
2.884999999999999787e+00
2.374000000000000110e+00
2.673000000000000043e+00
2.061999999999999833e+00
2.444999999999999840e+00
2.233000000000000096e+00
2.920999999999999819e+00
1.903000000000000025e+00
2.129999999999999893e+00
2.330999999999999961e+00
2.370000000000000107e+00
2.315999999999999837e+00
2.725999999999999979e+00
2.423999999999999932e+00
2.342000000000000082e+00
2.174999999999999822e+00
1.949999999999999956e+00
2.476999999999999869e+00
2.028000000000000025e+00
2.480999999999999872e+00
2.777000000000000135e+00
2.265000000000000124e+00
2.346000000000000085e+00
2.161999999999999922e+00
2.149999999999999911e+00
3.031000000000000139e+00
2.374000000000000110e+00
3.185000000000000053e+00
2.450000000000000178e+00
2.024000000000000021e+00
2.365000000000000213e+00
3.185000000000000053e+00
2.746999999999999886e+00
2.149000000000000021e+00
2.387999999999999901e+00
2.741000000000000103e+00
2.725999999999999979e+00
2.607000000000000206e+00
2.108999999999999986e+00
2.173999999999999932e+00
1.917000000000000037e+00
2.746999999999999886e+00
2.604999999999999982e+00
2.338999999999999968e+00
2.730999999999999872e+00
2.366999999999999993e+00
2.089999999999999858e+00
2.278000000000000025e+00
2.080000000000000071e+00
2.448999999999999844e+00
2.415999999999999925e+00
3.202999999999999847e+00
2.430000000000000160e+00
2.209000000000000075e+00
2.907000000000000028e+00
2.420999999999999819e+00
2.190999999999999837e+00
2.160000000000000142e+00
2.661000000000000032e+00
2.415999999999999925e+00
2.551000000000000156e+00
2.055000000000000160e+00
2.209000000000000075e+00
2.133999999999999897e+00
2.279999999999999805e+00
2.180000000000000160e+00
1.963000000000000078e+00
2.446000000000000174e+00
2.415000000000000036e+00
2.254999999999999893e+00
2.258999999999999897e+00
2.448999999999999844e+00
2.402000000000000135e+00
2.548999999999999932e+00
2.258999999999999897e+00
2.265000000000000124e+00
2.274999999999999911e+00
2.701000000000000068e+00
2.265000000000000124e+00
2.607000000000000206e+00
2.290999999999999925e+00
2.509999999999999787e+00
2.112000000000000099e+00
3.004000000000000004e+00
2.626999999999999780e+00
2.144000000000000128e+00
2.693000000000000060e+00
2.778000000000000025e+00
2.779999999999999805e+00
2.331999999999999851e+00
2.342999999999999972e+00
2.322999999999999954e+00
2.729999999999999982e+00
2.149000000000000021e+00
2.460999999999999854e+00
2.439000000000000057e+00
2.448999999999999844e+00
2.117999999999999883e+00
2.177999999999999936e+00
2.565999999999999837e+00
2.415999999999999925e+00
2.705999999999999961e+00
2.467999999999999972e+00
2.814000000000000057e+00
2.263999999999999790e+00
2.266999999999999904e+00
2.358999999999999986e+00
2.295999999999999819e+00
2.637999999999999901e+00
2.392999999999999794e+00
1.903999999999999915e+00
2.262999999999999901e+00
2.214999999999999858e+00
2.834999999999999964e+00
2.426000000000000156e+00
2.275999999999999801e+00
2.166999999999999815e+00
2.543000000000000149e+00
2.232000000000000206e+00
2.458000000000000185e+00
2.325000000000000178e+00
2.454000000000000181e+00
2.439000000000000057e+00
2.383000000000000007e+00
2.271999999999999797e+00
2.283999999999999808e+00
2.476999999999999869e+00
2.480999999999999872e+00
2.265000000000000124e+00
2.350999999999999979e+00
2.366999999999999993e+00
2.178999999999999826e+00
2.182999999999999829e+00
2.533999999999999808e+00
2.299999999999999822e+00
2.273000000000000131e+00
1.915999999999999925e+00
2.237999999999999989e+00
2.448999999999999844e+00
2.463000000000000078e+00
1.981999999999999984e+00
2.258999999999999897e+00
2.391999999999999904e+00
2.673000000000000043e+00
2.251999999999999780e+00
2.459999999999999964e+00
2.580999999999999961e+00
2.503000000000000114e+00
2.146999999999999797e+00
2.323999999999999844e+00
2.293000000000000149e+00
2.644000000000000128e+00
2.383999999999999897e+00
2.294999999999999929e+00
2.576000000000000068e+00
2.297000000000000153e+00
2.277000000000000135e+00
2.544999999999999929e+00
2.177000000000000046e+00
2.361000000000000210e+00
3.023000000000000131e+00
2.370000000000000107e+00
2.351999999999999869e+00
2.644000000000000128e+00
2.180000000000000160e+00
2.238999999999999879e+00
2.391000000000000014e+00
2.391999999999999904e+00
2.391000000000000014e+00
2.940999999999999837e+00
2.483000000000000096e+00
2.536000000000000032e+00
2.435000000000000053e+00
2.198999999999999844e+00
2.225000000000000089e+00
2.495999999999999996e+00
2.693000000000000060e+00
3.509999999999999787e+00
2.525999999999999801e+00
2.285000000000000142e+00
2.543000000000000149e+00
2.185999999999999943e+00
2.031000000000000139e+00
2.267999999999999794e+00
2.537999999999999812e+00
2.254999999999999893e+00
2.730999999999999872e+00
2.186999999999999833e+00
2.261000000000000121e+00
2.306000000000000050e+00
2.408999999999999808e+00
2.533999999999999808e+00
1.953999999999999959e+00
2.870999999999999996e+00
2.467999999999999972e+00
2.620000000000000107e+00
2.458000000000000185e+00
2.406000000000000139e+00
2.494000000000000217e+00
3.374000000000000110e+00
2.363999999999999879e+00
2.152000000000000135e+00
2.378000000000000114e+00
2.629000000000000004e+00
2.370000000000000107e+00
2.576000000000000068e+00
2.359999999999999876e+00
2.266999999999999904e+00
2.354000000000000092e+00
2.379000000000000004e+00
2.285000000000000142e+00
2.357000000000000206e+00
2.850999999999999979e+00
2.411999999999999922e+00
2.355999999999999872e+00
2.333000000000000185e+00
3.008999999999999897e+00
2.318999999999999950e+00
2.628000000000000114e+00
2.515000000000000124e+00
2.607000000000000206e+00
2.443999999999999950e+00
2.279999999999999805e+00
2.533999999999999808e+00
2.112999999999999989e+00
2.380999999999999783e+00
2.277000000000000135e+00
2.516000000000000014e+00
2.684000000000000163e+00
2.480999999999999872e+00
2.307999999999999829e+00
1.931000000000000050e+00
2.620999999999999996e+00
2.073999999999999844e+00
2.350999999999999979e+00
2.302000000000000046e+00
2.641000000000000014e+00
2.660000000000000142e+00
2.427999999999999936e+00
2.577999999999999847e+00
2.501999999999999780e+00
2.379000000000000004e+00
2.206999999999999851e+00
2.415999999999999925e+00
2.669000000000000039e+00
2.170999999999999819e+00
2.176000000000000156e+00
2.193000000000000060e+00
2.126999999999999780e+00
2.487000000000000099e+00
2.398000000000000131e+00
2.782000000000000028e+00
2.705000000000000071e+00
2.697000000000000064e+00
2.560000000000000053e+00
3.023000000000000131e+00
2.367999999999999883e+00
2.580999999999999961e+00
2.850999999999999979e+00
2.246999999999999886e+00
2.200000000000000178e+00
2.229999999999999982e+00
2.307999999999999829e+00
2.536999999999999922e+00
2.818999999999999950e+00
3.374000000000000110e+00
2.423999999999999932e+00
2.777000000000000135e+00
2.516000000000000014e+00
2.444999999999999840e+00
2.761000000000000121e+00
2.444999999999999840e+00
2.492999999999999883e+00
2.543000000000000149e+00
2.108999999999999986e+00
2.375000000000000000e+00
2.251999999999999780e+00
2.680000000000000160e+00
2.432999999999999829e+00
2.435999999999999943e+00
2.383000000000000007e+00
1.828999999999999959e+00
2.248000000000000220e+00
2.238999999999999879e+00
2.366999999999999993e+00
2.092999999999999972e+00
2.443999999999999950e+00
2.422000000000000153e+00
2.529999999999999805e+00
2.380999999999999783e+00
2.197999999999999954e+00
2.705000000000000071e+00
2.400999999999999801e+00
2.388999999999999790e+00
2.447999999999999954e+00
2.701000000000000068e+00
2.455999999999999961e+00
2.412999999999999812e+00
2.383000000000000007e+00
2.197999999999999954e+00
2.428999999999999826e+00
2.237999999999999989e+00
2.361000000000000210e+00
2.236000000000000210e+00
2.232000000000000206e+00
2.375000000000000000e+00
2.399000000000000021e+00
2.748000000000000220e+00
2.661999999999999922e+00
2.580999999999999961e+00
2.331999999999999851e+00
2.568000000000000060e+00
2.579000000000000181e+00
2.358000000000000096e+00
2.259999999999999787e+00
2.587000000000000188e+00
2.238999999999999879e+00
2.261000000000000121e+00
2.257000000000000117e+00
2.044999999999999929e+00
2.402000000000000135e+00
2.379999999999999893e+00
2.373000000000000220e+00
2.282999999999999918e+00
2.478000000000000203e+00
2.435000000000000053e+00
2.443999999999999950e+00
2.181999999999999940e+00
2.447999999999999954e+00
2.351999999999999869e+00
2.560999999999999943e+00
2.310000000000000053e+00
2.507000000000000117e+00
2.439000000000000057e+00
2.249000000000000110e+00
2.544000000000000039e+00
2.484999999999999876e+00
2.375000000000000000e+00
2.321000000000000174e+00
2.779999999999999805e+00
2.297000000000000153e+00
2.387000000000000011e+00
2.777000000000000135e+00
2.761000000000000121e+00
2.294000000000000039e+00
2.373000000000000220e+00
2.423999999999999932e+00
2.186999999999999833e+00
2.153999999999999915e+00
2.373000000000000220e+00
2.505999999999999783e+00
2.172000000000000153e+00
2.475000000000000089e+00
2.309000000000000163e+00
2.668000000000000149e+00
2.624000000000000110e+00
2.486000000000000210e+00
2.196000000000000174e+00
3.202999999999999847e+00
2.537999999999999812e+00
2.572999999999999954e+00
3.028999999999999915e+00
2.057999999999999829e+00
2.455000000000000071e+00
2.173000000000000043e+00
2.224000000000000199e+00
2.237999999999999989e+00
2.259999999999999787e+00
2.539000000000000146e+00
2.339999999999999858e+00
2.202999999999999847e+00
2.049999999999999822e+00
2.419000000000000039e+00
2.189999999999999947e+00
2.400999999999999801e+00
2.238999999999999879e+00
2.390000000000000124e+00
2.637999999999999901e+00
2.649000000000000021e+00
2.511000000000000121e+00
2.523000000000000131e+00
2.266000000000000014e+00
2.121999999999999886e+00
2.209999999999999964e+00
2.154999999999999805e+00
2.201999999999999957e+00
2.357000000000000206e+00
2.416999999999999815e+00
2.052999999999999936e+00
2.321000000000000174e+00
2.277000000000000135e+00
2.007000000000000117e+00
2.232000000000000206e+00
2.436999999999999833e+00
2.891999999999999904e+00
2.217999999999999972e+00
2.266999999999999904e+00
2.650999999999999801e+00
2.299999999999999822e+00
2.479000000000000092e+00
2.285000000000000142e+00
2.555000000000000160e+00
2.669000000000000039e+00
2.343999999999999861e+00
2.733999999999999986e+00
2.524999999999999911e+00
2.436999999999999833e+00
2.996999999999999886e+00
2.375999999999999890e+00
2.370999999999999996e+00
2.466000000000000192e+00
2.358999999999999986e+00
2.617999999999999883e+00
2.584999999999999964e+00
2.357000000000000206e+00
2.701000000000000068e+00
2.516999999999999904e+00
1.856999999999999984e+00
2.504000000000000004e+00
2.313000000000000167e+00
2.662999999999999812e+00
2.080000000000000071e+00
2.895000000000000018e+00
2.629000000000000004e+00
2.253000000000000114e+00
2.516999999999999904e+00
2.733999999999999986e+00
2.246999999999999886e+00
2.423999999999999932e+00
2.657000000000000028e+00
2.395999999999999908e+00
2.287999999999999812e+00
2.238999999999999879e+00
2.525999999999999801e+00
