1.209747078633927941e+01
1.222329969342072431e+01
1.638156632562062853e+01
1.153672135386932140e+01
1.623727549620944899e+01
1.202810056607828315e+01
1.253802966372784589e+01
1.310206419678506684e+01
1.391410429791771008e+01
1.173712058805824299e+01
1.186363938165908927e+01
1.222329969342072431e+01
1.255667698887851635e+01
1.256664091443722420e+01
1.242870859352178670e+01
1.236391224262121291e+01
1.234909920004298911e+01
1.120418255521040685e+01
1.201808153694414472e+01
1.325170170813534298e+01
1.156080705036462675e+01
1.120418255521040685e+01
1.626115874217740753e+01
1.154038387428255952e+01
1.215114415182510044e+01
1.231440034326358557e+01
1.181192420265159626e+01
1.630749554013059566e+01
1.225299177478188639e+01
1.638156632562062853e+01
1.308835656961237959e+01
1.194150992855847093e+01
1.202810056607828315e+01
1.611504862804448379e+01
1.613870311502694932e+01
1.186363938165908927e+01
1.201808153694414472e+01
1.645636994021397825e+01
1.648129249033712895e+01
1.282004695861869159e+01
1.417408169266328422e+01
1.186670631396512121e+01
1.325170170813534298e+01
1.638156632562062853e+01
1.241110171017392716e+01
1.239190539477951702e+01
1.645636994021397825e+01
1.194150992855847093e+01
1.274778257356171274e+01
1.181192420265159626e+01
1.202810056607828315e+01
1.186670631396512121e+01
1.212264576710225583e+01
1.623446585674492582e+01
1.274778257356171274e+01
1.253802966372784589e+01
1.160897112989955815e+01
1.308751193873065688e+01
1.215114415182510044e+01
1.275305831359232656e+01
1.232369605525671830e+01
1.265558620129419509e+01
1.243393924538873030e+01
1.161518748887591101e+01
1.127130490082048908e+01
1.168554273828523193e+01
1.276407582344326208e+01
1.252407033201305708e+01
1.229810330801407403e+01
1.391410429791771008e+01
1.173712058805824299e+01
1.194327792235079500e+01
1.288462433947146835e+01
1.262393696541951726e+01
1.275262509801238942e+01
1.332616941170198821e+01
1.638229915472394538e+01
1.302303863778296034e+01
1.127130490082048908e+01
1.435217833603714155e+01
1.215114415182510044e+01
1.324089009421233420e+01
1.224436709017828129e+01
1.253001940858892027e+01
1.382635790456116709e+01
1.623727549620944899e+01
1.630749554013059566e+01
1.370388780899619618e+01
1.611957246160921287e+01
1.404272797296408548e+01
1.623446585674492582e+01
1.352393950890459173e+01
1.322450840301244313e+01
1.137851331743322447e+01
1.312130540381309629e+01
1.227097085201302384e+01
1.173712058805824299e+01
1.202810056607828315e+01
1.256478239884857118e+01
1.317125934603213899e+01
1.186670631396512121e+01
1.352986436633079848e+01
1.254586395715866942e+01
1.224273856183319964e+01
1.287617053473068296e+01
1.655847718760974985e+01
1.201808153694414472e+01
1.250718753547694639e+01
1.196556450935516125e+01
1.202810056607828315e+01
1.611504862804448379e+01
1.275344580380916604e+01
1.179811905834812080e+01
1.262706837982305608e+01
1.186670631396512121e+01
1.650633151756039396e+01
1.177036538201272009e+01
1.391410429791771008e+01
1.148814574400617516e+01
1.270880237745233821e+01
1.212336830375948260e+01
1.653148722165591522e+01
1.147938540399268170e+01
1.241727588949249927e+01
1.225741986051933274e+01
1.386641443527047102e+01
1.337996854795826351e+01
1.300268929500316872e+01
1.186670631396512121e+01
1.645636994021397825e+01
1.160640048894972054e+01
1.287710562269470849e+01
1.213975650897747371e+01
1.202810056607828315e+01
1.163561066495798002e+01
1.253121025932473387e+01
1.202810056607828315e+01
1.215114415182510044e+01
1.289774586610006679e+01
1.194327792235079500e+01
1.338200550714817538e+01
1.377562666678106140e+01
1.127386169029080776e+01
1.217894577028212311e+01
1.256868001988631356e+01
1.648129249033712895e+01
1.219616723741967235e+01
1.229373273385168552e+01
1.386705227181127675e+01
1.398890791251106158e+01
1.297108186821215625e+01
1.219617818031800383e+01
1.288864251143221296e+01
1.616631183548991757e+01
1.251196169204706976e+01
1.321836292983424599e+01
1.330046767988465817e+01
1.239088611574253740e+01
1.252327043736024592e+01
1.194150992855847093e+01
1.210290418067163287e+01
1.168330052760521909e+01
1.648195618780246008e+01
1.186363938165908927e+01
1.219617818031800383e+01
1.640687347217952308e+01
1.273997513838150830e+01
1.390116151915452036e+01
1.404272797296408548e+01
1.410372644325396330e+01
1.341817853177951037e+01
1.635676005282546797e+01
1.194150992855847093e+01
1.187292267294147408e+01
1.275760629647437305e+01
1.341817853177951037e+01
1.283034910848663834e+01
1.265196432190854736e+01
1.640687347217952308e+01
1.648129249033712895e+01
1.618635512758405426e+01
1.271369478450352197e+01
1.628515666729630595e+01
1.186363938165908927e+01
1.193844299625244254e+01
1.150751323073363963e+01
1.425890433639077237e+01
1.352986436633079848e+01
1.618985224263783351e+01
1.167035774884202937e+01
1.206601683772914235e+01
1.179811905834812080e+01
1.293985274021931176e+01
1.177036538201272009e+01
1.133781895018311481e+01
1.658214945955222319e+01
1.333443160580505449e+01
1.219616723741967235e+01
1.435217833603714155e+01
1.179811905834812080e+01
1.335931305462597152e+01
1.663328080220310312e+01
1.242474946768146893e+01
1.209673926191077875e+01
1.270908925571837145e+01
1.255136944630368134e+01
1.155418901858603320e+01
1.179811905834812080e+01
1.215114415182510044e+01
1.202810056607828315e+01
1.262587663406930538e+01
1.212137456572465055e+01
1.275854896641927816e+01
1.120418255521040685e+01
1.635676005282546797e+01
1.337527129447801144e+01
1.201808153694414472e+01
1.309574748952982937e+01
1.643152790296704069e+01
1.232719110466821100e+01
1.404272797296408548e+01
1.223079938370994846e+01
1.312836452766680928e+01
1.331500544028516941e+01
1.179811905834812080e+01
1.251145921976080011e+01
1.201808153694414472e+01
1.308835656961237959e+01
1.186363938165908927e+01
1.210290418067163287e+01
1.391410429791771008e+01
1.153159687435637082e+01
1.187292267294147408e+01
1.187292267294147408e+01
1.305257990576872018e+01
1.271836553137919701e+01
1.226243041891509478e+01
1.202810056607828315e+01
1.207634053723174894e+01
1.417408169266328422e+01
1.256268694550458953e+01
1.204036812394851275e+01
1.390116151915452036e+01
1.282610824615781020e+01
1.337996854795826351e+01
1.219617818031800383e+01
1.650633151756039396e+01
1.186670631396512121e+01
1.212137456572465055e+01
1.246948039253521223e+01
1.202810056607828315e+01
1.224875007038507135e+01
1.390116151915452036e+01
1.391410429791771008e+01
1.614288530840442348e+01
1.356519322463572763e+01
1.250828321995560266e+01
1.618635512758405426e+01
1.332049108307171892e+01
1.250728957672811781e+01
1.611504862804448379e+01
1.240887933589066350e+01
1.212137456572465055e+01
1.228744670850964305e+01
1.383720425926221154e+01
1.315190445966985244e+01
1.648129249033712895e+01
1.633349735407545822e+01
1.230182798419154899e+01
1.658214945955222319e+01
1.262021842301700225e+01
1.179811905834812080e+01
1.618985224263783351e+01
1.225450415584575481e+01
1.404272797296408548e+01
1.319859980323296611e+01
1.147938540399268170e+01
1.235260104861210806e+01
1.202810056607828315e+01
1.630926947133827909e+01
1.264393558906720827e+01
1.289774586610006679e+01
1.219941132740851053e+01
1.224980101215169093e+01
1.134866530488415926e+01
1.147938540399268170e+01
1.337527129447801144e+01
1.215114415182510044e+01
1.403787210601418245e+01
1.287133557530396999e+01
1.325170170813534298e+01
1.301079694186529601e+01
1.207634053723174894e+01
1.638229915472394538e+01
1.325962799121170121e+01
1.163624850149878753e+01
1.381312061563948212e+01
1.628303690068661780e+01
1.251305559326372041e+01
1.186670631396512121e+01
1.248574190140257478e+01
1.150036895813300930e+01
1.295576925440131788e+01
1.640687347217952308e+01
1.210626949689268983e+01
1.262671175514805988e+01
1.425890433639077237e+01
1.186670631396512121e+01
1.261089266697237221e+01
1.334065639806341252e+01
1.653148722165591522e+01
1.283293221729565481e+01
1.275344580380916604e+01
1.179811905834812080e+01
1.383457864969741102e+01
1.177036538201272009e+01
1.240178631621732386e+01
1.341817853177951037e+01
1.176034635287858343e+01
1.161518748887591101e+01
1.187292267294147408e+01
1.186670631396512121e+01
1.285900311317519851e+01
1.417408169266328422e+01
1.409751008427761043e+01
1.123041055994061210e+01
1.382635790456116709e+01
1.291890577001460372e+01
1.390116151915452036e+01
1.194327792235079500e+01
1.194150992855847093e+01
1.386705227181127675e+01
1.176034635287858343e+01
1.186363938165908927e+01
1.282772495217813713e+01
1.337996854795826351e+01
1.229810330801407403e+01
1.283293221729565481e+01
1.417408169266328422e+01
1.168554273828523193e+01
1.236922747539951395e+01
1.602156948073880827e+01
1.155418901858603320e+01
1.186670631396512121e+01
1.630926947133827909e+01
1.650633151756039396e+01
1.321836292983424599e+01
1.160897112989955815e+01
1.146191773927596813e+01
1.193844299625244254e+01
1.120418255521040685e+01
1.260251792640470292e+01
1.287612587823827681e+01
1.159555413424867609e+01
1.299690783104637504e+01
1.153159687435637082e+01
1.296570136848153254e+01
1.640687347217952308e+01
1.394185588640462825e+01
1.163624850149878753e+01
1.595265026729528834e+01
1.337527129447801144e+01
1.173712058805824299e+01
1.621035305270295268e+01
1.127898616980376012e+01
1.268269651928940966e+01
1.253518298791170693e+01
1.145331693202657597e+01
1.611957246160921287e+01
1.218995805671875843e+01
1.130307186629906546e+01
1.204036812394851275e+01
1.186670631396512121e+01
1.177036538201272009e+01
1.250699402785997805e+01
1.282976236419414384e+01
1.298057284356359098e+01
1.212137456572465055e+01
1.250728957672811781e+01
1.638156632562062853e+01
1.253638455250700012e+01
1.202810056607828315e+01
1.349298214637286186e+01
1.264661607709354563e+01
1.147938540399268170e+01
1.207634053723174894e+01
1.196556450935516125e+01
1.153159687435637082e+01
1.194327792235079500e+01
1.648195618780246008e+01
1.119026390692147643e+01
1.274271190025759459e+01
1.147938540399268170e+01
1.202810056607828315e+01
1.310548423747823321e+01
1.265558620129419509e+01
1.633349735407545822e+01
1.179811905834812080e+01
1.321725300498519395e+01
1.638156632562062853e+01
1.258579452770904439e+01
1.633349735407545822e+01
1.212137456572465055e+01
1.314468130881318508e+01
1.618985224263783351e+01
1.175810414219857236e+01
1.602745388188863984e+01
1.409751008427761043e+01
1.251400732770709290e+01
1.633206985758616980e+01
1.204036812394851275e+01
1.196556450935516125e+01
1.228548863152571080e+01
1.233895467176930261e+01
1.219617818031800383e+01
1.621035305270295268e+01
1.245767519629830034e+01
1.655847718760974985e+01
1.210290418067163287e+01
1.227097085201302384e+01
1.332594818196274566e+01
1.145331693202657597e+01
1.653148722165591522e+01
1.317689809354199149e+01
1.628515666729630595e+01
1.635676005282546797e+01
1.252870603607858513e+01
1.290091186075116170e+01
1.626115874217740753e+01
1.307725504808938766e+01
1.267448722923048621e+01
1.359874312349794501e+01
1.425890433639077237e+01
1.186363938165908927e+01
1.271319474179216513e+01
1.268702552000832284e+01
