-5.002473970705878514e-02
4.818600723987760404e-01
3.273416387439453956e-01
-3.466413044389327069e-02
3.578049937079388343e-01
3.811739419758897185e-01
1.454627918278941223e-01
6.700734092932929542e-01
7.074059514642492275e-01
1.984959764604212751e-01
3.864097546463440835e-01
4.818600723987760404e-01
1.815771837747011119e-01
3.382555045735937682e-01
2.536337027578845493e-01
2.092121545162672902e-01
1.984963245004784937e-01
-1.721982071390399938e-01
4.263333193159439816e-01
-8.469630705763719902e-02
3.995024422461668223e-02
-1.721982071390399938e-01
3.647282978271046971e-01
1.974738401246405317e-01
5.833093357882948027e-01
1.724110490835233378e-01
2.916852722770499895e-01
3.063293268242475165e-01
1.220418158079308313e-01
3.273416387439453956e-01
-1.343355857728294467e-01
3.798796435172206998e-01
3.811739419758897185e-01
2.508040563505389287e-01
2.577040407607462669e-01
3.864097546463440835e-01
4.263333193159439816e-01
4.205309345605741100e-01
4.275579036485623874e-01
4.451369978968600094e-01
8.838648596717710859e-01
2.866903477005919854e-01
-8.469630705763719902e-02
3.273416387439453956e-01
2.419221458978881856e-01
1.849313048595639941e-01
4.205309345605741100e-01
3.798796435172206998e-01
3.902947005280186232e-01
2.916852722770499895e-01
3.811739419758897185e-01
2.866903477005919854e-01
-2.330457309275679734e-02
2.854204482876419036e-01
3.902947005280186232e-01
1.454627918278941223e-01
2.423455668220739767e-01
6.106694083318409128e-01
5.833093357882948027e-01
4.386759308129484225e-01
1.795444346585632900e-01
3.124167745114476702e-01
2.570663653603109111e-01
2.906631359412692461e-01
-1.088921672507474625e-01
2.887992426207972585e-01
4.442474264161671016e-01
-1.120589373506355457e-01
5.750493682154065311e-01
7.074059514642492275e-01
1.984959764604212751e-01
3.331440234993152671e-01
5.031242412388401419e-01
3.174880823398815721e-01
3.824530387430833400e-01
6.314160653062046435e-01
3.995186226408762309e-01
6.231442737571324386e-01
-1.088921672507474625e-01
9.814753716973179110e-01
5.833093357882948027e-01
6.907319776380056453e-01
8.289648044434549945e-02
-1.358233214141364442e-01
6.281703841269372646e-01
3.578049937079388343e-01
3.063293268242475165e-01
4.539267601890433212e-01
3.233636925761373959e-01
8.424061084495058083e-01
2.854204482876419036e-01
-6.839920759911599646e-02
5.908353863068853684e-01
7.200395783815771722e-02
5.483207811831150025e-01
6.373875640697459488e-01
1.984959764604212751e-01
3.811739419758897185e-01
1.950878814126131289e-01
7.087474076989419558e-01
2.866903477005919854e-01
-2.474670192125216772e-04
1.616911937322988990e-01
1.129743750157157223e-01
4.409028752295967024e-01
3.767687048424601670e-01
4.263333193159439816e-01
-5.974997717183683221e-03
4.375152915202580317e-01
3.811739419758897185e-01
2.508040563505389287e-01
4.233034510185422761e-01
2.418186210031585404e-01
3.191272961808735431e-01
2.866903477005919854e-01
4.345962624076822323e-01
3.368291610973717098e-01
7.074059514642492275e-01
-6.452133257693404289e-02
3.608506418551691297e-01
-2.257135827121636851e-02
4.416459851061844688e-01
1.541511955819032664e-01
2.460571978714085617e-01
1.258915634739281586e-01
6.838603762137012154e-01
-1.178180402627884149e-01
5.626394898552664614e-01
2.866903477005919854e-01
4.205309345605741100e-01
9.700282456311626333e-02
5.254443574055613908e-01
4.326296111075933482e-03
3.811739419758897185e-01
1.331395400412453967e-01
1.295414680838860022e-01
3.811739419758897185e-01
5.833093357882948027e-01
4.980488463970491608e-01
3.331440234993152671e-01
7.586330811948105435e-01
8.650113595354280704e-01
-4.053125213203045973e-02
2.951393516557132557e-02
3.394281650606352230e-01
4.275579036485623874e-01
5.441982682531172344e-01
1.561278898925149150e-01
6.670695748891315446e-01
8.005952472808779419e-01
5.438674753963379516e-01
5.239438313414908066e-01
4.466229119246492019e-01
3.371050662090588901e-01
6.301756961890170317e-02
-1.658220226926907515e-01
-1.418456051312944055e-01
2.281583336264638717e-01
1.077586290419709769e-01
3.798796435172206998e-01
4.743632377925202093e-01
1.566851152917934087e-01
3.555177501956947594e-01
3.864097546463440835e-01
5.239438313414908066e-01
4.065112683249854086e-01
4.320141538265449555e-01
7.213596799435677553e-01
8.424061084495058083e-01
8.857287529922430735e-01
-1.056905259473275294e-01
3.203260850588378617e-01
3.798796435172206998e-01
3.350079168197872548e-01
4.272145362447581363e-01
-1.056905259473275294e-01
4.770645190952933490e-01
3.320482272849609728e-01
4.065112683249854086e-01
4.275579036485623874e-01
2.715390020104759827e-01
3.618042046734100126e-01
3.716632232031322758e-01
3.864097546463440835e-01
4.795990504629727980e-01
-3.099789726050161676e-02
9.318947781483455373e-01
-2.474670192125216772e-04
3.439933521671676431e-01
1.706388437711119366e-01
-8.749276380776471740e-02
2.418186210031585404e-01
5.289653892860179951e-01
3.368291610973717098e-01
3.310476707596343715e-02
4.557794193943518479e-01
-6.063200118054368204e-02
5.441982682531172344e-01
9.814753716973179110e-01
2.418186210031585404e-01
7.480229764940524717e-01
4.699580006590906578e-01
2.053188241995300700e-01
-5.083891306847654334e-02
3.577925164402877556e-01
3.294103487175661371e-01
2.473404913985319808e-01
2.418186210031585404e-01
5.833093357882948027e-01
3.811739419758897185e-01
2.647668677451573416e-01
4.307545355248620922e-01
4.414568625399688528e-01
-1.721982071390399938e-01
3.203260850588378617e-01
-4.865630931466569109e-02
4.263333193159439816e-01
5.987274304169893924e-01
3.414069665910535178e-01
1.821978736360474471e-01
8.424061084495058083e-01
7.236462304362589748e-02
-1.216423810828608509e-01
7.269807168690238797e-01
2.418186210031585404e-01
6.012643328656075425e-02
4.263333193159439816e-01
-1.343355857728294467e-01
3.864097546463440835e-01
4.743632377925202093e-01
7.074059514642492275e-01
3.813528746487548915e-03
3.350079168197872548e-01
3.350079168197872548e-01
5.912699189546675171e-01
3.658304139597827742e-01
9.654978420614845902e-02
3.811739419758897185e-01
4.901200399716660883e-01
8.838648596717710859e-01
1.916910363378985238e-01
5.307045873368885225e-01
7.213596799435677553e-01
4.494614609921896431e-01
-1.178180402627884149e-01
5.239438313414908066e-01
4.345962624076822323e-01
2.866903477005919854e-01
4.307545355248620922e-01
2.320786174123377066e-01
3.811739419758897185e-01
1.183172192361823249e-01
7.213596799435677553e-01
7.074059514642492275e-01
3.302285044348014509e-01
1.217036554472095133e-02
-2.410936973030608499e-02
2.715390020104759827e-01
6.291809484142731890e-01
-8.596354669718309083e-03
2.508040563505389287e-01
6.276541166668128113e-01
4.307545355248620922e-01
1.510508317613581397e-01
6.477236607355720821e-01
6.452145339724921769e-01
4.275579036485623874e-01
3.855678347987705479e-01
1.250439964076353050e-01
4.557794193943518479e-01
2.694457105805678765e-01
2.418186210031585404e-01
3.439933521671676431e-01
1.233610286923454424e-01
8.424061084495058083e-01
7.235063015372276141e-01
1.541511955819032664e-01
1.595854405476533344e-01
3.811739419758897185e-01
3.786097441042706180e-01
2.955499321475958396e-01
4.980488463970491608e-01
7.187170703061340760e-02
8.704640065965740803e-02
5.265804368459825469e-02
1.541511955819032664e-01
-4.865630931466569109e-02
5.833093357882948027e-01
9.563986488588369639e-01
5.211807386330011838e-01
-8.469630705763719902e-02
5.673719679698638885e-01
4.901200399716660883e-01
3.995186226408762309e-01
-1.538212969971723965e-01
1.163487387166757259e-01
6.129122347285829164e-01
2.993481737382612806e-01
6.883370776038866268e-02
2.866903477005919854e-01
2.415491753325422764e-01
2.055296302299041145e-01
5.345765672110136535e-01
4.065112683249854086e-01
-4.040971177768426514e-02
2.768353707054238555e-01
9.318947781483455373e-01
2.866903477005919854e-01
2.584633212652125422e-01
-1.298571264386385593e-01
4.416459851061844688e-01
4.917566178381242992e-01
4.233034510185422761e-01
2.418186210031585404e-01
8.190495629393801380e-01
3.368291610973717098e-01
2.356234917845654309e-01
-1.056905259473275294e-01
3.819885384374259729e-01
2.906631359412692461e-01
3.350079168197872548e-01
2.866903477005919854e-01
4.909085778426156566e-01
8.838648596717710859e-01
8.374111838730478041e-01
-1.088661134554520515e-01
6.281703841269372646e-01
5.116278696745908405e-01
7.213596799435677553e-01
3.331440234993152671e-01
3.798796435172206998e-01
6.670695748891315446e-01
3.819885384374259729e-01
3.864097546463440835e-01
4.876128973696367552e-01
-1.178180402627884149e-01
5.750493682154065311e-01
4.917566178381242992e-01
8.838648596717710859e-01
2.887992426207972585e-01
2.130015355537633326e-01
2.233213605481871866e-01
2.473404913985319808e-01
2.866903477005919854e-01
3.786097441042706180e-01
4.345962624076822323e-01
-1.658220226926907515e-01
2.423455668220739767e-01
-1.278534262605219851e-01
4.795990504629727980e-01
-1.721982071390399938e-01
3.586143014686626884e-01
4.990889477857134437e-01
7.744954795448144580e-02
5.550101774736653226e-01
3.813528746487548915e-03
5.408432672932974583e-01
4.065112683249854086e-01
7.602588707057602591e-01
1.163487387166757259e-01
2.028331631157662684e-01
-4.865630931466569109e-02
1.984959764604212751e-01
2.784739273865035614e-01
-7.900891132241127934e-02
3.480188983474494790e-01
1.390576740425064628e-01
1.651932536547864316e-01
3.233636925761373959e-01
6.217916983673354991e-02
-4.394536653901326417e-03
5.307045873368885225e-01
2.866903477005919854e-01
3.368291610973717098e-01
9.971664841669891644e-03
4.767789538581403974e-01
5.476176169324933340e-01
4.307545355248620922e-01
-8.596354669718309083e-03
3.273416387439453956e-01
3.206197846843679145e-01
3.811739419758897185e-01
-1.250123013069881495e-02
3.292889083518986126e-01
1.541511955819032664e-01
4.901200399716660883e-01
4.375152915202580317e-01
3.813528746487548915e-03
3.331440234993152671e-01
3.555177501956947594e-01
-2.850476525656766569e-01
3.861805816477446029e-01
1.541511955819032664e-01
3.811739419758897185e-01
6.204622964517607642e-01
3.124167745114476702e-01
3.855678347987705479e-01
2.418186210031585404e-01
7.334226261010012848e-01
3.273416387439453956e-01
2.262418803043271254e-01
3.855678347987705479e-01
4.307545355248620922e-01
6.941278430314437031e-01
3.439933521671676431e-01
2.498744111084221231e-01
2.960224589323949829e-01
8.374111838730478041e-01
-6.611852098160397873e-02
3.133219725083566942e-01
5.307045873368885225e-01
4.375152915202580317e-01
1.134255366173420043e-01
1.910190308613017862e-01
5.239438313414908066e-01
2.784739273865035614e-01
2.723912892609536840e-01
3.767687048424601670e-01
4.743632377925184329e-01
6.373875640697459488e-01
7.322189737238495866e-01
1.651932536547864316e-01
4.416459851061844688e-01
-1.778856028742659134e-01
3.716632232031322758e-01
3.203260850588378617e-01
6.817323449482639575e-01
5.426507568088183575e-01
3.647282978271064735e-01
5.297284213735409253e-01
3.978708235454320175e-01
2.479008821751271796e-02
9.318947781483455373e-01
3.864097546463440835e-01
4.182173405562039648e-01
3.379505856161326705e-01
