1.795343515300960702e+00
-9.517946866134369133e-01
4.515371614487978524e-01
2.749542714415317057e+00
-1.825005436085509192e-01
-2.302925028859443557e-01
8.741389900767766452e-01
-1.378522622898000316e+00
-7.890319416926788731e-01
1.078751259991120870e+00
-2.584818341992196067e-01
-9.517946866134369133e-01
7.190649185538851018e-01
4.850264657464944951e-02
4.292091696963691860e-01
6.290580599336647039e-01
6.772676974046193399e-01
3.604972672943608902e+00
-5.538980405084017455e-01
9.549613497420723629e-01
2.214866944925674819e+00
3.604972672943608902e+00
-3.265961581696654181e-01
1.048240161289400119e+00
-1.620282285066528605e+00
7.946232050347807885e-01
4.109703039713644701e-01
8.888690982384664929e-01
1.021230240824673841e+00
4.515371614487978524e-01
1.064253512640965349e+00
-2.210177481565426261e-01
-2.302925028859443557e-01
2.044523657805195516e+00
1.900913399330701914e+00
-2.584818341992196067e-01
-5.538980405084017455e-01
-1.488023577193501312e+00
-1.634276784016029271e+00
-4.126526949099972308e-01
-1.177546364946675306e+00
4.467632078632137183e-01
9.549613497420723629e-01
4.515371614487978524e-01
4.818985003043571580e-01
7.382956045486587238e-01
-1.488023577193501312e+00
-2.210177481565426261e-01
-1.771615821928878010e-01
4.109703039713644701e-01
-2.302925028859443557e-01
4.467632078632137183e-01
1.675131684417024980e+00
1.324048262790157748e+00
-1.771615821928878010e-01
8.741389900767766452e-01
7.378975120396480403e-01
-1.123443697371286687e+00
-1.620282285066528605e+00
-4.032805878126932697e-01
7.625306903152945237e-01
1.572438007618136291e-01
4.137659031104632401e-01
4.037226649946655810e-01
3.167134292777888049e+00
4.166137577510154455e-01
-4.283462880716963905e-01
1.979929255302626645e+00
-1.619575642633205970e+00
-7.890319416926788731e-01
1.078751259991120870e+00
1.138829155113545710e-01
-6.932282331812614773e-01
1.419335703218857214e-01
-1.503384227855179833e-01
-1.270402592952016629e+00
-1.050691640403832450e+00
-1.177010380040331095e+00
3.167134292777888049e+00
-1.392458109376906839e+00
-1.620282285066528605e+00
-1.467229870406614900e+00
1.197341883485746106e+00
2.081972778543688118e+00
-6.145768175056035565e-01
-1.825005436085509192e-01
8.888690982384664929e-01
-2.309398464533738982e-01
5.343306640705467458e-01
-1.086265494042688129e+00
1.324048262790157748e+00
9.190795783928235041e-01
-1.087833457383440283e+00
1.916017234643451195e+00
-8.965637473173190264e-01
-1.994299107391272363e+00
1.078751259991120870e+00
-2.302925028859443557e-01
6.610504047026842800e-01
-1.544587564643864486e+00
4.467632078632137183e-01
7.690280199075006928e-01
8.044547389523880598e-01
1.062023910819247519e+00
-4.132994274953305514e-01
-5.771946901106015382e-01
-5.538980405084017455e-01
1.524408130472986400e+00
-6.119388743466966929e-01
-2.302925028859443557e-01
2.044523657805195516e+00
-3.189001262610876575e-01
7.683074827682555563e-01
1.345588821367282029e-01
4.467632078632137183e-01
-1.780767045521278513e+00
8.442836529268800405e-02
-7.890319416926788731e-01
2.963495087483032808e+00
-5.315101677631930283e-02
1.671833011268728075e+00
-1.927493826151061018e+00
1.347869020471844204e+00
4.632952417351889340e-01
1.003910542858307275e+00
-7.371910021698517834e-01
1.027886379167271658e+00
-9.172047269340873887e-01
4.467632078632137183e-01
-1.488023577193501312e+00
1.806036442366614869e+00
-7.574899894326311278e-01
1.550822677521483284e+00
-2.302925028859443557e-01
1.547085988905918308e+00
9.425046571674479123e-01
-2.302925028859443557e-01
-1.620282285066528605e+00
-6.398545204540152520e-01
1.138829155113545710e-01
-1.758795089196964589e+00
-2.321328599907987122e+00
2.694335292950374328e+00
1.437505562022511896e+00
4.322694353778859522e-02
-1.634276784016029271e+00
-1.349781611096537715e+00
8.678797983480123213e-01
-7.002222338664925161e-01
-9.942093730018694009e-01
-8.365982829125369058e-01
-1.253360789602020464e+00
-4.390334019035406210e-01
2.483296962568894151e-01
1.228156200290068112e+00
1.133578065334314822e+00
1.080788528466003706e+00
5.438207591350744385e-01
1.036039487949950377e+00
-2.210177481565426261e-01
-8.980734589057134398e-01
1.378361817175023152e+00
-1.348958517049629879e-01
-2.584818341992196067e-01
-1.253360789602020464e+00
-1.196230469829288490e+00
-3.733098013263774773e-01
-8.197542488147979700e-01
-1.086265494042688129e+00
-1.181650150047501846e+00
1.001184897912300142e+00
5.975527780304161762e-01
-2.210177481565426261e-01
1.005265267484992259e-01
-3.356942041177950475e-01
1.001184897912300142e+00
-5.759876876254702571e-01
7.642867631996634603e-02
-1.196230469829288490e+00
-1.634276784016029271e+00
1.612964580472633580e+00
-5.482428247072416994e-02
-4.709336474369373304e-01
-2.584818341992196067e-01
-9.029993304939541998e-01
2.723271020024427891e+00
-1.283295155219805750e+00
7.690280199075006928e-01
1.049629191628963371e-01
1.278371425979291764e+00
1.963909072610714457e+00
7.683074827682555563e-01
-8.094854318632255241e-01
8.442836529268800405e-02
2.185052522636978800e+00
-2.221654802551730423e+00
9.019783067559307144e-01
-1.349781611096537715e+00
-1.392458109376906839e+00
7.683074827682555563e-01
-1.713235630860959091e+00
-2.516755428752937451e+00
6.465738326594382412e-01
1.799006414258355946e+00
-3.759821844320158923e-02
8.829627493240525815e-02
7.033515241771096660e-01
7.683074827682555563e-01
-1.620282285066528605e+00
-2.302925028859443557e-01
3.618510127790751096e-01
-5.855798335822641754e-01
-4.157917708189181050e-01
3.604972672943608902e+00
5.975527780304161762e-01
8.756110971568132895e-01
-5.538980405084017455e-01
-1.123339114424687146e+00
1.587936931210204294e-01
7.505930866982782890e-01
-1.086265494042688129e+00
1.244723843300000299e+00
1.036306535356211533e+00
-1.622880824973567115e+00
7.683074827682555563e-01
1.240570649439433071e+00
-5.538980405084017455e-01
1.064253512640965349e+00
-2.584818341992196067e-01
-8.980734589057134398e-01
-7.890319416926788731e-01
2.473817398386371380e+00
1.005265267484992259e-01
1.005265267484992259e-01
-1.040142895640653098e+00
-7.211269944755498151e-02
1.135916793346436915e+00
-2.302925028859443557e-01
-9.757647887717940671e-01
-1.177546364946675306e+00
6.756363514034994244e-01
-1.256456370641443554e+00
-8.197542488147979700e-01
-4.312218044309604759e-01
1.027886379167271658e+00
-1.253360789602020464e+00
-1.780767045521278513e+00
4.467632078632137183e-01
-5.855798335822641754e-01
5.261837249695667795e-01
-2.302925028859443557e-01
1.037986894316282882e+00
-8.197542488147979700e-01
-7.890319416926788731e-01
3.914524564121196759e-01
7.416873369935640392e-01
1.602276557739537699e+00
1.612964580472633580e+00
-1.260346985975566270e+00
1.535664155388015484e+00
2.044523657805195516e+00
-1.996533628035114694e+00
-5.855798335822641754e-01
8.907210651058271589e-01
-6.576278034915056248e-01
-1.271779388368273533e+00
-1.634276784016029271e+00
-7.603321078570891567e-01
1.007723677346078706e+00
-2.221654802551730423e+00
3.417602077179927589e-01
7.683074827682555563e-01
1.049629191628963371e-01
1.015295210611341314e+00
-1.086265494042688129e+00
-1.607961794010598355e+00
1.347869020471844204e+00
8.523245624609100402e-01
-2.302925028859443557e-01
-6.155124758521413053e-01
2.296694952868615913e-01
-6.398545204540152520e-01
1.246941431882121032e+00
1.178671733920216180e+00
2.049817796655639679e+00
1.347869020471844204e+00
8.756110971568132895e-01
-1.620282285066528605e+00
-2.732472494617339542e+00
-7.391821435340709678e-01
9.549613497420723629e-01
-9.375258402094969190e-01
-9.757647887717940671e-01
-1.050691640403832450e+00
1.107155738065121131e+00
1.667406431963265323e+00
-5.809825310304009838e-01
1.034168730748558751e+00
1.203181884691222558e+00
4.467632078632137183e-01
4.835764641873386838e-01
9.925245597943849196e-01
-7.967034132282923009e-01
-1.196230469829288490e+00
1.752086295835434404e+00
3.100292378481513400e-01
-1.283295155219805750e+00
4.467632078632137183e-01
3.889182445662976995e-01
1.054393165759279993e+00
-1.927493826151061018e+00
-6.128358874663051292e-01
-3.189001262610876575e-01
7.683074827682555563e-01
-2.114550259066031668e+00
8.442836529268800405e-02
5.102356268648585713e-01
1.001184897912300142e+00
-2.279037385437191754e-01
4.037226649946655810e-01
1.005265267484992259e-01
4.467632078632137183e-01
-6.382709687480365712e-01
-1.177546364946675306e+00
-1.075268031456454887e+00
3.166954099046777049e+00
-6.145768175056035565e-01
-6.981624224686492353e-01
-8.197542488147979700e-01
1.138829155113545710e-01
-2.210177481565426261e-01
-7.002222338664925161e-01
-2.279037385437191754e-01
-2.584818341992196067e-01
-5.950428811421900610e-01
1.027886379167271658e+00
-1.619575642633205970e+00
-6.128358874663051292e-01
-1.177546364946675306e+00
4.166137577510154455e-01
6.120099464615561535e-01
2.616524522316281409e+00
7.033515241771096660e-01
4.467632078632137183e-01
-6.155124758521413053e-01
-1.780767045521278513e+00
1.133578065334314822e+00
7.378975120396480403e-01
3.417323670435073346e+00
-9.029993304939541998e-01
3.604972672943608902e+00
-4.308990539845335144e-02
-6.750737799865469402e-01
1.946152381999060932e+00
-9.266587907802906754e-01
2.473817398386371380e+00
-8.629230276268251565e-01
-1.196230469829288490e+00
-9.053996651756829328e-01
1.667406431963265323e+00
3.042947997214829670e+00
8.756110971568132895e-01
1.078751259991120870e+00
1.468627091205361834e+00
2.960455176648874254e+00
4.369392513632816555e-03
9.016423658784995521e-01
1.271499738348716546e+00
5.343306640705467458e-01
1.290547359150676865e+00
2.444405886571890285e+00
-1.256456370641443554e+00
4.467632078632137183e-01
8.442836529268800405e-02
1.455933659302450334e+00
-5.747029531217345832e-01
-8.934002692148240721e-01
-5.855798335822641754e-01
1.535664155388015484e+00
4.515371614487978524e-01
1.278442991714314192e-01
-2.302925028859443557e-01
7.960074666031096147e-01
8.884262514461889471e-02
1.347869020471844204e+00
-9.757647887717940671e-01
-6.119388743466966929e-01
2.473817398386371380e+00
1.138829155113545710e-01
-1.348958517049629879e-01
4.385464052208292607e+00
-1.594956841643956347e-01
1.347869020471844204e+00
-2.302925028859443557e-01
-1.165494053222796200e+00
1.572438007618136291e-01
-7.603321078570891567e-01
7.683074827682555563e-01
-1.650542182098312161e+00
4.515371614487978524e-01
5.272761060941517641e-01
-7.603321078570891567e-01
-5.855798335822641754e-01
-1.481811610386614353e+00
1.049629191628963371e-01
7.105808611552667520e-01
1.103387258572530616e+00
-1.075268031456454887e+00
1.782662541680649415e+00
7.433302688130105640e-01
-1.256456370641443554e+00
-6.119388743466966929e-01
1.059994171898121396e+00
7.109074262056038762e-01
-1.253360789602020464e+00
1.468627091205361834e+00
3.448203315185857099e-01
-5.771946901106015382e-01
-8.980734589057006723e-01
-1.994299107391272363e+00
-1.645373736369029283e+00
1.271499738348716546e+00
-1.927493826151061018e+00
1.160138781051262891e+00
-4.709336474369373304e-01
5.975527780304161762e-01
-2.384050355843655211e+00
-8.313737312838633819e-01
-3.265961581697023886e-01
-8.129182504376137874e-01
-2.197017679329550388e-01
7.139021470836330874e-01
-1.283295155219805750e+00
-2.584818341992196067e-01
-3.112390737170767085e-01
4.760241304768352000e-02
