2.716000000000000192e+00
2.658999999999999808e+00
2.564999999999999947e+00
2.617999999999999883e+00
2.620000000000000107e+00
2.379999999999999893e+00
2.861000000000000210e+00
2.604000000000000092e+00
2.994000000000000217e+00
2.575000000000000178e+00
2.512000000000000011e+00
2.883000000000000007e+00
2.412999999999999812e+00
2.782000000000000028e+00
2.463000000000000078e+00
2.444999999999999840e+00
3.228000000000000203e+00
2.632000000000000117e+00
2.615000000000000213e+00
2.487000000000000099e+00
2.632000000000000117e+00
2.456999999999999851e+00
2.658999999999999808e+00
2.444999999999999840e+00
2.439000000000000057e+00
2.197999999999999954e+00
2.628000000000000114e+00
2.741000000000000103e+00
2.710999999999999854e+00
2.648000000000000131e+00
2.708000000000000185e+00
2.564999999999999947e+00
2.777000000000000135e+00
2.787999999999999812e+00
2.685999999999999943e+00
2.427000000000000046e+00
2.681000000000000050e+00
2.722999999999999865e+00
2.666999999999999815e+00
2.762000000000000011e+00
2.432999999999999829e+00
2.887000000000000011e+00
2.742999999999999883e+00
2.811999999999999833e+00
2.548999999999999932e+00
3.064999999999999947e+00
2.487000000000000099e+00
2.677000000000000046e+00
2.818999999999999950e+00
2.650999999999999801e+00
2.504000000000000004e+00
2.995999999999999996e+00
2.681000000000000050e+00
2.471000000000000085e+00
3.028999999999999915e+00
2.729000000000000092e+00
2.466000000000000192e+00
2.738999999999999879e+00
2.972999999999999865e+00
2.700000000000000178e+00
2.672000000000000153e+00
2.492999999999999883e+00
2.500000000000000000e+00
2.500999999999999890e+00
2.374000000000000110e+00
2.763999999999999790e+00
2.649999999999999911e+00
2.589999999999999858e+00
2.520000000000000018e+00
2.483999999999999986e+00
2.273000000000000131e+00
2.430000000000000160e+00
2.559000000000000163e+00
2.595000000000000195e+00
2.873000000000000220e+00
2.585999999999999854e+00
2.278999999999999915e+00
2.144000000000000128e+00
2.487999999999999989e+00
2.581999999999999851e+00
2.819999999999999840e+00
2.608999999999999986e+00
2.672000000000000153e+00
2.701999999999999957e+00
2.483999999999999986e+00
3.080999999999999961e+00
2.934000000000000163e+00
2.456999999999999851e+00
2.382000000000000117e+00
2.310000000000000053e+00
2.649000000000000021e+00
2.487999999999999989e+00
2.548000000000000043e+00
2.583000000000000185e+00
2.564999999999999947e+00
2.471000000000000085e+00
2.576000000000000068e+00
2.298999999999999932e+00
2.721000000000000085e+00
2.705999999999999961e+00
2.487000000000000099e+00
3.248000000000000220e+00
2.533999999999999808e+00
2.608000000000000096e+00
2.599000000000000199e+00
2.855999999999999872e+00
2.565999999999999837e+00
2.552999999999999936e+00
2.451999999999999957e+00
2.435999999999999943e+00
