2.661000000000000032e+00
2.722999999999999865e+00
3.044000000000000039e+00
2.318999999999999950e+00
2.495999999999999996e+00
2.536000000000000032e+00
2.488999999999999879e+00
2.749000000000000110e+00
2.657999999999999918e+00
2.536999999999999922e+00
2.355999999999999872e+00
2.720000000000000195e+00
2.516999999999999904e+00
2.604000000000000092e+00
2.689999999999999947e+00
2.533999999999999808e+00
2.496999999999999886e+00
2.783999999999999808e+00
2.395000000000000018e+00
1.985000000000000098e+00
2.597999999999999865e+00
2.358000000000000096e+00
2.972999999999999865e+00
2.593999999999999861e+00
2.794999999999999929e+00
2.456999999999999851e+00
2.674999999999999822e+00
3.080999999999999961e+00
2.649999999999999911e+00
2.971999999999999975e+00
2.121999999999999886e+00
2.532000000000000028e+00
2.629000000000000004e+00
2.971999999999999975e+00
2.995000000000000107e+00
2.455999999999999961e+00
2.641999999999999904e+00
3.019000000000000128e+00
2.725000000000000089e+00
2.871999999999999886e+00
2.479000000000000092e+00
2.490000000000000213e+00
2.069999999999999840e+00
2.995000000000000107e+00
2.499000000000000110e+00
2.572000000000000064e+00
3.221000000000000085e+00
2.596000000000000085e+00
2.620999999999999996e+00
2.626999999999999780e+00
2.543000000000000149e+00
2.616999999999999993e+00
2.619000000000000217e+00
2.793000000000000149e+00
2.492999999999999883e+00
2.607000000000000206e+00
2.846000000000000085e+00
2.774999999999999911e+00
2.616999999999999993e+00
2.474000000000000199e+00
2.767999999999999794e+00
2.650999999999999801e+00
2.620000000000000107e+00
2.496999999999999886e+00
2.576000000000000068e+00
2.540000000000000036e+00
2.762000000000000011e+00
2.560000000000000053e+00
2.476999999999999869e+00
2.629999999999999893e+00
2.341000000000000192e+00
2.577999999999999847e+00
2.411999999999999922e+00
2.516999999999999904e+00
2.664000000000000146e+00
2.936999999999999833e+00
2.934000000000000163e+00
2.591000000000000192e+00
2.561999999999999833e+00
2.811999999999999833e+00
2.528999999999999915e+00
2.781000000000000139e+00
2.349000000000000199e+00
2.556000000000000050e+00
2.725999999999999979e+00
2.782000000000000028e+00
2.811999999999999833e+00
2.240000000000000213e+00
3.080999999999999961e+00
2.544000000000000039e+00
3.072000000000000064e+00
2.616999999999999993e+00
2.685999999999999943e+00
2.467999999999999972e+00
2.701999999999999957e+00
2.615000000000000213e+00
2.575000000000000178e+00
2.733999999999999986e+00
2.774000000000000021e+00
2.541999999999999815e+00
2.564000000000000057e+00
2.399999999999999911e+00
2.599000000000000199e+00
2.625000000000000000e+00
3.085999999999999854e+00
3.037999999999999812e+00
2.685000000000000053e+00
2.343999999999999861e+00
2.448999999999999844e+00
2.439999999999999947e+00
3.116000000000000103e+00
2.532000000000000028e+00
2.532000000000000028e+00
2.665999999999999925e+00
2.553999999999999826e+00
2.841000000000000192e+00
2.701999999999999957e+00
2.281000000000000139e+00
2.443999999999999950e+00
2.694999999999999840e+00
2.527000000000000135e+00
2.742999999999999883e+00
2.620999999999999996e+00
2.676000000000000156e+00
2.556000000000000050e+00
2.351999999999999869e+00
2.366000000000000103e+00
2.621999999999999886e+00
2.677999999999999936e+00
3.064999999999999947e+00
2.540000000000000036e+00
2.600999999999999979e+00
2.512999999999999901e+00
2.623000000000000220e+00
2.487000000000000099e+00
2.619000000000000217e+00
2.617999999999999883e+00
2.604000000000000092e+00
2.182999999999999829e+00
2.555000000000000160e+00
2.571000000000000174e+00
2.923999999999999932e+00
2.326999999999999957e+00
2.501999999999999780e+00
2.653000000000000025e+00
2.495999999999999996e+00
2.524999999999999911e+00
2.744000000000000217e+00
2.427999999999999936e+00
2.774999999999999911e+00
2.569999999999999840e+00
2.645000000000000018e+00
2.475999999999999979e+00
2.992999999999999883e+00
2.333000000000000185e+00
2.556000000000000050e+00
2.069999999999999840e+00
2.601999999999999869e+00
2.577999999999999847e+00
2.468999999999999861e+00
2.572999999999999954e+00
2.379000000000000004e+00
2.540999999999999925e+00
2.362000000000000099e+00
2.560999999999999943e+00
2.992999999999999883e+00
2.495000000000000107e+00
2.383000000000000007e+00
2.608999999999999986e+00
2.709999999999999964e+00
2.335999999999999854e+00
3.051000000000000156e+00
2.810999999999999943e+00
2.825000000000000178e+00
2.560999999999999943e+00
2.165000000000000036e+00
2.395999999999999908e+00
2.751999999999999780e+00
3.080999999999999961e+00
2.753000000000000114e+00
2.887000000000000011e+00
2.568999999999999950e+00
2.819999999999999840e+00
2.476999999999999869e+00
2.621999999999999886e+00
2.431000000000000050e+00
2.330999999999999961e+00
2.555000000000000160e+00
3.221000000000000085e+00
2.575000000000000178e+00
2.611000000000000210e+00
2.505999999999999783e+00
2.834999999999999964e+00
2.593999999999999861e+00
2.572999999999999954e+00
2.964999999999999858e+00
2.357000000000000206e+00
2.471000000000000085e+00
2.696000000000000174e+00
2.629999999999999893e+00
2.753000000000000114e+00
2.822000000000000064e+00
2.653000000000000025e+00
2.289000000000000146e+00
2.714999999999999858e+00
2.810000000000000053e+00
2.592999999999999972e+00
2.662999999999999812e+00
2.654999999999999805e+00
2.668000000000000149e+00
2.718999999999999861e+00
2.811999999999999833e+00
2.624000000000000110e+00
2.436999999999999833e+00
2.947000000000000064e+00
2.474000000000000199e+00
2.559000000000000163e+00
2.886000000000000121e+00
2.882000000000000117e+00
2.581999999999999851e+00
2.523000000000000131e+00
2.362999999999999989e+00
2.329000000000000181e+00
2.657000000000000028e+00
2.420999999999999819e+00
2.692000000000000171e+00
2.604000000000000092e+00
2.342999999999999972e+00
2.443000000000000060e+00
2.495000000000000107e+00
2.460999999999999854e+00
2.557999999999999829e+00
2.629999999999999893e+00
2.298999999999999932e+00
2.283999999999999808e+00
2.508000000000000007e+00
2.596999999999999975e+00
2.686999999999999833e+00
2.619000000000000217e+00
2.568000000000000060e+00
2.843999999999999861e+00
2.741000000000000103e+00
2.338999999999999968e+00
2.685999999999999943e+00
2.315999999999999837e+00
2.694999999999999840e+00
2.774999999999999911e+00
2.528999999999999915e+00
2.680000000000000160e+00
2.642999999999999794e+00
2.599000000000000199e+00
2.774000000000000021e+00
2.681000000000000050e+00
2.685999999999999943e+00
3.012000000000000011e+00
2.402000000000000135e+00
2.486000000000000210e+00
2.540999999999999925e+00
2.672000000000000153e+00
2.609999999999999876e+00
2.947000000000000064e+00
2.587000000000000188e+00
2.696000000000000174e+00
2.536999999999999922e+00
2.560000000000000053e+00
2.686999999999999833e+00
2.979000000000000092e+00
2.822000000000000064e+00
2.677000000000000046e+00
2.972999999999999865e+00
2.761000000000000121e+00
2.415000000000000036e+00
2.742999999999999883e+00
2.581999999999999851e+00
2.842999999999999972e+00
2.661999999999999922e+00
2.435999999999999943e+00
2.641999999999999904e+00
2.682999999999999829e+00
3.198999999999999844e+00
2.685000000000000053e+00
2.736000000000000210e+00
2.645999999999999908e+00
2.383999999999999897e+00
2.575000000000000178e+00
2.724000000000000199e+00
2.684000000000000163e+00
2.519000000000000128e+00
2.887999999999999901e+00
2.734999999999999876e+00
2.192000000000000171e+00
2.601999999999999869e+00
2.376999999999999780e+00
3.012000000000000011e+00
2.431000000000000050e+00
2.589999999999999858e+00
2.505999999999999783e+00
3.108000000000000096e+00
2.576999999999999957e+00
2.678999999999999826e+00
2.689000000000000057e+00
2.415000000000000036e+00
2.524999999999999911e+00
3.056999999999999940e+00
2.259999999999999787e+00
2.464999999999999858e+00
2.649000000000000021e+00
2.645000000000000018e+00
2.755999999999999783e+00
2.337000000000000188e+00
2.895000000000000018e+00
2.567000000000000171e+00
2.584999999999999964e+00
2.733999999999999986e+00
2.884999999999999787e+00
2.674999999999999822e+00
2.676000000000000156e+00
2.664000000000000146e+00
2.585999999999999854e+00
2.740000000000000213e+00
2.692000000000000171e+00
2.567000000000000171e+00
2.576000000000000068e+00
2.495999999999999996e+00
2.387999999999999901e+00
2.382000000000000117e+00
2.765000000000000124e+00
2.728000000000000203e+00
2.501999999999999780e+00
2.517999999999999794e+00
2.587000000000000188e+00
2.641000000000000014e+00
2.688000000000000167e+00
2.483000000000000096e+00
2.544000000000000039e+00
2.649999999999999911e+00
2.866000000000000103e+00
2.757000000000000117e+00
2.847999999999999865e+00
2.556999999999999940e+00
2.545999999999999819e+00
3.072000000000000064e+00
2.564000000000000057e+00
2.443999999999999950e+00
3.237000000000000099e+00
2.742999999999999883e+00
2.434000000000000163e+00
2.466000000000000192e+00
2.439000000000000057e+00
2.657999999999999918e+00
2.519000000000000128e+00
2.528999999999999915e+00
2.831999999999999851e+00
2.748000000000000220e+00
2.323999999999999844e+00
2.560999999999999943e+00
2.876999999999999780e+00
2.818999999999999950e+00
2.689000000000000057e+00
2.646999999999999797e+00
2.793000000000000149e+00
2.464999999999999858e+00
2.564999999999999947e+00
3.072000000000000064e+00
2.468999999999999861e+00
2.508999999999999897e+00
2.508000000000000007e+00
2.664000000000000146e+00
3.056999999999999940e+00
2.702999999999999847e+00
2.430000000000000160e+00
2.386000000000000121e+00
2.587000000000000188e+00
2.455000000000000071e+00
2.571000000000000174e+00
2.458000000000000185e+00
2.527000000000000135e+00
2.660000000000000142e+00
2.532000000000000028e+00
3.116000000000000103e+00
2.528999999999999915e+00
2.572999999999999954e+00
2.415000000000000036e+00
2.556999999999999940e+00
2.616000000000000103e+00
2.447999999999999954e+00
2.596000000000000085e+00
2.717000000000000082e+00
2.692000000000000171e+00
3.019000000000000128e+00
2.387000000000000011e+00
2.407999999999999918e+00
2.633000000000000007e+00
2.440999999999999837e+00
2.567000000000000171e+00
2.462000000000000188e+00
2.914000000000000146e+00
2.572000000000000064e+00
2.571000000000000174e+00
2.960999999999999854e+00
2.370999999999999996e+00
2.746999999999999886e+00
2.419999999999999929e+00
2.595000000000000195e+00
2.774999999999999911e+00
2.488999999999999879e+00
3.016999999999999904e+00
2.591000000000000192e+00
2.483000000000000096e+00
3.048000000000000043e+00
2.636000000000000121e+00
2.694999999999999840e+00
2.660000000000000142e+00
2.451999999999999957e+00
2.652000000000000135e+00
3.028999999999999915e+00
2.503000000000000114e+00
3.108000000000000096e+00
2.531000000000000139e+00
2.581999999999999851e+00
2.642999999999999794e+00
2.378000000000000114e+00
3.088999999999999968e+00
2.306000000000000050e+00
2.817000000000000171e+00
2.923999999999999932e+00
2.588000000000000078e+00
2.673999999999999932e+00
3.016999999999999904e+00
2.628000000000000114e+00
2.581999999999999851e+00
2.474000000000000199e+00
3.112000000000000099e+00
2.499000000000000110e+00
2.545999999999999819e+00
2.645999999999999908e+00
