7.273228891000000294e+05
6.623503238000000129e+05
6.759470557000000263e+05
7.119914939999999478e+05
7.240899943000000203e+05
6.040674899000000441e+05
7.689572288999999873e+05
6.350690367000000551e+05
7.979345768000000389e+05
7.272728344000000507e+05
5.388849762999999803e+05
7.699442397999999812e+05
5.231324329000000143e+05
7.049765960999999661e+05
7.313193087999999989e+05
6.740947323000000324e+05
6.991033741999999620e+05
6.830154475000000093e+05
7.057166415999999736e+05
6.890177589999999618e+05
6.311751615999999922e+05
5.372812689000000246e+05
7.265549024000000209e+05
6.397933662999999942e+05
6.383064052999999840e+05
7.061264290999999503e+05
6.662681574000000255e+05
6.419408913999999641e+05
6.669020808999999426e+05
8.171649033000000054e+05
6.768977632000000449e+05
5.742549858999999706e+05
7.622981883999999845e+05
6.990045361000000266e+05
7.931060651000000071e+05
6.180846128000000026e+05
6.278133456999999471e+05
5.942929279000000097e+05
7.472353297000000020e+05
7.123522500000000000e+05
6.793312541000000201e+05
6.544671892999999691e+05
8.936164592000000412e+05
7.086646731999999611e+05
5.331586679000000004e+05
7.836645679999999702e+05
6.711677343999999575e+05
7.181811291000000201e+05
8.146938227999999654e+05
6.292828932999999961e+05
6.770752425999999978e+05
7.063428747000000440e+05
8.610160736000000034e+05
6.429377121999999508e+05
7.072646552999999840e+05
7.385039287000000477e+05
6.968679250000000466e+05
5.830985533000000287e+05
7.611226970000000438e+05
5.787816502000000328e+05
6.435560004999999655e+05
6.331768606999999611e+05
5.855108390999999829e+05
7.581516115999999456e+05
6.158998488999999827e+05
6.960407630000000354e+05
6.584312356999999611e+05
7.502905043000000296e+05
6.655381043999999529e+05
7.518828762000000570e+05
6.125104207999999635e+05
5.710221208999999799e+05
7.683352504999999655e+05
6.559347434000000358e+05
7.146602754000000423e+05
6.960783007999999681e+05
5.529429923000000417e+05
5.017101918999999762e+05
6.829012741000000387e+05
6.952687970000000205e+05
6.945418673999999883e+05
5.747736426999999676e+05
7.579409546000000555e+05
7.639879020000000019e+05
6.315646145000000251e+05
7.516877404000000097e+05
7.332968736999999965e+05
6.447458987999999663e+05
5.893629712999999756e+05
6.399403928999999771e+05
7.620403575000000419e+05
7.187976543000000529e+05
6.157875901999999769e+05
7.099032619999999879e+05
7.268864812999999849e+05
7.002676639999999898e+05
6.851249401000000071e+05
5.765430110000000568e+05
7.642990442999999505e+05
6.663726110000000335e+05
6.731320215000000317e+05
7.161397854999999981e+05
6.277877308999999659e+05
5.709103538999999873e+05
7.116209860999999801e+05
7.934860124000000069e+05
6.871932280999999493e+05
7.020197284999999683e+05
5.965885220999999437e+05
6.509907219000000041e+05
