5.779526820000000298e+05
7.037800875000000233e+05
7.638484906000000192e+05
7.251967770000000019e+05
6.549638024000000441e+05
5.845579100000000326e+05
6.944889516999999760e+05
7.650229198000000324e+05
6.551936250000000000e+05
6.215631271000000415e+05
7.077875156000000425e+05
6.801670034999999916e+05
4.927720451999999932e+05
6.705491796999999788e+05
6.657315862999999663e+05
7.292344812999999849e+05
7.189150686999999452e+05
5.933961483999999473e+05
7.363515969000000041e+05
6.028928804000000237e+05
6.840985833000000566e+05
5.688784549000000115e+05
8.657893438000000315e+05
6.218641850000000559e+05
7.738501650000000373e+05
6.558414033000000054e+05
6.444103486999999732e+05
7.516877404000000097e+05
7.228510161999999546e+05
7.544863072000000393e+05
5.549633593000000110e+05
6.967920228999999817e+05
7.607400587999999989e+05
7.544863072000000393e+05
7.146799061000000220e+05
6.678971145000000251e+05
6.968418027000000002e+05
8.423877946999999695e+05
8.027245313000000315e+05
6.832567462999999989e+05
6.272612467000000179e+05
6.535519109000000171e+05
6.220877467000000179e+05
7.146799061000000220e+05
6.748238643999999622e+05
6.167038096999999834e+05
8.671113556000000099e+05
7.530142513999999501e+05
6.151726463000000222e+05
6.746747915000000503e+05
5.890353007999999681e+05
6.446493662000000477e+05
6.800707114000000292e+05
4.787253612999999896e+05
6.449423676999999443e+05
5.404457016000000294e+05
6.950591095000000205e+05
7.179648137000000570e+05
6.961815405000000028e+05
6.496276152999999467e+05
6.747688068000000203e+05
8.279426774999999907e+05
6.580968943999999901e+05
6.485094272999999812e+05
7.665014808000000194e+05
6.676346112000000430e+05
7.590997680999999866e+05
6.265487094999999972e+05
7.054851506000000518e+05
7.205004460999999428e+05
6.613052269000000088e+05
6.470935000000000000e+05
6.489431452999999747e+05
6.199104764999999898e+05
6.051404209000000264e+05
7.439612746000000043e+05
7.332968736999999965e+05
7.781945095000000438e+05
6.803794730999999447e+05
7.209977325000000419e+05
7.326858294999999925e+05
7.605001594000000041e+05
6.377984285999999847e+05
5.887344501999999629e+05
6.542705836000000127e+05
7.049765960999999661e+05
5.722266371000000509e+05
6.917365198000000091e+05
6.972442974999999860e+05
7.724231683999999659e+05
7.350188270000000484e+05
5.940198112999999430e+05
6.394925485000000335e+05
5.619607452999999514e+05
5.950546053000000538e+05
6.621847129000000423e+05
6.964973395000000019e+05
6.321505588999999454e+05
6.796078458999999566e+05
7.156465256000000518e+05
6.495575577000000048e+05
6.359992983000000240e+05
7.006697671000000555e+05
7.361365755999999819e+05
7.374490285000000149e+05
7.149805772000000579e+05
7.281822286000000313e+05
5.981480749999999534e+05
5.913831175999999978e+05
6.841212293999999529e+05
7.889416972999999998e+05
6.932021894999999786e+05
6.657523412999999709e+05
6.253862243000000017e+05
6.483150971000000136e+05
6.989769135000000242e+05
6.675834375999999465e+05
7.285651705999999540e+05
5.885770420000000158e+05
5.533764873000000371e+05
5.644467345999999670e+05
8.936164592000000412e+05
6.620861720000000205e+05
6.868750648000000510e+05
6.738914161999999778e+05
7.204344925999999978e+05
6.116809007999999449e+05
5.920265433999999659e+05
6.631481753000000026e+05
7.836645679999999702e+05
7.436204422999999952e+05
7.646536498999999603e+05
6.567365618999999715e+05
6.964140296999999555e+05
7.230424022999999579e+05
5.494039287999999942e+05
6.999889718000000576e+05
7.243169357999999775e+05
5.415806467000000412e+05
6.987615881999999983e+05
7.468448540999999968e+05
7.451841186999999918e+05
5.302639693999999436e+05
5.317078340999999782e+05
7.567103675000000512e+05
6.549638024000000441e+05
6.765556861999999965e+05
7.410173721000000369e+05
5.599722463999999454e+05
7.137838149999999441e+05
6.392819141999999993e+05
6.391305701999999583e+05
6.475876509999999544e+05
8.685870827999999747e+05
6.285201019999999553e+05
5.621044814999999944e+05
5.831460681000000332e+05
6.799442976999999955e+05
6.074268162000000011e+05
7.128251881999999750e+05
7.081705087000000058e+05
6.140269350000000559e+05
6.480049971999999834e+05
6.101736691000000574e+05
7.211555894000000553e+05
8.685870827999999747e+05
7.796079444999999832e+05
6.612346284000000451e+05
6.723295424999999814e+05
6.794527785999999614e+05
5.497729910000000382e+05
7.840699499000000069e+05
7.378478353999999817e+05
7.026573834000000497e+05
7.067640977999999886e+05
5.091387774000000209e+05
7.393657852000000421e+05
6.466137648999999510e+05
6.972442974999999860e+05
6.795280853999999817e+05
6.544671892999999691e+05
6.715691256999999750e+05
6.945418673999999883e+05
6.176411563999999780e+05
7.053479756000000052e+05
5.741387321999999695e+05
6.059431299000000581e+05
6.675977852999999886e+05
8.671113556000000099e+05
7.346243138999999501e+05
5.322979832999999635e+05
6.879273440999999875e+05
6.427209451999999583e+05
5.788052556999999797e+05
7.076792177999999840e+05
7.665022216999999946e+05
5.746623070000000298e+05
7.146382476000000024e+05
5.719929420000000391e+05
6.853031724999999860e+05
7.011264706999999471e+05
7.550451091000000015e+05
6.320947463999999454e+05
5.803142060999999521e+05
6.725748203000000212e+05
6.773617630999999819e+05
6.208342695999999996e+05
7.003425463999999920e+05
7.071801707999999635e+05
7.250596807999999728e+05
7.113580522000000346e+05
6.568424246999999741e+05
6.863043066999999573e+05
5.975604921999999788e+05
7.684895914999999804e+05
6.063094207999999635e+05
7.734360398999999743e+05
7.114269202000000514e+05
7.106729769999999553e+05
6.236547149000000209e+05
7.177074433000000427e+05
6.496075183999999426e+05
6.360417526999999536e+05
7.531772449000000488e+05
6.453119758000000147e+05
6.200589510000000009e+05
7.307083514999999898e+05
5.772636635000000242e+05
6.008575943999999436e+05
8.682101629999999423e+05
6.742947031999999890e+05
6.843515927999999840e+05
7.614343347999999532e+05
7.170679052999999840e+05
6.279223800999999512e+05
6.445631731000000145e+05
5.443361581999999471e+05
6.392867774000000209e+05
6.489038791000000201e+05
7.018080509999999776e+05
5.915804331999999704e+05
7.585451496000000043e+05
7.347653216999999713e+05
7.191569854999999516e+05
5.131490666000000201e+05
7.400469281000000192e+05
9.008834640000000363e+05
6.850420938999999780e+05
7.615079551999999676e+05
6.167408079999999609e+05
6.365754331999999704e+05
6.795087155999999959e+05
7.623377948999999790e+05
6.621189344999999739e+05
8.299901182000000263e+05
5.760783488999999827e+05
5.276698958000000566e+05
6.480049971999999834e+05
6.371139250999999931e+05
6.283138885000000009e+05
7.684895914999999804e+05
8.006874063000000315e+05
6.486919902000000002e+05
5.957628277999999700e+05
7.089836875999999465e+05
6.204827497999999905e+05
7.873222560000000522e+05
7.550451091000000015e+05
5.416697830000000540e+05
8.657893438000000315e+05
6.273251297000000486e+05
6.359462904000000563e+05
7.199178087999999989e+05
7.504428277000000235e+05
7.879001811000000453e+05
7.710333787999999477e+05
6.487164030000000494e+05
6.347031607999999542e+05
6.485743569000000134e+05
7.859332397999999812e+05
6.856622369000000181e+05
6.180166110000000335e+05
6.592327077000000281e+05
5.440076600999999791e+05
6.909923943999999901e+05
6.124347754999999888e+05
6.810820453999999445e+05
6.511491191999999573e+05
6.421717066000000341e+05
7.251651779000000097e+05
5.883947889000000432e+05
6.723328469999999506e+05
6.084112007000000449e+05
8.299901182000000263e+05
5.698110797999999486e+05
6.664920259999999544e+05
6.638527166999999899e+05
7.415494068999999436e+05
6.638682175999999745e+05
6.244127913999999873e+05
6.401159044999999460e+05
6.745956552000000374e+05
6.519242138000000268e+05
7.739225082999999868e+05
5.780475261000000173e+05
6.485918273000000045e+05
6.612688255000000354e+05
6.818265707999999868e+05
6.636894104000000516e+05
5.707806957999999868e+05
7.708291996999999974e+05
8.114787868000000017e+05
7.562818103000000119e+05
6.798276446999999462e+05
6.310115285000000149e+05
6.753191875999999465e+05
6.347278185999999987e+05
5.631270113000000129e+05
7.034816326000000117e+05
8.091472604999999749e+05
7.398266487999999663e+05
7.217291239000000060e+05
6.377563342000000412e+05
6.567770818999999901e+05
6.621607053999999771e+05
5.565663708000000333e+05
6.717856465000000317e+05
6.154685474000000395e+05
6.647238828000000212e+05
6.388606206000000238e+05
6.227365398000000278e+05
5.804336452000000281e+05
7.065505503000000026e+05
6.622441003000000492e+05
7.390697127000000328e+05
5.718471567999999970e+05
6.610306933999999892e+05
7.137675219000000507e+05
6.494193993999999948e+05
6.348893956000000471e+05
7.310087410999999847e+05
7.350188270000000484e+05
6.210841071000000229e+05
6.502908453999999911e+05
7.085725091000000248e+05
7.199178087999999989e+05
5.929165918999999994e+05
6.509719849999999860e+05
6.251712574000000022e+05
7.617758249999999534e+05
6.311945995999999577e+05
7.137942983000000240e+05
7.626744329999999609e+05
6.976419841999999480e+05
4.763585677000000142e+05
6.807123680999999633e+05
7.609995649999999441e+05
8.146938227999999654e+05
6.679019002999999793e+05
6.320564547999999486e+05
4.787253612999999896e+05
7.454127334999999730e+05
7.196826095999999670e+05
7.215247301999999909e+05
6.723959949999999953e+05
6.939128832999999868e+05
5.877365583999999799e+05
7.774052356000000145e+05
7.739225082999999868e+05
6.066410951999999816e+05
6.299230185999999521e+05
6.709364901000000536e+05
6.634461326000000117e+05
6.541622571000000462e+05
6.047524732000000076e+05
7.648798645999999717e+05
7.004706297000000486e+05
6.261070115999999689e+05
6.560746032000000123e+05
7.889416972999999998e+05
6.786413643000000156e+05
7.180042336000000359e+05
5.415095982999999542e+05
6.482174183999999659e+05
6.576176752000000561e+05
6.211858395000000019e+05
6.278473381999999983e+05
6.517811056999999564e+05
6.814651424999999581e+05
7.871243688000000548e+05
6.143825979000000516e+05
6.484467672000000020e+05
5.902301752000000561e+05
5.802821556000000564e+05
7.093047841999999946e+05
7.849956265999999596e+05
8.376520899999999674e+05
6.032253347999999532e+05
7.257826646000000183e+05
7.114645570000000298e+05
6.306450590000000084e+05
7.933508388999999734e+05
6.418964849999999860e+05
6.905371935999999987e+05
9.008834640000000363e+05
7.198412049000000115e+05
7.888092693000000436e+05
6.295980918999999994e+05
5.857284936999999918e+05
7.225012467000000179e+05
7.490885659000000451e+05
6.824491504000000423e+05
5.916927108999999473e+05
7.764852611999999499e+05
6.899595405999999493e+05
7.072646552999999840e+05
6.287061705000000075e+05
7.415494068999999436e+05
8.020027425999999978e+05
7.092204764000000432e+05
6.946823758999999845e+05
6.570919745999999577e+05
8.000177543999999762e+05
5.845806263999999501e+05
8.508612637000000104e+05
7.788294187000000384e+05
7.274754383000000380e+05
8.122782005000000354e+05
7.888092693000000436e+05
6.833370376999999862e+05
6.837907589999999618e+05
5.992984028999999864e+05
6.880335986999999732e+05
6.517708880999999819e+05
6.553311668999999529e+05
6.489392822999999626e+05
