2.943000000000000060e+00
2.819999999999999840e+00
2.770000000000000018e+00
2.665000000000000036e+00
2.914000000000000146e+00
2.698999999999999844e+00
3.064999999999999947e+00
2.906000000000000139e+00
3.259999999999999787e+00
2.810000000000000053e+00
2.851999999999999869e+00
3.000000000000000000e+00
2.625000000000000000e+00
3.040000000000000036e+00
2.745999999999999996e+00
2.850999999999999979e+00
3.225000000000000089e+00
2.990000000000000213e+00
3.032999999999999918e+00
2.935999999999999943e+00
2.924999999999999822e+00
2.668000000000000149e+00
2.970000000000000195e+00
2.935000000000000053e+00
2.720000000000000195e+00
2.926000000000000156e+00
2.751999999999999780e+00
2.689999999999999947e+00
2.837000000000000188e+00
2.996999999999999886e+00
3.049999999999999822e+00
3.001999999999999780e+00
3.152000000000000135e+00
2.854999999999999982e+00
2.854999999999999982e+00
2.825000000000000178e+00
2.964999999999999858e+00
2.822999999999999954e+00
2.987999999999999989e+00
3.100999999999999979e+00
3.221000000000000085e+00
2.938000000000000167e+00
3.273000000000000131e+00
3.064999999999999947e+00
2.907000000000000028e+00
3.488999999999999879e+00
2.884999999999999787e+00
2.919999999999999929e+00
2.717000000000000082e+00
2.604000000000000092e+00
3.092999999999999972e+00
2.966000000000000192e+00
2.959999999999999964e+00
2.626999999999999780e+00
3.250000000000000000e+00
2.923000000000000043e+00
2.795999999999999819e+00
3.125000000000000000e+00
3.099000000000000199e+00
2.744000000000000217e+00
2.873000000000000220e+00
3.096999999999999975e+00
2.951999999999999957e+00
2.948999999999999844e+00
2.846999999999999975e+00
3.100000000000000089e+00
2.911000000000000032e+00
2.617999999999999883e+00
2.758000000000000007e+00
2.805000000000000160e+00
2.855999999999999872e+00
2.653000000000000025e+00
3.024999999999999911e+00
2.774000000000000021e+00
2.786000000000000032e+00
2.903000000000000025e+00
2.870999999999999996e+00
2.399000000000000021e+00
2.903000000000000025e+00
3.009999999999999787e+00
3.241000000000000103e+00
2.987999999999999989e+00
3.152000000000000135e+00
2.915000000000000036e+00
2.818000000000000060e+00
3.345000000000000195e+00
2.665000000000000036e+00
2.843999999999999861e+00
2.775999999999999801e+00
2.726999999999999869e+00
2.926000000000000156e+00
2.765000000000000124e+00
3.037999999999999812e+00
2.758000000000000007e+00
2.964999999999999858e+00
2.845000000000000195e+00
2.866000000000000103e+00
2.588999999999999968e+00
3.176000000000000156e+00
2.825000000000000178e+00
2.870999999999999996e+00
3.411999999999999922e+00
2.706999999999999851e+00
3.047000000000000153e+00
2.947000000000000064e+00
3.146999999999999797e+00
2.851999999999999869e+00
2.911000000000000032e+00
2.767999999999999794e+00
3.007000000000000117e+00
