-9.826499630510409089e-01
3.810090347794649335e-02
1.056911318223459739e+00
-6.357659411819220896e-01
3.515381487089050405e-01
-1.250673449057793762e+00
1.193396682646949758e+00
5.563557666637635180e-01
1.267352989577356759e+00
2.608369210911517383e-02
3.013286343599843597e+00
1.518104766653802229e-01
-2.464522232036706395e+00
8.390892022202023348e-02
-8.308591200362610563e-01
-6.832584258394213128e-01
-2.049704332462419121e+00
-1.337430971924417733e+00
-1.027685112778641052e+00
-4.155496102085012300e-01
-1.267793051112243941e+00
3.867970392681193137e-01
8.404400294552512030e-01
-2.016984016279414149e+00
1.709624085457412512e+00
1.424904297616035320e-01
-2.649988245623561056e+00
-5.087811521789040725e-01
-7.298998643769456507e-01
1.854186290516648183e+00
-9.764851210661162906e-01
6.461251636650701125e-01
1.114076176254856110e+00
1.796220932687702332e+00
-5.222816765589218813e-01
7.967640640361420834e-01
3.810339739931495329e-01
2.234335540722550417e-01
-4.191680426306483298e-01
-7.143327046989884632e-01
-5.087368373045533243e-01
-8.476269880742610674e-01
-4.800321827816393938e-01
-4.693376177157223550e-01
6.908523466584195472e-01
1.365343262891795417e+00
4.247898226502211383e-01
-1.751946171722009282e+00
-6.832472856637241687e-01
-2.778934830946942824e+00
2.868450592871377158e-01
1.360561441195095311e-01
-9.916419576169313022e-01
1.277521711353025280e+00
8.592225767692400762e-01
-3.519307625438186649e-01
-5.243745623455774441e-01
-3.615153055922105951e-02
-5.793786943210712526e-01
-1.116971329529097501e+00
-1.126129733322474014e+00
-8.067131787299179901e-01
-1.585165959162876614e+00
-2.489519268482557057e-01
1.422976950280695041e+00
-3.398004548908580835e-01
-2.158116145604278557e+00
2.020131675990520570e+00
3.206778307029948261e-01
-1.580997110099220393e+00
-1.645580697845126783e-01
5.306786358545785287e-01
2.791652161433878510e-01
-2.411341404913162900e-01
-3.418738368809678407e-01
3.415323500490371478e-01
2.705757548977049676e-01
9.968406250218667664e-01
-5.646059539948435069e-02
9.769096140232025327e-01
2.330430047126097914e+00
-9.595949746182715900e-01
-2.471900383083913688e-01
-1.264182235272421462e+00
-1.006624708464502582e+00
-4.810659864724438350e-02
1.298017417339766277e+00
-4.935352675132331779e-02
-7.814653988932004358e-01
-1.359344450749022437e+00
-9.206511461202687707e-01
1.363305568478506480e+00
-1.020482446878721305e-01
4.165775239614504799e-01
-1.405647820737209841e+00
-1.885719699642549818e+00
-9.982458058186147731e-01
-1.695692515478166351e+00
1.637161685446469617e-01
-1.295969175986690647e-01
2.603796967567408305e-01
-5.064963699334710245e-01
4.413942298545919102e-02
6.564318183627624315e+00
4.119685492719117881e-01
-4.575579312340692373e-01
6.179649567560717704e-01
1.892529004862690822e+00
-7.189346408158483470e-01
2.079421780161940347e+00
-7.878906448331497447e-01
1.927942520258147496e+00
-9.253861613899719840e-01
-1.100556301142072035e+00
-4.311971646110784873e-01
3.343804085326571585e-01
1.738569248973819217e-02
-4.363517147622441028e-01
-4.417432713164541891e-01
-7.258310218563284177e-01
3.132261325732657586e-02
1.762549714133802015e+00
-8.692573524652943417e-01
-1.000262288279236245e+00
8.067128301660692058e-01
1.022450013057295326e+00
3.933104927560061165e-02
-1.588168420365488220e+00
-1.919076893739682044e+00
-4.817336865253994405e-01
-5.805475532805265404e-01
-8.967412475514037196e-01
-4.084041956416020747e-01
5.985620779380965706e-01
2.654669040361715027e+00
-1.558891255205077098e+00
1.349737730844786876e+00
7.475947355781751291e-01
3.310361226627167499e-03
1.543631606645460508e+00
1.695194834662054673e+00
-6.983389156525776631e-01
3.704371759393513264e-01
1.290365622848006245e-02
-3.521944035037912202e-01
4.049852003547372847e-01
2.201345157000214936e+00
-6.593645348279071339e-01
-5.747797069620288468e-01
-5.602242028692264730e-01
6.266643955175988934e-01
-8.617862907762279256e-01
-3.329521334490460616e-01
1.874635600311937988e+00
-1.580076203938294954e+00
-1.834803253910310517e+00
4.277002991927136288e-01
-7.970303265014987426e-01
-6.725782941461165843e-01
1.247204461757883243e+00
-1.167482065391611146e+00
2.795389494807988262e-01
8.760989230781199844e-01
2.083936539510775621e-01
-2.756394333802693608e-01
1.926581395316136147e+00
7.486318791050972088e-02
-1.137214212099224131e+00
-1.667705314710455022e+00
-6.864326200067790706e-01
-1.122343503832024192e+00
7.992500982180587021e-01
-1.850319964201255774e+00
-1.079388417690800184e+00
2.722925775057680742e-01
-9.920106327067409469e-01
-5.437964195411738588e-01
-6.190063019768576869e-01
-7.197191075031948992e-01
6.814121012159266577e-01
-8.680000799316052174e-01
9.689908540083588262e-01
1.009276784007423267e+00
6.299080095018271264e-01
5.081356384902716711e-02
-1.266799913552665080e+00
-1.660341710322004449e-01
-5.150652182024352266e-01
3.668244648212751757e-01
-6.586854994331615698e-01
-2.072971269250188264e+00
1.986779374861538772e+00
-1.380329493374595762e+00
-1.209593598816948612e+00
1.518133991941612804e+00
-9.355022860758823722e-01
-5.431459717218409811e-01
1.553301284926116299e+00
-1.103346879678134052e+00
-1.879938087126692192e+00
4.244114611708676987e-01
-1.008241020694864654e+00
-1.698929198954488851e-01
-8.433190556534707616e-01
1.542025507715683919e+00
1.661198382902761284e-01
-9.306218974588867376e-02
7.431526777173491638e-01
3.390306220866690090e-02
-4.233296168674004489e-01
7.204931986999798532e-01
-3.173222570233202422e+00
-7.365567440940858912e-01
2.585392606513327585e-01
1.614119234130245495e+00
9.312185517646367483e-01
1.417765420724671710e+00
1.147022576393805560e+00
1.733012276277451080e-01
3.982996642157090039e-01
2.845748066177838931e-01
-7.290636922764370809e-01
-1.718602493724344704e+00
-1.598840413328601051e-01
-4.200295602199491940e-01
-1.325555442615180990e+00
1.127887315125734924e+00
-6.024715525644995795e-01
-7.225141889305242149e-01
1.941914602130636047e-01
-6.450422664854719157e-01
-1.868817467193908621e+00
1.036788182866198005e+00
1.875325217931180788e+00
7.321724145692720676e-01
3.291084980473157895e-01
-2.078329980411414368e+00
1.370283190958507369e+00
2.362754713651369354e+00
4.308406845380318151e-01
-1.135626461323576253e+00
-7.531015096376586504e-01
2.756850921815535704e-01
7.473341261850069417e-02
9.679808751660540223e-01
2.739183996643232977e-01
6.711079399556570957e-01
-7.055523096509411785e-01
1.759879440393020467e+00
-1.469722748130148082e-01
-1.873283398610065875e+00
2.164695350931694906e-01
-1.749434688117203596e+00
8.579543576736552435e-01
1.373167760696604400e+00
-1.257233171972238051e+00
-1.677381280462389768e+00
8.107403496286641476e-01
-1.584600173388249489e-02
-4.428241278076008314e-01
1.561675594167593051e+00
-1.263627825834097163e+00
4.155592772147375172e-03
-1.670715487206926753e+00
1.168080070701161599e+00
-4.277350892102435576e-02
1.117299162196407236e+00
-1.075447432711913454e+00
6.764990124972786179e-01
9.115801824191052116e-01
-1.660412032926069648e+00
5.725972049068333014e-01
1.692640131654868485e+00
-3.508403216798136603e-01
-1.272734860330517748e-01
-1.995017936796698033e+00
6.353519470867837748e-01
-8.624107528947275725e-01
-6.272740132408856084e-01
-9.105994733529924057e-01
-1.145073291265372717e-01
4.429269291988064405e-01
-2.074662001748552864e-01
-4.826545140020938041e-01
1.169121686358905787e+00
-1.472106535048333997e+00
-7.538243071744379353e-01
7.811261205636806926e-01
3.552723111518364951e-01
-1.496943989449414758e+00
2.539820361860598119e+00
-1.953222168823478988e+00
-1.504532693736635673e+00
1.424618284664443069e+00
-1.180756993128851740e+00
6.395129627140484496e-01
-1.322400269484647728e+00
1.683829719272212089e-01
1.865051414455573209e+00
1.454956750609684324e+00
-1.132644669988595476e+00
1.760792654994126405e+00
-1.666592641448179091e-01
-3.398279034596116133e-01
-3.284393480920299035e-01
1.043228140482230504e-01
-1.752165058877364328e-03
-1.106524223315284328e+00
-5.046220719465346338e-01
-7.683629386889123669e-01
5.408000343337781013e-01
-1.269848637125070567e-01
-2.416395270659535299e+00
2.017780487912391507e+00
4.869134853481889014e-01
1.612239308594564990e+00
-7.824674715147854620e-01
1.050022186018036097e+00
9.419420390564622325e-01
1.612520551292308535e-01
-3.715435203372299822e-01
-8.098681660418822759e-01
-1.008968716680807232e+00
2.789189578160726143e-02
1.327879123411934259e+00
-4.502674183783809680e-01
-1.547500826353956249e+00
4.843985518317205918e-01
-5.558795259146211976e-01
-3.196785703942017220e-01
9.097211111177501419e-02
-1.755711964708752681e+00
9.687994101678162884e-02
1.469638113965560322e+00
8.587055473962765251e-02
6.290683277720848787e-01
-1.530978992987693132e+00
-2.248902014802233396e+00
-1.165413317696627621e-01
-3.654745049786709554e-01
-5.757987671020131648e-01
-9.658505587582530971e-01
9.464704344716801110e-02
1.147748458736972621e+00
-1.057466633497355479e+00
1.761803555244213726e+00
9.849989875536562245e-01
2.593701167912897620e+00
7.488757829436749613e-01
-8.207840321416831619e-01
1.257275504531091270e+00
8.794512424314847587e-01
-5.191199275735441931e-01
1.022029551832234651e+00
-7.817790346384116962e-01
1.561708379904447774e+00
-1.975259289203974422e-01
6.699194627820563852e-01
-7.282516495053119598e-01
-2.074162975645883478e+00
1.218121833872463977e+00
-5.071880504632049202e-01
1.248711337161505286e+00
9.984399593951469587e-01
-3.325234710160052121e-01
-2.798546762962824189e-02
-4.525780483811651655e-01
-1.309983962085737197e+00
-4.015741948496171498e-01
-1.087592458486384528e+00
6.262262576583496054e-01
-1.541131338716149823e+00
5.248995417844032341e-01
1.055689157304261494e+00
-7.973335146198676782e-01
7.026870040451179689e-01
2.984401535408790634e-02
-1.056921407481888009e+00
-2.125089540851409775e-01
-7.299252870042037822e-01
3.037371137245656882e-01
-3.781978553604353199e-01
-7.276881748966370633e-01
-1.233154488754344857e+00
-6.644998115558559126e-01
2.689456399575074208e-01
3.646565136383816408e-01
-1.903213392141218874e+00
8.806850799693062282e-01
8.693219524294739653e-01
3.327454076939977967e-01
3.961203797236094726e-01
-1.403935772428457129e+00
3.445018729014854841e-01
1.919886188297662000e-01
-5.693322819564755610e-01
-2.072951467601068520e-01
-1.503806198469990640e+00
-1.628411807832518043e+00
7.747886769408673935e-01
-1.041287928386479766e+00
6.487397640808481025e-01
-1.320342274306000929e+00
-1.125429695717932832e+00
6.019445163663118548e-01
1.010856245456327018e+00
-3.458003654623918732e-02
-4.438874335091420181e-02
5.098506920884299243e-01
-1.449891533198686133e-01
1.837171856103308132e+00
1.018882239188920069e+00
2.743229038386982635e-02
-6.996614607608148129e-01
-1.442033040681479084e-01
-2.700607943032712344e-01
-1.235741698321212584e-01
2.302709223367091496e-01
1.398602521639160934e-01
-1.034607989287521956e+00
-2.454231571745334461e-01
1.093548807189413052e+00
-5.353877850162576113e-01
1.414958879247975032e+00
-2.894226587765499903e-01
2.422744654555837596e-01
5.793956138897762287e-01
2.785362958180038762e-01
1.443274107115479106e-02
1.587218718250410276e+00
-1.645664170921487535e-02
2.731702255568570159e+00
-3.313923443911840350e-01
1.080225818623217204e+00
2.982663734771796582e-01
-1.165846050874651985e+00
