-5.057693491780683448e-02
5.531451202773485232e-01
1.152591585766755022e+00
2.773157937598847989e-01
-7.546332547167610150e-01
4.574494473707099162e-01
-2.143990691819188665e-01
1.379337082915917723e+00
-2.509671528161557807e-01
-2.666628972327075964e+00
7.789446145985347014e-01
6.025701462219351656e-01
-1.129187933223887663e+00
3.039411314845352208e-01
-5.078704154552725614e-01
4.660717357823668944e-02
-3.479826917449403423e-01
-7.115749443992375189e-01
3.058589253791538232e-01
2.705737029899608181e+00
5.219420793586814211e-01
-1.701590653285315557e+00
1.135249378969472173e-01
-5.417026380628040538e-01
6.907916659212265387e-01
7.861199238055237570e-01
-6.780549717577294411e-01
7.354312016723617562e-01
-4.522062709978488804e-01
-2.832725341464116253e-01
-1.380398582539228869e+00
-3.731889000122298738e-01
1.017489498887075516e+00
-5.455545965521692020e-01
2.494714847840364125e-01
1.517807663438799581e+00
-1.581863816596959793e-01
9.992401739305390995e-01
-7.371982448382661257e-01
-1.427459966411285919e+00
3.496376516383236099e-01
-3.161988392477784737e-01
7.078793671636974816e-01
4.895184141134502620e-01
-4.266159430252847717e-01
-6.650831508603397557e-01
-3.323048706760745041e-01
4.672317372351491582e-01
-8.901339262336271929e-01
-3.642013367357084253e-01
-5.807458039280282147e-01
2.077832144069913789e-01
7.646670992798677569e-01
-1.147814183594524362e+00
2.340180333006017799e-01
-1.444794115876732343e+00
-9.490408350615535393e-02
-1.862985426274190726e-01
-1.889770148895075774e-01
-7.366819099552448513e-01
-3.831432609902624131e-01
1.703638975731574412e+00
1.532047700219592301e-01
-3.844902353124860506e-01
6.470612495622175553e-01
2.449405136267837957e+00
-6.059407017224339720e-01
-8.286281510067172729e-01
-6.801930665355682137e-01
4.274357507326291550e-02
-4.660513226588153257e-02
9.488853199882725520e-02
-1.148465233459079249e+00
-9.299988943915341588e-01
-5.238136837735356544e-01
2.507689379085643600e-01
-9.853336872512936662e-01
-2.853284798493298940e-02
1.339702840043458520e+00
-4.342901680988565660e-01
-5.731623667454442961e-01
8.350211668869965687e-01
-1.402885143579215288e-01
-4.884212202016158244e-01
1.103277755319401754e+00
8.427066919687628554e-02
-6.835921540005928110e-01
8.531878301334182568e-01
-1.031982675901133462e+00
-2.998194963923191958e-01
-9.021914752503674695e-01
-4.742188049689256557e-01
-1.179129975050017931e+00
3.259586393599020644e-03
2.511359373412356821e-01
-4.801468988289860351e-01
4.975207899836793790e-01
3.373588207504900627e-01
5.007217673032865468e-01
2.036006777697056958e-01
-3.409850554725582517e-02
8.067525456868456235e-01
4.037864425196029949e-01
5.962874867611297480e-01
1.927269782831562583e+00
-4.613065967883839269e-01
7.509842645195009825e-02
1.008227056514208186e+00
-4.324364741025941150e-01
3.650727693167308274e-01
2.871748751002365374e-01
-1.025309510293934245e+00
-2.085960718143481107e-01
2.416299680697455987e-01
7.859666760875190505e-02
1.362996538019964621e-01
6.047228931137986763e-01
7.465865281931882702e-01
-5.294407003610107632e-02
-1.062926607710330984e+00
-1.213748981953212347e+00
2.939711619572560330e+00
-5.449760602785970187e-01
-8.034347631528727662e-01
1.448065668743629963e+00
8.334365196260966613e-01
3.890535930077988258e+00
-3.500613721373933562e-01
2.288974810720182107e-01
4.637158022592250406e-01
-8.947958790879215196e-02
6.405094334243817134e-01
-9.952394799231949474e-01
2.178622045582731814e-01
2.736584604243736396e-01
-1.699489846232295376e+00
6.631745790639526072e-01
-7.467999365857014293e-01
5.092354705164080508e-01
6.896039144778075558e-01
-1.038300783967818913e-01
4.243967929213756096e-01
-1.188488860907353395e+00
-9.595435068572013559e-01
9.203767347861110948e-02
-5.113178929749246926e-01
-8.938474930010728570e-02
-1.818408097412023416e-01
-1.039360750265931888e+00
-6.938070998274243895e-01
1.502776381603710132e-01
-5.429277009341303417e-01
-9.286455467527617857e-01
2.638227064503557151e-01
-2.590516213998579897e-01
3.622547181480506584e-01
9.623842393646021565e-01
-3.061419728521743711e-01
6.476975107958657940e-01
5.979350399989408205e-01
-4.414475869658001095e-01
-9.082547840617275284e-03
7.128879896663048443e-01
-6.087038671056047012e-02
1.858926342127458498e-01
4.973940319808932697e-01
3.298301586273648112e-01
-5.747233721664977146e-01
-1.892334740836724982e-01
1.713696636033717802e+00
9.630159076624956738e-01
1.054541196649906531e+00
5.341383079996591121e-01
-1.750455734632669347e-01
-3.046019893326701311e-01
2.546205529666493828e+00
4.304551787575466304e-01
-3.949706115934552009e-01
-7.555007661758549320e-01
-1.991297903564989979e-01
-7.403544244794181273e-01
-1.961755772866114189e-01
5.956396967875952214e-02
-7.581354790814083533e-02
4.659572662327538528e-01
-8.013975048954128377e-01
-7.153606166361680119e-01
-5.670099228100636823e-01
-5.945869330818348564e-01
-2.361764301795306886e-01
1.991357443056090970e-02
3.558555604220904334e-01
-9.061803264922074774e-01
-8.000824394869268108e-01
2.866664882150843141e+00
-5.994829897983448008e-01
-7.621415116128201980e-03
-6.890272473371168438e-01
-1.314977948913565342e+00
3.932876992956156892e-01
-1.109517480445536414e-01
-4.162065734866468580e-01
-1.085881609535711778e+00
1.915220351547804734e-01
-7.244640319425935671e-01
-1.279815033685156811e+00
-4.135916985468151008e-01
3.424309251255530651e-01
-2.251762712384447473e-01
-1.229257231436160919e-01
1.242762949338880762e+00
2.153378331273230195e-01
8.164923483721804945e-03
1.129742689090327934e+00
7.087528047837169387e-01
-8.843237635523447659e-01
9.106717006939591963e-01
-6.721519625077311266e-01
-1.163933512419733196e+00
-1.124960402539948001e+00
1.686943244281494447e+00
4.229606004687775367e-01
9.011154948677126963e-01
-6.074893948176756098e-01
2.649962538311205762e-01
1.098495230629390029e+00
9.363101943108299852e-02
-2.503654758315537188e-01
-8.868803336279256211e-01
6.212301942861163662e-01
3.306320464811421944e-01
6.384814062638392018e-01
2.632435231917468754e-01
1.201844592404539003e-01
2.255289016906178445e-01
-8.059761637350986163e-01
-6.098939349889241912e-01
2.265007765143650653e-01
-5.799438430307901626e-01
1.227168385608126577e+00
-1.247487224474034040e+00
1.087406913220294452e-01
7.764330007221147412e-01
-1.636527572723688984e+00
-7.105977147279014527e-01
2.256894457872381798e-01
1.518050725327336314e+00
3.048361912968809984e-01
3.010224049227563370e-01
-5.168394768577672105e-01
-1.754682666424795812e-01
-7.198893139315319933e-01
3.004869438623430367e-01
1.034890570832626144e+00
-1.492676751010475200e-01
-1.344846210620856519e+00
-1.725791294755669947e+00
4.129468798027436383e-01
-5.835457990033064979e-01
-1.039618614920932993e+00
4.719538875247405452e-01
2.974708510901297731e-01
1.140709250394333490e-01
1.273203548558025089e+00
7.194740592625157305e-01
-7.510822726980562747e-01
-5.129616294120147718e-02
-7.282080929595798890e-01
-1.570480889693151250e+00
4.406497752249644573e-01
4.201936244187503416e-03
-9.606647543949003998e-02
-1.068122109941009201e+00
-5.085554913236909336e-01
-8.378693246968461905e-02
2.964360094807766188e+00
1.484332832739665431e+00
-9.283917518763226129e-01
-6.998472979904194480e-01
2.950163656033353288e-01
4.278504110101818969e-01
-1.627331250096939241e+00
-8.489691881939042117e-01
-4.835016842112680457e-01
4.385487878659456440e-01
6.018432775137639856e-01
1.327450545129904569e+00
1.871340694094201715e-02
-4.606342346644407004e-01
-4.295337256358559563e-01
-3.443327611436606817e-01
6.024896929737217910e-01
-1.506797184638353437e+00
8.109647904303352028e-02
1.973974905552224435e+00
-3.159142840777926647e-02
-1.202987819967185901e-01
-5.282310608184076495e-01
-1.537395783660459037e-01
-2.299043842925094783e-01
1.021832003028384062e+00
1.912170002036090444e-01
-2.562057645947363529e-02
1.221438671159259748e+00
-8.259649963397709405e-01
3.498731062781469392e-01
-2.945085404307780652e-01
8.142873269960571384e-03
2.611005811586075143e-01
1.885701716171023445e+00
-5.703261310519405075e-02
1.365954357069682379e+00
7.361564708763383980e-01
2.871161236920092286e-01
-7.396828693067286631e-01
-4.166823515604226036e-01
-9.288579945357819945e-01
2.822775169216390490e-02
-1.102250302575634944e+00
1.016115356328006092e+00
1.014823736934785253e-01
5.660310029741417726e-01
4.009764014294937562e-01
-5.156820149649432583e-01
2.200366006127048468e+00
1.170025519665837538e-01
1.546158741574365836e+00
-1.103409317165736203e+00
3.759095664364629497e-01
8.426889170458783385e-01
-6.256994821553302222e-01
2.933994103044991419e+00
-6.984837379240513844e-01
9.523251187135903795e-01
4.299741992128847667e-01
-1.719389184370249124e-01
-5.189901196396334848e-02
-1.570106846384352328e-01
5.326967279358779672e-01
6.137267814838121005e-01
3.442517960907954810e-01
-1.102368933963432385e+00
-1.373199897666276703e+00
6.815544621909797041e-01
-1.317837144971546470e+00
-7.538636180220850136e-01
2.930006812368214586e+00
1.478239101076005979e-01
4.550244823389832938e-01
1.236924645579071669e+00
-3.161882842116512382e-01
6.576227649650639995e-01
2.302629120093955539e-01
4.761603474326154273e-01
-2.665056192216356923e+00
5.239198929183478404e-01
-1.561666275420929562e-01
2.161851853119766687e-01
2.833354197786390194e-01
3.208001294316744079e-01
-1.409146714768686248e+00
2.434567108364467103e+00
2.666147461940701069e-01
4.949852149321520289e-01
6.245739562328074257e-01
-6.013080499301043380e-01
-1.304233216122566263e+00
8.198231399308623102e-01
9.449567614339812183e-01
-8.975986013743285641e-01
-2.027291970149226186e-01
-2.346164305274726358e-01
3.758021060860690099e-01
4.946126395662097108e-01
9.931381385330818878e-03
3.418259385464031408e-01
1.040314177829185782e+00
-5.484056900287738179e-01
2.193862258828860323e+00
5.494569375059941141e-01
-7.766784636799248798e-01
-7.592294960774335910e-02
-2.102723875805512233e+00
-5.854800815005294368e-01
5.536136281861380182e-01
3.206294739967979757e-01
1.888234141716649273e-01
5.454567677410345761e-01
1.605452254737580742e-01
-2.536674365797468855e-01
2.148152701888481064e-02
-7.569546732002875311e-01
7.102579897289170718e-01
-2.768220833073599785e+00
-8.227199246391528886e-01
1.084314405726831243e+00
-6.256310022654907321e-01
5.960571158459165853e-01
7.645496793296584492e-01
2.252987753315121577e-01
-2.617154284152764521e-01
-3.135916843619374061e-01
-1.996908021432378388e-01
-1.204765741858944417e-01
1.203792233408411905e+00
1.362178734472535291e-01
-1.104489759509752922e+00
-7.738152013730275058e-01
-8.973938191038600687e-01
-7.284862304361694463e-01
5.473259907734627783e-01
3.537681140943032404e-02
3.580968837747628974e-01
1.517624346218426012e+00
-4.894258949204907672e-01
-8.892094088196339507e-01
-9.494182010073999312e-01
-2.403889772536923763e-01
2.232737975136734124e-02
1.008013319124304585e+00
1.702194651100520650e-01
-4.142939845204486327e-01
2.704388127068361736e-01
1.435057187414164437e+00
-1.812854003244383783e-01
1.476297664729131764e-01
-4.018307915374946249e-01
-8.199657602530191491e-01
-8.898551571681083683e-01
9.716770921101026692e-01
-1.380749847722408497e+00
4.068812852895724030e-01
1.395666250498145966e-01
-1.100394274590090898e-01
-2.962588550244546481e-03
-3.167446493764813353e-01
