-2.281755994306142871e-02
6.896023473869212772e-01
7.269938734078640330e-01
-3.856802408650328307e-02
-4.483349648903922069e-01
-1.276097164077436341e+00
7.858241643541967747e-01
1.270762230574009055e-01
2.890021000009589947e-01
7.664722715937354325e-01
9.631564317384800900e-01
-6.360671577630004903e-01
-2.299776803577628037e+00
-5.051051248569693453e-01
7.672359163616362387e-01
-4.953335762903341988e-01
-1.619407472113451929e+00
-1.579224450669088231e+00
5.582657503864734139e-01
8.535175435078962147e-02
-8.737752009401348330e-01
-2.942035039616760494e-01
1.433026836435307705e-01
1.259009615224915002e-01
2.691465914876573606e+00
-8.307387082295001335e-01
-1.018395645989082832e+00
-4.371714390390595839e-01
3.556893676175533758e-01
5.812226709566366001e-01
1.306505489408100296e+00
1.842931748788010499e-02
1.767738505070338695e+00
5.265120179874539508e-01
3.279945134222744252e-01
-1.450168973139203121e+00
-1.450314427274945972e+00
-3.531042697814550935e-01
1.602371102798072711e+00
-8.522053501280878463e-01
-8.156805671371564204e-02
7.509598589531272239e-01
1.332269278412232971e+00
3.782775933678213520e-01
8.279423599013388535e-02
-9.784221246660057547e-01
-3.572537729773715420e-01
2.041998238780411867e+00
-2.045483498983317272e+00
5.333839047268424949e-01
-9.632977791374820464e-01
1.938619999435535757e-01
7.280985058941132904e-01
-3.171642710330798476e+00
5.929779235594588860e-01
1.450223317467390860e+00
1.292734258730692254e+00
6.022388650804111343e-01
-5.792084475006102906e-01
-5.548107143179253908e-01
1.142821922746452001e+00
3.265981711988279468e+00
-7.860532881510157166e-01
-1.421070924987488437e+00
1.355887833211383731e+00
1.192473379903946862e+00
6.014638625742962930e-01
-2.759005453402871844e-01
-2.990665501122412029e-01
-8.667075101245680369e-02
4.599125504777778484e-01
2.980740092200959840e-02
-1.451412137388440327e+00
-5.367982916034930163e-01
1.346912151875079955e+00
3.541863867328321480e-01
-1.681184793894229035e+00
2.628771312280328232e+00
4.632344448141170745e-01
6.599390564487070954e-01
-5.611191679506245533e-01
7.448818357411061131e-01
-4.243475043277484260e-01
-2.159471530673430228e-01
2.464274377304898900e-01
-1.123035625800635318e+00
-9.532933405725929621e-01
8.194096819832276113e-01
-6.466327602613080039e-01
7.867206808345484914e-01
5.006419249507125802e-01
7.493251978698131088e-01
-5.621999158623454118e-01
1.255038262496715573e+00
-1.041015925450488933e+00
5.901201338232249238e-01
-7.885224172576751345e-01
-1.081072180351916767e+00
-8.491698024321583591e-03
-2.100511735430103943e+00
-8.472705449389585919e-01
6.491060495222228388e-01
1.732759683002456086e+00
8.959079191089311944e-01
8.456669571975271582e-01
2.084388046133330175e+00
-7.510143110533687993e-01
1.324524183876160777e+00
-2.120829129012146819e+00
1.891249644275848352e-01
-1.322585550972438240e+00
2.226563200346996507e-01
9.891029724857520744e-01
1.933908920609036242e-01
8.601229070996332382e-01
-3.490994176465049472e-03
9.077593351140168521e-01
1.385734906841445735e+00
-8.808510569165060866e-02
-1.070071477459847653e+00
-5.026750104073098857e-01
9.057511876569372955e-01
3.680402823640829824e-01
-2.045074685635854372e+00
-4.423529428067628499e-01
8.294555014015455585e-01
5.312311037538309799e-01
-6.493688950356613088e-01
-1.356083521542217118e+00
1.391081771592895144e+00
9.189656508118454470e-01
9.311924715240441630e-01
-9.142574517623222596e-02
1.703764583448122760e+00
7.941906763179411577e-01
-8.002314213298981904e-02
3.125891582622801201e-01
2.196895410388143954e+00
-1.405561902087258508e+00
-1.194595335237860656e+00
-3.711063406127192987e-01
7.091046239166278742e-01
-2.355832289654569589e+00
-1.415801277134677738e+00
9.300580690021498231e-01
-3.969429211535789870e-01
1.159068268399316981e+00
-9.129617856944036158e-02
-2.421415754119174424e-01
1.296393576606689857e+00
-1.810806420648013892e+00
-1.614889042008524234e+00
-1.561788822850885758e-02
9.761877177354396640e-01
-1.269367209331406565e+00
7.179262716140000222e-02
-1.870215724565583992e-01
4.455856122671706387e-01
2.399516536296626423e-01
2.679661144894978086e+00
6.801481765059874673e-01
1.381790238591696640e-01
-3.651620431762936381e-01
-4.669062180065332024e-01
5.291180305336422585e-01
1.024272932165973149e+00
1.874900348542485995e+00
-2.899334014953162120e-01
-1.380844772856479608e-01
6.186582769079218558e-01
1.825450405466104986e-01
8.029080058849460411e-01
3.802930023182303776e-01
-6.115129557784418912e-01
1.233887601511973603e-01
-6.358355590575713867e-01
1.009014020650754073e+00
-5.621243490229949069e-01
-5.902224728303223644e-01
-1.509340240479077000e+00
-1.350530362952873986e+00
1.754441601663498940e-01
9.321587621740404922e-03
1.333900922893187069e+00
-1.321521118366671521e+00
-1.448172969528205956e+00
-1.841259009584583425e-02
1.439932890435109136e-01
-4.119644259465541913e-01
-5.235882820729590437e-01
-5.078994213816900860e-01
-1.206619265342300906e+00
-1.098004640354234507e+00
-1.917541384411976246e-01
2.571307537368023421e+00
-7.437751913365685530e-01
-2.199245145939379142e-01
2.854613393967024848e-01
-1.029263819207910657e+00
1.027994715964267280e+00
1.512304879271638425e-01
5.619567011302853965e-01
2.081261383951149846e-01
-5.937871709224749189e-02
7.554229601077968592e-01
-1.106843264938468296e+00
-1.292700021877032590e+00
-4.289255828050756447e-01
1.246408346062921196e-01
2.000384888918381510e+00
-2.147514833502426335e-01
-2.139568376474516143e+00
4.121756021741019849e-01
1.015954861092331463e+00
1.332512462351530758e+00
-8.161833290095645843e-01
2.389805584606432831e-01
-9.562062928050860666e-01
1.027211393357398750e+00
1.209038235454304583e-01
-3.561670807695093699e-01
-2.307656745640826179e-01
5.620497021918152702e-01
9.686637364838622810e-01
1.743173799204252639e+00
7.669605844979705822e-02
3.982568834322811058e-01
2.324040818309398501e-02
5.528771200920972184e-01
3.069011269795401606e-02
5.845829036959144798e-01
9.955079799617834180e-01
-1.021672560155232751e-01
-4.465189883275226812e-01
1.288202343705737940e+00
5.585852542179752245e-01
-5.549004670172938969e-01
-6.882593296218200152e-01
-1.562668064350901387e-01
1.992764714841434914e+00
1.198886889870368622e-01
2.052636066022429095e-01
2.423277568346761113e-01
-2.821568492650829152e-02
-4.135577182306560684e-01
-2.032424767170685431e+00
1.626789240734375364e+00
9.985413907352325147e-01
-1.401331867636986805e-01
1.629322222000979759e+00
-2.227983022167491001e+00
-9.652299071092323990e-02
7.255163996206004384e-02
3.451849392320635035e-01
-2.096471010842266003e-01
-6.687437974120268303e-01
-4.073401845166267354e-01
-4.295327954233684742e-01
-7.274977924587049394e-01
1.936685199680784064e-01
1.283331658841410539e+00
8.925724151287021124e-01
7.504490723984795775e-01
-1.965302886537743765e+00
1.414340297592406648e+00
-5.278838509292084202e-01
9.444747898707440692e-01
4.934973813105841267e-01
-6.928420372610569200e-02
2.137795011517800992e-01
-7.661316507351584315e-01
1.492748240174383234e+00
8.748804810315847780e-01
4.577480641360924529e-02
5.005802820846304568e-01
-4.103499017385279779e-01
1.175101982698541381e+00
-3.519492304852659958e-01
-1.513837632305041092e+00
-1.733140645599578145e+00
8.708526600072490353e-01
-7.677369427045459549e-01
1.121248145274225255e-01
-1.257323737068633429e+00
1.150998822308666236e+00
2.547930487293071367e-01
9.065564596402173603e-01
-5.183851245755117798e-01
-3.866899010803352965e-01
-4.450073046100160024e-02
4.130401141410908195e-01
8.666341421866770034e-01
-2.301092942792492269e-01
-1.626507883774403473e-01
7.637505539974258628e-01
4.314332672541825175e-01
-5.853869122922787938e-01
4.782480508186647272e-01
-8.963478125705388599e-01
2.991677666234112687e-01
-4.600843535733053491e-01
-5.284098807824428867e-01
-7.574795889776262392e-01
-5.285137043567026153e-04
-5.942181528056688505e-02
2.196302405090579946e-01
3.630307645949384376e-01
1.244529479256831550e+00
-1.241468915446926280e+00
1.382568304891595101e+00
6.880868731601291755e-01
3.844349337567298797e-01
1.502732535666510882e+00
-4.793837990334592347e-01
-1.557493353961137750e+00
1.022781235479289119e+00
7.864160873329407997e-02
6.196845747466959153e-01
8.179335970497582098e-01
1.515717439225856999e+00
-9.110596827189503255e-01
6.922055039744074989e-01
-4.332969634124985703e-01
8.347059105573995108e-01
1.312563662847801460e+00
-2.953308842411822566e-01
8.567378745357967507e-01
1.412326978543806122e-01
-7.713514091083417679e-02
-2.001649332037619633e+00
-2.793260412529781078e+00
-2.617170629474495358e-02
2.569932693599164542e-01
7.382712648676148515e-01
7.024662078350218941e-01
9.133277993384252280e-01
-4.063025005719590466e-01
2.242490218821087400e-01
2.448087658920256038e-01
3.235181519119024324e-02
-9.767804470001980599e-01
4.607737056704666601e-01
-3.435505405879051843e-01
2.421466713251461678e-01
-5.099900970384414478e-01
9.409932187222405098e-01
1.046895617052049643e-01
1.881632554009146530e+00
2.688710516556805374e-01
6.630318883065916546e-01
1.312858093563194606e+00
1.829229063545770861e-01
2.500361786814454465e-02
-5.354150199016709522e-01
-7.912381595675288537e-01
1.306116560394622983e+00
1.041869970694226266e+00
9.060664130693732998e-01
-1.540543047589437720e-01
-5.762329131254845249e-01
-3.222906517757848199e+00
1.317877320605405744e+00
8.846596436225799831e-01
1.371639303563105594e+00
4.314971849888283861e-01
-5.607923423720999612e-01
-3.328594788214260802e-01
4.964518679617558883e-01
-5.693880113534233872e-02
-5.038924161448270489e-01
-1.970683756938220732e-01
-1.305117871167534416e+00
1.578074874891340462e+00
9.588648786450834072e-01
-4.094709627526179618e-01
3.478425834639164438e-01
-6.192980463879123043e-01
-2.242736341882003881e+00
4.117679722496890293e-01
-1.267874898003255479e+00
-2.836007213865676668e-01
-3.223332060529072174e-01
-6.663901512604805677e-02
-2.353374512993114953e-01
9.025703841501936386e-02
1.799235464278056584e+00
8.792055769859237202e-01
-1.371730170937482507e+00
6.833446049307027037e-01
2.135207225119374552e+00
6.352969993624881795e-01
-2.611555801695581991e-01
-1.281243950350139382e+00
-6.774199014654627149e-01
1.368636314641461071e+00
9.065471464047553107e-01
-2.237224046632806940e-01
-6.125037932219767889e-01
-4.961265431640574097e-01
6.344524580297756788e-01
2.655091302687404564e-01
-7.444862040539405867e-02
-9.125286429868469940e-01
-1.100288989269811779e+00
1.560676503043719521e+00
-7.698051657136123493e-01
4.483746544375685206e-01
4.275791625827380926e-01
3.046375682275858643e-01
-9.182575555036417980e-02
1.112723656137807743e-01
1.165698398485184528e+00
-1.643473086292641661e+00
-1.181879836449651056e-01
-1.440913526823919710e+00
4.875790620530423558e-01
-1.085197008305878841e+00
5.416264565804767006e-01
-5.639668508181024942e-01
6.319886619025827379e-03
-7.847815264723898565e-01
1.017908233455532274e+00
1.162786248186445492e+00
8.042732197799855598e-01
3.251910415032773782e-01
9.154769481237615691e-01
-4.353014367605489432e-01
1.525056350207989464e+00
4.900267688631830820e-01
-3.485317501085420377e-01
-7.045300875278189823e-01
3.849059505629833788e-01
1.724558284528711627e-01
7.771229087966667892e-01
-4.226467155084469574e-01
-7.484001848112108446e-01
