1.823468465635459168e+00
6.062796566563882772e-01
1.245399754009814730e+00
-1.750947998991783383e-01
-9.156168247475416910e-01
8.032624954696029329e-01
1.184201920149937193e+00
-3.669671957205710822e+00
-4.060747977583897828e-01
1.231337268060259893e+00
6.050672179586111810e-01
6.062796566563882772e-01
1.036156572514150387e+00
-8.240143299592693760e-01
-6.479828741988622465e-01
-5.539101957258544262e-01
-5.310447479041521257e-01
2.184360348274640984e+00
-1.359193592699251774e+00
6.898847892921321501e-01
1.627407012850566215e+00
2.184360348274640984e+00
-8.773540182203789506e-01
1.088557356955655697e+00
-2.160192764027764500e+00
-4.750613434323857076e-01
-1.039542076651025937e+00
1.118161969379620979e+00
-3.654545462466607386e-01
1.245399754009814730e+00
8.947573799557734242e-01
-1.250184415208276834e+00
8.032624954696029329e-01
8.049906768195652651e-01
8.421004460687813165e-01
6.050672179586111810e-01
-1.359193592699251774e+00
-5.500020116390541558e-01
-5.063730248511891796e-01
6.247063544417528341e-02
-5.768052574557824830e-01
1.020694929503024762e+00
6.898847892921321501e-01
1.245399754009814730e+00
-6.232842075975959517e-01
1.312677738907295888e+00
-5.500020116390541558e-01
-1.250184415208276834e+00
2.547880612848026360e-01
-1.039542076651025937e+00
8.032624954696029329e-01
1.020694929503024762e+00
1.762731145869230742e+00
9.963226400119415960e-01
2.547880612848026360e-01
1.184201920149937193e+00
9.679698721153642271e-01
-4.965382753581984998e-01
-2.160192764027764500e+00
-1.012424273712366762e+00
-4.904186018567457395e-01
-2.395473191014920289e+00
-6.552092529510058494e-01
-1.480787531209288188e+00
-2.802056445297227416e-01
8.446334325983133606e-01
-1.021697447212994936e+00
2.501008617740621887e+00
-1.664599688054897220e+00
-4.060747977583897828e-01
1.231337268060259893e+00
9.116857520120497105e-01
-1.109742663977875354e+00
1.048425495232522042e+00
9.410769655166975056e-01
7.829592368756640441e-01
-6.772397962692352502e-01
-3.511682412727409552e+00
-2.802056445297227416e-01
-6.625811854237639853e-01
-2.160192764027764500e+00
-7.292029788456975137e-01
1.529114043816265145e+00
2.663073221374891997e+00
-3.259507690275023628e-01
-9.156168247475416910e-01
1.118161969379620979e+00
-1.346455857023184099e-01
-1.098327904190261828e+00
-1.367258490427318174e+00
9.963226400119415960e-01
1.079436710674067879e+00
7.757598697283136779e-01
1.434362838561973774e+00
7.831750736897603593e-01
-2.228951203418141791e+00
1.231337268060259893e+00
8.032624954696029329e-01
9.820666000323774458e-01
-3.794365314677017320e+00
1.020694929503024762e+00
2.805687242358169131e-01
1.117018212068365601e+00
-3.454801799271132179e-01
8.641765252117242779e-01
1.563825804383594198e+00
-1.359193592699251774e+00
1.883296335904596219e+00
4.990872935029075919e-01
8.032624954696029329e-01
8.049906768195652651e-01
-2.811911373369780698e+00
1.127274482063631122e+00
1.045476937710764220e+00
1.020694929503024762e+00
-4.621298652555826947e-01
7.219599226188778696e-01
-4.060747977583897828e-01
1.910249625308940713e+00
9.744646249638454494e-01
1.761077549222436867e+00
-4.172689467409094743e-01
1.206297292312122460e+00
-6.320125569908718877e-01
-3.739108550806632958e-01
-1.206808436541911389e+00
1.321080158017271966e+00
-3.398173821708538878e-01
1.020694929503024762e+00
-5.500020116390541558e-01
-5.482536788511864767e-01
-3.175116961096925650e+00
-9.849764916235626000e-02
8.032624954696029329e-01
-6.434723318607354914e-01
1.251250958121334689e+00
8.032624954696029329e-01
-2.160192764027764500e+00
-1.201675973750545856e-01
9.116857520120497105e-01
-8.857838626868881349e-01
-1.087736348646386908e+00
1.762156561736344607e+00
1.645182858306057927e+00
-8.263933736150373965e-01
-5.063730248511891796e-01
3.403936847468382876e-01
-4.398608419697883631e-01
-3.656545026524952169e-01
-1.326020635628699429e+00
-2.765297757967281056e-01
-1.570930822302738283e+00
8.577981360088788865e-01
-1.026949718606540163e+00
1.545808499881837328e+00
1.554321880661228450e+00
1.439545322753605472e+00
-5.941663297595158877e-01
1.344979133814231620e+00
-1.250184415208276834e+00
-1.467616849241682564e+00
1.333132600815043700e+00
1.423615082453024483e+00
6.050672179586111810e-01
-1.570930822302738283e+00
-6.354318112367709492e-01
-1.001142818464034301e+00
-1.245896606897818559e+00
-1.367258490427318174e+00
-1.409414903130496777e+00
1.260960652980185115e+00
1.202381353918391627e+00
-1.250184415208276834e+00
-1.143604862647638276e+00
-2.826112605076469997e+00
1.260960652980185115e+00
-1.073124149441942787e+00
1.022634358039489877e+00
-6.354318112367709492e-01
-5.063730248511891796e-01
9.180477474284899353e-01
3.562259296294936206e-01
-8.385093138872614649e-01
6.050672179586111810e-01
-1.964277670206350690e+00
1.816823432238851899e+00
-6.207281210006310168e-01
2.805687242358169131e-01
-9.904110888293033987e-01
-7.399611848232938716e-01
1.910372806576822624e+00
1.127274482063631122e+00
-1.142015826771293652e+00
7.219599226188778696e-01
1.545252611449690505e+00
-3.256794885090876779e-01
5.775481006690592611e-01
3.403936847468382876e-01
-6.625811854237639853e-01
1.127274482063631122e+00
-8.642377424561269450e-01
-2.315759612652620869e-01
1.270054640982555938e+00
1.825334385332114895e+00
3.706061344321802675e-01
-8.059811270743806322e-01
-1.363047595852839633e+00
1.127274482063631122e+00
-2.160192764027764500e+00
8.032624954696029329e-01
-2.205828352376383528e+00
6.999485224085472135e-01
-1.017071549691288324e+00
2.184360348274640984e+00
1.202381353918391627e+00
5.195994848832891089e-01
-1.359193592699251774e+00
-1.206850272111003708e+00
1.333271900393273590e+00
-4.961216721357970538e-01
-1.367258490427318174e+00
1.551828328616772223e+00
8.465106355045108888e-01
-8.181874740863704920e-01
1.127274482063631122e+00
1.559218416151477937e+00
-1.359193592699251774e+00
8.947573799557734242e-01
6.050672179586111810e-01
-1.467616849241682564e+00
-4.060747977583897828e-01
1.722625665860099131e+00
-1.143604862647638276e+00
-1.143604862647638276e+00
-4.343689922195292374e-01
3.418187157573843726e-01
1.499788318455713032e+00
8.032624954696029329e-01
4.091521241371973705e-01
-5.768052574557824830e-01
9.956043807811383317e-01
-2.070257594662054501e+00
-1.245896606897818559e+00
4.744756225481067818e-02
1.321080158017271966e+00
-1.570930822302738283e+00
-4.621298652555826947e-01
1.020694929503024762e+00
6.999485224085472135e-01
1.214605152453832826e+00
8.032624954696029329e-01
-3.572595498580699580e-01
-1.245896606897818559e+00
-4.060747977583897828e-01
-1.062920795023084564e+00
2.199945694815350350e-01
1.979046239724315148e+00
9.180477474284899353e-01
7.821880395159392929e-01
1.896931953148497829e+00
8.049906768195652651e-01
-1.744087622670621673e+00
6.999485224085472135e-01
-4.288421262380937571e-01
-1.168234831243260441e+00
-6.022387859148187195e-01
-5.063730248511891796e-01
-7.590598673580009059e-01
1.438986962587132323e+00
-3.256794885090876779e-01
6.947251952131022756e-01
1.127274482063631122e+00
-9.904110888293033987e-01
-3.683539083233204336e-01
-1.367258490427318174e+00
-3.839978879186688232e+00
1.206297292312122460e+00
1.365917566151352291e+00
8.032624954696029329e-01
-7.990791256369147444e-01
5.973102406314453328e-01
-1.201675973750545856e-01
-2.538397650407231421e-01
1.520186443550264332e+00
-8.071883264286175974e-01
1.206297292312122460e+00
5.195994848832891089e-01
-2.160192764027764500e+00
-8.910261795501325244e-01
-3.160228591645667162e+00
6.898847892921321501e-01
-3.556349518356345940e-01
4.091521241371973705e-01
-6.772397962692352502e-01
1.497493938539369074e+00
1.432909793650227304e+00
-1.130074792790043636e+00
1.076953812709635860e+00
1.519001336616050191e+00
1.020694929503024762e+00
1.195229105440880568e+00
-1.247873128983131519e+00
-2.449673645634155017e-01
-6.354318112367709492e-01
1.801502786540574608e+00
6.669895574304066654e-01
-6.207281210006310168e-01
1.020694929503024762e+00
7.361918515889674941e-01
1.380674555260652747e+00
-4.172689467409094743e-01
-3.056907524897547912e+00
-2.811911373369780698e+00
1.127274482063631122e+00
1.015250567678993576e+00
7.219599226188778696e-01
-6.099717953305299201e-01
1.260960652980185115e+00
-1.724711455566666718e+00
-1.480787531209288188e+00
-1.143604862647638276e+00
1.020694929503024762e+00
-1.093067616874936254e+00
-5.768052574557824830e-01
-5.326450340797413974e-01
1.974440258018958172e+00
-3.259507690275023628e-01
-1.666700017756449492e-01
-1.245896606897818559e+00
9.116857520120497105e-01
-1.250184415208276834e+00
-3.656545026524952169e-01
-1.724711455566666718e+00
6.050672179586111810e-01
-3.042271265110551237e+00
1.321080158017271966e+00
-1.664599688054897220e+00
-3.056907524897547912e+00
-5.768052574557824830e-01
8.446334325983133606e-01
-5.619787829614708574e-01
6.622271334294842493e-01
-1.363047595852839633e+00
1.020694929503024762e+00
-7.990791256369147444e-01
-4.621298652555826947e-01
1.554321880661228450e+00
9.679698721153642271e-01
2.095784544812107519e+00
-1.964277670206350690e+00
2.184360348274640984e+00
-8.648664374353399742e-01
-1.104332144401934057e+00
1.530918159888007946e+00
-1.170177856649508907e+00
1.722625665860099131e+00
-1.155419856078458984e+00
-6.354318112367709492e-01
-1.285600340522804919e+00
1.432909793650227304e+00
5.610133750573320643e-01
5.195994848832891089e-01
1.231337268060259893e+00
9.568924517615948755e-01
-3.849845398903212201e-01
-2.532473926860750790e+00
1.211035173154100475e+00
-1.134982049602988541e+00
-1.098327904190261828e+00
-2.319411166296447280e-01
1.654423158842101005e+00
-2.070257594662054501e+00
1.020694929503024762e+00
7.219599226188778696e-01
1.801750421784821476e+00
-1.072701405044527379e+00
-1.162646098587309940e+00
6.999485224085472135e-01
1.896931953148497829e+00
1.245399754009814730e+00
-7.879204845238148014e-01
8.032624954696029329e-01
3.410148151098753022e-01
1.027451696353824051e+00
1.206297292312122460e+00
4.091521241371973705e-01
4.990872935029075919e-01
1.722625665860099131e+00
9.116857520120497105e-01
1.423615082453024483e+00
2.606136302613709876e+00
2.693648973665547230e-01
1.206297292312122460e+00
8.032624954696029329e-01
-5.272060280031644064e-01
-2.395473191014920289e+00
-7.590598673580009059e-01
1.127274482063631122e+00
-3.869898460997018841e+00
1.245399754009814730e+00
8.596976720832620877e-01
-7.590598673580009059e-01
6.999485224085472135e-01
-3.748028071870603384e+00
-9.904110888293033987e-01
-9.377467438962421298e-01
-1.234388390591524054e+00
-5.326450340797413974e-01
2.215065291039876261e+00
1.159969954412085169e+00
-2.070257594662054501e+00
4.990872935029075919e-01
1.463716570657527472e+00
-5.150454544391130929e-01
-1.570930822302738283e+00
9.568924517615948755e-01
-6.874040976212427712e-01
1.563825804383594198e+00
-1.467616849241682564e+00
-2.228951203418141791e+00
-8.300534038489728594e-01
-1.134982049602988541e+00
-4.172689467409094743e-01
1.609830627162441852e+00
-8.385093138872614649e-01
1.202381353918391627e+00
-1.804858802322454325e+00
-3.235005396391704924e+00
-8.773540182203662940e-01
7.910186983381456427e-01
-9.402577829290345024e-01
1.594908728037580103e-01
-6.207281210006310168e-01
6.050672179586111810e-01
-9.771352310686797216e-01
4.421146353914126026e-01
