9.251054696248165454e-01
-2.891072905336454779e-01
5.424816185228484855e-01
-6.131056007641812189e-02
-1.646456925022045104e+00
-7.584960755447327507e-01
1.004007475739574773e-01
1.652041573126402874e+00
3.747472231595779801e-01
3.680347698454665695e-01
2.643704720960649013e-01
-1.603934152136767544e-01
-3.616611119959456389e-01
3.231817240959011794e-02
7.762911502900279870e-02
3.536035728724227778e-01
1.165718988963150959e+00
-2.610893093906179185e-01
-1.372514699946818795e-01
5.631621167685599838e-01
3.831431990915988850e-01
4.912729893911510493e-01
-1.276743611419334012e+00
-2.168199464619383621e-01
-2.798954890325341949e-02
1.786892950334111052e-01
-6.030299448926115108e-02
-8.740398300529423903e-01
1.046613158375042207e+00
1.673865962370190363e+00
-1.831053787569879132e+00
3.324168512419161114e-01
5.195347622127297615e-01
1.437747451425389400e+00
1.586673514954120567e-01
-4.349393830208242440e-01
-1.846429160791411006e-01
-3.750328395208233356e-01
7.154883328920510488e-01
-1.176370254891329292e+00
1.230795027392570656e-01
-1.052417881217503348e-01
-1.493812411426842512e-01
3.750464580271131165e-01
8.623813427284969801e-01
-3.985770530485200497e-02
5.848822792758062716e-01
1.431019329772879878e-01
-9.116266637754123492e-01
3.877247667686071764e-01
-6.675553089233956516e-01
1.847239787543039913e-01
7.619572540962321616e-01
-2.945074515127721781e+00
-1.393871716110079151e-01
-1.193616471620880803e+00
5.092511733646756245e-01
-7.955254273650057550e-01
-3.506737536167995328e-01
-9.821729203681655029e-01
5.376138517545101525e-01
1.952387164486619309e+00
-8.370413242560313660e-02
6.479404015728579269e-02
1.463360171745113680e+00
-3.601211601971558429e-01
7.301488553233823620e-01
-1.419244469263872266e-01
-2.427360299715936587e-01
9.072655588384719305e-01
-1.379149923535139821e-01
1.875954061618785584e-01
-4.698974648858031955e-01
2.536487047729584221e-01
4.416913596577660694e-01
2.416834479868034402e-01
-2.035184705475589606e+00
2.343545211722840804e+00
1.407527553984732727e+00
9.117395602470362848e-01
-3.286707098969143814e-01
5.993874395599719795e-01
1.542243583520227501e+00
9.255494365277372459e-01
5.592073350424119349e-01
-2.381015146828651952e-01
-1.911577322796667033e+00
1.298116388284139777e+00
-1.172675368811790797e+00
3.812000430355186320e-02
6.397413610953667229e-01
3.409958843524626970e-01
-9.906133823380863790e-01
-1.209971947839261486e-01
-1.320864686769428024e-02
-3.399763219783943358e-01
2.423084599490858693e-01
4.906805503350029213e-02
-8.550206684116981037e-01
9.985954431839394463e-01
6.496922631307067153e-01
-2.942941995730896099e-01
-8.096662062499349055e-02
6.015124182814959308e-01
3.228448760677125606e-01
9.752971832059260660e-01
-8.319868664173462047e-01
9.202457429326339061e-03
-4.434666527819292603e-01
-1.975408178911007284e-01
9.806381352135864482e-01
-3.415481549119593896e-01
-3.089274275286642557e-01
9.118322150630682466e-02
1.211361733099974997e-01
-9.185490800323926619e-01
3.721710475172667620e-01
9.379072281176071835e-01
1.146638689750595873e-02
1.032641030645050084e-01
7.356579324774480400e-01
-4.615663295206537953e-01
6.044753722833325904e-01
-6.214898692191865859e-01
-1.694324610870531878e+00
1.503502832834056335e-01
-3.845042763237443428e-01
-1.507032012805099130e+00
1.527365399736614338e-01
1.060894846024013294e+00
-4.348664639945725718e-01
-2.344519002153397369e-01
-1.414853348074060380e+00
-8.148888736751337403e-01
4.386915451647202535e-01
-1.370840305299761752e+00
-4.930841496623834530e-01
1.146299452282996791e-03
-9.845695351709048415e-01
1.787707977643008261e-01
4.554157839377730443e-01
-1.237683057308174989e-01
-1.483581047340790215e+00
-3.804109597110162944e-01
8.905261851413425189e-01
-1.426567536089744292e+00
1.249744104712013248e+00
9.702378918195685431e-01
-1.325353631221360295e+00
2.408562334904793684e-02
1.273195816194752084e-01
-5.209227923597563592e-01
-3.014319182824118371e-01
-7.622270117350458118e-01
-1.705286500496920599e-01
6.561491093649632900e-01
-2.950692291134736078e-01
1.871929059479962923e-02
-1.594645154149355315e-01
-4.170379337766575989e-01
-3.549785731034789671e-01
-1.521248652769258136e-01
-3.129881492118747333e-01
-6.442437655713126876e-01
-1.158152963331348512e-01
-5.527983265567077975e-01
2.653385318731598552e+00
-5.451924562214964798e-01
4.924113118393654842e-01
2.275067808725302343e-01
8.125080372461498390e-01
-7.913112313129683217e-01
7.695259287252530500e-01
-1.006433629976946631e-01
1.613970417504398958e-01
-3.450802093538254400e-01
6.780159305300796913e-01
-6.939537054735813726e-01
-9.254376748126913466e-01
-2.908499380157798520e-01
-2.271657322618349517e-01
1.181816467607090138e+00
-1.312521061502072983e-01
2.028364814830636020e-01
9.619370089880276975e-01
-4.325268894460737590e-01
3.052521675280246427e-01
2.767416126526656694e-01
3.487637683310052528e-01
-1.616800283555964168e-01
5.263458233822342347e-01
2.840508002303032686e-01
-6.818938061266568429e-01
-8.905221474989893915e-01
1.506083121441154971e+00
1.160191731900487966e+00
-1.392753969951380899e+00
-3.260968437030795086e-01
-7.757670495770742358e-02
-5.281914005025964420e-02
-2.089024956546533807e-01
8.714977692537230203e-01
1.382439006066516596e+00
3.414895566694109430e-01
6.342133111862777728e-01
2.987315893489743135e-01
2.485415952479448909e-01
3.821450479235340980e-01
-1.911989465822248602e-01
4.816369782724707060e-01
-4.107329569708444428e-01
-4.147669867219899165e-01
3.805507494116612266e-01
8.130453203734927525e-01
1.015347921400080455e+00
-9.325000386830846200e-01
-3.713809157808962147e-01
-1.345458512649919891e+00
-3.155363528327456701e-01
3.182356232801383800e-01
-6.826726593554031108e-01
3.820306866969666593e-01
9.221681715277390001e-01
9.572519274289074120e-01
1.216360015412181861e+00
1.438027408964107856e+00
-4.236368280918482825e-03
-4.640417778739851506e-01
3.668186737049507484e-01
1.882322722612824462e-01
4.743948437372812466e-01
-1.009124810733032750e-02
4.570002305212546023e-01
3.248295258090033166e-01
1.362864616552831754e+00
-5.617490361402835974e-01
1.390138572672447559e+00
-9.750796657424112279e-01
1.632986651080871876e-01
7.246272401229727489e-01
-1.177591899281507981e+00
1.377839757282006694e+00
2.160843691987168191e-01
3.939208074941769055e-01
-2.107269308787655115e-01
-3.066058530403412141e-01
-8.026284794759624974e-01
-5.251900895307229922e-01
5.982032212960199935e-01
4.089606439473697508e-01
-3.356746946061016090e-01
-4.783410742859784959e-01
1.207746132514117970e-01
9.672929128434895607e-02
-9.769607902085608586e-01
6.140754563444515979e-01
-9.324134620009870700e-01
-5.854157043578928077e-01
-1.520002363321645955e+00
1.564477769334159385e+00
8.024557161196972377e-01
5.693427175071927859e-01
-9.964213280698273056e-01
-6.559126143417621790e-01
1.495174710125698470e-01
-1.429275378225838056e+00
6.210418066583952568e-01
5.860965089159464458e-01
-6.595417122398075094e-01
-9.792586206734429366e-01
6.674011300403607239e-01
4.847552673491014041e-01
-2.977997626018155763e+00
4.542712344628519472e-01
1.083919835831689493e+00
-5.714010042844568371e-01
8.867838945916635129e-01
-1.695343341195734432e-01
3.872537259076156563e-02
-1.310556814987924978e+00
-2.175916924677049891e-01
1.178012961488501320e+00
-3.559903517533135608e-01
1.312062627646658042e+00
3.157404668349858556e-01
1.443490275271560153e+00
1.856574725050915142e-01
-9.131317732453453351e-01
-1.998155394872141111e+00
-1.372205557442874646e+00
-1.663549197826243997e+00
-5.311041821245466865e-01
1.199486602470495766e+00
-7.709722439829891361e-01
7.465969618890794246e-02
-2.558178184758663209e-01
-1.501722127831869522e-02
2.215235741934902247e-01
-4.051582781233303288e-01
-1.198286423969421588e-01
9.075925978408835304e-01
-1.035892386165669699e+00
1.729553208308129975e-01
-9.775325758869113368e-01
-3.921799351022345337e-01
-7.553680607948118908e-01
-9.215008975741355302e-02
6.719439295013032165e-01
-4.131507040679330278e-01
4.197229869584894191e-01
-1.878319744863446439e-01
4.535291442728416889e-01
7.447174330667731823e-01
-9.868997385430255953e-02
-2.535620270823130351e+00
1.065198094864179712e+00
2.754362474385115278e-01
-8.875700146108366217e-01
1.316038976547266870e+00
2.851350776499458117e+00
1.353177513087000516e-01
-1.173016582131590768e-01
-1.925672041229494980e+00
-1.476327255293022611e-01
3.411970498070368008e-01
-4.952329668549704800e-01
2.953941110466005715e-01
-4.284819213744630040e-01
8.078197647713662999e-01
-8.655971017739762241e-02
-7.278176591425118414e-01
2.858628331343107121e-01
1.411484299488299010e+00
7.532278939069613211e-01
-3.751461735873626302e-01
-1.272899189081193056e-03
5.572884500576100741e-01
-1.265033204877081374e+00
-8.113723338114191275e-02
-3.487415362770232563e-01
7.691193917399168078e-02
4.620165779296462327e-01
-4.063859151878430054e-01
1.804320641959545890e-01
-1.401719963299330018e+00
-2.694339516357881603e+00
-1.276496035019390352e+00
2.155741028155834016e+00
-3.301423459490335777e-01
1.202486838867106389e+00
5.626298001221612388e-01
-3.613936323792959482e-01
-7.558633797317113601e-01
8.120024916519759384e-02
-1.539070542341724801e+00
-6.061710338857623226e-02
6.632575364584182287e-01
-1.186824329178548743e+00
-2.101839004010245815e-01
3.180295665036118047e-01
-3.176080115944895699e+00
2.279645294431673186e+00
1.186030590459893785e+00
7.467649730321763712e-01
6.455156272414896979e-01
7.619535486348107955e-01
3.447904957376152213e-01
2.848573386738299629e+00
-1.224770269886010787e+00
2.206869919414471970e-01
9.957919419103536951e-01
5.889934501054513438e-01
5.711152503870128294e-01
-4.126914481283491809e-01
-4.853928643092321749e-01
3.902409807257732899e-01
2.290687911096272456e-01
-7.386820945703698182e-01
-4.531269104317905971e-01
1.216756646158387412e+00
-1.460727031285029565e-01
3.451032573159086292e-01
-1.102136111514378181e+00
1.219044322408815439e+00
1.188682301388958473e+00
1.109414306533416772e+00
6.210884879024114458e-01
-1.499936697472624980e-01
-4.379621187088814094e-01
1.056323653367051918e+00
-1.074863490981887021e-01
1.031139866577758024e+00
5.778281208257440849e-01
-1.185949190821007464e-02
8.058209082083095387e-01
1.082410114628381992e+00
1.409888888631984430e-02
1.049777168228592378e-01
-4.410691284969694426e-01
6.286916078668948471e-02
-5.074316275590012859e-01
2.328439482183445541e+00
-1.978526340646552806e-01
1.646761043813334269e-01
-1.086286589136236769e+00
6.885452492956508630e-01
2.747774328714922554e-01
9.428469950359505969e-01
-1.846053641831547187e+00
1.134782925561691247e+00
6.633099651248199891e-01
3.242154147812918996e-01
4.243229208931130203e-01
1.320728733783670394e+00
-1.647935874770809717e+00
-6.751319027655663385e-01
-2.166589760825485544e-01
4.851213467465143592e-01
-2.313232607735637714e-01
-2.529933418750960894e-01
-1.821919998628981907e-01
5.984713155199731238e-01
9.671625971030121116e-01
-4.438337829247090416e-01
6.274883548864919058e-01
1.590486047215417420e+00
-5.399800529948374228e-01
-7.768712595533441845e-02
4.639160015724176911e-01
-8.735421729453671791e-01
-8.103127303419406235e-01
-4.361759032253333945e-01
5.940226099369675383e-01
-5.256881250090652546e-01
-1.319720639338010315e+00
-3.660279364407681979e-01
