-1.727098143635096561e-01
1.833217878166824577e-01
-1.403380835097383927e-01
1.153030697900764956e+00
-4.816153674491294168e-01
-3.499921358879436450e-01
-1.132610452448456595e+00
3.220335897484019494e+00
3.496523552352385263e-03
-1.349470584213723068e-01
5.134559931426696533e-01
7.175463379034827671e-01
1.051738694162230869e-01
-1.659537820759404703e+00
-7.108394631929407237e-02
3.571073025567655934e-01
9.978541712548884002e-01
9.167214410058084351e-01
-8.426350024132031047e-01
1.573630438217932526e-01
2.428697124254477202e-01
9.986397596427050161e-01
2.274009892394044940e-01
1.061232117353360926e-01
-1.108105756590474611e+00
-1.322880940766844704e+00
-1.002284099020199104e+00
-1.112318005024342638e+00
-6.602730413022814826e-01
2.563946855153351745e+00
-7.238492489236593441e-02
3.247137309486813894e-01
1.006150042238219099e-02
2.551881060587865235e+00
7.370949889396513077e-01
1.186863755683195576e+00
-1.135984419548207391e+00
2.454846885978660131e-01
-7.336618364836374750e-01
6.560365512591954940e-02
2.607839412054340777e-01
-1.892232261212679900e-01
2.098739483374021386e+00
7.480282587945995543e-01
-1.329624634364459101e+00
-1.771156078470852990e-01
1.805361242785486597e+00
-7.442816155884139917e-01
-2.618782467526951929e-02
-5.805762786190964420e-01
3.210437367223432092e-01
1.120837395472797038e+00
3.922701311812304970e-01
-9.519084068976558788e-01
-1.970063855389869167e-01
-6.685012911715620954e-01
-4.685002497837140734e-01
5.697050020033824769e-01
-7.184991364371001721e-01
-6.430274459259732733e-01
-5.006800322791762348e-01
-2.009074031716280295e+00
2.427166810578576805e-01
6.965675223169601749e-01
3.994750586297681205e-01
-1.789262103657230860e-02
5.777223259180354065e-01
2.418015568630078604e+00
1.573209076451707489e+00
1.745116879609460436e-01
1.152272888988114197e+00
1.101447040137760958e+00
3.604115603192140083e-03
-3.257968529121434420e-01
5.504820111438232244e-01
-8.142902971607410278e-02
-1.712387337428062040e+00
6.042433103532036220e+00
-4.640794319313961136e-01
2.347916234543667713e-01
1.773773179984993398e+00
5.756228114065028434e-01
2.676526909251755182e+00
1.207146171465804052e+00
5.939529821329169179e-01
-2.176527195330389686e-01
2.015289347489695793e+00
1.009622810342064136e+00
2.130469257422694884e+00
-8.161269847484654560e-01
2.360357170526018233e+00
1.084298661842843625e+00
-3.386629074551152363e-01
2.604369140211249434e+00
7.515076674809785251e-01
-4.829489108388936719e-02
1.536035124437583332e-01
-3.871566094359125687e-01
-4.792271963159318582e-01
-2.661335090982285045e+00
2.294909491183352301e-01
9.269765013957047550e-01
-8.133099974705443325e-01
2.029433680817886998e-01
3.451429276074535757e-01
9.693174824879735585e-02
4.194321190883594230e-01
-2.986338289993920037e-01
-2.549266364373009797e+00
-7.949519565918759800e-02
8.156833929132971672e-01
-1.247133695571140510e+00
1.416918540733445475e+00
-1.742886509609320456e+00
6.441889920984069651e-01
4.409893468988132503e-01
-7.747233430147181243e-01
5.530617346186956773e-01
4.336062891608069014e-01
-1.592146809816570530e+00
-3.007756835318566857e-01
1.313538808375352307e+00
-9.248612113614346208e-01
1.028093412158501030e+00
7.461378879061546232e-02
2.446302465488489286e+00
5.755455738657387910e-01
-6.367909658904944425e-01
-1.033222541672750072e+00
-1.292335371161828173e+00
-2.533780129026426686e-01
-1.392668757061339413e-01
2.432228433217827890e-01
4.559057610151465156e-01
1.118032646029034627e+00
-1.354569963762818352e+00
-3.731639351822165773e-01
-3.004965890811520657e-01
-5.175832647858433777e-01
1.758311315970671806e+00
7.687387539672543291e-01
-8.316785196342695308e-01
2.407573972568489928e+00
-7.381512280427729999e-01
-1.571820984021480516e+00
-4.707563012636720168e-01
8.464973983573439442e-01
-3.922791549485233897e-01
2.337828665002128770e-01
4.468439381630068263e-01
-5.961702479100287055e-01
-1.387072253410874811e+00
3.948224789743528529e-01
2.737872024220432965e-01
7.340919089210601323e-01
1.553884026788641959e-01
4.277227072595071733e-01
2.858304548951364765e+00
2.295807749062085679e-01
-3.821749550346788538e-01
2.636304018475625899e-01
3.441787186816951949e-01
9.549607231387143846e-01
9.092435342931370901e-01
-6.144320541205886693e-02
2.848653575217663381e-01
4.684904175430943396e-01
-2.700826302582448601e-01
-7.019480942419237257e-01
6.726184389936318286e-01
-1.283522361871604511e+00
-4.271305699243008736e-01
-1.395880506331167892e+00
-6.225519724908634700e-01
1.647811319896949900e-01
-4.233432859340418575e-01
-5.525393754733198132e-02
-9.746944173960436775e-01
2.143845278563626611e+00
7.377439426768835073e-02
-8.440828958476950250e-01
-2.931984701209315869e-01
-4.034761782047830980e-01
-2.644318564754313816e-01
-7.877952978394190398e-01
1.237613466069081625e+00
-1.204889849606932822e-01
-2.333031677191193046e-02
1.793295448219998978e+00
-1.808436451239000750e-02
-1.391060302944671090e+00
3.834080458060123431e-01
-8.001786267987717749e-02
4.561401142656129060e-01
-1.149630561216054891e+00
-9.090806169104993784e-02
-1.059086588072645219e+00
1.173282426298655645e+00
1.012273080823152371e+00
2.878907367940086726e-01
1.125554842467026528e+00
2.355535378803033542e+00
-2.418179845861131994e-02
-9.523985414776261482e-01
1.475440953785155385e+00
-1.018571618346791219e+00
-1.170775961078424299e+00
-1.558833599050160501e+00
-1.671061268509524522e+00
-1.892620317977957434e-01
-2.488326424492399158e-01
-3.994740349981446698e-02
-4.804109302956410255e-01
1.353502942489354099e-01
8.755103619514006952e-02
1.913621585472444764e+00
1.089401807617710743e-01
-1.295535086796393065e+00
-6.958490260733926069e-01
5.466157209656087312e-01
-7.725250481368172162e-01
1.634248506740446083e-01
2.346580351072521109e-01
7.706856862928671559e-01
-8.604601900339434728e-01
3.496765194846732649e-01
1.919619656411752029e+00
-3.133713226955826131e-02
-4.177757701454486439e-01
1.888407728960659782e+00
6.639673201210471998e-01
7.202286134719841915e-01
2.115739400227155120e-01
1.250717968269267288e+00
4.743128990319449123e+00
4.803620253054355360e-01
2.661092081361401962e-01
2.099446709821471690e-01
-2.029341143695307270e+00
-3.943266230340222722e-01
3.830643325056561910e-01
-1.650166878968901019e+00
-1.249909953699698539e-01
2.167325507853345157e-01
-3.247289138579119716e-01
-1.106503571519893425e+00
1.375661036984073826e+00
-1.086438353027444625e+00
-2.820353674513109699e-01
-7.338231029966398866e-01
-1.872037485575845928e+00
6.623444434581275964e-01
-5.056509250386384546e-02
4.564597265613226651e-01
5.476131624297390227e-02
-6.313092886168902851e-01
-4.464567037930430166e-02
9.421147419050669436e-01
1.207093266271219267e+00
1.487263958754681648e+00
7.654473670210237835e-02
-2.291635903971342703e-01
1.492693409901617585e+00
-1.412395334233360389e+00
6.142951056368961549e-01
-5.193094441915201420e-01
-7.996984839285284918e-01
2.342973436831728762e+00
1.907157848064445216e-01
2.412655481087029596e-01
-6.887978696524906796e-01
-8.637555156033767112e-01
9.956887343726279482e-01
-2.023393639350759554e-01
5.289738668279069245e-01
8.119441399551509120e-01
-1.234994971882253711e+00
-9.262644237153379034e-01
6.261816612043874519e-01
1.201865997608619674e+00
-6.257729353675783868e-02
-8.185658941584672554e-01
-5.325226823013423649e-01
2.539427829202295150e+00
1.679520185217414197e+00
2.932821480835241523e-01
5.504673839270920466e-01
-1.564467927528740754e+00
-1.160546992282144307e+00
-7.703521115998912538e-01
1.203591192326678661e+00
4.961734362327416270e-02
2.967590333984259310e+00
6.591015291798560383e-02
1.200290424473252904e-01
5.020196930302538441e-01
-4.519074873156277428e-01
8.419760290379656453e-01
2.706637000202966714e+00
-6.205807919804157136e-01
1.838117422324960559e+00
-1.354141704041275984e+00
-1.407024178959698224e+00
6.483243259941054992e-01
-1.017043042230940220e+00
1.581450905026851261e+00
9.219589708074951151e-01
1.306595489621428463e+00
5.985078649500302772e-01
2.220947733584978934e-01
-4.882401941389348243e-01
-6.690807122549721209e-01
-5.457904566630549237e-01
1.173865819815549383e+00
-1.904759023158811571e-01
4.422339977895702323e-01
-6.120175589159029261e-01
8.430835044051273597e-01
-2.931605158297125313e-01
-8.625516564410438125e-01
-9.872051159145031063e-01
1.993398991781783147e+00
-1.021941501025829035e+00
-8.067774108265432509e-02
8.313466327471090711e-01
1.026809422113532877e+00
2.784855273096325523e-01
5.759615502088331063e-01
9.914737074344376344e-01
-4.049885282555476529e-01
-5.164216223879417589e-01
-1.723908683693718136e-01
-3.363080240101632867e+00
-1.800855927501408216e+00
-1.109630564709426892e+00
-1.869318927056232704e-01
-2.344981047596862656e+00
-6.773831240799186304e-01
-3.368270759062241826e-01
4.231038337482146555e-02
1.062092748067763548e+00
2.350167970225382152e+00
9.894920297886949934e-01
1.138974817246770632e-01
-5.875457101118374270e-01
1.009849555636633589e+00
1.570689512662609699e+00
-2.612011384321504703e+00
1.027014283916223736e+00
-1.659800820868480464e+00
1.096980728417180861e+00
-1.337283092176311805e-01
-8.898731160729037581e-01
1.631441608293771495e+00
-1.863847881412687313e+00
9.210598350990684136e-01
-1.174342549668975000e+00
2.789696564788186062e-01
8.048435833805958062e-01
-1.134149034353034935e+00
-9.656096112231498108e-01
3.827318323132547495e-01
5.023975174289198042e-01
-4.761942346040002327e-01
9.920596308372879868e-01
1.290617109799715445e-01
-5.539035129427710702e-01
-4.072579557793177263e-01
6.349483048531736618e-01
-9.571986225648378976e-01
8.431186557154172201e-01
-8.167839886709008512e-01
-3.063144741293228335e-01
1.195629824967306520e+00
1.825426307165942119e-01
-4.154981872484464489e-01
3.168248634039077527e-01
-7.767550914680032559e-02
6.224214428368972651e-01
8.277491874787834547e-01
5.598722608070669793e-01
3.328164168770198494e-01
1.367428204947411796e+00
7.446640658580718775e-01
-1.065708343780080947e+00
1.914965667853621101e+00
1.982655444881136209e-01
-3.050573760723512273e-01
9.580542900973787468e-01
6.786994802524251025e-01
-3.546345572038204774e-01
-7.836276791836724875e-01
1.403479794161275329e+00
-4.466782810424338446e-01
4.922077312435895191e-01
-2.611480907823448550e-01
6.435767945186325889e-01
-1.101215395566278454e+00
-1.573980685941326341e-01
2.932786482580321819e-01
9.014685929681717780e-02
-5.695464308689001526e-02
4.616437642009620923e-01
-4.804426895756314098e-01
1.361500215720068185e+00
-5.229074364413990317e-01
4.010389067416632036e-01
6.136347509405029044e-01
-5.318288299369483552e-01
-2.719975524085239682e-01
-2.380482329879396453e-01
1.188992389175409642e-01
1.443814756356909035e+00
-9.013050827285997713e-01
-3.985357599126134742e-01
7.576462659052367599e-01
-2.425930817137272655e+00
8.534478552439075383e-01
7.879804699240307020e-01
1.552672066244354700e-02
2.296017546289680356e-02
-6.692477672610042116e-01
1.418945853266228296e-01
5.341507604897132166e-01
-8.984288570559875176e-01
1.667710137871413201e+00
-6.495117199564340860e-01
1.684112063684207072e+00
4.125235408220908062e-01
-5.514276692286479431e-01
-1.382494066669982757e+00
2.012311870010613513e-02
-6.671730335350708474e-01
-5.456335366356043215e-01
-8.365267602238177780e-01
3.792953474084581611e-01
