7.071497399115822535e-01
7.516290134704817216e-01
1.933939271091925427e+00
8.755348042338113868e-02
-1.333070005671720626e+00
-2.381951206783408659e-02
3.364039036150920925e-01
1.045599784832186741e+00
6.919233846999439663e-01
-1.763628087608085870e+00
2.099516996668005397e+00
6.554120010073707370e-01
-2.308560028479410331e+00
1.892403500293482477e-01
-2.230213164816634008e-01
3.559041905643407500e-01
1.721327377684265247e-01
-3.225689008404800662e-01
-4.966545473640729402e-02
-1.451233861928293845e+00
1.956396440477696508e-01
-1.291011910431350551e-01
6.742151947103033338e-01
-9.844654308271817700e-02
2.121189190829220195e+00
-2.559658593843515684e-01
-9.394264354299912689e-01
3.381816040362701781e-01
-5.861857523683533522e-02
-4.425609786650021027e-01
-1.497624892538684138e+00
-8.412856130652639208e-02
1.076733301377013730e+00
-5.915901584121268098e-01
2.194379572408717560e-01
4.734710287326561740e-01
3.842738415040135025e-01
8.781143334837996361e-01
-8.909020216964935734e-01
-3.719514050904902946e-01
1.197016347282870291e-01
-1.524653197824594741e-01
1.672099423357592540e+00
3.560342485634995224e-01
-1.245068263003857867e+00
-4.831334955760570593e-01
1.429680437987335129e+00
2.896556822860001379e-01
-6.966465645872362833e-01
-2.511603594117934324e-01
-9.171307126784301877e-03
2.280371339244332274e-01
1.513763939783880241e+00
-2.032864197601920164e+00
3.838530380542812259e-01
-1.791861525988664106e+00
1.526375433012577165e+00
2.684628578484862804e-01
3.841687470445068198e-01
4.900600926030213578e-01
-7.981241422782139328e-01
8.933570707364797414e-01
-6.559141668709218553e-01
-1.025684380303972132e+00
1.980848154773278136e+00
5.494986931203416081e-01
2.834577648982718467e-01
-6.948841716989641037e-01
-8.512450690425357180e-01
3.433314142839665739e-01
3.642612673170062543e-01
5.270444770678770485e-01
-9.645546565754498092e-01
-9.858149986403996756e-01
-1.030391106751333385e+00
5.586249836689525239e-01
-1.166785763097508255e+00
6.824398465660351520e-02
8.493483058218339599e-01
-5.613402260250471842e-01
-1.536020777447620889e-01
8.470299092711256472e-01
3.052083145041251666e-01
-1.814631636050462737e-01
4.712477258920589884e-01
-4.672899799958156186e-01
-1.561637403695201209e+00
-1.755413766295069733e-01
-1.365321428356484290e+00
-2.915721029006876353e-01
-3.561204245627018761e-01
-3.978406103909081781e-01
-1.085806274129227145e+00
-3.239943350064136696e-01
-2.372453163339515725e-01
-1.158919317113088709e+00
6.773553151291791252e-01
-2.269860179859503602e-04
1.076409499524380919e+00
-1.659663141234468675e-01
3.172802142094399008e-02
8.374137862332902138e-01
8.321700204125112021e-01
6.619133154881938486e-02
8.892002335394182388e-01
-7.320644651469006003e-01
6.737496245522676119e-01
5.338690379744834846e-01
-1.615916940123198309e+00
5.752735213634966316e-01
-3.005139331906899192e-01
1.647786712392816655e-01
7.756393936464751893e-02
6.851217784820083645e-02
-2.188955319475157646e-01
1.909529328219020106e-01
1.824897477723648853e+00
7.803895363977515487e-01
-1.029866073107918861e-01
-1.186764458558848379e+00
-3.902678508189379447e-01
1.332947186502345893e+00
-7.032889690050652121e-01
-4.958425844892733747e-01
-3.067084678975430800e-01
-1.641787708753588149e-01
6.780372843879215461e-01
-8.146744980245805845e-01
8.433479688370561222e-02
-3.302245196211524986e-02
1.315514168870098588e-01
-1.874868168874977148e-01
-8.378234594533331414e-01
1.088959500930867241e-01
3.169921504948464142e-01
-1.554444557377004044e+00
5.801263394502889081e-01
-1.833659760768867608e-01
-1.389996601460990577e+00
5.699717245967756973e-01
4.829556866671976256e-01
6.607417716055785650e-01
-1.655650551645625690e+00
-1.452179144886513340e+00
1.027689876533505853e+00
-1.194207906478620851e+00
5.893457989271847497e-01
2.761841014996780364e-01
-2.817570990330203196e-01
5.474082601625960276e-01
6.783117312315409819e-01
-7.501889240190630359e-02
-6.714478872724276570e-01
1.411468750428647834e+00
-2.333557217711026421e-01
4.352070107460467852e-01
1.399429961379645482e+00
-6.652537567701077847e-01
4.178306099092016779e-01
6.464564053239719721e-01
-1.906680063394668515e-02
4.047277622672597608e-01
7.498235834369566533e-01
6.208512425041311927e-02
4.966394228794817622e-01
1.543575870274324080e+00
-1.746072386880232960e-02
2.674665750998542757e-01
-2.521499718401945533e-01
-1.319321981814503220e+00
3.326498452998904454e-01
-1.715496757110296644e-01
3.762626046267344426e-01
-4.243170785302332465e-02
3.400212078750326468e-04
-9.106460737167736408e-01
-1.151665990842977959e-02
-1.825554113070379236e-01
-1.209429795075849245e+00
9.819036511941176687e-03
2.636196064629569014e-01
4.423756697115976966e-01
1.554010070952673538e-02
-3.893535393913391540e-02
9.029922451617511392e-01
-2.692198640499727236e-01
-3.721262527784852669e-01
9.595827839734213938e-02
1.280651258240216972e+00
4.452680033841895368e-01
-7.479710236374372823e-01
5.232020610340055722e-01
-1.628373459337632556e-01
-7.548064423573092041e-01
3.024464695383394464e+00
-1.349071367858818649e+00
-1.275014289572016457e+00
2.116353409365752947e-01
-1.603502520413386589e+00
3.964463089074968805e-01
-9.628671542895436697e-02
9.601135251323457409e-02
-5.348195414075067600e-01
1.556807558522087798e-01
-9.941332776320838116e-02
2.566444812974078560e-01
9.087420159976627998e-01
6.858976429694008115e-01
-2.884057899999981633e-01
4.599536166157440209e-01
1.824942774506003729e-01
2.378430523381711292e-01
4.569552055219915365e-01
2.926912503250262421e-01
5.655678320201150688e-01
-7.078602536928343403e-01
6.175620804603322300e-01
-7.461440033938232519e-02
-6.578780929015101142e-01
-1.051942666372106316e+00
7.053241293848235838e-01
7.704650789052676085e-01
-3.712974735310333174e-01
-6.034670809838724725e-01
7.432617314946136922e-02
6.736318229798559098e-01
1.261992036553331586e-01
-3.583241669015445607e-01
-9.408059107160124945e-01
5.699178432262062000e-01
9.186767674126296024e-01
5.073559576488089196e-01
1.820818726984560765e-01
3.289159308653165081e-01
1.091196741083542976e-01
-8.997519030922618288e-01
-1.221088350156489977e+00
5.173455667781365896e-01
-2.848440293176956462e-01
-4.631565532039652044e-01
-7.797710536052840924e-01
8.257243116755371704e-01
6.775224699524210470e-01
-3.756678580637581866e-01
7.651893412176707931e-02
5.354545365232779019e-01
1.847488848188841626e+00
2.561362091813436659e-01
6.666498056559027052e-01
-6.528263005003176467e-01
3.826005562341033145e-02
-5.081668710429965152e-01
-1.981996545167472035e-01
1.803507172846609552e-01
5.642626009095560446e-01
-1.262301809289060772e+00
-7.906530869306389597e-01
5.776690666057247014e-01
-8.274291026628186607e-01
-1.200133350347798666e+00
4.312232004799618212e-01
4.016568473249506055e-01
1.164478102164850926e-01
2.311798989373902921e-02
-1.084232659426035278e-01
-8.511487659220488000e-01
-7.026560549100635544e-01
-8.450380511888200274e-02
-1.598002257571815798e+00
8.622331449697507866e-01
1.220612613904370064e-01
-1.639046409213565925e-01
-2.093199805038266526e+00
5.081721484406477307e-01
5.289168943099075149e-01
8.894890184089682128e-01
-1.696527411445975519e-01
-7.728043076910889875e-01
-9.290423231895959810e-02
-2.615953503040011618e-01
-7.201065971936109200e-01
-9.181495522465308312e-01
-1.138642202308668139e-01
-9.715295317340111314e-02
1.802252581828897693e+00
3.052072122198455986e-02
6.286837581426460986e-01
-1.512515676695902700e+00
-3.177960347455068002e-02
-1.067419544295808098e+00
3.007276739428607071e-01
-4.962991757215532429e-01
-1.768121341691489157e+00
6.941463571487722639e-01
9.859985516731792354e-02
6.466771548996983476e-01
-1.986719157759346821e-01
-4.793066130197831676e-01
-7.043599321097528954e-01
1.530738375732499656e-01
4.136696116244651389e-01
1.102740465275923398e+00
9.159002394778796852e-01
1.504826623338140879e+00
6.898545138167384849e-02
2.238878262821908660e-01
-2.662780877345375941e-01
2.536745729216572376e-01
2.952454471802952451e-02
7.377632177867843311e-01
4.335246976798329821e-01
9.655195042978457209e-01
4.775075431912710333e-01
3.255991264768787197e-01
-9.565286517900107865e-01
-9.513672983372816194e-01
-8.037721215092404892e-01
-9.601552454135089398e-01
-1.802525352826789939e+00
8.708850826608274254e-01
-2.747169057438512627e-02
4.338418071169347634e-01
7.271164827554551513e-01
3.836204131733170208e-01
-9.970877425080835188e-01
8.037058776934611348e-01
-3.273607569245654512e-03
-9.763321706244029174e-01
-4.914190165211579919e-01
3.073103195057196313e-01
-2.520035518476608852e-02
-1.435875876719078237e+00
2.306217222815793930e-02
-1.922557297574280788e-01
1.029982561179841216e+00
-5.482981158968317503e-01
1.875559299214265285e-01
-4.642982072788175985e-01
-1.104221848596728811e-01
4.443443700108132277e-02
9.101899983692572915e-01
-4.680588646472180203e-01
-8.433649547646001610e-01
3.879997155533371211e-01
-1.322551937109377018e+00
-1.914101271788460235e+00
1.681410754143947361e+00
1.755091280243657348e+00
3.797831045655417070e-01
1.910178958554767714e+00
1.498458803957388730e-01
-2.721626576823558685e-01
6.621163573458745955e-01
2.207821962528090098e-01
-1.411643808282069923e+00
5.377574247974623578e-01
2.099250634085466638e-01
2.687521460736545520e-01
-3.871412849696680425e-01
2.591264004696122725e-01
-2.178253462627484982e+00
1.274477901099645427e+00
3.501171526927570055e-01
-2.958801245506332278e-01
-4.266655899759272952e-01
3.821910139801892869e-01
-6.595213191536920538e-01
1.718447923023697310e+00
1.348934990057505834e+00
-4.381776528135893356e-01
6.088064814709439609e-01
9.555187200685694160e-01
3.720387903586497846e-01
2.615549786749791217e+00
-2.260636653341823454e-01
-2.311727176201475720e-01
-3.455190704677003066e-01
-2.688154114275808498e-02
2.170880120967584315e+00
-1.514847534435652399e-01
3.594085363353384799e-01
3.646397096318986231e-01
-1.028226978495291322e+00
-1.197763820590067030e-02
5.671777302784088981e-01
-5.639962624108035838e-01
3.471003586724834555e-01
2.617947217921821057e-01
4.381592853393683762e-01
-2.401296852849585106e-01
8.153184404608762037e-01
-8.151047765645554888e-01
-1.683153497270610144e+00
-3.333447482268745876e+00
-5.354315852889200977e-01
8.301360513173248190e-01
1.354963778471119096e-01
2.257822648135454635e-01
1.063797559081745669e+00
-7.975722444494825689e-03
-8.658587734180156481e-01
-2.760329327956480561e-01
-1.512749243166166546e-01
-6.383215512923875457e-01
1.668390314939035335e+00
4.417457418491957943e-01
5.697335771599434939e-03
-2.858721636580690006e-01
-9.741638265614324110e-01
7.633160514845738209e-01
1.645338336590057349e+00
1.495474400993728636e+00
5.604056671985283566e-01
6.868494404054237279e-01
8.879216766207054939e-03
-1.382852954042102622e+00
-2.957355586393382030e-01
-3.125583619760460286e-01
5.489935298472581326e-01
1.437538884068207401e-01
-2.325910642380885629e-01
5.350308115396226194e-01
9.406071841502557929e-01
1.097216836075170787e-01
5.303591013418650357e-01
9.285340249098769094e-01
2.169893468592186125e-01
-1.714756089712316245e-01
1.246764952984206337e-01
4.386100056043131246e-01
-6.782019942238273202e-01
-3.100101979790472750e-01
-8.710234067034065830e-02
1.209160853804497615e-01
-2.522745149647461285e-02
-1.262310502376284838e-01
