-3.130305172227655364e-01
6.577669764676511432e-01
1.649928993894194340e+00
3.659478767372961738e-01
-9.417770911152666125e-02
2.803009320988063963e-02
2.032681555295449971e-01
2.155339178182347493e-01
6.275063222669422514e-01
3.628039491288811424e-01
-1.503583997947866291e-01
2.863397009057861986e-01
-1.280125684249258322e+00
2.102647116401539507e-01
1.450951404158034030e+00
2.864532897063690742e-01
1.119163695524786561e+00
-3.051208123914213033e-01
4.756602659531815602e-01
6.220116527451161614e-01
6.173321470851802495e-01
-4.432764380860580444e-01
-2.813788288904118806e-01
1.105561086447302693e-01
-8.225326398510421355e-02
4.253313652815083890e-01
1.651340779139141152e-02
6.240561196589835546e-01
1.818807433732997803e+00
7.987227787334089113e-01
-6.428907461007279389e-01
7.986517935004662505e-02
2.377919914147804126e-01
6.513891580710319262e-01
1.872097867297804474e-01
-1.039774807763350406e+00
-1.444603725119789350e-01
1.570980882993982530e-01
1.001960172139491068e+00
-7.692328096322664788e-01
-6.030970511470528511e-02
-1.424130976265484128e-01
-3.090403775193245051e-01
3.221482016742195365e-01
1.650014704939921417e+00
1.800303678431990129e+00
2.699003480163391644e-01
4.591391575267431135e-01
2.454430571687212792e-01
3.867848840266979171e-01
-2.587390530364787056e-01
4.520975753752921045e-01
9.401362417207085320e-01
-4.352699546218303794e+00
6.443953472846289943e-01
-1.722988958198772957e+00
1.294066092561150461e+00
-1.178564149846284215e+00
-1.500555885445172266e-01
-8.754865000836348221e-01
1.188386666395727653e+00
3.424286163896335111e+00
-4.491708502219088905e-01
-1.115641086473671828e-01
7.673324635022775453e-02
7.143010833775738366e-02
9.373337274014494902e-01
-9.023074784956278682e-01
4.416662424854267410e-02
1.330071411914601542e+00
1.307444140779178421e-01
-2.625752051166398982e-01
-7.568909896766002898e-01
-1.189355138537461359e-01
-9.835659349535127438e-01
7.346121810830200660e-01
-2.282998469368751893e-01
1.384172940226207071e+00
6.635232839184033171e-01
9.987528499411498784e-01
2.619590396024834011e-01
1.002513807032216375e+00
1.673747282085096044e+00
-1.114462771327490165e+00
9.544751058653546671e-01
-2.935174572407590055e-01
-1.810735995634155798e-02
1.063543768253180755e+00
-8.567814120633745478e-01
7.794019928688894483e-01
7.273596921198134668e-02
5.041577850128868832e-01
-2.915799499814772933e-01
-9.831752771099186994e-01
-1.453225674203557360e-01
-9.510280673193470813e-01
2.230496885460218071e-01
7.712153287089378029e-02
3.200914303706260400e-01
-1.729892822655456186e+00
4.722819494252166184e-01
1.602943946679680487e-01
1.384858972258588228e+00
1.091106943779394101e+00
1.382798849691744825e-01
2.060345410392766877e-02
2.995251976164802210e-01
3.553767548669839460e-01
-9.755285567630718191e-01
-2.450192446661945966e-01
1.933037308369715435e+00
-1.112571660111920213e+00
2.957334171837313619e-01
5.730247746250198837e-01
-4.306629096710513083e-01
-6.342836322001375038e-01
-8.120717000281216791e-01
1.776880537956612160e+00
1.125632558455907234e-01
-2.590687630249030038e-01
-9.994629344037571361e-02
1.828669125180161892e+00
7.237802610047789909e-01
-1.075153570788566659e+00
-5.073701101687129178e-01
3.139471302402336850e-01
-1.686793312408451095e-01
-6.289841655164333245e-01
2.170511174025133161e-01
2.502261474723995738e-01
1.257568448401434058e-01
8.341631815169383568e-01
-8.315010838339569332e-01
2.719697574253038819e-01
4.026565929658693088e-01
-1.740432690558450401e+00
2.131497395819620111e-01
-2.121806613998839519e-01
-1.546942251672282165e+00
-9.582948146713612947e-02
4.253774505231929237e-01
-5.984025329507296487e-01
-6.414696166982895020e-01
-5.595491673219589179e-01
9.332888795617709787e-01
4.279097150196412014e-02
-9.684663796383481682e-02
9.199641653332907287e-01
-1.041949517212481968e+00
4.591865206485958306e-01
9.138272969516300082e-01
4.919595651999968122e-02
5.536814950063632113e-01
-2.693415953813263486e-02
2.063139694224447318e+00
4.063754559088186835e-01
5.546055862529281066e-01
6.272171378104214323e-01
-2.728012230937769678e-01
2.089148667225846356e-01
-1.261001019679353352e-01
-1.831390497722525657e-01
9.663091397448112518e-01
-5.689895961317686934e-01
1.628022628272139949e-01
1.039830193586894214e-01
1.936523020370887194e+00
1.242077449810764511e-01
8.379215837529222499e-01
-1.363561232682890811e-01
7.369796911763278890e-01
3.534073105652328906e-01
6.641198036765293411e-01
3.367968631572104687e-01
7.480830308212489399e-01
-8.704302208961092191e-01
4.270657087044134048e-01
-4.235935975732112446e-01
-7.020411452951099696e-01
4.379496762018822986e-01
-1.264174129209920894e+00
2.484761480413242019e-01
-9.956249773285036353e-01
-6.128080470564624127e-01
1.236867010648763365e-01
-9.968573022891108470e-02
4.244892497974224188e-01
-1.314324665305973729e-02
1.225667273539622210e-01
2.135438821974429968e-01
5.702763818254584782e-01
6.067149285477502207e-02
-1.046288555565692002e+00
1.302404693550262005e-01
1.603613411077165762e-01
3.822067997993269794e-02
7.262511029062101997e-02
1.370938548183388284e-01
-1.011816955803644946e+00
3.334116354544914285e-01
4.623683999553534520e-03
-5.769861045059003768e-01
1.136369595011978095e+00
2.764497686258793330e-02
-1.065692461938289259e+00
-4.139559159344756711e-01
-2.105668641555405174e-01
4.406746636160998598e-01
4.168603806473156204e-01
1.127274858569093707e+00
-6.597737901120480364e-02
-4.755683616919770956e-02
6.408244236395652660e-01
8.526971577655689805e-01
6.361343526236848955e-01
6.850642979777381292e-02
3.675818452030732986e-01
-3.397881917449717126e-01
4.410486224252208598e-01
-2.057784066432310210e-01
-8.054273518964377709e-01
2.137297790791999608e-01
1.259093127437122428e+00
-3.878124037226771126e-01
3.445383237362342754e-01
1.987247817704076436e-01
2.499160520656918127e-01
-8.756894413308203839e-01
6.374672947363893005e-01
5.566587225445402964e-01
9.495980484261427046e-01
8.738845438773181762e-01
7.426907875985762075e-01
1.630864006437932057e-01
-1.331490872381314361e+00
5.982462327614220671e-02
-3.315153051428846864e-01
-4.200386410706248297e-01
-3.308436845466498633e-01
6.973977817152557934e-01
-1.294650515725392692e+00
4.271333957235206036e-01
1.720612698740520585e+00
-7.662819744027521418e-01
-1.726676018259609147e-01
-4.064896528210044657e-01
7.579281714838521644e-01
3.445454747593607592e-01
1.882065073725968929e-01
9.999486095050310608e-01
-4.060793686284681070e-01
-9.044341190746989223e-02
9.792279153386189705e-01
-2.144239420520206718e-02
2.282051044542685592e-01
2.063822451679221404e-01
-6.191903415186394977e-01
7.969981145079497731e-01
-5.660019774804753157e-01
3.858320626736268071e-03
5.032131049181354232e-01
6.398115636236405557e-01
6.018822241193677591e-02
-8.326484726624485688e-01
1.795602179167728740e-01
4.399153915424446892e-01
1.171685579660996651e-01
-7.537947035456821210e-01
-2.140237890914365448e-01
-9.659772796416499219e-02
-6.637493865092322087e-01
1.336058650840385720e-01
9.985958319957418672e-01
1.839686102003190271e+00
1.130915752105748684e+00
2.218784494770213722e-01
1.598499257255705075e+00
3.821733509516401783e-01
3.543777332466342966e-01
7.390282896356921150e-01
4.697416946714217945e-01
-6.042787484566140011e-01
-2.360444691131501349e-01
-1.252447389386588394e+00
-2.570657545801853794e-01
6.747385289083834836e-01
3.489637505897052461e-01
-1.172467414861899204e+00
-1.204845807267081792e+00
-1.011708744598491583e+00
-1.017463529842226988e+00
-3.045452194423379222e-01
6.583803039217422937e-01
3.571313129725209867e-01
5.626145001966602610e-01
3.369479059441709556e-01
-2.491523466408212262e-01
-5.753920417275486532e-01
-5.341874804416220091e-01
2.109129303424401858e-01
-1.751758359604597137e-01
-1.573432740686189657e+00
1.320585937904046950e-02
2.657293349712777086e-01
6.224030186121579794e-02
-5.290149043506916504e-01
2.041488183116753063e-01
2.469192656221832205e-01
3.498286146908939909e-01
1.256797511598493955e+00
-6.291535093424482916e-01
1.522431666264886907e+00
6.823051215234660072e-01
-1.013823528405601165e-01
-1.976270768170413694e+00
5.121976418114275453e-02
-5.262108971014821668e-01
-1.311417085299128260e+00
-1.149048485785261642e+00
-8.698093222969718319e-01
2.732603241979552067e-01
5.052816094929378776e-01
-8.361958635400870143e-01
-4.106426160361643651e-01
5.806165674462616666e-01
-3.439557032957161198e-01
-3.256452233669237528e-01
-2.575038181751687638e-01
4.779651434281800837e-01
3.684020922610097837e-01
-6.029744914989827254e-04
-2.020171747952478197e-02
-9.565730174853667167e-01
8.801826238545098491e-01
-8.010789264914786045e-01
-1.573206929491328954e-01
4.101086950238505002e-01
5.113097739965645205e-01
-1.437407205565424395e-01
-2.527582452592747608e-01
8.296602383834369432e-01
-3.886017753994130963e-02
-6.151724046470852247e-01
-8.519195197922775631e-03
-1.194300405834638701e+00
1.175382270996229384e+00
-7.177494977111564811e-01
1.235503116258544198e-01
-1.365374114202367595e-01
7.115457121522792416e-01
1.770904302887115644e+00
7.122129744565702802e-01
-5.087883882094015320e-01
2.975621160446076940e-01
-1.582818654009138903e+00
1.693384298586778913e-01
5.357251653545309633e-01
4.495681539107683755e-01
-3.469861290470946935e-01
-3.888495967574791268e-02
-4.498040336331387223e+00
1.298424113918167366e+00
5.423257851976968080e-01
4.837201930109705228e-01
7.738777076626208729e-01
5.874350254918607739e-01
5.060819315032628884e-02
1.832164345710436404e+00
1.109890682030131026e-01
6.250359647341046099e-01
6.941848833947810160e-01
-8.393702393158343489e-02
2.894291083282881649e-01
4.048428917330790244e-02
1.128727455945833347e+00
1.227361700840966963e+00
-3.916977021608698817e-02
-1.461020581324249112e-01
3.309181192504365709e-01
2.080370929032092420e+00
8.557862201312439465e-01
4.753466866284020709e-01
-1.792537529548936082e+00
1.268660298309036039e+00
1.108382296855072724e+00
8.790314009894407699e-01
1.364422099174372738e-02
4.522929346519568572e-01
3.759333806869317729e-01
1.078407839294815540e+00
-1.050840570847330069e+00
-1.560512567760637820e-02
-3.541914584160653079e-01
-2.012370774999631962e-02
-5.161461315307417363e-01
9.942671117382443358e-01
7.186991449747778260e-01
-3.925722932482534344e-01
-1.615197568202417777e-01
8.161294212145748794e-01
2.688216268183828972e-01
3.245709235167350548e-01
-3.084691312476457448e-01
4.066281313868610470e-01
5.811417324833645370e-01
3.259738089267192884e-01
-1.690533331471573419e-01
-9.810269540774368968e-02
-1.147802051242315269e+00
-1.434470011491101593e-01
1.887685491546618577e+00
-1.045742088657969499e-01
-1.140185296340339577e-01
1.628795196257660560e+00
-1.672484415774248001e-01
-1.735360648015349838e+00
7.926690434690640830e-01
-4.121732306328397266e-01
3.484492790696144815e-01
7.477764894767197079e-01
-9.886311921734836083e-02
-2.541517694403556127e-01
-2.940537040305541902e-02
5.117702560195577233e-01
1.371303580220343710e+00
4.436108192288640839e-01
-5.554858899016730245e-01
1.464193999860107454e+00
-4.988550006930882880e-02
2.771129006983212295e-01
-3.583983028135284687e-01
5.781765753193071067e-01
-2.943914753584513377e-01
-1.398519121774287832e+00
-1.578335772258578462e+00
-3.509764592222109347e-01
