-1.022974136304637405e-01
2.047525203419551243e+00
1.511186602362386777e+00
1.931607201191881673e-01
-1.332874711833752945e+00
-4.365815908388404054e-01
-8.447254387906807938e-02
-2.018521154114255867e-01
6.190714446446531349e-01
1.180259690184030513e-01
-1.309732270586680958e-01
1.664380344015413460e+00
-4.521455369900530541e-01
-5.361059430997530129e-01
-1.259144179492891924e+00
3.206659237321206612e-01
8.546439152600333877e-02
1.619297426244388438e+00
2.237832541773183692e+00
-4.041854704029237966e-01
2.662330196943118121e+00
-8.475452669397266769e-02
9.164824781001446041e-01
7.312963064108353173e-01
1.189081753252017482e+00
-2.678585172174894891e-01
8.442154896258841079e-02
4.248855833325926312e-01
-2.400342590832124090e-01
-8.269828410770475868e-02
-6.488970728135611266e-01
-1.745828642648681317e-01
7.084883469769824860e-01
-9.390164061423078579e-02
-4.183792488816701627e-01
-3.967696701913064339e-01
3.055992468338564194e-01
-4.516288306104113831e-02
-1.084828387122807714e+00
1.633256519675287510e+00
3.321900528564941113e-01
-7.630093760224568866e-01
5.261227898446763085e-01
-4.075791143367455960e-01
5.077374304610609013e-01
4.654917333105766386e-01
1.451108830073810863e+00
-5.920167217327286791e-01
-1.263044687665298982e+00
8.494688948855120270e-01
-1.286265744925226162e+00
1.967979896642532589e+00
7.392190198271187951e-01
-3.027243411364569425e+00
-2.209740835542809145e-01
-7.183024154947913464e-01
2.620677502430978301e+00
-5.133585632158071954e-01
-1.491988676186069673e+00
-1.336662190734069444e+00
1.029036103455388318e+00
9.827616495594284629e-01
2.359775165493183668e-01
-2.866375440035533462e-01
1.645030777150839230e+00
4.107726096396560056e-01
4.446194790467837554e-02
2.970654481761119889e-02
-7.952906275865790908e-01
3.202174351270125618e-01
4.550197022674217218e-01
3.460498703637915341e-01
-6.609526522380366753e-01
-6.054323216673840324e-01
-1.550764316425997658e-01
-2.940945312709536963e-01
9.336675950050349337e-01
4.023587371984327921e-01
4.850774190939038388e-01
1.455415702460005622e+00
1.942152405770589008e+00
-5.439589633292823967e-01
-5.406575572324265888e-01
-4.907231550698195610e-01
3.882438458068891429e-01
-2.303547344622401294e+00
-1.919707385218471618e+00
-4.457156245255381455e-01
-9.201654594247242469e-02
9.086537363613108598e-01
8.761776796521206778e-01
4.822011623881247155e-01
-1.051169973981969319e+00
-1.878114007357239990e-02
9.002333360747777347e-01
-1.033733686673708796e+00
7.695060255172450070e-01
-4.194282130636085848e-02
9.353739008610303385e-01
-9.659674451344869572e-01
-1.942342870454718096e+00
2.263031351358821552e-01
5.238118581829152021e-01
3.694642742726994000e-01
1.501581178512167325e+00
3.438802874126495324e-01
-7.705148055582561328e-01
-4.029475001905482023e-01
1.054913590785912181e+00
-2.943376561961529303e-01
-5.626030875934553421e-01
-1.200095904143388514e+00
2.603392051489231696e-01
2.709551028387421345e-01
-1.759387836260013716e+00
-7.763476317457023157e-01
2.938925459736200452e+00
3.048291034187483040e-01
-6.319412590449633438e-01
-3.051730397993672184e-01
-4.793061766570261284e-01
-2.671635210399039284e-01
9.994796099558902469e-01
7.129111591432899520e-01
1.289746019035093783e+00
-6.062779953425689872e-01
-3.102440152975134979e-01
-1.675294766014520306e-02
4.244199507385189030e-01
-4.063356291119011310e-01
1.486708397955877947e+00
-2.402198554221458004e-01
5.763802976466647632e-01
1.782156904650268048e-01
4.984257384708634664e-02
-3.846380123498507886e-01
1.791143476247986754e+00
3.919632157410976592e-01
-1.260980116326976708e+00
-2.530097033553662111e-01
2.844116257436947737e-01
3.682026655217636169e-01
-1.171451312618267737e+00
1.537288985954714804e-01
-7.233339238056414322e-01
-1.320820642354016750e+00
1.255467853346793616e-01
3.490119394087279336e-02
5.662186414780432386e-01
2.957077996359898098e-01
-8.648850879183530571e-01
-9.155716260277591001e-01
-1.452922872356325890e+00
-3.134397359916266113e-01
-1.762694151438842116e+00
1.443136040793019159e+00
-9.486860120072826419e-02
5.152256455380050948e-01
-6.776438271786497380e-02
-1.902606797467568667e+00
-4.622992403962411512e-01
-2.685392832263395757e-01
-2.492666228393086048e+00
-4.241653131558137391e-01
5.408072797262530873e-01
-3.051193853790397092e-01
5.568201527837628867e-02
-5.228172040734209158e-01
2.064023663281634668e+00
-3.089230516391564541e-01
2.661499291883500651e-01
6.363577292582914824e-01
3.173282178569366341e+00
3.080582359910197354e+00
-1.000751083893219651e+00
-5.397741878788223646e-01
-2.385883508151037946e-01
-2.347274887976674995e-01
-8.348254765039363201e-02
-1.824713656604332046e+00
-7.497206970510383872e-01
5.803492779148939906e-01
-1.296244231750288967e-02
5.739141054233075634e-01
7.770508715126231980e-01
-7.544339759063396766e-02
-1.103110704995525548e+00
1.495804131017674232e-01
1.439905473567284933e+00
-5.046257229242009368e-01
6.137085299994106125e-01
1.417418516872809287e+00
-8.860392307878223184e-01
3.254526220092282429e+00
1.560179927802674893e+00
-2.672019287760312167e+00
-2.880675312562372969e-01
1.069359825281086529e+00
1.109976122166298346e-01
-1.842648220766852918e-01
-5.000763982997840085e-01
-8.730885155829811728e-01
-1.316956690164836186e+00
-2.183979067492407999e+00
9.111120456741139684e-02
-7.403532128465584172e-01
1.769507503844455432e+00
2.788830553399949785e+00
1.093429062855828970e+00
2.632411898437280739e-01
8.786727324145445772e-01
-5.813061773006221733e-01
-1.530399178064743904e+00
1.082923926574433482e+00
-5.358287947912165894e-01
1.309949743319196225e+00
-1.943902878631482978e-01
-8.904278313325741934e-01
-7.933217430701483552e-01
-5.691622308131839558e-01
8.209252489952821863e-01
-2.497036251033737664e-01
6.593163774036533420e-01
-2.623400821690943796e-01
2.097316359753499670e-01
-7.340817533676846640e-02
1.943417981833081676e+00
2.362243059123184108e-01
-5.972322738735301728e-01
1.226136216915321819e+00
5.137108308082463104e-01
9.442732219117678794e-01
1.851841740606675335e-01
-1.684178787817183665e+00
-1.399609305821306826e+00
-1.158662277204084295e-01
-5.889389802177151800e-01
8.465349156124305496e-01
1.669408023732683377e+00
-4.136539695094152980e-01
5.217363750881982565e-01
9.866441472590313788e-01
5.028175019116417482e-02
1.031616382203232457e-01
-5.153074691748807945e-01
1.705966353871990915e+00
-7.534979714712098930e-01
1.362439800110179622e+00
7.611357527186569660e-01
7.847692948923223888e-01
-1.351382726670899981e+00
1.682340254704281390e+00
4.914724833683217220e-01
-4.471789377390094633e-01
1.904517416000387209e-01
-1.205649088976852579e-02
-9.662824350885103053e-01
-2.510194855091065325e+00
3.930774288640417335e-01
3.603421945241407909e-01
-5.453843563804255945e-01
5.401055836048980138e-03
-4.475703581740728687e-01
-7.989188247956527933e-01
-5.277951638160345293e-01
-2.657370957794906730e-01
7.467819425500678010e-01
-8.952661205452325799e-01
1.285076213638613796e+00
9.363162936148999860e-01
1.549790023451055099e+00
7.512094334027105691e-02
6.196434655385616441e-01
-6.726003675265584958e-01
1.653804683535115894e+00
-1.200617439885140331e-01
4.345377674913983301e-01
9.976315735550919106e-01
2.292077469125007039e-01
-5.989210095849554216e-01
-8.003812593342102266e-01
-4.467535590776512411e-01
1.153725072663341900e+00
-3.511724394773994562e-01
1.385191645443266006e+00
-6.272350887970851163e-01
2.188536503979335024e-01
-3.351964634584787550e-01
-2.932881673287660376e-02
1.778111132523210181e-01
2.371572595352497148e-01
-5.400015167523837256e-01
-1.164825509608884285e-01
1.975462432150996428e-01
-4.022542365202427805e-01
1.180987009697402890e+00
-2.340043570163720110e-01
6.920366267972349883e-01
-7.900402546085995015e-01
9.293191561525697697e-01
-6.811039297652220492e-01
-1.179637596420993056e-01
-7.836510358685633282e-02
4.721513010571520286e-01
2.597022350898884756e-05
-1.173949358089914297e+00
7.250033012451984060e-01
-1.909459744012900750e-01
2.695607857513767081e-01
-2.714655694065310487e-01
-4.815291292638569920e-01
4.003463927842093595e-01
-7.512508303355688311e-01
2.190451515422707995e+00
-4.516347831368052179e-01
1.487088043891950706e+00
-1.681830766752266948e-01
8.111604962670077024e-02
5.824135221579143096e-01
2.321486059093829546e+00
1.449356616182628121e+00
1.301514801419670242e+00
-3.781944312980585754e-01
8.127968073584481701e-01
-2.406620216988676342e-01
-3.267455325919408904e-01
1.604795129701509948e+00
-9.089603151107808476e-02
8.669753705661108201e-03
-1.188672758833817372e-01
-8.071433214144764223e-01
-1.658756604582356242e-01
1.967858689947284745e+00
4.991508701330664155e-01
-1.439816264603977602e+00
-1.906571870900891086e-01
7.486860401709792834e-01
2.119306808838739287e-01
9.087983996903604700e-01
-7.849276066175679967e-01
-1.250211155369476516e-02
8.725205960604242028e-01
-7.367146886447867304e-01
5.948193377456149067e-01
2.059559515345086300e-01
6.345321672298533944e-01
3.510459775582637221e-01
1.299009298665579015e+00
1.149015865918452395e+00
4.668466262988646975e-01
7.606657194005338185e-02
6.562449276722058522e-02
2.530249711682081681e+00
1.778774509307297969e+00
-1.857497790383168645e+00
2.098586070693362782e+00
-7.044455622289375052e-01
1.871155331322717219e-01
-4.108675466022825851e-01
5.084494839954885048e-01
-3.030005678217652321e+00
6.952972986974278458e-01
1.930504453518395946e+00
2.843114396657203113e-01
-1.578367309221165193e+00
-3.475594590563659270e-01
-1.661007983886729322e+00
-1.875010904866129813e-02
4.636173027650732359e-01
-3.669620420281090589e-01
1.313466232575982939e+00
-9.277363616076543806e-01
2.100814245985766160e+00
8.158820519237042213e-01
3.113389009962553855e-01
-4.801524058053296407e-01
-5.878832380301821647e-01
2.627260919806601591e-01
-7.926577831126945251e-01
-5.513997310869294122e-01
8.572765217704589880e-01
2.514098000312342318e+00
-6.848116077825935899e-02
-5.853539318042372264e-01
2.392453573478473761e+00
1.352308521901212091e+00
6.301474734987019266e-01
6.148315155943737675e-01
1.086300442065842725e-01
1.184006359972335776e-01
5.908481035625973155e-01
-1.284215173068546711e+00
-2.041758461212049569e-01
-5.616211468570406762e-01
3.515168688700386346e-01
1.034175626444313184e-01
-1.866317257695106369e+00
5.654533566434062353e-01
-4.678210524984749985e-01
6.200722575567432227e-01
-1.269862914762167616e+00
6.118932318750293087e-01
1.768390485149357483e+00
3.696150018376725410e-01
-7.683866731625016433e-01
2.702372883452338392e+00
1.097537746084165766e+00
-3.043013890522325848e-01
-1.986486231885429277e-01
-1.499773433161589453e-01
-4.344467640497767791e-01
1.791355905005201699e+00
1.457270924746544363e-02
7.690598357744058422e-01
-4.393069902123689086e-01
1.606996488684848234e+00
-6.780533001135286009e-01
7.130755003993672902e-01
2.570428902557846840e+00
-3.446078670574502234e-01
-8.745063939458029845e-01
1.152396270248176480e+00
2.374052987995974029e-01
-1.384604112113169416e-01
9.414767240485177879e-01
-9.121278775195554855e-01
-1.632696484794873282e+00
1.548596050464128293e+00
1.098643432398004771e+00
4.649645099309846485e-01
-1.431187458258172729e+00
6.236164516591469198e-02
9.211073993585521258e-01
-1.125776042081481215e-01
8.715637601696406556e-01
-8.009112735900292268e-01
