-1.731666731686520022e-01
-9.626082232254101756e-02
-3.641378129994176094e-01
-2.007032772683789545e+00
-2.928450124909139252e+00
-2.518950943435210199e+00
-7.553722038762620272e-01
2.777276863646724325e-01
1.731428594674232213e-01
-5.725215541882028303e-01
1.027006847229973985e-01
6.064146546929723991e-01
5.567894165749430468e-02
3.638846408163415314e-01
-1.203189019679113514e+00
5.312103722239593789e-02
4.432072152832558509e-01
1.666114555574301770e+00
3.796803256994679132e-01
-3.046948862547173675e+00
-3.026609392577844559e+00
5.791715649252236406e-03
-8.365153593627422390e-01
1.428306787129689059e+00
-1.077142856907969404e-01
-3.411379625440700836e-01
-3.816394300166482401e-01
8.813788760322641136e-02
1.081541290628022178e+00
4.751019802365639699e-01
-2.145644970613687530e+00
-3.008487064534083322e-01
1.257877654357451025e+00
4.918256265990060827e-01
-4.138835555295642538e-02
1.130231757759457834e+00
6.826372920381573728e-01
-1.256063072241744738e+00
-1.679427559001113401e+00
1.849317192936781595e-01
-1.328252978684204832e-01
-1.235492639589046426e+00
-1.122811712867018308e+00
-5.642605940644824375e-02
-2.749709663162233642e-01
3.252751419528340238e-01
-1.405707849203795268e-01
-4.940379947801371574e-01
-2.302197249690809133e-01
-2.279374548106777087e+00
-1.721992623460699701e+00
1.857346964192150285e+00
-1.689798628315922979e+00
-4.846393963245493097e+00
-2.253385519858306096e-01
5.384916608534187077e-01
-4.662936633995762858e-01
-4.954694115883490069e-01
1.428773472366815289e+00
-3.395926780352454544e-01
2.709883993474561104e-01
-8.656520364126188971e-01
2.271160342892174278e+00
1.562765033232772049e+00
1.085479032722393766e+00
-8.699263601732601936e-01
-6.641396544832985083e-02
6.104359013818481117e-01
-3.613378922231680335e-01
3.986082098728026546e-01
-8.255660177894523777e-01
-9.053891102244492339e-01
1.312897900295409537e+00
-7.157966641909251360e-01
8.409790497626282724e-01
3.139785312279449458e-01
8.599132793388541973e-01
2.918933759653706828e-01
4.551076633638800883e-01
1.109574799223765201e-01
7.157046006819692829e-01
-2.074042414310370841e+00
-4.013566426624177175e-01
-1.521041073178662772e+00
1.030081308212812630e+00
-2.174979782343496870e-01
-1.495702388922143022e+00
-8.475593532415278686e-01
8.397118078129524044e-01
1.234216962103540371e+00
-1.110528337246884600e+00
-2.216234729751169752e+00
-2.891476381704846665e-01
9.400596981200276536e-01
1.340315071968915195e+00
1.094414162942020097e+00
5.163240590559909499e-02
-8.981231074018956040e-01
-4.624545607862361463e-01
-1.014084223058234757e+00
-7.612922259621668353e-01
-7.906909193862509122e-01
-5.708107057234847181e-02
5.266138130118990235e-01
1.185342597872511838e+00
1.583775088103419881e-01
-9.732691652080510680e-01
-3.570908934507380783e-01
4.120775103154895591e-01
-3.783322579913668549e-02
-2.002698916595621714e+00
-4.714508544315675342e-01
9.507909052051729537e-01
6.551678716445550332e-01
-1.232045869024350933e-02
1.167681547141809772e-01
1.933921494188312273e+00
-9.935481541160096075e-02
-1.977450443050900786e+00
9.953393254368023690e-01
5.098257468098011946e-01
4.519015783997337721e-02
1.352618953653368650e-01
5.592443360833062593e-01
-8.190219984009268206e-01
-8.052314684728735239e-01
6.997349327334558833e-01
-2.110709445013594643e-01
-2.066236461478399900e+00
6.997081503590201201e-01
-1.550217652590906381e+00
-5.676624602372402073e-01
-1.283607127723709551e+00
-1.149961833988877968e+00
-6.760725645815903739e-01
1.721116887809060136e+00
-1.666206143005429796e+00
-2.727710065385097749e-01
-1.022456530682853471e+00
-5.510089024705971950e-01
1.091866050338810151e-01
9.590254586191713226e-01
-6.084174689663592872e-01
-1.067526483048005792e-01
-6.383944963868493083e-01
-2.943150000670070821e+00
8.791058646272249533e-01
1.141132795666524924e+00
1.375951780762635357e+00
4.680156181303309071e-02
3.303426388965613469e-01
-1.140438197492301020e+00
-1.342206697886803024e+00
-2.042401692091266319e-01
-7.703412997204941437e-01
-1.067748040652350072e+00
3.336978951179974118e-01
-1.362104226578034483e-01
6.643198597513119141e-01
-2.863144161222012651e-01
2.853634634750652932e+00
9.863740103089675415e-01
-1.136167450223699582e+00
7.757706138939411966e-01
-4.844131511417771874e-01
-2.199456019881640134e-01
-9.940212936629084783e-01
6.535535817159793259e-01
-5.437458213695166576e-01
-2.182068212352329395e-01
6.950616538350208595e-02
-1.726218317881143216e+00
1.077311163426213358e+00
7.440967726266661808e-01
-1.299380447542252404e-01
-1.200856421801848484e+00
1.035689915771339231e-01
-3.992701521774259521e-01
8.204752208022221271e-01
1.236743065844077893e+00
1.077280754193353340e+00
5.512911957000290464e-01
4.122798417955782502e-01
-1.025374814294916365e-01
-4.709531085262626537e-01
-1.710071096172145477e-01
-4.325381590509936314e-01
-8.368861196710394301e-01
-1.238471385579374140e-01
-2.377298609759023185e-01
-9.253816753905038869e-03
-1.141217317951390919e+00
1.026505367652649436e+00
7.883055601562498627e-01
-8.395152065438928890e-01
-2.262110088333795677e+00
4.489196404807168084e-01
1.335246803900120016e-01
7.783072773389204668e-02
-5.463756818131946247e-01
4.984152397516164457e-01
8.811222480367780774e-01
4.045425698889010269e-01
-3.210397968855925876e-01
-8.474762865510514498e-01
6.264686438856316153e-01
2.049139424214727612e+00
8.306782806239267902e-01
1.176987166082935188e+00
4.948308565652806412e-01
6.903499549833125304e-01
1.573497930971311076e+00
9.427298541476646365e-01
9.707802335989975662e-01
2.845170084174071246e-01
2.647087623027140624e-01
4.936133812667760079e-01
5.208756807381592635e-01
3.013828037399283732e-01
7.631351756708384393e-01
3.083330473507313041e-01
1.191278415130883062e+00
1.216773872033973386e-01
-4.157615908407297778e-01
-1.550275453552981964e-01
-9.620060035038483504e-01
-4.897688518065135832e-01
7.779805122672409645e-01
-2.771787043407617640e-02
-4.917547395051484471e-02
8.486652996196547560e-01
-5.687688918038521502e-01
1.074494226574171929e+00
-4.274868695463527324e-01
-1.138521931017357769e+00
3.833948141901387108e-01
-6.729682260404816763e-01
-8.360462129455168423e-01
4.790027144203844456e-01
-1.073484543573718364e+00
7.625637187239066028e-01
1.552991442517205889e-01
-8.758157243609212550e-01
2.045246057544742868e+00
5.619441707496265481e-01
-1.392502209059867657e-01
-5.436183744125955286e-01
1.074113277192551896e+00
-9.346527403340408879e-01
-1.578451166469694744e+00
-1.017164426752638962e+00
3.470558723640938537e-01
8.268018476501054481e-02
-5.201035910702747067e-01
2.169456870405257920e+00
-6.399492803710169486e-01
-3.386701929293680080e-01
-1.119353712767902742e+00
2.504431754101718588e-01
1.018752223283619474e+00
2.998898979435991041e-01
-3.010887555342591226e-01
-1.361241016167988427e+00
-1.166988100055552868e+00
-7.763997658685946046e-01
-1.107705338802793954e-01
-1.189782498640042263e+00
8.966817535133961847e-01
1.014070033193113618e+00
-8.545023517439701566e-01
1.879347188807428459e+00
-2.956671000547478889e-01
4.856818483577217682e-01
1.093106377871328749e-01
2.817767614141423183e-01
1.011892999031945628e+00
-3.724713236843602560e-01
-5.306551768653233747e-01
7.391189402582286627e-01
-3.041464413661041366e+00
-9.177225625892864169e-01
2.045221823139786455e-01
3.324069344094507938e-01
-9.974999463508376074e-01
9.195692500356400512e-01
2.854304297365615195e-01
4.558869931285340349e-01
3.091348502205634174e-01
5.805295495211921369e-02
-8.958151409873166271e-01
-9.183086089362761661e-02
-1.950905410176890564e+00
-3.341559729792176192e-01
2.153421536793243440e+00
-9.463416857330654297e-01
-6.666661953117526407e-01
-2.372071289805251226e-01
7.536667183290528538e-01
2.777630521693663090e-01
9.033147173307942701e-01
-1.166439218583855686e+00
-5.414375684684417933e-02
9.259162342684955638e-01
1.469578269185605190e-01
3.094531051513849662e-01
-7.853163893160698406e-01
5.485125084962063635e-01
1.169896229723295100e+00
8.338830749359423811e-01
-1.596493953039085922e-01
-1.854923504892411479e-01
4.800078974077635063e-01
-1.387494003624854422e+00
1.061233964387740203e+00
-1.425624572212669250e-01
1.883644830805119463e+00
-1.580185107965870639e+00
4.707185075714235417e-02
6.131747614957063774e-01
1.961922443767142088e+00
1.059412702124976402e+00
5.144228479922038355e-01
9.959904731220537988e-01
-1.491953135804054420e-01
-5.005558632479097936e-01
1.868486180164967703e+00
3.711363102396865177e-01
7.305903316248575641e-02
-2.595302908072896209e-01
-3.716555239979324909e+00
-4.458457282256823584e-01
-1.102792772324379555e+00
1.132004813460850245e+00
-1.025374814294916365e-01
-1.164624232103470991e+00
-2.485023392528948605e-01
1.432871382543549732e+00
-1.125015335990812854e-01
3.806572782266466615e-02
-2.099162337519699384e-01
7.411092388784177309e-01
-1.095362781925904416e+00
5.526443748682090262e-02
-4.926375739611587590e-01
-2.385101917651657466e+00
4.663618682593401732e-01
-9.492325027357801925e-01
1.058523185006430500e+00
-3.777523593119072043e+00
-1.145064997710755206e+00
2.636034387329824757e-01
-1.352402601928349712e-01
4.973209020166965422e-01
4.960978264484604272e-02
-2.819957678699744896e+00
1.022129326369856761e+00
3.892636143393706782e-01
-2.675912321755039791e+00
-8.213335583407421758e-02
5.471519411965616309e-01
-4.825605561274755928e+00
7.011096407033254874e-01
-6.395569225302257799e-01
-2.563848940418940806e-02
4.039329275986411893e-01
1.222980048621083338e+00
-3.120005993697542723e-01
8.901091406133428974e-01
1.661944139292908795e-01
3.821360255097171477e-01
-6.551482443046688919e-01
-4.849505659513810296e-01
-3.236091351698128782e-01
1.604289838982177807e+00
1.417165329610175606e+00
-1.243848032111690483e+00
1.472689113454119791e+00
-1.389473780199290465e+00
-2.098639603250440910e-01
-2.019422562958063772e+00
2.730248636432027753e-01
-3.787907316569955052e-01
-4.856427746290282177e-01
-3.969448375547339203e-01
1.060155083926062280e+00
-7.090700743734683342e-02
9.539467817411964035e-01
-1.475284852691015836e+00
1.348376625850848665e-01
-1.643556697246135179e-01
-1.472239028580759168e+00
-1.762074843562882354e+00
1.576586929155365358e+00
-1.656898175668500617e+00
2.176456923406780319e+00
7.094979082003775028e-01
-8.612926201801703874e-01
7.414592706183642523e-02
8.558193375315072959e-01
5.916276267448408732e-02
-1.335077593144544661e-01
-6.959990801240344416e-01
1.419945877258304290e-01
5.147857251929087719e-01
-5.242983943142139891e-01
6.557099168752601459e-01
1.288818647436361209e+00
-8.522326057464073568e-01
1.792533681351139718e-01
1.689558527452153402e+00
-1.672609228415720128e+00
-1.117003834718346633e+00
6.043994370208136679e-01
4.151326659886649811e-02
-2.952501490769293135e-01
8.004044563247066923e-01
8.857174632363749023e-01
7.395952148615938526e-01
1.977313552324901025e+00
-3.649494307106030955e-01
7.391236493934785212e-01
-3.615511359500282462e-01
6.748293740228048510e-01
2.706034535147476827e-01
-1.074623811973166587e+00
-5.216959830366547646e-01
1.278051401723228508e+00
1.298090360269687160e+00
1.271173445957318071e+00
8.231082411706758251e-01
1.147775821190303025e-01
1.086763185968912193e+00
-4.505453305792373603e-03
-7.995675276132927986e-03
-4.174985267062619188e-01
-3.852746858438910182e-01
