2.271630569623394047e-01
2.453462749614981897e-01
1.031470459526525163e+00
2.110002757482158098e-01
-1.557957397553152878e+00
2.904830486775317744e-01
3.719044580816954770e-01
1.419690684550974913e-01
5.986238808973569636e-01
3.631083779029788405e-01
7.340483719663255802e-02
1.065300871893605894e+00
1.429890796355264726e+00
2.017557118547308737e-01
-4.967871229777824360e-01
1.236386654928116169e+00
1.360281548864762824e+00
9.880119393302835284e-01
1.460299483883177041e-01
1.494303903774070186e-01
3.782784407759915979e-01
-8.897280485273618700e-01
-4.754491009507209598e-01
2.298098563078745105e-01
-1.767461095479671077e-02
2.879159487081939250e-01
-1.889457436253134115e-01
4.070945524864218457e-01
6.024332491928595656e-01
-9.159971583946888707e-01
-8.361716825793449881e-02
-8.024657854655949940e-01
4.024334899175223690e-01
-8.168490399039306515e-01
-5.815169579764219998e-01
-9.959302557297924352e-01
1.297558547397945405e+00
-7.877889998778384029e-02
-1.475983472303595390e+00
5.183126788677779873e-01
-9.198873791263468824e-01
-2.065351048411578017e+00
-9.623752766920429247e-01
-6.714726314166109544e-01
1.967657191069963896e-01
6.017869014132759542e-02
1.066421962118679678e+00
-1.502250168217844184e+00
-3.518400382691651007e-01
-1.811622371932495035e-01
-5.913788716814634416e-02
1.169303111232095072e+00
6.456666727049756860e-01
-2.107577645678974321e+00
1.307341587093846687e-02
-4.393959433399825532e-01
7.522840675472233229e-01
8.581788382544551785e-01
-3.350446349598250606e-01
-5.286963335848615664e-01
4.602350879773074444e-01
8.500125383715966265e-01
6.935430689842618790e-01
-1.347863521854839375e+00
1.508667207474266414e+00
-6.864741195096829562e-01
-2.453200075068369679e-01
5.633614037704418598e-01
-1.066881893751729038e+00
4.333457829005623041e-01
-9.930666014628071192e-01
-1.627471405533599036e+00
-1.277260374589903325e-01
-6.421929395652991035e-01
-5.947822770361244071e-01
6.588931056985144474e-01
4.945365624290874451e-01
4.738379816624818663e-01
1.113715936839602572e+00
1.521507878367966304e+00
1.029882492336295030e+00
1.157801116108481132e+00
1.617208678726645213e-02
-4.010223608940850504e-01
1.177067075613694502e+00
1.092908916820483523e+00
-7.702429508722955509e-01
-6.445888810094434485e-01
7.255925272328759279e-01
1.087766225848248114e+00
3.277869524419471103e-01
-7.060266355926724247e-01
8.534169296658397075e-01
-7.690094218790374248e-01
-7.104916069632353226e-01
5.985642766359922096e-01
8.084706455993442287e-01
-9.568654541156663695e-01
6.531113831547460391e-01
-1.054087557360556149e+00
9.719350109152338074e-03
1.383334113231370344e-01
-4.470382657784167657e-01
-2.558071190581103216e-01
1.470094855480514988e-02
1.943551414938186950e+00
1.004334338811105676e+00
-5.927898869277478111e-01
-2.655179054283784978e+00
-1.400734448648412123e+00
-1.653390139955097426e+00
-1.611088191289851423e-01
-2.526666398404623370e-01
-1.051608004266005647e+00
9.344679685973140693e-01
-6.905927255257019448e-01
9.440696437853099976e-01
1.658010219531464574e-02
-1.508915953631848161e+00
-4.197579812277529299e-01
-2.647359087442113790e-01
-1.068194289475407066e+00
-7.510537734135991350e-01
1.837826970605086929e+00
3.779638670800203881e-01
-1.391615325784088864e+00
-9.185400866583487423e-01
-7.730651485496674302e-02
-1.491390997765811965e+00
-1.277770385532142727e+00
-8.138264650693877167e-01
1.671345516064068892e+00
3.483599269881004212e-01
5.307936602544267579e-01
-2.701408247910269456e+00
4.475593308737162157e-02
1.195583542436646773e+00
-8.482306725382542378e-01
-1.850721381532415499e+00
5.234445584002680452e-01
1.621342691688227589e-01
-1.008330319233889716e+00
-4.776964277260955516e-01
4.517519882430895417e-01
9.589575486143736560e-01
-1.647541812843683173e+00
-9.637345873987661626e-01
2.123806835384113967e+00
-4.857048767555056656e-01
4.547658552608784821e-01
-8.828978955984277954e-01
-6.846045704406836796e-01
-5.615250991867241082e-01
2.092872743201357189e+00
9.937877428131999813e-02
8.663883558045365474e-01
-2.141156351852774586e-01
1.914460983427871132e-01
2.392567875493992191e-01
-5.864877517166302567e-01
8.056108019786724361e-02
-7.425752228046049730e-01
-2.502154866503261577e+00
-2.358812593465962060e-01
1.303111357120615876e+00
2.002190511881692281e+00
5.528724034334691062e-01
1.403478696599934905e-01
-1.041677173193246819e+00
6.324248295041877410e-02
-9.877866229195451098e-01
5.731388120784571827e-01
9.478347737307675214e-01
1.199110447630778120e+00
-7.385140995807093489e-01
-1.731604315202516009e+00
-1.058857862482473600e+00
1.247011897678349079e+00
6.163591928147255095e-01
-6.418343302211736434e-01
-2.218800067850659641e+00
-6.641878246848721412e-01
-3.119314775715399390e-01
2.767211823823674810e-01
1.535202124995602713e+00
1.047209605125172027e+00
-6.729477325944031030e-01
1.777428218188858322e+00
1.165570080609440673e+00
4.537138954097005850e-01
5.610840213840678770e-01
5.747575580733937928e-01
1.119808705125282210e-02
9.578981375324132630e-01
1.108982685442737592e-01
-5.849148424918931832e-01
3.303522220531128206e-01
-2.417221711100243364e-01
-4.068048337478844534e-01
4.951236734259272798e-01
-7.517115395711004844e-02
1.709714432567180087e-01
-7.403233905286179528e-01
-3.604226609650845736e-01
-4.842971303225811486e-01
1.235112218314789123e+00
9.109610175282821798e-01
-5.241601647511461293e-01
-1.566639148186987907e+00
2.027612171489432125e-01
-6.031462202277837470e-01
3.468652151164516306e-01
5.208681837220840993e-01
6.791161856649579054e-01
-4.045198493688120789e-01
3.303786260234257283e-02
-2.071349333798631065e+00
4.762341392459332745e-01
-1.588614869988575484e-01
1.264612514672556642e+00
1.041689105668796994e-01
1.049340223367582238e-02
1.349176105705100825e+00
-8.972451240737658873e-01
-1.212274966823462474e+00
-3.686229215769741274e-01
-2.011284644785588105e-01
6.784999759825688370e-01
8.734683510191288969e-01
5.199344898023924300e-01
4.608067136734186331e-01
1.466424404015540250e-01
-2.713128507201710282e-01
-2.381255257083071175e+00
-1.033105681847274360e+00
-1.190026695325250961e+00
1.669063809733383863e+00
1.359481227239508039e+00
3.528785044928723358e-01
-8.421958904469907525e-02
1.057516840332848540e+00
-1.484607715511569559e+00
-5.203124588446750298e-02
6.011253459159466850e-01
-3.678066409400158610e-01
-8.790152998371810744e-01
4.622689483061435678e-01
-6.104572980424571860e-02
-5.878549493067224407e-01
8.997571152072924346e-04
1.064959183200949289e+00
6.798948465863750845e-02
6.681587819643380888e-01
-6.887736756837374852e-01
1.916578321290961284e+00
2.258917979993200209e-01
3.314429653105057105e-01
-2.395575440658853417e+00
-2.966986639202010001e-01
-5.113750305587950740e-01
-3.141982372522414413e-01
1.261813288247436660e+00
1.470631468736520509e+00
9.116534449082928093e-01
1.002973748773828611e+00
-2.132367552568632252e-01
1.165696897891457633e-02
2.761377393470770270e-01
-1.318910826658531710e-01
-5.906521158063219312e-01
2.005717772821133504e+00
-9.005952973403207329e-01
-9.033083326689267389e-01
1.584680103724601441e+00
2.113695706940414532e+00
7.498525071020176735e-01
-1.028255533820376266e+00
8.668266760963418971e-01
-9.953663289180246787e-01
-3.036679202352307594e-01
-1.674640030732570672e-01
3.532974975313884353e-02
-2.632937168511098047e-01
-2.905360847422905346e-01
4.662786200568444506e-01
3.708965836098862545e-01
4.600393795800356705e-02
-1.778752787805138347e+00
-5.787998118158295124e-01
1.772843674254952040e+00
-4.508978239640822339e-01
9.164653721969636888e-03
-3.261013733481287757e-01
1.825540790241484412e+00
7.838626136665023392e-01
6.640801622163868823e-01
1.724825795562567321e-01
3.392681717949001530e-01
2.689261896459249623e-01
5.697507040565254199e-02
2.184761967708690605e-02
-2.678350267648907934e-01
1.572177159686684866e-01
-2.180155123337164103e-01
3.701443617753564785e-01
-2.205063478882432204e-01
1.307335055432208959e+00
1.039559465767916802e+00
-3.180225773598323591e-01
-3.043471609385639542e-01
-1.124522943040877632e+00
-4.308925573543271881e-01
7.829335664367940983e-02
1.905437136583935098e+00
-1.996091375901713483e-01
-2.908750274122934298e-01
-2.210050030707829405e-01
-3.325177378687942387e-01
1.152506457172083998e+00
9.398392395184838044e-01
9.888602319567887378e-01
5.489721246411767286e-01
-5.205483529848748958e-01
-2.997306962097172067e-01
1.236717729670919086e+00
-1.406775052545260030e+00
3.360093973242820886e-01
7.850707114069033210e-01
3.753651651931289579e-01
3.078455068433624264e-01
-1.237816359572757374e+00
3.476398982578190466e-01
1.403116511377676012e+00
-4.093690894393454127e-01
3.284996087316354729e-01
-8.155819204021987900e-01
1.334404857646235509e+00
6.822385296395681031e-01
2.319470529845504281e+00
-1.122075056275529503e+00
5.640660189144116599e-01
4.105029994772190771e-01
6.319146273405977787e-01
9.829354695263037289e-01
-6.423645240653655941e-01
-1.019990373226911773e+00
-1.621181173732389180e-01
4.190649672979225304e-01
-2.163385216901338726e-01
-2.314395598780268626e-01
2.675327225040855517e-01
3.521253256993771563e-01
3.054716139764201976e-01
-7.341474727093325603e-01
-1.818131915550951883e+00
-7.727642325967405412e-01
3.454812797330624741e-01
3.968059754167433395e-01
1.203598461343596382e+00
8.788796647917574978e-01
-1.996702706237112768e+00
1.500510437350504878e-01
3.315063983200463582e-01
-9.617842255530666129e-02
7.638676310651104640e-01
4.404137468382208209e-01
-1.057398538077401584e+00
1.384172794510277082e+00
-1.087821779155659918e-01
1.086901350639290609e+00
-4.857891284869330639e-01
-1.529682904151412393e+00
-2.568679272966850613e-01
7.785617640925066585e-01
5.095536603248008722e-01
-3.214150905394884128e-01
4.246269910673437509e-01
-1.710359303721908697e+00
-2.541502749282756879e-01
-1.752538258445855757e+00
7.640866166500497325e-01
1.441686747409518743e+00
-2.447677470965918534e-01
-6.265767639625607899e-01
7.426743363305391421e-01
-2.757108538454655200e+00
-1.808806735789370013e+00
-4.844014840843173242e-01
-1.745630467701887734e-01
-6.148604089333339351e-01
-1.001620023246305946e+00
-1.494833294412453384e+00
-5.951727452101940319e-01
-6.704451029548207097e-02
4.705865584523648559e-01
-6.353729472745039963e-01
-1.003074899510677520e+00
-4.545548217727637952e-01
-7.998118881313961426e-01
8.625776218114385163e-02
3.494688698117136005e-01
3.822634394713514960e-01
-8.390881015054446612e-02
3.390475064651667370e-01
5.789509888641285462e-01
-1.993458938824564652e-01
6.798241834771125980e-01
-4.144773921352029600e-01
3.403192041405576629e-01
-1.314210232914055476e+00
-5.017376229455040582e-01
-3.325494867306118540e-01
8.504180921099541157e-01
-6.946187787802712288e-01
-8.479838773257196705e-01
-6.773361947899843027e-01
4.954672544189704375e-01
2.430811409172216886e-01
1.241288032229960567e-03
2.604143245398980455e-01
2.941249773408544099e-02
1.075006140347365857e+00
3.056008256981969651e-01
-8.381114556897742984e-01
1.542194380289922728e+00
-2.659247571679049238e-01
8.712901223255762511e-04
2.715808480204346953e+00
5.870899458778080504e-01
-1.247184635044934042e+00
5.730353326344183040e-01
-1.096385190104300467e+00
1.240126116129252054e+00
4.539511251918068591e-01
-6.518083806438359495e-01
4.181283368464681072e-01
