-4.757425601313415298e-01
-2.237356358902219122e-01
1.188183769594844064e+00
-7.274328764277895321e-01
-5.532805687110500248e-01
-4.876360707690585716e-02
-1.181733474105887360e+00
-3.147040511335904012e-01
5.936086300408209837e-01
-2.200494836940471988e+00
-2.503414275380849041e+00
-7.772355458304672782e-01
-1.234711000714865614e+00
8.507826405529204938e-02
-1.988399856501016361e+00
8.554377702945971107e-01
-2.682370873587267002e-02
6.106317430676212465e-01
4.707223519363318981e-02
-1.873080680274811893e+00
-1.172898458596588922e+00
-8.382269135438654706e-01
-8.736467416364331884e-01
-2.286513252918292993e-01
-1.058733926804387160e+00
-7.770086408249091692e-01
-8.629810038826100094e-01
9.727595722229025466e-01
-4.145436813787004571e-01
-1.401065801201046179e+00
-8.148261655301007600e-02
9.950029131266321936e-02
1.294248117404001031e+00
-1.358260949097442438e+00
7.675789029373189520e-02
-6.756552317863175894e-01
2.023055081164017555e+00
3.100348897790154989e-01
-2.841869251380582106e-01
9.061701682991635254e-01
-4.986489749755596695e-02
-9.167534672410847241e-02
-2.715158561119494163e+00
3.801574137395555969e-02
-1.551149628115409684e-01
-5.950530534315866538e-01
-2.987189183461668729e-01
-2.400439422598489303e-01
5.605748564275243595e-01
3.573782971506054423e-02
-1.609394930983431005e+00
9.101541441193911064e-01
-4.701391623996296065e-01
-1.985304700688601320e+00
5.890077343807533783e-01
-2.083506628391180726e+00
1.711484252225223157e+00
-5.839081000306944880e-01
-5.143636995659341959e-01
-1.238582921602918274e+00
-5.069111376856940687e-01
1.678445460728915206e+00
-2.780257756338209707e-01
-1.111207169912248993e+00
1.753486531455798136e+00
-2.602292367943542573e+00
7.827610596180095692e-01
1.312011642291366575e+00
-2.100356239083261300e+00
-1.453957337571098463e-01
7.952103793094862372e-01
5.653748474647868338e-01
-1.726990321289151531e+00
5.296745547561060308e-01
-8.345871584852910807e-01
1.737880533244782644e+00
-2.064245922551326995e+00
4.652172280681793892e-01
-2.339413877965288435e+00
1.037864480054738081e+00
6.541913684098190629e-01
-3.484225342747034743e-02
5.436558070974143453e-01
3.024157185768404088e-01
2.077388465061906331e+00
-4.136462812686539370e-01
-1.553086653143572970e+00
-1.591758821398515655e+00
-8.756918598411975729e-01
7.332473930817188235e-01
7.358872469088084678e-01
-6.401511501008201321e-01
3.102202696751866218e-01
-1.363667995150773526e+00
-9.275487424904262923e-01
-4.289471185643743412e-01
6.534643066537760836e-01
-6.102666681311966768e-01
-1.215588441185247726e-01
-1.422704287562367442e+00
6.334342599182805067e-01
9.052256397418874112e-01
-3.286502021241696769e-01
1.193173702197129149e+00
4.041306689805347907e-01
2.033457387878646050e-01
1.402750380732353530e-01
-1.652772733638370184e+00
-8.108722749244841044e-01
2.080825718717086437e-01
4.065774286463286757e-01
3.100836037227163583e-02
1.209841111947716152e+00
-1.365382733734539222e-01
-1.147543971489997761e+00
5.375316614112236602e-01
1.564087905615731744e+00
-9.685662681611506564e-01
-2.171117705604864723e-01
-3.750977942040074065e-01
-4.453417497172075246e-01
6.190271262097126748e-01
2.413745058800013665e-01
2.075102672069422394e-01
-1.762983275859297261e-01
-1.663260152718613494e+00
-2.051153639207497825e+00
7.567109288817562562e-02
-1.214744410355348858e+00
1.674083328443374485e+00
-1.406092332979684556e-01
-1.592408378991826967e-01
4.781508554525014110e-01
-1.880719800383024720e-01
-3.482836603960801081e-01
3.645187026349149817e-01
1.005749285790324521e+00
-8.017386500527751148e-01
-3.231534957034994715e+00
-3.902533323661952491e-01
-3.197987852297174416e-01
3.656052260629572559e-01
-2.152821638087139888e+00
-1.019066236087370791e+00
5.857405892164161409e-01
-5.916687354791574371e-01
-5.705883991413240874e-01
-8.285870506591981599e-02
-1.034675524901440991e+00
2.049331321268589967e+00
-6.601423308142568835e-01
9.056602185172792918e-01
-1.374621165215271335e+00
7.527300316806949665e-01
1.668291784943709555e-01
9.800851072261276276e-01
-1.754228911286281667e+00
-8.116662236962226551e-01
-2.548914714512704460e-01
6.307981862641593995e-01
1.939610991605486223e+00
1.255037912556392854e+00
-1.984990104862310867e+00
-2.929254121535876720e+00
-1.071887385496920864e+00
7.132934498573636484e-01
-2.144845236935269683e-01
-9.423227704148851025e-01
5.693272244241488478e-01
-5.377952877358703476e-02
3.090935294739328709e-01
4.896354247892499290e-01
1.814322645299748071e+00
1.151026022057442644e+00
5.702712359292312350e-01
-2.242966575615847447e+00
-1.001203006415699814e+00
7.229772744859216393e-01
-9.234143759049532330e-01
-1.242282868743624091e-01
-8.854235533334436914e-01
-6.651872540702635783e-01
5.056195620292506243e-01
-6.470360695613283086e-01
-1.499304621268621629e+00
1.196311654212457165e-01
7.281114478912877885e-01
1.166373608000407458e+00
-2.559140662425631318e-01
1.240792051633665682e+00
-6.420103622395167964e-01
-9.598599073944249493e-01
-1.721324129201965702e-01
1.975811807710826651e+00
5.582102090293412644e-01
5.032649825942844268e-01
-4.278138121757930068e-01
-8.775985335117283404e-01
1.393800982032707136e-01
-4.530107516367773979e-01
-7.156427064901571544e-01
-4.053871463363958316e-01
-7.232188779731156814e-01
-8.129009202746373397e-01
7.274787270011965346e-01
2.051767019334651554e-01
-2.180302155675999831e+00
9.074991820579123569e-01
1.761940906124881190e+00
1.141712363063503766e+00
5.399063782056974237e-01
3.621323071782652225e-01
-5.140186315734200928e-01
-1.099712282915845885e+00
3.768598005104825122e-01
2.710698158620973075e+00
3.665358854157074742e-01
6.535828813521853409e-01
2.349333183099095723e-01
-1.987002818410917304e-01
7.956893399086957253e-01
-4.818199122295691028e-01
1.213152682039088992e+00
-8.928505670040057796e-01
-2.102086476024218609e+00
-5.732442446458740903e-01
-7.047711349445722195e-01
1.059141801478099970e-01
7.466748364645653391e-02
3.621118265916606349e-01
-9.209532930726572753e-01
3.469218278165289715e-01
-1.592600512534952939e+00
-5.537760020651341097e-01
-2.126242289703633048e+00
5.579622190010425919e-01
-1.456491906331744135e-01
5.997298924913257306e-02
1.163947799502140334e+00
2.952062651476770605e-01
6.939856517321355556e-01
6.484683301156219937e-01
-1.350094477154588857e+00
9.812668751631595798e-01
-2.085670549127703666e+00
5.248947952915614668e-01
-1.379334606024696486e+00
1.406084963699393287e-01
2.612707199226232735e+00
-4.747387580307774191e-01
-1.379294489933939438e+00
6.876985745578264586e-01
-3.867276492870309612e-01
-6.545875582192858255e-01
1.096438547785621109e+00
-1.512749276495232609e+00
-5.643932781256733033e-01
-1.939800022610830732e+00
1.348925977598909531e+00
-2.298204388099596984e-01
4.159514211153317320e-01
-3.863636455136590375e-01
4.487080255328501077e-01
-1.480378506547570527e+00
1.879057257712742346e-01
-4.629446518112391717e-01
7.386054038287445667e-02
-3.615363505498636609e-01
1.510709041753042770e-01
-9.223584052944046041e-01
2.629612324195654272e-01
8.599849087342784637e-01
-5.541655063588365460e-01
-2.146110564227383596e-02
2.729685350621481987e+00
-1.665371125131913099e-01
-2.865903992254158483e-01
-2.260146459000817593e-02
1.487793220478967227e+00
-8.682671866796523030e-01
-7.935189088959114789e-01
-9.030413156650460849e-01
1.310657537385365501e+00
-2.812401841783962908e+00
1.139638277629529295e+00
7.464385061533194143e-01
1.102722863729202807e+00
7.529374868606590887e-01
-2.184066863671974446e+00
8.831136216513250092e-01
4.797039601622015148e-01
-8.457809954741177805e-01
-1.094173704539699088e+00
1.056661515210402635e+00
-8.113521144603590418e-01
1.440051178148138211e+00
-6.982238348187578582e-03
3.273546340218890793e-01
6.182620602177701929e-01
1.655515051593986264e+00
-4.218852412869161794e-01
-2.484760087586592725e+00
-1.301872106388459738e+00
-4.094898361311513746e+00
-7.245064888490866384e-01
-4.697472669067142559e-01
7.737978389438717741e-01
5.076288189837239173e-01
8.491006081983221154e-01
-1.059093388308419703e+00
-8.444007168165252875e-01
3.813592151904630634e-01
-3.779828925467346723e-01
1.538789395411262140e+00
9.640266745808598881e-01
1.885135525197289441e+00
-2.096205740849372390e+00
3.698390212487690509e-01
4.978253118935977439e-01
2.457007956382370573e+00
-2.868675159495582272e-01
-2.763839907741531543e-01
-4.435838914618271955e-01
-1.220298826959549610e+00
-3.037450095305966880e-01
-9.205911870855266743e-01
1.629821399501931500e+00
-1.737718290511682251e-01
4.605686755314081782e-01
-1.356868169356269194e+00
-1.312873530972060276e+00
-9.608663371284221766e-01
3.615211028097458645e-01
-1.813851454905449412e+00
-1.313289525833078786e+00
-3.897262151157223076e-01
1.502857046051321310e+00
-2.343895582995497162e-01
1.074194933573113353e+00
-8.724556966993688434e-01
1.170686298056738961e+00
7.724380441634896011e-01
-1.157336658476300073e+00
-2.456684125775520089e-01
6.243673983960339458e-01
-6.042840866378871301e-01
-1.210801009299472542e+00
6.634593711545042627e-01
-9.355263541455707266e-01
-1.954514332181041647e+00
-1.681831106991688252e+00
2.236795031587493210e-01
1.950821429595227086e+00
9.422536615004029059e-01
-1.513346649399537780e+00
1.044503319344221026e+00
1.559813631990886629e+00
-1.850580880625037006e+00
5.814059064241050567e-01
4.517826407126196986e-01
-1.936002146614906883e+00
-2.168853366562339957e+00
1.040621493409974674e+00
1.065203486958758772e+00
-2.652503428024549637e-01
8.051483131826022710e-01
-5.452069318821262112e-01
-1.234376217450465774e-01
-4.047175845247757309e+00
-1.108667538713722575e-02
-1.266271204413711715e-01
-1.268061817608152175e+00
-8.622391081106023369e-01
-1.760411552844979299e+00
-9.960686128946431017e-01
1.816321094910586798e-01
-6.455517384616272780e-01
2.322262119806472125e+00
-3.470902451595557214e-01
3.637725765427248792e-01
1.466432771645120203e+00
1.302293160213073397e+00
-2.046070054091186918e+00
-6.471106494648128926e-01
1.336274680734756082e+00
-7.033962844952251769e-01
-1.029449802141176207e+00
1.258798836826275691e+00
8.341017055071940911e-01
5.064365823013425999e-03
-1.150899295725326121e-01
-9.961388917334047521e-01
-2.579584264434828245e-01
-1.349480492704331347e+00
-1.099567409418356762e-02
5.486385382347865880e-01
9.250854549898885892e-01
-5.519673788243812940e-01
-7.828396359467698629e-01
8.274236079820301848e-01
-3.229127976699107005e+00
7.152624046262848756e-01
-4.461510367625268758e-01
7.080600610388442240e-01
-1.329216025745646013e+00
1.213451917642667105e-01
-4.844145156542176700e-01
-1.951900722211471706e+00
-7.290202083138892508e-01
1.315379395298604641e-02
1.687740092343514020e-01
3.673567252097209024e-01
-7.662528084591314625e-01
4.641260960209672159e-01
1.670730828923319367e+00
5.362372368870164108e-01
-1.400168707834303361e-01
2.873622709680561660e-01
3.856414226462728245e-01
1.493459033991121343e+00
6.344022935275470676e-01
-2.093143177162716251e-01
7.853399068080921808e-01
4.263007400828160987e-01
-7.712047278864665456e-01
4.172897287271012251e-02
-4.962498736662447896e-01
1.333011621886392106e+00
-5.258261449899719331e-01
-1.167323859372373374e+00
-1.051325490961142251e+00
-8.843790248859767500e-01
1.165223018813445144e+00
-2.357339304000718894e+00
3.492954730407753228e-02
-1.629408148443427740e+00
