3.210978280443609889e-01
1.237474633821663117e+00
3.288460983442852981e-01
9.168395392031741808e-01
-2.387038169165139334e-01
-1.822957501713938777e+00
2.018446422772038618e-01
1.419020768506674690e+00
5.484166454157717308e-01
-1.539483484841997374e+00
-1.418026746907053326e+00
-2.841364584345488775e-01
9.304192322124241743e-01
1.795130231517322317e-01
1.102110657360776402e-01
-5.514035625945882257e-01
-5.422391962462768111e-01
1.588951356526857595e+00
-1.186453860238219971e+00
-6.667284394780980117e-01
-5.885207518439686813e-01
-8.372644451787802922e-01
7.960331244462206524e-01
-3.999565573065302221e-02
1.782426336937626976e+00
-7.580456833567275066e-01
7.459960514626488015e-01
1.333276979824337127e+00
6.511766332917398592e-02
4.726479306353599252e-01
-1.336322314332268613e-01
-1.767408367408054071e+00
8.786700607059946266e-01
4.636119775140040700e-01
-6.888110040926301858e-01
-1.219427206917573919e-01
3.188578088244664044e-01
1.157705328494955221e+00
-2.978226728427072478e-01
3.158159589659616628e+00
-2.430220185075008532e-01
-1.476187449814418684e-01
-8.507373244993571282e-01
-6.800080222922005868e-01
4.221860928376077737e-01
9.299795569620937785e-01
1.271938947164596101e+00
4.411443313150626988e-01
-8.017338999714203052e-01
1.053900070692791735e-01
-1.520754139952165129e+00
2.272639351935426544e-01
1.687676746647666370e-01
1.587604271324034366e+00
1.321642599008868491e+00
-7.995415031882889823e-01
3.514220483194065103e+00
5.048763615200746457e-01
1.463598126612363215e+00
-1.883087453334020500e+00
7.675373474545809094e-01
1.201355536613538444e+00
4.769153476352431809e-01
-7.468233044383930652e-01
9.920372963070008820e-01
1.090564229131259388e+00
-7.923000090287833641e-02
1.342929624597434701e+00
-1.377439612165509697e+00
4.050158496760708493e-01
1.171241207671903095e-01
-1.484268604880119691e+00
-1.528983112341511408e+00
-3.256584948004519475e-01
2.384681560627203711e-01
5.076656335392870645e-01
-1.574258074605901614e+00
-1.472671937094754968e+00
1.833785330671574787e+00
6.198103365023953648e-01
4.526625566206840534e-01
1.138435455901017634e-01
-7.145636777366369541e-02
-6.196134881281448736e-01
7.040603835806754640e-01
-1.182642012686965782e-01
-1.747660446922181254e-01
-7.672414345263111057e-01
-1.633408898527250602e-02
4.230188999946115080e-01
4.130862272625984155e-01
1.431646295242968159e-01
-5.887584403425046853e-01
-9.863968755975657254e-01
9.158119409132728928e-01
3.336663848187415016e-01
1.171241207671903095e-01
-8.592198804953598001e-01
1.607630292100391101e+00
-1.298159088758776836e+00
1.084424270932545925e-01
-6.309304412434958709e-02
3.214668609022398038e-01
7.904958279031715218e-01
3.655855589549897311e-01
3.758117812605614727e-01
9.095752614255782076e-01
-1.026277047499076334e+00
-1.517399490874692392e-01
-1.624965977239365644e+00
4.475949910246960345e-02
-5.678276592354069008e-01
-8.873221292600822485e-01
1.116537083132123742e+00
-3.432960442691925795e-01
2.452742411874241912e-01
1.631948206348837305e+00
-3.903078912516269594e-01
-6.525749510362323091e-01
6.752994581005038466e-01
-6.232247925714383685e-01
6.328581179349555830e-02
9.604900173504097305e-01
3.947855958690554834e-01
-2.016176251956094956e-01
-3.795949417623494804e-01
-2.635659843421835069e-02
1.013277726559915548e+00
7.669416167004262652e-01
-2.025254241577514602e-01
1.245977297347337531e+00
9.259139018009677757e-01
6.833863821733388022e-01
-4.303416231651177593e-01
3.651934843882952419e-01
6.280670605726810241e-01
1.421823168079557886e+00
-1.591470219752632476e+00
-2.442572494887283785e+00
2.568745119106684641e-02
-9.016484382564005085e-01
-4.346586339803718002e-01
-2.763488126752407403e+00
6.430590022473897660e-02
-1.038496378542280718e+00
-2.287000462438864568e-01
-8.695697734297768156e-01
1.561711723248377481e+00
5.013511432221459674e-02
7.958083853624935144e-02
3.259341935478956009e-01
-1.111374017140522641e+00
-1.738523699637201769e+00
5.816694535611079964e-01
-7.821945288470870672e-01
1.046010996640437535e-01
-1.609719836138644999e-01
-2.610322484694319045e-01
1.066579725303000714e+00
-2.364198321491358001e+00
1.533753284448294174e+00
7.753908086715787240e-01
4.662548820758715545e-02
1.447661724250715487e+00
4.808459531631447126e-01
5.880994547529785343e-01
-2.843951654645797134e-01
-6.037923835148832907e-01
7.150004470502788756e-01
-2.429680364571459861e-01
-4.405125251925541552e-02
1.461434373189894442e+00
2.332950178381600626e-01
8.826331864097516355e-01
-2.496417013849128730e-01
-1.156042630891473966e+00
-1.020004473990963723e+00
-7.003620984210252587e-01
-1.000374640570981383e-02
-1.457741049964622393e+00
-6.563215439467479095e-01
6.903944032554787391e-01
-2.515056034200539026e-01
-1.191267811056983428e+00
-1.471690164861379768e-01
-1.715915954147810285e-01
-6.404810045069767588e-01
-3.375084399057493023e-01
1.262902994043240357e+00
1.412908077133684381e+00
1.690567350199090546e+00
4.589317266760299385e-01
-5.052652771491121797e-01
1.693312451005006158e+00
1.161308679214266837e+00
-6.725397707992077923e-01
8.375878042683437830e-02
-7.918770833197846803e-01
3.738934957895889699e-02
5.186782679580346223e-01
7.529325142087568423e-01
-2.179250184007911970e-02
-4.717747870522029374e-01
-1.202549306087538517e+00
2.919796309357082231e-01
-3.177423495431163092e-01
9.228475247104869217e-01
3.708537091842885491e+00
9.851136708064091030e-01
-6.064512103575493418e-01
1.778456210442574958e+00
8.131740103552197452e-01
-7.546531375082778936e-01
1.579053584142374955e+00
-3.687838832617591767e-02
4.332144595416767552e-01
-2.816418256835855893e-01
1.743471971166390411e-01
1.230506519916252789e-01
-8.566168463377945574e-01
6.322337089291986123e-01
2.241529506172207364e-01
5.596083036844893277e-01
-1.207662554170145119e+00
4.092198299403277395e-01
-3.457493595386133545e-01
1.999018715119299516e-01
6.963745620237744571e-01
-7.298303267509488601e-02
8.497216662570760137e-01
-2.580177619106689968e-01
-6.536290266215270817e-02
-7.510278003842358295e-03
-9.223512626053871344e-01
-3.336733684797406063e-01
8.534487706131624329e-02
1.018948364390931116e-01
8.278304210963151055e-01
1.232753110922039097e+00
-2.944051147858922635e-01
1.373556160865418763e+00
5.221990738871493676e-01
-3.599197391664999968e-01
7.160433624471574943e-01
-5.241797725517581830e-01
1.676307228947807371e+00
8.657802676593120417e-01
-1.634513066515616675e+00
5.287440419724176444e-01
-3.278521073767808880e-01
-2.094301632185682216e+00
4.640303106961407020e-01
8.896986252007504925e-01
-3.751538647468532356e-02
-2.347922481856939414e-01
2.854884811950099133e-01
4.882435299014886154e-01
3.168378231119768629e-02
-4.600301403770801767e-01
1.001455934589321917e+00
-4.449011363301763611e-02
7.442932487481326298e-01
-3.213370274005749594e-01
-5.168613081219972649e-01
2.422526926253061874e-01
8.773342445149504565e-01
-1.407646278900729075e-01
-4.119431392840536971e-02
1.544528040523799106e+00
8.130304328237124567e-01
1.813069232291746102e+00
-2.306564066045162231e-01
4.424943738680596761e-01
9.811690370898384916e-01
2.125185691402471821e+00
1.337154746762942326e+00
-1.477026469394549402e+00
2.038081891897697007e-01
1.308455150495641428e+00
7.195255630458388119e-01
-6.237253150461485873e-01
-5.321696915547874385e-01
7.566639687116667456e-01
-9.996163861012551388e-01
1.303252350767789114e+00
2.736314414351630475e-01
4.255201820122729295e-01
-1.853547234791806497e+00
-4.201980542057985324e-01
1.541455192123974749e+00
1.144546941747389968e-01
2.018434316976951137e-01
-3.815276562487858847e+00
-2.295344387301828659e-01
1.648645841546290958e-01
-2.483293937789899097e-01
-2.730594374981417660e-01
1.018672295689543539e+00
6.452457638240245430e-01
8.576781635350692046e-01
-7.643252398682228721e-01
-8.066400090770178832e-02
-1.010880085528732319e+00
-3.089983084669392976e+00
7.865583625599398276e-01
8.068997193495146270e-02
-3.356165481521528049e-01
-4.935827052830035755e-02
2.186887360297283256e-01
1.580757781937996986e-01
8.187914005404892670e-01
2.636857750962541047e+00
-3.519065301216838249e-01
1.621521607073419080e+00
4.819399703653584610e-02
2.218787344350922286e+00
-4.325894447478556559e-01
6.305431477781545668e-01
3.482318265606656471e-01
1.139123749757803283e+00
2.405867312362492072e+00
-6.636985896386894401e-01
3.489679881269981965e-01
-3.338117066806676747e-01
-6.761443311208124030e-01
-1.023817853821866963e+00
1.203438295094554356e+00
1.615732157813021264e-02
3.407560330106632063e-01
1.182519747894389406e+00
1.447785426698400268e+00
-6.608236815109399531e-01
8.112601804228880553e-01
-7.298303267509488601e-02
3.463055266189833947e-01
-4.115780904998625478e-01
-6.617873870664405800e-01
7.590764885226412018e-01
9.439020390222976342e-01
-1.052451601745784782e+00
4.185027718694025456e-01
4.109608882384205297e-01
5.213789144298512923e-01
1.090583098370497162e+00
-6.206264568956305627e-01
4.547528412290893218e-01
-1.226716986095702094e-01
-1.110982372711974142e-01
-4.328245246640347599e-01
3.130507938388996103e-01
2.197825234092753544e+00
-9.229391638074951887e-02
1.187540372282019474e+00
4.236966297263112247e-01
-4.627709241031804921e-02
1.311821446489701337e+00
1.320943995458905562e-01
-4.942274837399096010e-01
-1.760270850573363854e-01
-1.358742292226056581e+00
1.586786060535643861e+00
-8.414170813653963632e-02
7.613743871867922897e-01
-5.512472869658688879e-01
1.247769470957236448e+00
5.937704113875751366e-01
-1.332345575494551515e-01
8.036887828838326087e-01
-3.096313427248955641e+00
-8.965332859370761520e-01
2.356947757330010718e-01
3.774053453072288844e-02
7.971620959434654319e-01
9.633089108656510691e-01
1.171470143045294954e+00
-1.839156156607445025e+00
-4.087172735711955274e-02
-8.119352555052511411e-01
-5.321513433935790571e-01
5.379545222382544484e-02
7.627930100192101825e-01
2.319621550486321127e+00
-1.131458080815433698e-01
-6.178018697500398115e-01
-8.402962190379235918e-02
-1.610956151092596045e+00
4.422050322973002934e-01
1.776288410060352652e+00
-1.103666043407055986e+00
-1.406365573109082667e-01
9.735961285724466230e-02
-1.086715461661667437e+00
-1.273794193418468668e+00
5.645827297367788100e-01
9.378205090233812102e-01
5.467251602921656406e-02
-6.917121115998559056e-02
-1.352374383896161048e+00
-3.201788533471223164e-01
-4.341317229616319384e-01
-1.540330156842365739e+00
-1.899162722438213213e-01
1.357498545911834054e+00
9.084022305621333726e-02
8.535218002982823959e-01
1.381009742193375800e+00
-4.899320324705802587e-01
-3.820201846966582160e-01
-4.625301074330953055e-01
-2.411521687926720600e-02
-3.529022900245850081e-01
-4.168108841672942509e-03
-2.432966670454601577e-01
7.309798082698992783e-02
3.117684848586888685e-02
6.974860277147292287e-01
-3.491130369188229499e-01
1.037137821415128780e+00
1.544056711308207097e+00
-9.700790048811358535e-01
8.170231008007877715e-01
5.314591331916813655e-01
6.797614596515851038e-02
-4.705698844419450855e-01
5.593275232305483513e-01
-6.134795560243659907e-01
-1.471864304067434404e+00
2.153289956641956771e+00
-4.903921960176761963e-01
-9.350702097816934177e-01
-1.147785238480042214e+00
-5.370634641240967788e-02
3.587971545161122155e-01
2.106482880333929497e+00
6.252999462529004182e-01
2.728649835866572282e-01
