1.432750794879592005e-01
-6.424436876904063842e-01
-8.374158504079101117e-01
-1.016760871551992462e+00
-2.083692116009746353e+00
-5.598178498489436716e-01
2.326735186358427909e-02
9.177621025225140006e-01
-5.091422937293575979e-01
-4.127475873346476282e-02
-6.919689107213131685e-01
1.358787462391191636e-01
1.533057883629128426e+00
1.914021746564107673e-01
-2.040530425647016088e-01
-5.187287724828816282e-01
-9.917270616648953263e-01
1.828764957300981431e+00
1.939016234619338697e+00
7.180694339211841637e-01
-6.813073984629561819e-01
-1.418304006928389427e+00
3.867037467299525022e-01
6.876397887821524835e-01
1.256416408991397837e+00
-8.307053755764077785e-01
8.443560186388663347e-01
3.687040781979161186e-01
1.063572234551170670e+00
-4.222208097361078161e-01
-1.027679296838655665e+00
1.300577208941465113e+00
1.055991466971003767e+00
-3.641048829552263055e-01
9.758533264939218688e-01
-2.439351757210732607e-01
3.346766409806461340e+00
-2.667687012210146489e-04
-5.427600965845230663e-02
1.255837581302556405e+00
-3.006037139667965818e-01
-2.370081711543247371e-01
-1.240146925869008099e+00
9.230322604821071808e-01
-8.566322279250773719e-02
9.790617591486575622e-01
1.451993990389360834e+00
8.760796733089168953e-01
4.520128691133513676e-01
7.361382075857293428e-01
-1.138089966368326822e+00
1.061979767925598228e+00
1.955551511575750467e-01
-1.991326571192022943e+00
6.180335991992946809e-01
2.403724658102022460e-01
8.702751920577961320e-01
-1.533787852726439249e+00
-9.634316631501014250e-01
-9.463742350030718287e-01
4.267840233795841542e-01
5.193509285840389178e-02
-2.500441990711352869e-01
-3.484781774176355928e-01
4.615480599643981829e-01
-5.482177972561685930e-01
1.446925218467945751e+00
1.491415114840370482e+00
6.940093709412290535e-01
4.776851755661750687e-01
-6.278406323706090530e-01
3.913723801949032799e-01
-1.735087236149781997e+00
3.344820706899129803e-01
-1.032522603664530525e+00
1.241245639554657831e+00
1.052712286182242440e+00
2.254858856675471479e+00
2.901534784390429889e-01
9.784090171738854536e-02
-4.365672760662470120e-01
1.425656428140525511e+00
-1.558056174457605747e-01
8.874259026215765289e-02
4.985397315348980701e-02
-1.142274937647975053e+00
3.992405168693144608e-03
-1.319393963680727921e+00
-3.889721009743640212e-01
1.566214387729394364e-01
2.358627164516326757e-01
4.734832235793331456e-01
7.108339964069657624e-01
-3.994294433580778403e-01
-5.006549201149244066e-01
8.004195551542151454e-01
-4.774296678882711253e-01
-5.460344199565132506e-01
-3.585505587785392523e-01
-1.271871685863383394e+00
3.044647687576227946e-01
-1.075562516115401435e+00
1.207485557304941892e+00
7.612454673963986451e-01
1.729635971403474581e+00
-3.103792444468099765e-01
9.950810804122252051e-01
-1.066622162186677159e+00
4.000961945080301618e-02
6.839915550406815425e-01
-1.576366551719788345e-01
-1.394245410813872432e+00
6.490132825498636793e-01
5.820441404003541264e-01
7.057366821378594501e-01
-7.988395885868619928e-01
2.005689886261065258e+00
-7.197306735895647734e-01
2.044303060211619394e-01
-3.244487463706623998e-01
-4.026279071430977075e-02
6.341025969380571503e-01
7.863260350348570960e-01
-3.517353165569773732e-01
1.208195276827485065e-01
-3.843563354423366052e-01
-4.052979133960343816e-01
-9.293782934360713677e-01
5.186521137117751090e-01
4.840823261627439922e-01
4.321834656953507103e-01
1.655814753813630968e+00
7.447624839068915925e-01
-5.253440638846504918e-01
4.307853863606959099e-01
2.496423619213445078e-01
8.146955517145455516e-01
1.484982885067691605e+00
-3.633004098897188783e+00
1.050064143634381608e+00
8.613828976135392557e-01
-7.926990095122072866e-01
-2.452675793428485296e+00
-2.930294963803587449e-01
-6.971181314293765086e-01
-2.136485425717080666e+00
-2.499937630347865980e+00
5.203656292792784299e-01
-4.437414211674952091e-01
4.966089901750534996e-01
1.222946744896597604e+00
3.724142502326659859e-02
-1.619962328374283667e+00
7.290953446304691832e-02
-6.732953287574541257e-01
4.841082858652744902e-01
-1.015096111739464790e+00
1.281551645797155137e-01
2.120139899990718835e+00
-1.370969971205485027e+00
-9.507915477466835075e-01
-5.713011123847043793e-01
-2.126303528201624882e-01
-5.135574354509847561e-01
2.146535532363300636e-01
2.003843613226058071e-02
1.494568294760300307e-03
-8.381752795691013169e-01
4.046324443212419575e-01
7.804518560390246718e-01
-6.412559911894255560e-01
1.700118136170337413e-01
8.760796733089168953e-01
1.993970313399274996e+00
-7.089177635251870946e-01
-1.752848582258186738e+00
-1.902342069573352168e+00
2.731065067001339219e-01
-4.524401313093737720e-01
-1.816161408950707212e+00
-1.783439720008338225e-01
8.031371186356940639e-02
-1.020109163527324281e+00
-4.149749951013044780e-01
3.427655543035794394e-02
-1.398353398652097679e-01
-6.113821093929371342e-01
3.810037450787718827e-01
1.510109917170240568e+00
7.903463868055161656e-01
-1.298311315366698637e-01
2.280748545866398691e-01
2.798066656661122309e-01
9.890553115014962815e-01
9.788775102646555260e-01
-2.400814931062333069e-01
-7.236899049089651204e-01
-9.516595639475833313e-01
2.277688145991668967e-01
2.989293522680784854e-01
-1.395395317437249094e+00
8.210054046100275782e-01
-4.684176987067418252e-01
-9.718118902820158667e-01
1.438754907677710415e+00
-7.553580368685726132e-01
-7.554765106926194518e-01
2.150166117977395874e+00
1.753543803489241215e+00
-4.354750615583013462e-01
1.939741294989341946e-01
4.252404526388987027e-01
-4.244809513514206656e-01
8.693339336385653704e-01
7.601549127115767579e-01
8.604310511236726855e-01
1.451925123490434677e+00
7.269403728380609102e-03
7.139324059785526755e-01
-9.933903327124278537e-02
-2.042681653500382499e-01
7.435763599548733671e-02
-1.660860331700394765e-01
-1.493674623326480599e+00
-4.005500469379353334e-01
-1.716197014714190283e+00
-1.902658924559554432e+00
5.424241730006191808e-01
-1.229492362784373904e+00
2.642497312179143965e-01
7.351315448309376777e-01
4.066689889964952842e-01
4.596200724722678266e-01
-5.330547528339464325e-01
-1.023312631118523885e+00
-8.697222877739105296e-02
-4.640760765791125397e-01
-5.735931650388840231e-01
-6.197622781221279881e-02
7.703789243474450377e-01
4.199492990806755199e-01
6.821101974204251128e-01
-7.215983160351423509e-01
1.269514526240370866e+00
-1.192616829096657671e+00
9.807565362092139916e-01
-7.473832630659197340e-01
1.091271440776139690e+00
6.055535218222370952e-01
-8.189272241653146045e-01
1.193687348740206378e-02
3.857499895564269754e-01
7.995080559478899840e-01
2.127410847560490537e-01
1.033776084479385515e+00
-7.625752467305636495e-01
-7.300010902430198456e-01
-1.493555915294205172e-01
6.899760144654483174e-01
9.419022670227628069e-01
8.130019082645409956e-01
1.118788335974829351e-01
1.891390765374746374e-01
-1.501327410869139456e+00
-9.331878781218763130e-01
-1.067725566643823676e+00
-2.672470266854221066e-01
8.841539378127009075e-01
-4.561160211217775706e-01
3.181798693443547710e-01
3.778157785012138947e-01
5.181796487845504590e-02
-1.272383968772034857e+00
-2.671288826327718885e-02
1.737242779324127628e+00
2.072553843147886710e+00
3.825714171739197922e-01
6.504674045458435083e-01
-2.337656903066570868e-01
3.165935464558254919e-01
-6.969571385740417346e-01
3.595533790959724030e-01
-1.631254996716971495e-01
-1.205221726917651281e+00
2.537301807616124671e-01
3.734548423591871891e-01
-3.754908784483831918e-01
3.295526200177950060e-01
-1.644950428161439104e+00
1.102475622911027964e+00
-4.830396907702653730e-01
-1.077413797813027152e+00
-1.979865756398111909e+00
9.808827101341079935e-01
-6.085026455327069428e-01
1.287938947546079183e+00
1.077244833175248884e+00
-5.437803612971564560e-01
6.314161481795520225e-02
1.061847942737823708e-01
-4.662941243448453510e-01
-5.057303944664786055e-01
-1.564543947328009832e+00
-3.160669523349445065e+00
-3.653420632829739723e-01
1.254938705574538127e-01
-2.923163865824607299e-01
2.902497204356735416e-01
2.684625620727819628e-01
-8.849009785737743661e-02
-1.082031249556638208e+00
5.591908536955492171e-01
8.159533807243084524e-01
2.686582033279116821e+00
-1.649796075991817601e-01
7.186917792256409809e-01
2.286593583537659125e-01
8.961575710084961344e-01
3.056782757614950885e-01
2.413856950556420244e+00
1.095106439376732022e+00
7.491015738992675699e-01
2.237061346037606813e-02
2.114462819488115986e-01
-1.489306558539541081e+00
4.860402975954831173e-01
8.247271774717579440e-01
-1.879771519610450303e-01
-4.550969185473401901e-01
5.419128149431082786e-01
1.102136114221674346e+00
6.931091249399610188e-01
7.936325196547946437e-01
-3.160693448682980189e-01
-3.273891266776950415e-01
-8.458031491446446060e-01
3.257647420663570825e-01
2.049222252150186385e+00
3.389036089032419763e-02
-1.337767879017524919e+00
8.563872375627010758e-01
2.835109830832517330e-01
-8.138799399263643708e-02
4.756705316406603656e-01
5.508005747625822623e-01
-1.341026782310579035e+00
3.415952091165836979e-01
9.167578616601200769e-01
2.531851614034719145e-01
-2.027141915281166495e-02
5.587840723281736199e-01
-4.458267200080184289e-01
2.957947778469197098e-01
1.199674276321459176e+00
-8.352553365252581852e-01
1.615781804667948185e+00
8.421193156928676871e-01
-4.904713156063691404e-01
7.120329395488395052e-01
9.597035135782878701e-01
-1.927773537147403182e+00
3.213385025773249914e-01
1.374022387851731031e+00
9.702142136107574366e-01
-4.878938150470769064e-01
8.099486756580626112e-01
6.002179112544523409e-01
1.449761260908228211e+00
-3.097201493014435147e+00
-1.350227131903004363e+00
-5.044433367704743709e-01
-5.235285736868211526e-01
4.184737814215934715e-01
5.889651403154884113e-01
7.696160771082899421e-01
-3.688295675146154862e-01
-9.096204518728013833e-01
1.436054963642745763e+00
-6.028686732830565997e-01
-2.157525819528603450e-01
1.101378840128485415e+00
1.604912239838981680e+00
-1.705631256125921258e-01
-3.640910448376908914e-01
-1.232608338704012541e+00
-1.155812312179916646e+00
5.828259371315840098e-02
2.229699865657262414e+00
1.174941247432211178e+00
2.326000467656148818e-01
-1.918419200542475611e+00
-3.427966657773358072e-01
-8.677750404605482082e-01
-8.609971677046364125e-01
1.517081753696344903e-01
-1.997905538041050422e-01
4.305588928200775878e-01
1.120803786002879221e+00
4.049598125372996238e-01
1.696708173826390886e-01
-3.603189607744436529e+00
-6.212352206379853081e-01
-6.593673760666941830e-02
-5.405958141809364959e-01
-6.787404495273754446e-01
1.391377279666581757e+00
-4.721566085941399926e-01
-1.654997096726804173e+00
1.124856681798844349e+00
-3.015350277337424112e-01
4.225092768666519061e-01
-3.773339347578447134e-01
-1.297369329973736107e+00
1.206915521351839549e-01
-1.396466408718212815e+00
7.158510862254753304e-01
-3.365582302970058781e-01
-6.016473993394569897e-01
-7.741982617920812881e-01
6.318259139305070216e-01
6.960018314487682600e-01
9.559290521056368339e-01
8.012644771971207946e-01
-6.513632729962927082e-01
3.268345388183321876e-01
-7.901386294555453604e-01
1.163900372927023502e-01
3.155105004849415362e+00
-5.251339615619401435e-01
3.372901920130786935e-01
1.654787539988376022e-01
-6.133760781615410496e-01
1.500070041393792630e+00
-2.619847176761512797e-01
-3.252439137607676112e-01
2.138396905983714069e-01
