-2.400919171668354501e-02
3.430189889968298100e-01
1.937974895965952626e-01
1.133774994714724205e+00
-3.602140545068146515e-01
-2.382535435940381863e+00
4.412244951701069229e-01
-1.435445305462803578e+00
1.882725353684937764e+00
-3.413608248269108802e+00
-7.921393117799397920e-01
-1.075372309293698841e-01
-8.508679576273875389e-02
-3.569511781249068427e-01
1.999734135225785581e+00
3.453591214590899794e-01
-8.107811242106277572e-02
-1.868905742625218414e-01
-3.349924014864074984e+00
5.270641517480490618e-02
-2.125607473987008333e+00
1.310744621415317113e+00
-7.811616207521866750e-02
3.672467959884425509e-02
6.291762947804396822e-02
-9.781155991988351728e-01
-1.327738075081462688e+00
6.470158675510966351e-01
1.495796013570505345e-01
1.094641204690525615e+00
1.703106219200518218e-02
-2.615699690614456063e+00
4.581069251345113447e-01
1.176204308108021790e+00
-1.249250245447025703e-01
-7.045393215030105738e-01
6.968805545559592085e-01
-2.389204977451613587e-01
-2.883816305813227676e-01
1.352586023042741781e+00
-2.070506748076691661e+00
-1.171879742423221238e+00
-2.336362395056351904e+00
-1.992490838552404830e-01
1.314619578885313222e+00
-1.243480569519024720e-01
-2.668278954666695180e-01
5.812264208852406799e-01
-2.048314615790692628e+00
-1.273783818723490668e-01
-2.221535526841438291e+00
1.486777600310711822e+00
4.574805575574561467e-01
1.195698927731722039e+00
1.665152669962370879e-01
-1.128469391669568722e+00
3.379110701453378773e+00
-1.730648491067261485e-01
-6.819741510539796270e-01
-1.270070714276161361e+00
1.690351298835693461e+00
1.461071469922971544e-01
9.963851328147044217e-01
-9.829953652277456655e-01
-6.781149673148330337e-02
-6.665586911147741711e-01
-6.704257300488215554e-01
-1.302099063843031646e+00
-3.572813434684653622e+00
-4.529379608321887907e-01
1.300804041238859954e+00
-5.036307663262604706e-01
-8.557854333467577179e-01
3.132011032140870621e-01
-2.257086272746257338e-02
4.115719684717104032e-01
-1.477742554303490108e+00
-1.163020138641374102e+00
2.467471950956503235e-01
5.250230399131633474e-01
-3.308507757350975242e-01
1.008299612308464877e+00
-2.795036040659249488e-01
8.997813247778387868e-01
-1.867918894846366973e+00
5.877529783242084749e-01
-5.072081168004848317e-01
-1.667411261216173113e+00
-2.691456819692583102e-01
1.078540241686755552e+00
-6.148324104635378290e-02
-7.559767598618780671e-01
-6.386677717980503433e-01
4.151049635999276011e-01
1.577834633815157650e+00
-9.496846857196000746e-01
1.762696668354803542e+00
1.193355458540817482e+00
4.469111394287568206e-01
-2.221343357800865892e+00
-1.134825084719816690e+00
3.194688553201884829e-01
2.358695178525071767e-01
2.002648414241523511e+00
2.543023204995851216e-01
-6.426436041812083610e-02
-5.073778975644391842e-01
-7.279534180977452751e-01
2.387141802243027133e-01
-2.129349818213035761e-01
-4.184415282253781121e-01
-9.053722323781425441e-02
-3.478064316994804006e+00
-6.697015595509673291e-01
-7.897838500871630085e-01
1.163426333948925501e-02
6.905675059215106160e-01
-1.216562715988266596e+00
-7.843014429236200291e-01
7.750755391228701940e-01
-5.039650268751764139e-01
-1.023507833751489571e+00
3.641748772248296073e-01
4.731958811518810482e-01
4.947248562009824435e-01
-7.143920628764653946e-01
-9.419841565002842199e-01
-1.022015740791939686e+00
1.769970018803862954e+00
-9.408253580072396538e-01
-5.968307403232821218e-03
-4.748974391866628286e-01
1.853058081287846381e-01
-1.318389226963700755e+00
-8.123236359306212906e-01
1.067819841145182469e+00
-1.744190694080012261e-01
-2.923971775336667855e-01
-3.211630739322998807e+00
-6.647138836522911154e-01
-2.216486799649809158e-01
-3.512329260319402846e-01
-1.100530090251864657e+00
-4.020712013762257619e-01
4.230841403589050143e-02
-4.348912091898586296e-01
-4.202290697387722207e-01
5.852264407650979994e-01
2.067128052711353081e-01
-2.291293634114189848e-01
-1.876253574823606218e+00
-1.431472957957594105e-01
-6.833949907146771308e-01
-4.177989318040991606e-01
4.603400980722195668e-02
-7.527125240954958274e-01
4.926238632158165820e-01
-3.426568991174628875e-01
-6.757106397248979768e-01
2.377812295059533287e+00
-1.426304682924528722e+00
8.307921664085824442e-01
5.696453397376151084e-01
3.544978358929316009e-01
1.297822417144974816e-01
-4.914186344731523715e-01
-1.162155247932992408e+00
-1.370494442593731321e+00
-7.745865207807347552e-01
-8.034084183677500102e-01
-4.330715890822235958e-01
3.647548565433361145e-01
1.741574588295049519e+00
2.366714858564142432e+00
1.927996527901166268e-01
-1.278344378036230022e+00
-9.940059588280395486e-01
5.516778253820453504e-01
-3.570691566585983412e-01
2.109942194066082521e+00
-7.402624360848768514e-01
-7.790275213723398817e-01
-7.255575574686169427e-01
-5.323701714580149069e-01
-1.284631347401421930e+00
1.407887511129098101e-01
-2.120901154198589211e-01
-1.098066526288971057e+00
-1.852647920491734268e-01
-8.166765120741437123e-01
-3.192225813147235858e-01
1.582279279152477847e-01
-1.054831026056793492e-01
1.243451696755689007e+00
-1.260691463819443969e+00
9.191847670713255980e-02
-3.430476523173572878e-02
1.439582140801775489e+00
-6.371150754410185302e-01
1.138275494650963005e+00
1.093052584646396624e-01
1.617085047587432545e+00
-1.379654469949058090e-02
-8.877113036498003318e-01
-1.557989167059282698e-01
1.360788884240019758e+00
5.407351572974976595e-01
2.871413837538201452e+00
1.319681326111581121e-01
-4.907520319531505359e-01
-2.492598960362898686e-01
4.845308996649145827e-01
-6.410886663215376036e-01
6.870594593066137179e-01
1.032882047643316759e-01
-3.141306980389516057e-01
3.817526988436423796e-01
-6.083342156179234461e-01
5.432210509983830260e-01
-1.873595829800804302e-01
3.369836893704659664e-01
9.271338164620628319e-01
7.354890254164186958e-01
-2.012976827863025286e-01
-9.173893062912445717e-02
1.083977915127178893e+00
-1.911826420972000840e+00
-2.979767460083885267e-01
-1.001045969052228313e-01
1.885998363915838416e+00
6.807556634279848806e-01
2.211004026566542713e+00
8.816326970942664487e-02
-3.338769031703978207e+00
1.263478334916714685e+00
-2.122605928151746202e+00
2.197460419692719852e-02
-1.551432929132404437e-01
1.623785642085503245e+00
4.209078378037097168e-01
3.042252244501366665e-01
1.311075850834994005e+00
-1.858293193004359467e-01
-2.447747985033115470e-01
-1.223235630449942102e+00
7.622931818246108104e-01
-4.535285772914287583e-01
-1.199639033104562991e+00
-1.457638444563371660e+00
-9.232156052936998369e-01
-1.796481543928834856e+00
7.615397171604323390e-01
-6.654150330852190987e-01
1.169046359298460791e+00
-2.431124320148218276e-01
9.356060592309196622e-01
1.270957025986913846e+00
6.601089001847670890e-01
-5.685523455814031069e-01
1.421664825049676173e+00
1.772597800702049031e-01
-1.135847138670927015e+00
-1.234442059011973791e+00
-6.196067199846932994e-01
-1.033755777532793685e+00
5.812444709383254304e-01
-2.640041071565505867e-02
1.708828555072532618e+00
3.852760366960566452e-01
-1.763497852657325837e-01
8.681370073042308233e-01
1.528456579992540254e+00
-1.013262696499823146e-01
5.290571592857429284e-01
-3.053121986540798805e-01
5.855102118013116863e-01
-6.570611320952467471e-01
9.083928134303123625e-02
-6.334668678574278955e-01
-3.630130070667672570e-01
2.720577929208854440e-01
8.502346307341941689e-02
2.318148518098229471e-01
-2.497356821446753639e+00
7.071272235108476412e-02
-5.087392698863310581e-02
-5.180017546138041551e-01
-1.134172169487111637e+00
-6.229682387422764700e-01
1.062847986703235013e-02
3.008830163966002003e-01
-3.823485013300343960e-01
-6.040950932579660648e-01
-3.163808734148931268e-01
-3.009811612498525246e-01
1.162994478159508294e+00
-3.885033105373704165e-01
-2.970708973495035377e-01
5.375572551990748238e-01
1.126031757246850340e+00
4.771934127357932431e-02
-2.574566113015451796e-01
-1.049419816283495704e-02
-1.536262300073069964e+00
1.751167454944042023e-01
-1.027175678275485504e+00
-1.596365158185623301e+00
7.493610147137376165e-01
6.683001886506098610e-02
1.311808221951982434e+00
-4.804046062621134539e-01
1.155260727131147247e+00
-5.006756828343017496e-01
2.787981157843244961e+00
2.526824164945450923e-01
3.512510322444683530e-01
-5.402261381026820519e-01
4.808975829210019315e-01
-2.199653897362220945e-01
-2.748531578446421555e-02
-4.005619114860682339e-01
-2.340843490180628983e+00
-9.096633561760382458e-02
-8.961892639136437300e-01
-8.859095124513811648e-01
3.099324173454494624e-01
-2.568778972717305487e-01
6.084260727443021460e-02
-4.550702239499927471e-01
-1.189210611285994368e+00
1.387329746054801083e+00
-8.542678551929869801e-01
1.390359320689320999e+00
5.972859924301857082e-02
6.351857743229104569e-01
-1.930731410691481076e-01
-9.845309761479974497e-01
8.917428826053851454e-01
-4.144457135537349401e-01
4.864877916530686019e-01
-2.039534873426712136e-01
3.669990019797173594e-03
1.828067267252667660e-01
8.678517497807780590e-01
-9.283961351475467083e-02
-1.981792443858462760e-01
-7.571145764035608350e-01
5.226444018744255127e-01
1.719503044353970722e+00
-5.727073089548366802e-01
-2.845124459665246963e-01
-8.044896910495444309e-02
4.625726192548719196e-01
-8.664138122614657433e-01
2.148654139684252062e-01
5.056426537972270596e-01
1.317855289657716034e+00
-5.457524504871666959e-01
-2.828017228082601586e-01
-6.921288352485491790e-01
1.281943684744063949e+00
2.710964156304506711e-01
2.912986585271006845e+00
6.707454673317024829e-01
-7.672094953499921655e-01
3.918660364523449680e-01
-1.355597307414073693e+00
-1.064386390169031471e-01
-1.448338825383729933e+00
-4.040317002037774330e-01
1.550692851073983691e+00
1.000823800918634876e-01
-9.021405403510938115e-01
-1.098770481222530515e+00
2.881710728404522914e-01
-1.169888244855822323e+00
-1.744751592514217076e-01
-8.680538627782616867e-01
9.049400909338480015e-02
-5.000046316428742310e-01
1.484727295981017825e+00
1.924071877356256843e+00
1.359553004022295841e-01
-6.668861440499197490e-01
-5.976017875746717500e-01
-5.475912130575681935e-01
-7.381035133044788754e-01
-5.110921844403905068e-01
4.809308582893306316e-01
-1.113781933532521640e+00
-7.362207328815560947e-01
-5.650535680210044820e-01
1.311519795258961618e-01
-2.868314227444673570e+00
-1.444702377463331855e+00
2.900034081258868190e-01
2.288073838750666611e-01
-6.796783933314967108e-01
-1.308848937608831919e+00
-4.645880272316898485e-01
-5.756672621277134638e-01
-9.084287675080000568e-01
-4.300531741092158966e-01
7.147664931703200386e-01
-3.566756025555647969e-01
5.749809368888246786e-01
-1.272009596259406350e-01
-1.851920590489851692e-01
4.058272819175963164e-01
5.378903709575640901e-01
2.779078648837287613e-01
2.981141226487462603e-01
6.231821541805980802e-01
1.495194007966848745e-02
2.836840461836475757e+00
-5.907200293684672365e-01
-7.193324038011700283e-02
-3.813646039662571541e-01
1.896267546081912281e+00
-2.234254523971009210e+00
2.065670918826333080e-01
3.212851017787385355e-01
-4.776671372379897584e-01
-1.644894318351809437e+00
2.523115212706980026e-01
-5.168600448105288292e-01
-1.222101517041273233e+00
6.455366004814978576e-01
-1.987222651987469724e-01
-1.040949349074119956e+00
1.456757278135114297e-01
7.208550804953002267e-01
-8.701163880340132550e-01
-4.700806420758834453e-02
-8.476239922627608614e-01
8.838852115155600986e-01
