-1.652483550827303638e-01
9.983868248869534057e-01
9.338096405264312283e-03
-1.813075737607279247e-01
-1.670097209134147054e+00
3.626627352788999292e-03
-5.609845358554188532e-01
-1.111808804013911800e-01
7.912973182281105577e-01
-1.097099936097462591e-01
-3.074217980120392824e+00
1.341603939327708828e+00
1.064056215476115591e-01
3.739105170995394301e-01
-3.444983473940485541e-01
-2.461860998653145616e-01
-6.393674895926905188e-01
2.191274556332362788e+00
8.168368992191346045e-01
-1.084507940908435275e+00
-2.067658407700419532e-01
-2.603942854501328341e+00
-5.397172906571601203e-01
-4.491068869555054910e-01
1.465248867186411674e+00
-2.342557444035741898e-01
8.555135007725425123e-01
3.742310832793641073e-01
4.847072822668843095e-01
-1.332410783315290503e+00
-1.176593253214526791e-01
1.000280059706423641e+00
1.280016850991548383e+00
-1.293210307302951279e+00
1.122178734884187401e+00
-1.486418068498706280e+00
1.779625314257873514e+00
-5.215764429263866075e-01
-1.444578896798159207e+00
1.660066436318701433e+00
3.038378326988804834e-01
-3.017969010707282074e-01
-1.209262545822048063e+00
1.086830001797177037e+00
4.976291880097968162e-02
4.048860907052159730e-02
1.225582990392437566e+00
8.777317723511986192e-02
-1.912778524195474505e-01
8.356829980184772300e-01
-9.403845163065712928e-03
1.797643923946743882e+00
-1.555763696325943579e-01
-2.259711511121435645e+00
5.226668370112564910e-01
-1.420060619491148313e-01
1.751090808277460997e+00
-2.318705264579801195e-01
-2.878598067516520698e-01
-7.008167016920341386e-01
9.315627343193808585e-01
6.650102579259598023e-01
8.336336279547166273e-01
-2.262164654035601352e-01
-6.915839137860531061e-01
3.036775933656847837e-01
1.058970642487823355e+00
3.542207434455204029e-01
9.442217519437381412e-01
3.498698545106276314e-01
1.233179424287851253e-02
4.274307407401192194e-01
-1.393114823034455441e+00
9.135720097295677578e-01
1.387267457143068206e-01
5.428096169511827940e-01
2.768873425436144120e-01
4.852384239552688938e-01
4.415764532349493732e-01
5.610803638988226538e-01
-1.950833160880925066e+00
9.237356921098103246e-01
-6.540427810819682275e-01
-4.193461536311341442e-01
5.584793189206340713e-01
-1.405448652162185397e+00
-1.494447554355165408e+00
-1.231664919730385721e+00
-7.490880042962483332e-01
2.160668902764751875e-01
5.254605637692548736e-01
3.167814651329191045e-01
-2.119185893667533127e-01
-2.342844646719500545e+00
7.961188437081160307e-01
-2.330523406408422371e+00
1.697303317964867109e+00
1.048201015524433455e+00
4.862511629709113242e-02
-1.543827156486169194e+00
1.031529339216591179e+00
-1.125016296439002028e+00
1.419236338442893264e-01
2.264209370719579284e-01
3.888490405023613539e-01
5.179497416103097107e-01
8.901780697961076960e-01
9.890804221917080807e-02
-1.889402423586322932e+00
-7.445134590887593495e-02
-1.155257877259789234e+00
-9.159817541364905225e-01
3.704436083629144560e-01
1.289850047563971591e+00
-5.686515792759375687e-01
-1.298425507522776190e+00
-2.905116798483757257e-01
-1.196537919703294373e+00
2.729985082367998306e-01
-2.095899818331112829e-01
3.395119694783899633e-01
-1.687741019001830489e-01
-7.499620137480963455e-01
5.474268394802268567e-01
-1.581629921320923393e-01
-2.690554585004633140e-02
7.729505291121634147e-02
1.466469322460411395e-01
-1.123798471613853156e+00
7.949359902790978927e-01
7.742260157495123307e-01
-3.939001924126785403e-01
2.118095871166676414e-01
8.183711377613354099e-01
6.965486491044662332e-01
4.846089453040649531e-01
7.645828963672637313e-01
9.348816145950474832e-01
-2.192108756394740343e+00
-4.040415678062195259e-01
5.328771595242073333e-01
-9.738650191655903732e-02
-2.964339135847469109e+00
-1.102988170551741920e-01
2.561861712040021041e-02
-1.704855004587639167e+00
-1.140080805163165456e+00
1.326973479947680445e+00
6.544326279769732135e-01
9.876737405993056829e-01
3.625016281569533594e-01
1.083155686501690695e+00
-1.953177683996012715e-01
-7.887710818512858602e-01
-9.408625905672829415e-01
2.757657409340955393e-02
-6.843018865241783377e-01
2.689047056692193127e-01
6.498025067146606659e-01
8.270408208959622032e-01
-2.517768503692064286e+00
-8.011944489544435832e-01
-2.056627907575646841e+00
-1.203081361155726864e-01
-1.203222966193947391e-01
-8.252839169359322824e-01
-1.251087072044551052e+00
-2.212163772416511631e-01
-6.340082842385154072e-01
-2.455085986389882735e-01
-1.400763620215259020e-01
5.471968599585849136e-01
8.802205385133533566e-01
2.259892853090325726e+00
-4.062275431611693799e-01
-6.285916893048788534e-01
-3.706402210802448027e-01
1.345759844423296769e+00
-7.935781699038735315e-01
-1.295282889757669142e+00
7.332476740182604091e-01
-1.501104429335454737e-01
-1.465265424868771538e+00
-9.236850535211488245e-01
-1.029535412983146436e+00
-1.032041608215792827e+00
4.634072854600582853e-02
-5.499189969831008717e-01
1.264783466404775014e+00
-2.107037927205952788e-02
1.182593005373846706e+00
8.601710867761100943e-01
7.893042214616221575e-01
9.680798281272861017e-01
2.014916400873877633e-01
-2.497780893932329160e+00
-1.483615491587950141e-01
8.229693430764144502e-01
-3.754798646768517378e-01
-3.016723709713920454e-01
3.425343489412157050e-01
-1.335278547978377695e-01
1.078936849952041727e-01
-2.401270954247433087e-01
1.060121751088235253e+00
-2.420084543745112948e-02
5.639486827600266317e-01
9.136830764778564040e-01
1.114213951602075703e+00
8.251024280062512206e-01
6.904367388772618686e-01
-6.124037333945415718e-01
-1.008620392951573574e-01
1.370956789920615648e+00
-8.757345844624478959e-01
5.583116716440499339e-01
-4.798511359445600255e-01
1.354799750112553047e-01
-7.164048702315858330e-01
-1.976041403659141438e-01
-1.180109535506739665e-01
6.364312702509083985e-01
1.122336443258358379e-01
-9.049319467722910515e-01
-4.730552274179319339e-01
8.906495430150597817e-03
1.158635702484402064e+00
3.354444389897603407e-01
-1.046398842555347430e+00
1.607480582973040972e+00
9.276544490005810273e-01
4.989650510338541900e-01
2.032361341419866296e-01
-1.173543365432942187e-01
-6.794659826157460891e-01
-1.701815170337908356e-01
1.184255591189167373e-01
8.992603557450769003e-01
2.247704637318384879e+00
-4.315746001659327979e-01
5.113495623537394064e-01
1.243187652490746142e+00
-6.468322128136786420e-01
8.682668627649137161e-01
-3.647239288737192386e-01
1.699402840469437903e+00
-1.408328833078779541e+00
9.574472335272786738e-01
3.566476345071824539e-01
-1.541727028232147967e-01
-2.169398963234880628e-01
2.936695166220300024e-01
3.650382821946664968e-01
-1.137494736974822701e-01
6.661506074856025916e-02
4.953341562253806840e-01
-8.732463434321582896e-02
-2.016371165006065613e+00
2.999673158198185585e-01
5.424841498478856217e-01
-8.398008381650532428e-01
3.143688059029101645e-01
6.367860560166589412e-01
8.736455033793333325e-02
4.034031994298651891e-01
-1.259549806455720233e+00
5.818892622306879314e-01
-9.548379940202850191e-02
9.667305468063369656e-01
-5.829260397497428858e-01
1.579870908569745547e+00
2.984592231739872092e-01
-4.869763644577632111e-01
-4.083125195232603644e-01
1.882801608192671061e+00
5.332976021259515642e-01
-1.462265279796790551e+00
-2.898062966265305129e-01
1.693927065759228912e+00
3.059717575943040127e-02
-1.201113255292939774e+00
1.992740238471235048e-01
5.416996455964524088e-02
-1.222051433308728896e+00
-3.130276030469773541e-01
1.867983940181715097e+00
8.616557808300647769e-01
2.550232641918641630e-01
-5.322684884417375889e-02
6.062261620321021116e-01
-9.626024063254140506e-01
6.667994428676438101e-01
-2.531855738180757154e+00
2.952906129979448666e-02
-5.878021451042645396e-01
-4.806922339103543787e-03
8.447805894084718936e-01
4.843391441056776325e-01
3.114651442520574021e-01
1.031529339216591179e+00
-4.010906472077579998e-01
-2.474414407931606164e+00
-3.822105975607064110e-01
-5.879528436845946754e-02
1.901332644779213932e-01
-9.336995638686974575e-01
1.459030637495885019e-01
-1.736307137745761731e-01
9.053752592858366199e-01
-1.626908745343950136e-01
-5.631832572693007410e-01
1.972375005133118198e-01
-2.625399394711775969e-01
8.334565849534069093e-01
5.146793239535022435e-01
2.166361931614213088e+00
9.899756025255337377e-01
-2.444168505868083222e-02
1.676234230108749890e-01
1.208895473510686047e+00
1.816424492090743970e+00
1.370889601244275280e+00
-6.831958726952741534e-01
1.373985940309440101e+00
-8.633000639659245412e-02
-1.077856581947783221e+00
2.082224144119221299e-01
1.014672670369227481e+00
-6.689241530400413804e-01
6.530906543099851413e-01
2.169928645371504705e-01
4.393496854596757456e-02
-5.643629143230607381e-01
-8.953047019269865237e-01
1.804896135072843188e-01
4.902511828797105342e-01
1.366518124923021382e+00
-3.969947167646557529e-01
9.500162043518504129e-01
-2.117878373368660139e+00
3.104877139287610666e-01
5.601084768278070669e-01
1.029032888012815672e+00
2.739272218787404678e-01
1.586061044434587952e-01
-5.325244281963914528e-01
-2.836576825614698372e-01
1.450879318559899211e-01
-3.222097053806119438e-01
5.869567286940018391e-01
9.238453272662723315e-01
-6.354561163243389599e-01
1.653589682716733122e+00
8.904057212415467104e-01
-1.045417269451971221e+00
1.393193606936563800e+00
1.107875525580664489e+00
-1.245745838777639225e+00
5.202558676834355689e-01
2.462673109335160149e+00
-2.212541249643633190e+00
2.558289461634316586e-01
1.341959821414239418e+00
8.526974612448517954e-01
7.234853764421370625e-01
2.278025112866992608e-01
-3.147304510494914331e-01
1.920765397820613840e+00
-1.430511876083420675e-02
-4.249956344329930968e-01
-6.121021192205350347e-01
1.283140017433265667e+00
1.452974395756658765e+00
1.728588940926423512e-01
9.916291104443102356e-01
-8.875944222550727902e-01
1.553465667566354402e-01
-1.554825882087885469e-01
6.396999326154797494e-01
-1.194458353272128237e+00
2.150523410367300436e-01
6.774125739999806717e-01
-1.041942995472861844e+00
3.754635111612205089e-01
5.164083001303171327e-01
-2.540937114361673466e+00
-1.076928547048199070e+00
1.084944044208943748e+00
1.321527902312735980e+00
6.243306332041849149e-01
3.401109300126756163e-01
-7.431136432315857965e-01
4.002898826360662965e-01
-1.196666144962841960e+00
-4.950275404011646452e-01
-5.178244166472941723e-01
-1.142326371238841842e+00
5.876610655414770124e-01
-8.844101097705119319e-01
-7.741606273054187914e-01
-2.446823701732839140e+00
-2.092631219894141470e+00
1.096795080408816458e+00
2.688679187113167668e-01
-1.362780769340151243e+00
1.651769236340089986e+00
2.113037962463522323e-02
-6.148083596374236404e-01
-1.118365243939707238e-01
-5.699871008611424594e-01
-2.450033487391435061e-01
1.049421023190592883e-01
-2.366940392424508877e-01
-4.926297312403002948e-01
5.338118285155386555e-01
1.666795890795805146e+00
4.665787879311518171e-01
4.498029330167264139e-01
1.320040452048529156e+00
-7.558109274476495498e-01
-7.716356984018085501e-03
-3.723789020344142053e-01
6.437683951719522790e-01
-1.280895242996707706e-01
-1.289984019441695162e+00
-7.342900074595457571e-01
-4.873797225574846292e-01
7.506428431233422849e-01
-1.873257529773244418e-02
-5.025301978884129106e-01
-5.801877593025679403e-01
-3.239431477166650475e-01
1.120558515871041383e+00
-3.612964588741658933e-01
6.180830623196582191e-02
2.366027160771229376e-01
