7.023467757839526593e-01
-9.357462009348714860e-01
-1.449299828272962110e+00
-7.600299143914223121e-01
3.610007545541916163e-01
-2.443995554540647319e+00
-1.609319873912641308e+00
8.150404025431461363e-01
5.742857715312592592e-01
-2.932861164128743869e-01
-1.886514258164601499e+00
-2.568430471398283288e+00
3.397283498275383451e+00
7.620400482826585886e-01
5.486633351416108084e-01
1.075776375454297940e+00
3.754297989953582770e-01
1.398300991290626127e+00
-2.369060790724355048e+00
-2.133821537507895272e+00
-1.485583789784265418e+00
-6.453294852449610597e-02
9.103047546468385764e-01
1.367951322654863855e+00
-1.848723102375224026e-01
-3.291475576165304728e-01
-7.623670237186502829e-02
2.054240233687462336e+00
-2.914093710824867123e-01
3.971349728294116810e-01
1.642324632577756849e-01
-5.863424712826026397e-01
-1.338714030801048560e+00
5.512349180226336909e-01
7.889577205751155953e-01
9.123945188163111453e-03
5.976740074151936088e-01
-1.621213254410448779e-01
-3.253891678185945602e-01
-6.752045692511083885e-01
-5.861884406943332904e-01
2.040671702461203108e-01
-1.458296717934869591e+00
6.482605963658351067e-01
5.016301131973357474e-01
5.165106776889196727e-01
1.349921026900361198e+00
9.816796257642323997e-01
1.992630767397032265e+00
-1.466663150972834062e+00
-1.665203106993230930e+00
7.915937905252674600e-01
-4.289461028264902609e-01
2.251448343843825695e-01
1.897991046719021746e+00
-1.394493307406500682e+00
-1.264505495975945637e+00
-2.885547719159615720e-01
-4.651322084641693055e-01
-1.215050973901103948e+00
1.231806174004769217e+00
-1.763693979408146040e-01
-6.884654148552197261e-01
-3.916914871862554604e-01
8.895098445104575591e-01
-8.765430161114128038e-02
-7.052211455894171754e-01
-1.790697071631917270e+00
8.183166544118835040e-01
-1.165045123212178124e+00
-5.517570685560074795e-01
-2.168268118864927096e+00
-3.966894318453899615e-01
8.615281120129666403e-01
-6.978200432914724027e-01
5.214344674639282973e-01
1.146475041440395554e-01
-2.287092890755570096e+00
-2.122966332566677550e-01
8.134079551855635248e-01
1.439179426247669369e+00
-1.743552319297216879e+00
-1.448545534177584082e-01
7.943783336212626445e-01
1.030453089263135835e+00
3.662752833546961684e-01
3.507114859483685954e-01
-2.104117608443200282e+00
-1.011627154268410322e+00
-3.019662591573042398e+00
-1.530507428554836347e+00
-1.481895932251692916e+00
-1.521947924531560137e+00
1.899666935110765897e-01
7.834060231726817092e-01
-1.077189920604602946e+00
-8.957401344790626441e-01
6.894299836580074503e-01
2.995066762229346313e+00
-7.485493402744888281e-01
8.020073626836794478e-01
2.155633471879919938e+00
1.330864855910466327e+00
7.062125334543081223e-01
5.149842355994178611e-01
3.496524848330410662e-01
-1.265606509566309379e+00
8.814027635466321620e-01
-4.055494460947936530e-01
-1.883608527397158339e+00
4.296895945299697428e-01
-2.370967277826502073e+00
1.140734488848986983e+00
-8.001776455419919998e-01
-1.207534984414864843e+00
1.778513375135601926e-01
2.856679355312833346e-01
-1.524520942951237856e+00
-1.430496706896175474e-01
2.667146367554400991e-03
-1.839181458342971365e-01
3.268773761847068582e-01
-3.495411876647742111e-01
-8.615397715658590361e-01
1.523281999755883076e+00
-2.346022761238262255e+00
-2.300599033656912429e+00
3.619016611768746672e-02
2.244805366157943682e-01
-1.621213254410448779e-01
6.147975588387329937e-01
2.053403621415816893e+00
4.178389929326044028e-01
-9.490867191312332141e-01
-1.621060123324969071e+00
2.049100342150824705e+00
1.631875288535598600e-01
9.836948511789276317e-01
-1.243289151190281938e+00
1.257182186040242566e+00
1.803666785763471170e+00
1.359711556720820003e+00
-1.666452401556163476e+00
-1.132938020013969371e+00
-6.285068025443867334e-01
2.190754597827856698e-01
1.925977196993764184e-01
-1.535440013649657098e-01
-3.449059826592522637e-01
4.112928209145644942e+00
1.128981317492270681e-01
-1.744604996366137195e+00
-1.022604494362360228e+00
-3.859440238925471167e-01
-2.571536882309667149e+00
-1.653304537497841675e-01
-1.722769944895717054e-01
-6.420301764300904157e-01
2.338050781342157158e+00
8.870716282493162907e-01
-1.560880975069505627e+00
6.602398829378731682e-01
-5.800431480372472137e-01
5.883105880754376793e-01
5.691153063739871065e-01
-5.242035757896116310e-01
-9.219213756548977345e-01
-1.578226983072752887e+00
-2.142503706515332951e+00
1.238058409258213199e+00
-1.661495130676468701e+00
1.237177476905269469e+00
-2.251329688453995170e-01
-4.007743023705072627e-01
-1.589268906748506405e+00
-2.876919322979321514e+00
-9.767842052921776874e-01
-4.761504344996884686e-01
-1.176101098240271980e+00
-4.926584825168414672e-01
2.684642435706048880e-01
1.282090627942190419e+00
-1.091086284631178849e+00
6.048580347726991713e-01
6.475736060883126033e-01
-1.038939109254893411e+00
-1.992224549762720232e+00
1.601299746540017610e+00
1.504020972093583319e+00
-1.661765276343680764e+00
-8.755854987527637023e-01
-8.600802514668043353e-01
-2.357136224903382676e-02
-1.470390031018352639e+00
3.715259850967380650e-01
-5.600534042414593433e-02
-1.715919117097756796e+00
1.044584588322125640e+00
5.149420111933109556e-01
7.644674344889772488e-01
-1.411041589177636002e+00
1.228469708285063328e-02
-5.829103189912379079e-01
-4.331416166636058440e-01
2.165571849462132548e+00
1.108614049921743838e+00
-9.435701449821563003e-01
-2.369856938953378123e+00
2.179068465174113900e+00
-2.268008339239953486e+00
-5.837500604163488038e-01
2.365001805117982858e+00
8.535612991971249786e-01
1.474146241596659301e+00
-2.279027463785115448e-01
9.998661629286317298e-01
4.937391503716684893e-01
5.525597551705883070e-01
1.357612629140929617e-01
-1.206629873116626950e+00
-5.967702086296566844e-01
-1.507089555640291900e+00
1.454790659322688917e+00
-4.943769292929554027e+00
3.519472705189514161e-01
-5.149009829331765431e-01
-2.942881674312201601e-01
1.684058990228581854e+00
-6.007708788862059501e-01
-8.772131408948948827e-01
-2.287210760672613308e+00
1.276276174162379595e-01
1.967521605181365985e-01
8.437767674375953875e-02
7.526931898233130136e-01
4.014598283497812781e-01
-1.102538232981704169e+00
-1.492894397854856336e+00
7.692418370575898612e-01
1.531235607026695922e+00
-3.653580258813129977e-01
1.398215132902065783e+00
5.381898817896636766e-02
4.353767727578251368e+00
-1.830961769080394319e+00
1.902607415013534364e+00
1.831174832949803155e-01
-9.448881230402892406e-01
-1.809670638711841750e+00
-1.088202209689447253e+00
-2.591136468903731060e+00
-6.415076834010705609e-01
5.381898817896636766e-02
-2.124815211257322645e+00
8.092073746564348857e-01
-2.108185863196912369e+00
1.214089416473960625e+00
-4.067488985925237222e-01
-8.562709477902769040e-01
9.440816034932260070e-01
-8.842753646067826045e-02
9.986712695603888745e-01
-3.318585425770933517e-01
-1.591807942809751575e+00
1.018101630301921690e+00
5.629342088797348875e-01
-9.149632836862221508e-01
1.900904508489951183e-01
1.427211721082995766e+00
7.217513517659598365e-01
4.702743622293225068e-01
1.553679721829843263e+00
1.746937179666320450e+00
3.604277378327452874e-01
2.054883519004686576e+00
1.363092815873241159e+00
-3.651605965446546032e-01
-1.597813835243059977e+00
1.631875288535598600e-01
1.413364300169223986e+00
-3.033426039174157651e+00
-1.563483445509571190e+00
9.801113413597413171e-01
-3.258947436700247446e-01
5.017338518734163477e-01
2.375671758934858158e+00
1.387559212947699461e+00
-2.090482962674351519e-01
-6.539968525575625691e-01
2.604289090082954061e+00
-1.233162468509960252e+00
-1.575225115833868594e+00
4.033850114073450066e-01
6.721572245094599163e-01
-1.635052281561516718e+00
8.210270335288094579e-01
-1.016115817711532365e+00
1.657108109462101797e-01
-1.593286363883300805e+00
-8.567361606366198368e-01
-1.874735899059523758e+00
-4.861182887612418568e-01
-1.155720185043178638e+00
-9.053157430922339488e-01
-1.382586940621351346e+00
1.567506502557953540e+00
-5.712213331436001573e-02
1.700464371192031532e+00
1.095182999974901206e+00
-3.143403172988186167e-01
-1.201897740595949005e+00
3.313255564739572279e+00
-3.775022437356507221e-01
2.385149621125841168e+00
3.234946451940325929e-01
1.148758265871314244e+00
-1.298091915986529510e-01
7.332738485862317912e-01
-1.196964940811019229e+00
1.492265237882633544e+00
-6.814371333289638566e-02
-2.662442520579076710e+00
-2.020048027927615342e-01
-5.737770929878052151e-01
-3.156874113910000723e+00
8.149641161401860456e-01
2.604961131853633649e+00
3.742762841714443844e+00
1.043210223140922654e-01
1.288969067349043485e+00
6.258203775797361867e-01
-1.187329347436397065e+00
-3.505307582038108549e-02
-3.733079144354228829e-01
5.312386724221094259e-01
-1.238821965826594346e-01
-3.505475061538087522e-01
2.841669543195338932e+00
-1.333475681503336840e+00
-1.506319643658577512e+00
-1.119628475649653288e+00
-1.409863270887324882e+00
-1.439094630935094932e+00
-5.507995220115282642e-01
7.794304115757049178e-01
1.563210241161198111e+00
-2.108913426954197590e+00
1.783886195695280619e-01
-1.060572022758829780e+00
-7.864985534560895442e-01
1.474146241596659301e+00
2.891802838984214308e-01
1.599086502656824171e+00
4.637269000615560355e-01
3.556958066140932240e-01
-1.739605754594889309e+00
1.558570397673376240e+00
2.102972256103363691e-01
-1.131107739541927115e+00
-6.234881012362760710e-01
3.838887252039498987e-01
-1.312182942604277480e+00
7.966466207792345378e-01
-6.611581234326245615e-02
3.275699228417287834e-02
8.120024662302974261e-02
2.560451046226086991e+00
-2.117292430847112494e-01
-7.408417991203722908e-01
4.597258066629132944e-01
-1.115830848510190598e-01
-5.605799743041331995e-01
-2.091336909201812144e+00
-5.740952253931803639e-01
-3.510552231679190172e+00
-5.310929205758969651e-01
-7.910953221111256539e-01
6.098455665068118758e-01
9.898185699581402153e-01
2.755896493367477329e-01
-8.181880242691129679e-01
-7.816933353383912486e-01
-1.683824306335190757e+00
1.062726710049505946e-01
2.120366923323441899e+00
1.132698031582151765e+00
6.484824364796952789e-01
1.905145380187521331e+00
2.050774700877314505e+00
-2.000153748096689110e-01
2.053488918085404347e+00
-2.505641856440898874e+00
-5.438552968578015401e-01
-1.348378313367438075e+00
-2.287108027690289536e+00
8.246683909063549089e-01
-1.774759873781603381e-01
-3.158636834207303457e-01
-1.491264777754755633e+00
1.078646565222330711e+00
-2.279848660094859980e+00
-6.955268247267939463e-01
4.334980038497914245e-01
-8.826402369662654512e-02
3.668444218001025714e-01
-1.477890842161290741e-01
-2.131018008243640016e-01
-3.577113957607820915e-01
-3.058350041530120578e+00
-1.367612506485822443e-01
4.586075952581503690e-01
5.489312642501609218e-01
1.005590740570321051e+00
-1.109741958600356515e+00
2.575303186724366422e-01
5.393890994036864006e-01
1.082401346906930018e+00
2.033519214062931135e-03
-1.618631383770017251e+00
-1.572716976002810352e+00
4.339666819701891720e-01
-5.171244438264795962e-01
-1.242028017809801016e-01
-9.760546340872592319e-01
-4.690639749985300172e-02
-9.393308514498530659e-01
-1.464018993973599025e+00
1.051451489796302985e+00
-3.441987862810605980e-01
5.461993911623136411e-01
-3.961198452718743823e-01
-2.190291309646485107e+00
-1.199660604388702811e+00
-4.912995641605067965e-01
2.496307470143149104e-02
1.470763154787775973e+00
