1.875534137983951299e-01
-1.669524453189059621e-01
1.162597505511376195e+00
9.105367203753077510e-01
-1.420075061818308670e+00
-1.424157591260861278e+00
2.399187629347580841e-01
3.462250867256129461e-02
-6.130541159509956817e-01
-1.596218197271209505e+00
-9.402399820351577953e-01
2.033908957143827634e-01
2.515602496718659653e-01
5.475742750234082745e-01
2.135193184123204968e-01
4.778279910849136947e-01
-6.603038897532610418e-01
1.139892716273921414e+00
1.605120015682582446e+00
-1.089563665518752389e+00
8.870841672121613231e-01
-1.057620765777290917e+00
1.055076534017170553e-01
2.509932720394423278e-01
1.217487347713203327e+00
-7.389286481568075882e-01
5.235447687106888903e-01
1.377675661590137324e+00
4.380856729938784611e-01
-1.884422473763805728e-01
-4.445960951034145237e-01
-2.275312793440550596e+00
-2.775989757153955462e-01
-1.806787015608299074e-01
-2.186741619025586725e-01
-5.054675718801306950e-01
2.673193059582388287e+00
5.452125793222397654e-01
-1.019867707929055900e+00
1.839357275018029592e+00
6.413749114616065228e-01
-4.976403537404384125e-01
-8.910051724687700903e-01
-2.252621658203064481e-01
-3.252805963164950298e-01
8.571677685006445779e-01
1.085512094392969251e+00
1.768783554865052121e+00
-4.425990946634973944e-01
-3.477991771673126231e-01
-2.246269589693250968e+00
1.933536081462216005e+00
6.737864392028510875e-03
6.162727422245993791e-01
2.027820146019616854e-01
-6.475415492769416304e-01
3.423722614666303343e+00
-3.503093165334276726e-01
1.019624765371288877e+00
-1.585137096143344637e+00
6.484151820654400211e-01
4.229507326784340826e-01
1.478688655664435636e+00
-1.990885282438402404e-01
1.565563287039000440e-01
1.304558338218678948e+00
-1.810692293294987043e-01
3.066941179384083047e-02
-2.610940483767907327e+00
8.934304740679418488e-01
6.264034805557082697e-01
-4.208418736442614549e-01
-8.620278811952494236e-01
-4.058235615849172806e-01
-5.584522053615380566e-01
1.235842207225787415e-01
-2.622497972135783950e+00
-7.917975596892402601e-01
7.286604022309749462e-01
2.655136701974298852e-01
1.233362412317583701e+00
4.032258479141689889e-01
-3.579375257628676921e-01
-1.175443638423918635e-01
7.728697220123521561e-01
-1.960971423812438719e-01
5.377115196062479674e-01
-8.850267440369600225e-01
2.360185069429996674e-01
4.826515060415214053e-01
1.491041250314562860e-01
9.038609565990824990e-01
-1.073406395164812066e+00
-3.845339537778969530e-01
3.769166624355517747e-01
-1.396458407485734687e+00
2.721087190331478167e-01
1.663153618155513769e+00
1.514198884259827516e+00
-2.960579829327174006e-01
-1.298316948634568702e+00
-8.316548954680929029e-01
3.467593475004413506e-01
2.776906199472123915e-01
4.737363261304125550e-01
5.380114984206303408e-01
-4.821922543361003427e-02
-6.377662567511601655e-01
-2.627989005712415005e-01
-1.757052085198287150e+00
1.690754237625270717e-01
-3.172977506048497709e-01
-1.340409473617930169e+00
4.290523875959341149e-01
-8.781583151236113105e-01
5.374497317282950215e-01
1.767688892490479224e+00
-9.634070747835403736e-01
-3.873435361997989435e-01
7.865444830941539789e-02
2.378300183866117190e-01
-4.740138690264517618e-01
9.476991553721506728e-03
-2.006831316325111136e-01
4.945355845338051531e-02
-9.032990788661350301e-01
2.600697450743723049e-01
4.895952404605563579e-01
9.215315950997187144e-01
1.568913398400421932e-01
6.923306743405733821e-01
4.605234572633482570e-01
1.626989886192950208e-01
-2.256841430625586842e+00
1.016914185715883434e+00
9.475093323536504242e-01
1.216355812247687851e+00
2.311705761685710070e-01
-1.459916567434961898e+00
-6.180416870813660868e-01
-3.445366295836960885e-02
4.293514810199883236e-02
-2.468558281819385858e+00
-2.524870265773719313e-01
-1.027430707452238634e+00
-1.425703323215007146e+00
-4.362295375588374768e-01
4.862091100055112025e-01
-5.026245204201550409e-01
4.020822767806483955e-01
-5.933055305351837561e-01
1.551504556354224906e+00
-1.095301230571104956e+00
-1.974692761427811888e-02
-9.211700846047728986e-01
5.497694598926888832e-02
-3.608929495939177112e-01
-9.545969720242764023e-02
8.464877572721970500e-01
-2.420257897757700505e+00
1.315618238887211744e+00
-1.301314787019027253e-01
-4.444964613752044325e-01
-3.314228772302750259e-01
-7.606035933613538580e-01
-2.823016156202002788e-02
-8.435905575450900473e-01
-6.399737942674159630e-01
7.568000328700205115e-01
-3.898658132360943718e-01
-2.632752857836184179e-01
7.254496662512811556e-01
8.570158690360932807e-01
1.051604277972236101e+00
-6.068887872741478562e-01
-7.213571569788984617e-01
-9.442767529339217702e-01
-3.679566449130471928e-01
2.247338282038606194e-01
-3.475028178896131803e-01
2.599483841786892624e-01
-7.330810581849042662e-02
-4.523054565898471102e-01
1.038835715825460748e-01
1.850704549258919418e-01
-1.024094667990241118e-02
-1.035034825872337416e+00
1.048065058795811383e-01
1.093275640208519972e+00
2.028999875787618645e+00
1.116723070633662163e+00
-1.287025122560951473e+00
9.936710885528167447e-02
2.097962923347077346e+00
1.508596383254651174e+00
8.650895760363815079e-02
-1.989881052450797327e-01
-7.866884625848694634e-01
4.014159894599777512e-01
4.564671868804065502e-01
-4.281028306657913562e-01
-3.787449658760713156e-01
-5.606200939986489828e-01
-1.062140948001272456e+00
-6.944777648238672496e-01
7.031515237745801228e-01
1.317165008535955140e-01
1.979929448711921225e+00
6.427262923193857169e-01
-6.630324303385002338e-01
1.287423965383063029e+00
1.546815728378508892e+00
-3.833902755891401004e-02
1.393633290154686177e+00
-1.845322532742247335e-01
-6.191477235543321050e-02
-4.742962275593296528e-01
1.160356251524367194e-01
-2.437921543033026162e-01
-1.353461363016930374e-01
7.644956667440165610e-02
2.699204456955774378e-01
5.075299812341038663e-01
-1.379994992190582082e+00
-5.760784715018900659e-01
6.004764076259486716e-01
7.266123548440646118e-01
2.787266663011900292e-01
-4.374733843277970879e-01
1.170615936207678870e-01
-3.821918121402870933e-02
1.345248396031200944e+00
4.418656266354219486e-01
-2.526894199108302708e+00
8.151343836050063407e-01
-8.878932488976445936e-02
7.554564760272622359e-02
1.182149658089836075e+00
1.087161155010926139e+00
-3.672793587194845277e-01
1.389644424087583596e+00
-2.865594094222730925e-01
-5.027848563367819379e-01
4.987680564138041728e-01
-1.704965212276341735e-01
1.505766941710602769e+00
-1.173824603406516121e-01
-1.126436013836663141e+00
8.258815390460471084e-01
1.167041919312612197e-01
-2.256841430625586842e+00
3.948860160882987080e-01
7.446424102018383007e-01
1.936128310105081074e-01
6.242632823520927188e-01
5.648445557664611982e-01
1.113472161576733566e+00
-4.400928227731044640e-01
-3.186062934142877556e-01
7.097780070757258031e-01
-1.769925918394619768e-01
1.322861384648829741e+00
6.783967346680314092e-01
-3.176637991497326952e-01
-8.279813918292817931e-02
-6.332154216966608129e-02
-1.540886013982428471e-01
-3.779128244078844290e-01
1.302651090837350756e+00
1.013862779424749561e-01
1.713426810879606910e+00
9.926986340936674313e-01
3.078597215442346532e-02
-8.399804491648470497e-03
2.025030712099320951e+00
-5.790754177095607663e-02
-5.208054096730071469e-01
3.564685281120488214e-01
1.056926645140782384e+00
-1.327995109850994837e-01
-7.620809622996039812e-01
-1.869211841453553569e-01
5.405220403362273052e-01
-1.188658847413370578e+00
1.099966581767179541e+00
7.174403088661324146e-01
3.777280197743962398e-01
-8.250138840768445059e-01
4.098889535780402271e-01
6.268825373982037652e-01
1.227523692985170722e-01
4.920403748166667923e-01
-1.930649310696088028e+00
6.148445608954106190e-01
-5.076810791633164233e-02
3.760730005440011681e-01
-2.841742161913524689e-01
1.049963391137661572e+00
-7.921759246926143166e-03
-3.006789461525952722e-01
9.704145333111668936e-02
-9.043531039063419374e-01
-9.683821174239881646e-01
-3.752953912269455738e+00
-5.039741886125057579e-01
5.071517388702557749e-01
-3.069757014111126892e-01
6.969502579176571899e-01
3.911109970092871424e-02
-1.289271242298509418e-03
1.568205957228228087e-01
9.715344194546744472e-01
-2.678377321061545246e-01
3.197432300839863739e+00
-2.974088841496250746e-01
1.321187074747563805e+00
-4.136392439375507490e-01
7.166019605395941294e-01
-2.769346933269177524e-02
3.566604741061108474e-01
1.839096674728832426e+00
-5.194719319297746996e-01
4.674764323771785079e-01
-5.986513807260459563e-01
-1.152772863963862804e+00
-8.558417686774655309e-01
4.415713474418161977e-01
6.212182237910552907e-01
5.816182795905402436e-01
6.453139914985615011e-01
6.012474805899608032e-01
-8.165206967849607533e-01
1.641109880336803828e+00
-8.582382297089288237e-01
5.609525515620365776e-02
-7.240465757985040107e-02
6.208001559372752221e-01
5.038278677333146716e-01
4.635100562901344756e-01
-7.345300635007818990e-02
1.017822241827185271e-03
1.596597470995718138e-01
5.316610590410447701e-01
-2.787413744791997772e-01
1.010261913430465563e+00
2.287430358946650893e-02
-1.029686674837038685e-01
-1.526325913010176394e-01
2.123440372760823369e-01
-1.133573381444777706e+00
3.825731390826319633e-01
-9.966179163857458168e-02
5.920191763758652082e-01
-2.642365253156220839e-01
-9.724981082136868737e-01
7.579607997535167119e-01
6.637148777868755456e-01
-5.407482018402192531e-02
1.188292025727776847e-02
-3.652935508886524518e-01
6.319507409582184598e-01
-5.189082125736087514e-01
1.580532933436476828e+00
-7.577756872914518382e-01
6.326059224504223533e-01
-5.456898643399309412e-01
-6.999616081097886910e-01
1.777569630667241996e-01
-3.741669233530316774e+00
-2.155952314594451469e-01
-1.015481195868211062e+00
-1.034752656672961457e+00
-6.980697165461474674e-02
3.130497594935949257e-01
9.974506319561069478e-01
-1.553841369467309441e+00
-2.284089450185304015e-01
-7.473428298574583128e-02
-3.980437164029967390e-01
1.613118779469764064e-01
8.939490961586216144e-01
3.608531563423636346e+00
1.024727649672430851e-01
-4.674341960502734206e-01
1.112056686531073479e+00
-1.966990020829110453e+00
-2.856941829585893933e-01
1.089480007585068577e+00
3.206948242096758217e-01
8.921785665949338862e-01
5.223987146719265562e-01
-8.356032563565533033e-01
-2.063394771408510325e-02
-5.312482990373431635e-01
2.126991431751113493e-01
-4.192008717170450094e-01
-3.851564371468556014e-01
-1.786181683526746111e+00
1.195206825056298328e-01
-4.413020424060388330e-02
-2.159488050457078756e-01
-7.008719443973040475e-01
2.049136034529388806e-01
3.274055752574748235e-01
-1.094707917756946591e-01
1.133925745555542486e+00
5.256555579217655483e-01
-7.302099660552101579e-01
4.191222828281309098e-01
-1.546937531364367679e-01
1.400857120622709395e-01
4.624954551527963309e-01
-9.365768748222468298e-01
7.559136217332322431e-03
-4.324938467553436916e-01
1.799544541068301695e-01
-4.301344324586423573e-01
1.049745499061912835e+00
2.940385089474251590e+00
-1.580257603018055956e+00
1.365081491194221897e-01
-4.580944214222330557e-01
1.009245981622968052e-01
-6.454564912143924138e-01
1.083303110229686533e-01
-1.089531269711814687e+00
-8.782184263486155773e-01
7.562563608757651989e-01
5.116806739809232063e-01
-4.869921002539718824e-01
-5.617008206724951602e-01
-3.146946522796099655e-01
8.380583657252567154e-01
1.627454629302420352e+00
-2.713968881277949996e-01
2.116468967719369321e-01
