-4.567179527992175081e-01
3.240237731880182270e-01
-6.266493256284281221e-01
6.739248004839318851e-01
-1.611666197410322132e+00
6.423766852065362354e-01
-6.646337503882971953e-01
3.416025294640504528e-01
1.217312759945014394e-01
-3.386564475913237393e-01
-5.438247160876460429e-01
8.117436882744947235e-01
-5.434970101475702364e-01
-7.896825448622910582e-01
-1.026062632697697374e+00
8.233628830108671304e-01
-1.063346625088354286e-01
2.081701585584564196e+00
-2.239870282934585788e+00
4.328069618056828993e-01
1.105891487608371637e+00
2.653505939715257611e+00
2.659855120326460654e+00
1.328213794738604792e+00
-3.446912267387841067e-01
2.204302683686485895e-02
5.479135460590940365e-01
-6.461013782321989307e-01
-3.204607254967075658e-01
-3.241390245830672034e-01
-4.307950716237564648e-01
-4.308897478607147113e-01
-5.708013056173252275e-01
-2.869062100210492128e-01
-3.200948097166586015e-01
2.416362646481760024e-01
-1.214379487242100542e+00
-3.524436993678097818e-01
-6.585082250821994165e-01
2.421359499706299545e-01
3.665290670280516583e-01
-1.880391587539077092e+00
-4.193346542973923619e-01
-3.537591290753273610e-01
5.598053849577045993e-01
-3.502983816922788929e-01
1.000659707634947715e+00
1.705038120117529921e-01
-7.473410865399752190e-01
-1.197975151265628035e+00
-1.462209194743866902e+00
-4.448521348827301769e-01
1.649746293135503639e-01
-7.604032603502896670e+00
1.808720120409253118e+00
-1.447146995935562508e+00
1.265166284174189748e+00
-1.555472097459094927e-01
1.601575445005996912e+00
-1.925828104445821864e+00
6.376982619266422514e-01
5.267274453437150727e-01
1.172085577978587145e-01
-2.660266108334654045e-01
2.798577164282966212e+00
-9.718808461641827157e-02
1.022364184966271905e+00
6.434389173958428298e-02
-1.993753415249476912e+00
-1.585302102192163720e-01
-5.552123801909703005e-01
-1.689990439036173075e+00
-1.431599731468452985e+00
1.003366344586144321e-01
-1.035456432808446126e+00
1.771611593964158349e+00
4.703967435919715889e-01
-7.375081611179804542e-01
1.171818494531623234e+00
8.993052289227275731e-01
1.433079653270217024e+00
6.803273794829538534e-01
-4.935372709863287688e-01
-1.458451019129812787e-01
-1.397959357787888601e+00
-8.533744413995738576e-01
-5.752172064136329421e-01
7.577046729693203038e-03
2.470487380427433433e+00
4.277340237710545723e-01
-6.277288085273958762e-01
-4.974608886678842379e-01
9.059962301933252027e-01
-4.009195161029036614e-01
1.628376245821137047e-01
-2.097140376210495372e-01
-2.772024959887846585e-01
-3.070175875020391132e-01
-1.049877918673219002e+00
-9.050019736967490624e-01
-1.916822736975768215e+00
9.607225759913717855e-01
-5.533810728609798169e-01
1.369855491577214091e+00
-2.045937734887200710e-01
4.921085498305173556e-03
-9.524951726575852096e-01
-1.267838395744508739e+00
9.886650429524692640e-01
-1.067525982643763083e+00
-1.078819667109151448e+00
-5.269356619184524249e-01
-1.047022775389028437e+00
4.615701766812695117e-02
-1.017843867240437961e+00
-3.841406404918421558e-01
-1.110647920591844445e-01
-4.929664650593486575e-01
-2.569976062759529611e+00
2.627218382538332730e-01
6.938893440976673377e-01
1.327815058709965523e+00
7.140036693502048726e-01
6.645746255991120677e-01
3.094955747732127116e-01
5.398900009531136801e-01
-4.799732456560692473e-01
-4.324743030639462138e-02
-9.361187876335427260e-01
-1.383442245293925676e+00
5.348420508548361596e-01
-1.170991244419248067e+00
9.359926745856715913e-01
2.929787629884528788e-01
-4.072769357207933760e-01
-5.463181201136815268e-01
5.436019703438480476e-03
7.809509756627678323e-01
-9.036791022135770568e-01
-1.354670972897064285e+00
1.138256289128261461e-01
4.305161421704343794e-01
9.176343412577532277e-01
1.094170266497020094e+00
-2.439883782948343849e-01
-1.644953781634089562e+00
2.127339440051536634e+00
7.181179552182678227e-01
-1.022196474251657827e+00
-5.019933467949619921e-01
-3.928706758174435043e-01
-1.902888644490665415e+00
4.196990624183149360e-02
2.690831296653536375e-01
-9.061614678218444796e-01
-4.902890659290655151e-01
-7.047991839870088038e-01
1.503840217844437666e+00
-1.196438867804189510e+00
-9.186222159581985958e-01
1.087798302551415963e+00
6.974181439637753277e-01
-2.610669766414065229e+00
6.380067734742561614e-01
-1.106560219731021810e+00
2.346765568878921571e-01
-4.985175250781695433e-01
-1.836274224619894868e-01
1.220938927142832364e+00
5.017583641646401471e-01
-5.445230481504790276e-01
1.366628689218018167e+00
1.532770072977372999e-01
-9.594272370424855589e-01
6.319786885847938906e-01
-3.919287908791904002e-02
-5.022438155396279358e-01
8.784575703821039250e-01
2.428769096844559883e+00
-2.535732742296853970e-01
-9.672942900565960622e-01
8.150238697348725081e-01
-5.485162052831870083e-01
4.466395313148069923e-01
8.463258230140423555e-01
-1.561862120368621709e-01
-1.513466681346615550e+00
-4.568753921221857528e-01
1.037892522196965484e+00
5.981619284221126875e-01
-1.346665172749604011e-01
8.905432603581783235e-01
-8.840454394187317877e-02
-3.248543816562531328e-01
7.618675096918187117e-01
-3.069331028718310428e+00
1.314763563389773848e+00
2.757535032044114320e+00
-9.543245191630035373e-01
2.520109435106224205e-01
-1.135094972697792803e+00
1.736159358148200660e+00
-1.101340472873534093e+00
3.835495473191417592e-01
-7.148201946224896908e-01
2.080050466621552463e+00
3.115807801058230631e+00
5.788129611446306277e-02
-1.990197542228464567e-01
-1.322488794320252126e+00
6.642776068983707871e-01
-2.329666307804388048e-01
-3.087627201777145558e-01
-3.390876691876995586e-01
-3.547914064455632288e-01
1.296198990064007850e+00
-8.810213071546576513e-01
-2.846083688926119293e-01
-5.200409312145982677e-01
6.798577367793853625e-03
-3.406377628986479444e-01
4.149901895856005773e-01
5.823456214070994452e-01
-1.426690327518626566e-01
-1.198116914013242829e+00
8.482984813123608525e-01
-3.122257214895243216e-01
3.029684640298322962e-01
-1.156332619044269761e+00
-2.353176841812875675e-01
6.111804441320353165e-01
4.041714826216750711e-01
-1.593770515314610614e-01
-1.391565578480950638e+00
-5.240830955236220889e-01
1.609956362195499591e-01
9.119699768365913117e-01
-1.467564140716107079e+00
-4.156533491511199552e-01
-1.091945836008139104e+00
1.863255498176541458e-01
5.474378688577039576e-01
3.659174701871557578e-01
1.078327104405647496e-01
-2.694188911540229547e-01
8.238082101025741011e-01
-9.103796325610503670e-01
-1.791623413009181709e+00
-5.768041294356658355e-01
6.230148523762832902e-01
2.747230988040499700e+00
7.978798815271948008e-01
1.252530244660002623e+00
-1.290030366962976682e+00
2.596029556001555161e+00
-7.096232974261400539e-01
-4.571340633695424316e-01
-2.571650515581278551e+00
1.611181083602631459e+00
-1.510428202488398153e+00
-3.207540909023279263e-01
-1.642294502700943626e-01
-1.077346404551061676e-01
-4.729140893373218191e-01
7.247271835168774823e-01
-1.642741501070638099e-01
-2.833853291818312359e-01
1.773768521610461502e+00
1.601929404996738304e+00
2.617840889630943302e+00
2.173858609770131345e+00
-8.183387092709736299e-01
-6.774895043505001213e-02
-2.378455966005847966e-01
1.871343263163201653e+00
-7.321541627254015694e-01
3.464214101266890111e+00
3.704846908618240064e-01
-4.420885826651161921e-01
-6.230761640717719096e-01
-1.045217690824865819e+00
-1.614593709801163124e+00
4.981933575944160753e-01
5.788192721299354471e-01
1.380261957626276015e+00
5.141971547763899419e-01
-5.988528585771299984e-01
-7.459803300048983843e-01
1.528978563809884061e+00
-8.160739303968643776e-01
-6.523258865054609723e-01
-6.139728298049486055e-01
2.307108071274755201e-01
2.561257464940205342e+00
-6.922120694187808843e-01
-4.181278037103022815e-01
1.986425169011609149e-01
-2.559968355653084449e-01
-7.770558221110193120e-01
-7.552302976509861487e-01
-1.646483739983710393e-01
-2.788496871287567402e-01
-6.195977630456694918e-01
2.958347105410990552e-01
8.574673302252022733e-01
-5.270244599117556161e-01
9.531563495915528206e-01
-1.255767566350334929e+00
-1.135152393639364127e-01
-8.822821254494880860e-02
-6.229162933773674249e-01
2.242442706544606201e-01
-1.032762676795726087e+00
1.780503178571938960e+00
-1.019686474208484211e-01
8.244089773320113501e-01
-1.149189015024752791e+00
3.791126386631901157e-01
1.833982843787004047e+00
3.015482344197466080e+00
1.469313148366604427e+00
1.349075694188049734e+00
1.918842842198333065e-01
6.283145184531742089e-01
1.691110215741113976e-01
-6.673010315030344364e-01
7.836614451321848029e-02
-1.149026524540422978e+00
-1.266861046380479139e-01
8.657877026340573545e-01
-6.982365018832162873e-01
-3.723434343877180530e-01
5.342268004463507358e-01
2.671543378025088566e-01
-1.527900545091433138e+00
-1.679269508185918247e-01
1.961775886543412895e-01
-3.890899656629532299e-01
1.555370551560025794e+00
-6.720858063604703281e-01
7.268036300073287270e-01
-5.956235685482729192e-01
6.968467006528841212e-01
-1.072154010004301217e+00
-1.019735823776963590e+00
-1.112543210161754531e-01
-1.061073902064662899e+00
6.638449418239821265e-01
1.307701718527316537e+00
-4.648148288118511551e-01
1.402212564730583200e+00
-1.609895172599743185e-01
3.341771943187714644e+00
1.448527043726661967e+00
-5.641000946018464024e-01
5.471636074557165719e-01
-9.626850260805062121e-01
-2.141304564955710255e-01
-6.662016072264155264e-01
-1.753415315321810164e+00
-7.560604699561419118e+00
1.435152628980836953e+00
-1.522191076792559050e+00
-1.169781845102480844e+00
-1.499280451428801841e+00
-1.741233274345119098e+00
-1.597289004053453088e+00
1.696939972383088913e+00
3.375529941239726606e-01
-8.231616556713506894e-01
2.321004396145629034e+00
-4.440889284506834289e-01
1.142380910849201264e-01
-3.890300707336452057e-01
1.474282408902665820e+00
1.016622653072241506e-01
-1.612534974582792435e-01
-1.113157286354799824e+00
-8.577556331704389025e-01
-1.116052481671169438e+00
2.255501287989743364e+00
3.976613749630931310e-02
-5.904853287560480474e-02
-4.588319566661171467e-01
1.983948408849473877e+00
3.438397791735421372e-01
-6.023947978292056860e-01
-1.408860735106851170e+00
-1.509719695306380061e+00
-1.788606636924346738e+00
-7.503733088792882699e-02
-1.189816222648240433e-02
-3.249238077717227502e-01
-6.487968093886449239e-01
-2.270679751603407737e-02
-1.763026686830915513e-01
-1.562217717436918507e+00
2.946288597381635857e-02
-1.115306600920038527e+00
1.253903288426986062e+00
-8.277116417877331545e-01
-7.720755482455143870e-01
-1.276420239452311201e+00
1.826357090676390849e+00
-8.668742619799248983e-01
1.888891838178804239e+00
-1.515403142696451599e+00
1.874177745106828108e-01
-4.785883844306408341e-01
-1.691668184617393322e+00
5.370317888232701842e-01
5.537632189913822556e-01
-2.286554915975035421e-02
-9.606864720672378954e-01
1.387258649697668877e+00
1.482851483651281388e+00
-1.475327461852455224e+00
-2.902568147945523425e-01
2.985814489072841083e-01
-6.447677119675652158e-01
1.534484190348656685e-01
-6.336148928242597567e-01
2.000745675692469305e+00
-2.621525432399656186e-01
-4.771130896987508252e-01
-1.862383498227715206e+00
-6.188966625836909152e-01
2.237858829417345596e+00
-1.551946740922167001e+00
-2.300107921201233474e-01
9.633745913129379557e-02
-4.343825512856658300e-01
1.267425341378158876e-01
-6.465342331150149002e-01
-1.395483192877940148e-01
8.355085177900249960e-01
