1.384552031780025949e+00
2.085936454137379936e+00
-1.116915108392059430e+00
-2.396326098709136709e-01
-1.424757545449210738e+00
-1.386671984931582946e+00
-1.124735210553593712e+00
-1.026457314452995595e+00
-1.113494927961423020e+00
-1.083077919416707280e+00
-1.373600820380177279e+00
-3.585326683913146462e-01
1.749131120630826208e+00
7.402868900441586519e-02
4.993281294386044067e+00
-3.228109521167375484e-01
-9.309112905971966834e-01
-2.478677740076699054e-01
-1.174777146787113313e+00
-4.584303673167005044e-01
-4.215877711981936282e-01
1.812662760602196999e+00
6.175799243352482204e-01
4.756431830490893686e-01
-6.295916991064812729e-01
1.210924316254446076e+00
-7.316143446162208797e-01
-7.196952998212152730e-02
6.867611660023138498e-01
-5.843683387871833057e-01
-1.452208215855919637e-01
-9.145380987426544594e-01
-1.004876865346396198e+00
-5.199558673083046756e-01
-3.358756922181183602e-01
-1.144600050181102224e+00
1.882002885156105032e+00
-1.773987930501274013e+00
-3.035118331956186966e-01
2.877611231522291479e+00
9.368709628855305394e-02
-5.231889565731092651e-01
-9.873844293615801071e-01
-3.944134934816825311e-01
5.390179521440160437e-01
1.985262090168460780e+00
1.364741818547448693e+00
2.015059904050073847e+00
-1.134234520525163825e+00
-1.193973200018809827e-01
-8.061192346300934952e-01
1.471530035073866094e-01
2.954973705158279174e-01
1.592340517452875304e+00
-9.285187586690515360e-01
6.388392488374036171e-01
5.585385152227050343e-01
-7.809528834031066458e-01
-4.441710149608578684e-01
-3.477950615491860464e-01
1.499449569105798519e-01
1.215558425233065121e+00
1.194522684351338349e+00
-9.230631226671722755e-01
-2.469881594072734776e-01
1.147213430087822700e-01
1.575037889149761006e-01
-3.164844209013848997e-01
-2.834611566666302429e-01
-9.903895249693769332e-01
-1.378590255425661271e-01
-2.235915143827907001e-02
-1.013544367670416557e+00
-4.854719878971729408e-01
-1.719967385013136951e+00
1.565845641143756906e+00
6.919802595853778993e-01
3.323165813008514546e-01
1.492210481416418599e-01
-4.447788744095415026e-01
1.300560693205948581e+00
6.330968644500187814e-01
5.699637351011630493e-01
2.415852194823573829e+00
-2.112586135406508137e-01
-1.318989419848038969e+00
1.518623888145653300e+00
-1.017835955757887545e+00
1.592328071075230111e+00
-5.098715420209789517e-01
2.771095570316424173e+00
4.208533696210520758e-01
-6.987729916209063363e-01
-6.458552950131312143e-01
7.191977733683682095e-01
-6.859951783940549941e-01
2.435785464715673476e-01
-8.311029095720818827e-01
-1.638857692954596823e+00
-1.067936437794093418e+00
-1.211420183038780296e+00
-4.766630653015566099e-01
2.677837838246575064e+00
-3.815330139594845238e-01
8.375380364895310681e-01
1.181186249136552818e-01
-8.835787495421055793e-01
6.463310022225027263e-01
7.247747918600083716e-03
4.252310383791176318e-01
-3.568104489458486239e-01
-1.106201536579455441e-01
-8.047672855353885657e-01
-1.577996562277833303e-01
-1.451051947365782135e+00
-1.085303369228217824e-01
-5.464957494126039539e-02
-1.628642747525736456e-01
-7.842183783048293222e-01
6.965502231539215661e-01
-2.120389102931366787e-01
-8.007407150479921576e-01
7.257190087443342597e-01
1.126232560002716543e+00
1.155989855790023890e+00
1.343228091130743707e-01
6.828306517248157181e-01
-1.000608724414067119e+00
-4.936702023545698759e-01
-8.550221238920444611e-01
-1.096430634690022249e-01
1.131867967295093091e+00
7.016278781273365128e-01
-1.135962164140973618e+00
-9.035157381900993379e-01
1.764354928073308182e+00
1.104275385322771447e-01
-7.653275275896215257e-01
-1.832788237689954691e+00
-1.394645641571881645e-01
2.315675892976238437e+00
-4.680833737011088069e-01
-1.112845348666532397e+00
-3.969520933474927626e-01
2.461919671235318630e-01
-1.483252580203941795e+00
4.793680359112894585e-01
-2.977948070750624510e-01
4.542930822550143855e-02
1.348423397927356326e+00
-1.226766924886014271e-01
-1.418198345455311982e+00
-6.137550408554994785e-01
-7.912361395257483387e-01
-1.210551179097536512e+00
-4.491269623751637519e-01
-6.330597788874013920e-01
1.532707527511169898e+00
2.473629816469952392e+00
-1.831949577516858385e+00
8.535107121364425842e-01
3.985686457348937561e-01
-1.213194621988846311e+00
1.433580193076809728e+00
-4.243403504390920733e-01
-8.498537323722893388e-01
-2.364580056606005176e-01
-8.447300882907214925e-01
-2.792508459608952776e-02
4.365546321847666444e-01
1.392154151633437476e+00
2.349781727593331926e+00
4.633714948343100604e-01
2.469318356840624062e+00
4.142315463401581299e-01
-1.746778471643977426e-01
4.537841787834793750e-01
2.588880519031627525e+00
1.521946739955849948e+00
5.934949195755754303e-01
-8.874055713780769628e-01
-6.433588923360316070e-01
-7.306252347465758135e-02
2.642203930863892936e+00
3.857244663505867560e-02
6.052037762731475590e-02
-6.382700325680497055e-01
-4.570473857900429066e-02
1.429154290026327434e+00
7.573342732998075144e-01
1.090522259638763591e+00
5.309018304991122150e-01
-5.479286484839560600e-01
-8.485993211020549376e-01
6.460114697263457106e-01
-7.237883903475105241e-01
-6.149140438424841593e-01
1.359529421756687784e-01
-1.217003496642662941e-01
-1.054408782048303461e+00
-1.143290289153916922e-01
7.813903407685278690e-01
1.363441081101139929e+00
6.281570099279352171e-01
-1.366005246479005120e+00
6.251134381800353967e-01
4.940250618583977849e-01
1.776708654409492105e+00
6.761197454756090464e-02
-2.973294716838860430e-02
2.715020748267618633e-01
2.162363881461855097e+00
8.694355270879965403e-01
2.161896603243391279e+00
1.646345874628238892e-01
-2.714448902304194555e-01
5.146449681911638985e-01
3.527774868934348551e-01
-2.911679506889309696e-02
-1.209002354234659071e+00
-7.731809438575582005e-01
1.131297207764762280e+00
1.527936055773957191e+00
-1.851175738902680834e+00
-5.677690917762535650e-01
2.969032086086317301e-01
7.997856492688927565e-02
-6.045326173939831182e-01
-3.769836693590525312e-01
5.538916240614565056e-02
-9.434714156790994233e-01
-2.165583022812595515e-01
-6.885673532376994643e-01
-1.288985074892096794e+00
2.138979407772834573e+00
-1.046844252202840719e+00
2.723942483062639919e-02
5.283298503225708487e-01
5.603969862762314680e-01
-4.693619011440902100e-01
6.263264413173904588e-01
-1.982010444992640397e-01
2.101579043189481522e-01
1.233748291661111329e+00
-6.270612578415948324e-01
2.599643352453859801e+00
-1.361416095057314424e+00
-1.180632080693671260e-01
-2.491627145530163623e-01
1.177151831536717763e+00
-8.560469871443602274e-01
2.742518055771631325e+00
-5.507835360238044764e-01
9.046013450705664427e-01
-9.244401826590240567e-01
1.473554747481740979e+00
-4.536571291795784555e-01
-1.143114320011440421e+00
-1.048468857957502332e+00
1.481323494626177295e+00
2.232132414236584761e-01
1.149387743229842940e+00
2.817576086510747979e-01
-7.359188835504802961e-01
-5.067624871979902190e-01
-2.286289412244363883e-01
-2.289398520273730198e-01
8.512891244276202807e-01
9.070634317819564751e-01
5.416934079817934400e-01
1.091954348592338420e+00
7.011015982014768833e-01
3.070263044524181861e+00
1.325153682687224554e-01
4.387599395244522471e-01
1.115796462417933066e+00
-6.731138475758121631e-01
1.851858898379580426e-02
-9.471689511590061228e-01
3.545630091119693073e-01
9.662804098266954966e-01
7.911187055773644117e-01
3.775160631122375654e-01
2.475237401415372407e+00
-3.550059215439724247e-01
-2.016281880236255875e-01
1.656398674636269386e-01
-6.073551307758419116e-01
-1.225966532475204263e+00
1.160671422491084126e+00
-8.822678131387289013e-02
9.010740648336470482e-01
-1.511673360735809490e+00
-9.830948005797077727e-01
1.195126721798291519e-01
2.850162482160372601e+00
-1.141410448327021987e+00
3.533159300803622727e-01
-5.984587341354417056e-01
3.187716368575807535e-01
-8.264010941125717880e-01
-9.595486603661107505e-01
8.903076132799527809e-01
2.134062588752680054e-02
-7.695014631574526032e-02
-2.451898398231255050e-01
-3.096186930918560787e-01
3.798164264054209455e-02
5.162465667264717339e-01
9.664257178466155729e-01
-8.072790775182652201e-01
4.106777582453797204e-01
-6.113828502481789551e-01
2.980070758094663930e+00
-1.660686312026108946e-01
-5.243817434829715074e-01
-9.691458774274750443e-01
-5.604759144166978624e-01
-3.168632611765532237e-01
8.747908413973874975e-01
3.866754238343862449e-01
-7.918104566156664026e-02
-4.286970270248940396e-01
-6.551258954348629926e-01
-9.958303228808149665e-01
1.775363710597143374e+00
3.957267415424433055e-01
-7.777139763003405593e-01
-6.079504119461903722e-01
-2.643803757883139149e-01
-3.856942105601966070e-02
-1.074194712986551892e+00
6.629782444903993266e-01
9.297318102140385288e-02
-3.350820931013703263e-01
4.935227188652822061e-01
-1.261039796917358347e+00
3.091285988614423941e-01
-2.567578232064317012e-01
-1.801598065315102248e+00
1.194239366432095634e-01
2.823961860819566905e+00
-7.744782705482201601e-01
-2.213265454541669397e-01
8.282504169104644154e-01
2.994198542988628642e+00
-4.407960909090157808e-01
-8.793531528708858902e-01
-7.807507442418318115e-03
-1.433394209970057176e+00
-2.195517882865203052e-01
-1.056610458331971314e+00
-5.752257814741793540e-01
1.946629781165547524e-01
1.561358807125183601e+00
8.458561942428109992e-01
1.401486663777223862e+00
5.717627572922959756e-01
9.268939775036726392e-01
-1.004921099934973805e+00
1.662876603189377134e+00
-2.749693656623584254e-02
-5.695842695493993357e-01
-2.862441332340501243e-01
-7.557740751671158108e-01
5.564625858194063301e-01
-1.313340169400614432e-01
7.660431824865667760e-01
9.172195700690692621e-02
-9.165292576073292841e-01
-8.012213760311365229e-01
3.907419007610152262e-02
1.672145015711894223e+00
-3.590102885709483549e-01
-5.325836159464345521e-01
-9.398683202391022729e-01
-4.387745747121334361e-01
8.415906811866824544e-01
1.078189547213456168e+00
-4.212229204247272540e-01
1.243729228596524905e+00
7.361563732753049205e-01
-2.944637690686984777e-01
-2.877920865988208704e-02
1.204533439496553004e+00
3.215862037237710025e-02
1.165479034101607692e+00
1.386458014732254274e+00
-3.756084820701940941e-01
1.590298780181296001e+00
2.264980612498213475e+00
2.822273048819612828e+00
3.575667256020026441e-01
-8.560469871443602274e-01
8.745455679703165730e-01
2.790430543824417242e+00
-1.531530968091191269e+00
-6.137836587807891098e-01
2.834067008626651174e-01
1.483792006937743602e-01
-1.434860502294186491e+00
-5.697266798248646902e-01
-2.491627145530163623e-01
-3.818053141071719447e-01
-1.285351593521761204e+00
9.337207897516788258e-01
-1.118304446051740841e+00
-1.705518797134572551e-01
4.455954156153896784e-01
9.888446499026627423e-01
-1.940051646893282911e+00
-7.802576541363578366e-01
1.646454486310668486e+00
-1.194796412440392447e-01
-4.970938601322428818e-01
1.756265988724889260e+00
-5.225116578634461106e-01
2.892696015921006891e-01
5.042533394702729543e-01
1.517953514733522691e-01
4.754967439838204135e-01
3.197508242638312514e-02
5.497472149705756594e-01
-9.882305576144506665e-01
6.831563824826644149e-01
-6.413010268581552653e-01
-7.295258389672796273e-01
1.144532727376007530e+00
-1.177115482169683869e+00
-1.370984551029709397e+00
-1.606505873382798877e-01
3.076863303586407361e-01
7.014853948710791931e-01
2.163141804840763294e-01
2.257109780386143127e-01
1.220171924098294031e-01
