-2.553908291291019372e-01
2.186536560714690047e+00
9.360606976263134704e-02
-6.140494010886050624e-01
-2.970991921889562182e+00
-1.022461651695293350e+00
1.398360434413041142e+00
-1.343885934071556099e+00
4.520778212676231922e-01
-3.907298243682614386e-02
5.443200948000173622e-02
8.816268668545769183e-01
-1.276404193371033058e+00
-1.287019350053199451e+00
8.010952203309281705e-01
-1.018941736574191737e+00
4.572911289448671757e-01
1.526966295677900209e+00
3.082784985617710305e-01
-1.364345953119855182e+00
1.199717427935897973e+00
2.184562781049418145e+00
3.922672165556920221e-01
5.181714557377057329e-01
1.423467902229495374e+00
1.003423976353992719e+00
-1.096955971752685777e+00
-1.378686266422219253e+00
8.533212711547043527e-01
1.662598019193449295e+00
-3.257663110718862498e-01
-6.964319411783905789e-01
-7.742640339162532026e-02
1.702331108207247423e+00
-3.553225380708903147e-01
-1.549997660827563850e+00
1.556457337148034581e+00
2.946812471285502610e-01
-4.371013967095583319e-01
9.414095041382970486e-01
-7.437653175933836014e-01
5.667581955020951634e-01
-1.714681277618937294e+00
-3.912477483138244727e-01
2.633889050310267432e-01
-9.120791822544488392e-01
-7.501770144521959782e-01
-1.815205209975600642e+00
9.912692542109371452e-01
-1.506512591895201147e+00
9.085299774143036355e-01
2.751836849200314461e+00
-1.367462376442690752e+00
-1.170109953387098445e+00
2.089215185897827176e+00
6.231186135759890846e-03
-1.009806120558027764e+00
7.799925722795521266e-02
2.000173501743269522e-01
-1.342296273542214369e+00
-3.795032842706482779e-01
2.402170502761491022e+00
-1.381479612558667580e-01
2.223863062958122694e-01
-4.626031330126320618e-01
-1.157889356545928949e+00
-3.166237543834526380e-01
-4.146964565636651612e-02
-1.497713368451572657e+00
1.312031614051069606e-01
-2.771408992913694802e-01
-3.476736373823721138e-01
-1.100437756146314561e+00
-9.680831823250399815e-01
-7.825172238942191827e-01
-3.731251375257549352e-02
-4.863911780282418884e-01
-1.917409934267823024e+00
3.530624947072944497e-01
3.106434214966657392e-01
5.018812394715982395e-01
9.873899476889195226e-01
-3.335672094156657552e-01
6.153185620389333144e-01
7.908680492878282786e-01
2.289369797602369139e-01
1.055168046433520468e+00
9.807709838097383725e-01
8.534345646257912588e-01
1.707653071775384834e+00
-3.243270644973750283e-01
-4.012261723937685098e-01
-7.493199721097080213e-01
1.459235313278014201e-01
-1.064897648668835961e+00
-1.170091035936523305e+00
2.967971105535193832e+00
1.044496728476003791e-02
9.085934963875193573e-03
-2.489143410260294509e+00
1.352181317008578354e+00
-6.212399009347316925e-01
-2.791575773199188149e+00
6.958336556359301373e-01
6.546616358178214412e-01
1.613175059062285088e-01
-9.121573033749694748e-01
-8.980041781835713666e-01
-8.805381495286004334e-01
5.347743356714983465e-01
1.730605412427316803e-01
-1.650552477949084995e+00
-4.136317849979184030e-02
-1.111638975927100592e+00
1.033974607973980608e-01
-2.614564685317763537e+00
2.705314819743986354e-01
4.787371750198852749e-01
-2.627190071437504049e+00
-1.497356553945457858e+00
-1.110811670360344061e-01
-1.296870549169955478e+00
-1.156090088271684913e+00
6.897612888809661058e-01
8.331577579598306582e-02
-7.929530073057023953e-01
-6.933782175426117522e-01
-1.543857309904858699e+00
7.002393012894749802e-01
3.529083790613302130e-01
1.467669077865361382e+00
2.838484349293677877e-01
-2.338876416949501325e-01
9.461091682927906810e-01
-5.445976425873184645e-01
2.290929963327426877e-01
-5.568231771567342392e-01
1.249720637567998671e-01
-2.869170591179738938e+00
5.091442635303866648e-01
1.708115598553635817e+00
5.324045514082653002e-02
-9.100167522844613277e-01
1.563691466816135023e-01
-1.632016422450460524e+00
-3.006515426847235606e+00
-4.110783823441773177e-01
1.095540994828629877e-01
-1.136437170227792892e+00
2.305683222327708226e-01
1.633506445147389075e+00
9.648685848911766616e-01
1.136344512166676202e+00
-4.706347547267628051e-01
-1.072798612068935453e+00
-6.568327186207854052e-01
-9.906646309815624329e-01
-4.387336807004790784e-01
-2.666670378788079110e-01
1.303052082843725090e+00
1.570191718178127083e+00
-1.003422108989899808e+00
-1.535088122817060974e+00
-1.708688334889428839e+00
-8.196874730910153062e-01
-5.073512006449690803e-01
1.890618487206433551e-01
3.388393388282908703e-01
-2.486425667102886705e-01
4.054270783171062265e-01
7.658018982627763371e-01
-3.455241926770486471e-01
7.277565403847319203e-01
2.151117429286008242e+00
8.529139808160887126e-01
-9.770343674333057393e-01
-2.081203958765402151e-01
2.081447767457061671e-01
8.089163213124495044e-01
2.015398626276046823e+00
1.300225575783061638e+00
4.865037187598444390e-01
4.499855248433666521e-02
3.351915230261012790e-01
-5.028506874490152878e-01
4.526198577008937463e-01
-1.277078127499245985e+00
1.107455301005493276e+00
-7.104439254383976277e-01
1.660577608231957436e+00
-6.884857072570503833e-01
-8.658793343601320913e-01
3.417153028398587367e-01
5.146338365411465832e-01
-5.700041605647599985e-01
3.616351948645137732e-02
1.486293871571170155e-01
4.022009956563747934e-01
4.762070650271365557e-01
-3.807873696320915324e-01
1.891116988500012752e+00
-4.599122823134621507e-01
1.232207744572974412e-01
-2.043894151096952605e+00
-9.574774322332977317e-01
2.356580911526029998e-01
4.491948211701440874e-01
8.552834123095677255e-01
4.955650266409330484e-01
-1.823339369617783534e+00
-2.170617352225686636e-01
1.302084792717973505e+00
6.689427435442212300e-01
-1.258515974658043490e-01
-4.897179126883527411e-01
5.984623934618499286e-01
9.010452433777023096e-01
-1.039428319185407457e+00
4.287615272343285322e-01
-5.756288618035479976e-01
3.701382442961007047e-01
-7.792525067895506030e-01
-5.645906657920694849e-02
-2.610137903224762468e+00
-4.382258054835532213e-01
-1.421306756933673254e+00
-2.893216779137474104e-01
6.841886590804556745e-01
-2.424154194459242351e-01
8.677992737251313260e-01
6.778865869495243057e-01
1.380844657878039339e+00
2.066799104356742856e+00
-2.358066032133166789e+00
-7.867591683577604966e-01
-6.392893974861134643e-01
-1.126570796226824545e+00
-6.072797840650318024e-01
6.985126556521967789e-01
-2.837254856091149247e-01
1.310585352979036999e+00
2.225572601059137567e-01
-3.972224203159228917e-03
3.485922528102030071e-01
-2.198728253553248191e-01
1.274648789503033397e+00
-1.286895731265706777e+00
-9.189278684447408363e-01
1.730566092811734347e+00
-8.333288084820740238e-01
-9.205051655229845586e-02
-2.705407992099204684e-01
1.867936825158920788e+00
-9.443062754955584559e-01
7.826767410716458651e-01
-5.977329054940245801e-01
-3.095283644753637486e-01
-1.493447547683303345e+00
-1.682665628628941423e+00
4.316811962051745333e-01
-4.533950554585737258e-01
-1.064488615809295435e+00
3.251428408290964467e-01
1.579568377554884107e-01
-7.761563879086461615e-01
-1.071645295481858051e+00
8.657210865513415010e-01
-4.197762857038560003e-01
1.310006307585408480e+00
3.474304517504037126e-01
1.057548423517351566e+00
-8.488121299802235675e-02
-8.298166958697049400e-02
1.703778414322310697e+00
1.695562544994970056e+00
8.125502563599865669e-01
-1.179641654889420188e+00
-5.763585268812654316e-01
1.582935619901608915e+00
8.491772698385146034e-01
-1.808673416548163715e+00
4.215424114336868477e+00
8.284443043327540668e-01
-1.548509802776427413e-01
2.201632068931222153e-01
-2.162918307010329999e-01
4.259959536207347242e-01
-1.453077401928983825e+00
-2.804790842758889124e-01
6.384493138546674107e-01
1.067896403842218955e+00
-1.331011676864143567e+00
-1.629611108101014505e-01
7.455707647634292057e-01
4.864586788800833173e-01
1.660035780339046196e+00
-1.387098090902795511e-01
-1.268126143268408557e+00
-7.530543030232995649e-01
3.350410306477426658e+00
6.011803023727060324e-01
-1.234984778261910554e+00
3.549213552212835410e-01
2.387651591203175272e+00
2.517849535856315768e-01
-9.158720355629519361e-01
1.084618414574012757e+00
-7.881820193443786482e-02
-1.411769886068374502e+00
-1.336060835344780595e-01
-2.179996520805092264e-01
2.920327310095831019e-01
-1.551934879268263900e+00
8.180972206948293746e-01
-1.000439014935612381e+00
-1.452492039241639832e+00
-1.697179495737981769e+00
9.349310599516515163e-02
-2.810681215634872609e-01
2.078642684393632756e+00
1.458890409579159941e+00
9.013660159333465316e-01
-1.231533545978368505e+00
-7.293442801741706338e-01
1.367994793021049538e-01
6.320672998102240536e-02
2.097624686438240182e+00
2.333796222485975402e+00
5.087809143878805340e-01
-2.237913041705893225e+00
2.032539996601021581e+00
-6.091702627784047891e-02
-4.634561354003453038e-01
1.057016625277281907e+00
-1.380104118107692845e-01
2.533062509987110689e-01
-1.172331594334548477e+00
-6.884834252115366038e-01
1.749209117633050425e+00
-9.433279026544055812e-01
-8.052562947905528290e-01
-2.900683304548528629e-01
-3.942260741937936852e-01
-1.474235603808887962e+00
3.775810601833060054e-02
-1.294088260505236732e-01
5.650917446377289322e-01
-1.802075821849866033e+00
-9.932916528849214943e-01
1.049991294098408856e+00
-6.084634733785274641e-01
9.622606876240271667e-01
3.414180105752749883e-01
-2.371741532624109805e+00
-8.636056422631197549e-01
9.067253993173375326e-01
2.748562912173445616e-01
9.881118660022206734e-01
5.108719502736972506e-01
1.306792368883229916e+00
-1.123770663782716284e+00
7.242498309050293681e-01
-3.346038290280132776e-01
8.932448590470404293e-01
-1.070220437211872211e+00
-4.756693663429069352e-02
1.591466531092272874e+00
5.980629594969962826e-01
2.432169834516517248e+00
2.954289138216674715e-01
3.444264713114637555e-01
-1.408874732283426745e+00
2.425127663824795388e-01
-8.086853767321626751e-01
5.936672934703320914e-01
-1.002830158791817361e+00
1.783271901814367455e+00
-1.305809976811618922e+00
4.390703642806926821e-01
1.333274522289333852e-01
1.434935161619204980e+00
1.323926285176479034e+00
-4.229429580502924724e-01
-1.865438986854809078e-01
-1.663878715472477898e+00
-9.054416744131972283e-01
9.876501080523367726e-01
1.998842004935207362e-01
-1.874442581504822014e+00
1.555276151355024401e-02
2.544125795133192480e-01
-4.156176158473277038e-01
-5.188306303460974434e-01
-7.007862967945778232e-01
5.565993731424087043e-01
2.415435869461452778e-01
-9.861128771186442599e-01
7.586767959646054660e-01
2.108488291031136441e-01
2.876966272306965763e-02
-1.819273021670614887e-01
-2.308668538325484132e+00
-4.237501576821512406e-01
1.265228388772308588e+00
-1.240468574802153556e+00
2.017881730100845594e+00
-6.827605867459488609e-01
-3.545680804976817924e-01
-1.612415974863555590e+00
3.545188744155620131e-01
-2.241574191787777670e-01
-4.786540115031392428e-01
8.680964681132206096e-01
1.577998537725440853e+00
1.441889302858809785e+00
4.895312599071883763e-01
-6.814876443054653787e-01
-1.304687979341157211e+00
1.554952931505478420e+00
-2.383176366097399690e+00
-1.556956677805467759e+00
-1.555053281154511025e+00
2.339137752630189304e+00
-2.629782957974497459e-01
3.230466418011644358e-01
-5.736283569561136941e-01
-8.129443663740119064e-01
8.291572733496740399e-01
-7.217533405279576986e-01
-6.451370833844588537e-01
-2.839616840838098399e-01
5.656332468232417865e-01
-5.141375098690988965e-01
-1.614757699882870989e+00
-8.267454559913957335e-02
-1.020610835899207203e+00
