2.776930023586240415e-01
7.359051938815222016e-01
1.363756357503726965e-02
2.807378007588123836e-02
-1.267149991010184218e+00
-2.590869440340901053e-02
-7.878463468068948039e-01
1.150249229800636597e+00
1.493380034559640857e+00
-1.245561894295144495e-01
-3.549494229016325608e-01
-7.978034013972284955e-01
-3.484583044578432598e-01
6.335212419685106733e-01
5.385770737927669805e-01
6.633642641671964046e-01
-7.830654023536272323e-02
2.121480498802783998e+00
-3.574224046018142920e-01
-7.100534535807059289e-01
1.310837896532754732e+00
1.023254278223016955e+00
-1.149634055870523586e+00
6.260219291410008546e-01
1.332097671760194890e+00
-3.166638744869338939e-01
1.951780242607703775e+00
8.877364882599972917e-01
2.017633683073489337e+00
-2.941320324292411048e-04
2.593566682620139785e-01
-4.373471945820636142e-01
5.325298975336161256e-01
1.148268708983630204e-01
-7.552100022344922226e-02
-2.842376468972983017e-01
8.743769930035186766e-01
-3.829542342045005321e-01
-9.589792953653905050e-01
2.453031576093691879e-01
-5.370058240651298664e-01
-1.235899467647172623e+00
-1.336994988178634991e-01
-1.803553528698688402e-01
1.492329511486620186e+00
-1.227420230537262374e-01
-4.778810328800869311e-01
1.273974642820966618e+00
-5.492488648266175000e-01
6.199854920767201572e-01
-1.864459182889631306e+00
-3.372486448605745424e-01
-4.583487365304166339e-01
-2.544506109854457243e+00
5.441865807708058389e-01
1.743806617830852002e-01
1.700876547417488283e+00
-2.212654237769797749e+00
-7.513591715456896525e-01
-1.471336375786284956e+00
1.663572612705842557e+00
1.627995577597045607e+00
-1.006989363387175151e+00
-4.398774400040120214e-01
1.446489259245701264e+00
6.123983646495961830e-01
1.563293231110047143e+00
-4.428179168552344169e-01
-1.196444620436524886e+00
7.298414170392224509e-01
-1.033530357386306164e+00
1.111884528915180192e+00
-7.899832592847590984e-01
7.169545639728673592e-02
-5.596758246762852940e-01
9.740901043238494594e-01
6.100877171390105547e-01
4.751821561705827923e-01
9.619114050749060230e-01
2.444899811916750876e-01
5.427783102399368342e-01
-1.750365505682524581e-01
-6.123102485842231157e-01
8.427825092702071474e-01
4.924706352460512249e-01
2.507395488603295863e+00
7.132059866111496449e-01
2.362356518857068252e-02
1.342843674001919507e-01
-1.491581441516972584e-01
4.432297618982642962e-01
-1.441256737572915551e-02
-2.026281935626578434e+00
-8.405514782962950626e-01
1.216251623793992293e-01
-2.081757783637958603e+00
-4.243554501647759936e-01
-9.695662128962310167e-01
2.731867047784447000e-01
-5.698482992347714271e-01
-1.912243791201928278e-01
-2.642912898084400775e-01
-1.289730060354457919e+00
1.431303568880183619e+00
-8.550479206465649851e-01
-1.175312801954448566e-01
-5.418395853262594208e-01
-2.234337451596176916e+00
2.474307308162876709e-02
-1.036499156589940185e+00
6.847120920562203839e-02
-6.293177474700937246e-01
8.360673567931546923e-01
-3.392047908891860364e-01
4.390872667137303564e-02
-9.768591178584033752e-02
7.665022545996020842e-01
-1.027051956544362321e+00
-1.442007380953642448e+00
-1.539568486683612569e+00
-6.081333724681904362e-01
-1.913785124938430560e+00
-9.837379573173502534e-01
7.925331676533645675e-01
-1.986252664076166297e-01
-4.198058428897714217e-02
-7.446102069909589227e-01
-1.569138109196958286e+00
1.522916249929607835e-01
3.873784391887299949e-01
-1.946921234341447149e-01
1.403263623220313061e+00
8.854209598121130786e-02
-1.602387830934723714e-02
4.709546112850751531e-01
-5.882339875217277303e-01
1.823399169342773685e-01
-7.435729577564357262e-01
-1.689894070465013165e+00
-1.056676776609248414e+00
-5.463415919956602362e-01
-7.410007548708800185e-01
-1.597425324696113647e+00
2.996346435747890835e-01
-5.436159418835576629e-01
-1.372342021041759841e+00
-1.029065399517766322e+00
2.175283519212774852e+00
-3.513131583333382602e-01
9.403924709482238686e-01
-1.073809841035587853e+00
-1.256761129123337151e+00
-1.809285834364004142e+00
-1.287107167577288713e+00
-7.547116342826883928e-01
8.355098381469042712e-01
-6.338608798357598939e-01
-6.682010045592561287e-01
1.279450282850632670e+00
8.373540692647234440e-01
-4.901553462292460028e-02
-2.096242585531041147e+00
-2.654599565424236030e+00
-1.858604882830021010e+00
-3.873945211089142582e-01
-1.391226029267724096e+00
1.415392791881342482e+00
-1.093684604150812895e-01
2.837655446169156104e-01
4.924669445894907516e-01
-7.601752714077283229e-03
5.217991893492857775e-02
1.253537521536371768e+00
7.121134733693079699e-01
-3.729741044475520795e-01
-1.204714201021824360e+00
-2.084719022834679025e-01
1.441271925441506063e+00
9.771209526166819634e-03
-2.174391819815112203e+00
-9.620167437033817770e-02
-5.651014897259171166e-01
-7.472939062641443808e-01
-4.332785832577304985e-01
1.605159212618495257e+00
-1.032125398907839608e+00
-6.078967666583279250e-01
1.882521984760847422e+00
-3.627600299492961811e-01
9.954010654009654013e-02
-1.120669794267904473e+00
-2.122123923752358976e-01
-5.080834566406877695e-01
2.249727415769842698e-01
8.921543534154421362e-01
-4.503080938502129205e-01
-6.896489519927181400e-01
-9.205363692454954228e-01
-5.330584846639801339e-02
1.047975447845568953e+00
-3.565993872231341677e-01
5.315581807714740981e-01
-4.485814545528995501e-01
-1.549376176553342255e+00
9.496035755783394094e-01
1.206642690352892844e+00
7.248420552946525097e-01
2.087240323550388355e-01
-9.374695662423259135e-01
-5.258091085896557937e-01
9.208136842836313063e-01
-1.908669188670610375e-02
6.625651120452342724e-01
1.071472378913946644e+00
-4.609530952993463604e-01
1.970714877725462166e+00
-1.021617153990107996e+00
3.943930042395087932e-01
-4.929934518860727977e-01
1.174878788369133620e+00
3.685773543980716549e-01
8.811664488072797757e-03
1.457071619100467785e+00
-1.401065753938988800e+00
-2.091905819046925963e+00
4.452386320976322587e+00
3.718112196245249024e-01
-9.596686475133284766e-01
-2.133218811675328674e-01
5.189430679514576150e-01
-1.176365102050905970e-02
4.972729239762623821e-01
-2.833460413437287051e-01
-2.783179096228471483e+00
-1.550609824807160475e+00
5.286886240805441783e-01
-6.148285853535076506e-02
4.421104739774387449e-01
2.848790813977493674e-01
-3.483483227850595054e-01
-8.909320582583533099e-01
5.796157192720694518e-01
-9.254800536460431326e-01
-4.380998964228732112e-02
-2.672842688724919036e-01
-3.971965263268369406e-01
-4.043502177264752251e-01
-5.018726268531372714e-01
-2.169419181907854544e-01
-2.011681066382631777e-01
2.620410634771619396e-01
1.279971091788919768e+00
1.672758162609548460e+00
-4.204291348965016328e-01
-2.337598256484691994e-01
8.615385633624881301e-01
-7.904805894226207830e-03
-2.527510966954283234e+00
-1.204678715398435740e+00
6.649648548076171339e-01
-3.564764654333058558e-01
5.215894011582851153e-01
-4.624700869780495327e-01
8.881398404309230887e-01
1.460711288488200921e-01
-1.199902955426319862e+00
7.085695039419345753e-02
6.599337641367298835e-01
-1.247075093899717046e+00
-1.287545718563319230e+00
9.327570784997741837e-01
-1.809042564775730666e+00
-3.311811305489112955e-01
-3.695866143128460068e-01
1.296533827661527249e+00
5.141757646532506554e-01
-7.803004936677022663e-01
5.430067152759436855e-01
8.764242074438537422e-01
-8.587327602716097186e-01
-2.960877443027412625e-01
-1.049337754842358139e+00
1.683511788477478177e+00
-7.988732843826840124e-01
1.646033812416339392e+00
-1.043699570841079421e-01
-3.271556426616329949e-01
2.074448200715867330e+00
8.433213316516812164e-01
1.651922519148427693e+00
-1.215948282867456376e+00
7.721162009669852999e-01
-3.483071449564588140e-01
-3.375208737680699400e-01
1.758224541582470157e-01
-1.087670135877054189e+00
-3.386843118416605902e-01
8.593476205273421487e-01
1.111809875716146756e+00
-2.399790384606893534e-01
-5.030433078124507820e-05
3.331243527029323914e-01
-7.114047925243126569e-01
3.092319253044543692e-01
-6.939217705970561756e-01
6.579736978358726729e-01
-6.685325135044076772e-01
-8.474286974849504217e-01
1.000198115170748192e+00
6.058782913293977446e-01
-1.084921864073625786e+00
-6.557795482608448356e-01
-2.584372765932858029e-01
5.140746217854444411e-02
1.012046444550072227e-01
1.850100317774059089e-01
8.604894404596374891e-01
1.341759007295993067e+00
-1.430773570359962887e+00
1.687227357462990351e-01
1.364923104159008194e-01
-3.566641891738054904e-01
-1.199730469700239555e+00
-6.430272904415732516e-01
-3.281425026337100870e-01
-1.172159460138850751e+00
8.580157670612714726e-01
3.265723414329808616e-01
-8.527875438148343479e-01
7.061672214522614066e-01
-2.090362691729411804e+00
1.047131203451844073e+00
-1.555042497820733616e-01
8.912268778785423784e-01
8.581396146815581938e-01
5.662790632919710854e-01
2.414966648942648675e+00
2.152000861440605206e+00
1.245184225709040415e+00
-1.435949393910752159e+00
-1.393455221656824339e+00
5.358094782719301508e-01
-1.261721803449107115e+00
-2.224064688330773532e+00
-1.921693437850040265e-01
-4.676981170016767386e-01
-3.649293256278529074e-01
-6.133389158951776388e-01
-3.981135599017812110e-01
3.584309037397574449e-01
1.397755708842148559e-01
9.013317959525211920e-02
7.856260953247686807e-01
1.124591141071544648e-01
1.376208248224139785e+00
-1.850813138541164415e-02
2.183332621331518730e+00
-4.114959203804485766e-01
4.184114559624733665e-01
4.781802912315052390e-01
-2.421711001863137369e+00
1.725117158522532224e+00
4.149025710509851583e-01
1.339194772130787026e-01
3.394170155202925754e-01
-1.094984283451339024e+00
-1.357773145391917735e+00
1.522570953203723709e+00
4.337450831784794847e-01
8.558864508335964905e-01
-6.141801404643323359e-01
-1.149194000061515730e+00
-4.148340193582673585e-01
-3.600629293671878117e-01
-2.334555504438365625e-01
-6.693215291523861854e-01
-1.126561896106238025e+00
1.500893869760751842e-01
1.199199665105212587e+00
-4.664979372517021050e-02
8.006614621559272615e-01
-3.698709309109876608e-01
3.046078272688326205e-01
3.451096901114219517e-01
-3.755592687024207343e-01
1.392355054850835661e-01
8.206148691212276081e-01
-2.299640434518519516e-01
7.742505136053041970e-02
-2.324715044293957089e-01
-1.368473653845612370e+00
-1.073620631758619881e+00
-2.983930593623451144e-01
-1.321568214771556393e+00
-3.826427562558246120e-02
5.873203285642182303e-01
-7.019420461314216375e-01
6.055780452418553228e-01
-1.297457422585137410e+00
-6.821045144480661904e-01
-1.754731887976913818e+00
-1.051864491570736471e+00
2.325638791716213571e+00
-2.655190800169242582e-01
-2.678332312737097820e-01
5.507735856276450015e-01
7.212609924344752788e-01
3.464758791549154560e-01
-7.008709796571158668e-01
3.017801178762303249e-01
-7.385381256554145180e-02
2.492322282781134213e+00
-1.611262885419915136e-01
9.175030740425953457e-01
1.636671675727259467e+00
-4.218305747808068218e-02
4.808235669859091677e-01
7.414733755889563183e-01
6.701164292572103776e-01
-7.760964640003997772e-02
-8.150064234435425714e-01
4.486910981603867143e-02
7.293320691203608597e-01
4.234683533102261421e-01
-2.774256550695316514e-01
-1.357992061623866320e+00
-1.320454314626320347e+00
1.161046896275952145e+00
6.192896930974230996e-01
-1.523961893799431921e+00
-5.701582895087223823e-01
-9.625893985512953277e-01
2.101237399619087842e+00
5.070136653326260401e-01
-9.213776913407463187e-01
-4.449854350389244595e-01
