1.302638840366961759e+00
-1.200296567210083820e+00
-6.253654854483151615e-01
2.280852999761886934e+00
6.144280034551247160e-01
-3.389080976450188909e-01
9.599598765224809371e-01
-1.212140376140759201e+00
-7.610941226710886687e-01
9.893895312696855404e-01
-2.909902499771073736e-01
-1.200296567210083820e+00
8.546244625920215165e-01
2.469194508634714458e-01
5.539811706846626826e-01
7.025418102502919426e-01
7.370312722346648027e-01
2.532053461576396991e+00
-2.214212212789798961e-01
1.125087560316129665e+00
1.885296580898805363e+00
2.532053461576396991e+00
4.368078848125203639e-01
9.546754548900752146e-01
-1.317541828503933976e+00
8.187481034191150808e-01
7.287059170922242091e-01
-7.039290858493423009e-02
9.673366714490396756e-01
-6.253654854483151615e-01
1.601439217081272792e+00
1.247564276295252822e-01
-3.389080976450188909e-01
1.363160201771568714e+00
1.187614614316848893e+00
-2.909902499771073736e-01
-2.214212212789798961e-01
-1.021970969143379593e+00
-1.209097340449879932e+00
-2.508065147132300110e-01
-1.246473541107986360e+00
3.854400418069866552e-01
1.125087560316129665e+00
-6.253654854483151615e-01
5.940118848978106492e-01
5.963047319131606905e-01
-1.021970969143379593e+00
1.247564276295252822e-01
2.561783323399051751e-02
7.287059170922242091e-01
-3.389080976450188909e-01
3.854400418069866552e-01
1.235962744209680775e+00
4.750423497385051208e-01
2.561783323399051751e-02
9.599598765224809371e-01
6.835911592976160467e-01
-1.218102289507728697e+00
-1.317541828503933976e+00
-1.585120621202608104e-01
7.967195275060130477e-01
5.252507276791106294e-01
5.421325736644332371e-01
7.311864702792122417e-01
2.380696584377946845e+00
3.868065244303481864e-01
-1.823420966755794070e-01
1.404119404481606992e+00
-1.460980181387545151e+00
-7.610941226710886687e-01
9.893895312696855404e-01
3.926239289848146297e-02
-4.428893743359453294e-01
8.707840561969007465e-02
-1.913042903485709101e-01
-1.440464151605264753e+00
-4.669983922799986753e-01
-9.294391201094877042e-01
2.380696584377946845e+00
-1.563380206530021965e+00
-1.317541828503933976e+00
-1.756628472259066154e+00
9.354103012437903208e-01
1.427641404260157731e+00
-5.821246643163996426e-01
6.144280034551247160e-01
-7.039290858493423009e-02
-2.826888339809345840e-01
1.487012759809076545e+00
-9.701149553674299764e-01
4.750423497385051208e-01
4.384438327870614494e-01
-1.216827053731365682e+00
1.626624382507535493e+00
-9.909600324025203966e-01
-1.770910519369102820e+00
9.893895312696855404e-01
-3.389080976450188909e-01
8.122472470737515104e-01
-1.456919073596453007e+00
3.854400418069866552e-01
4.761569851506627371e-01
9.140583829714193920e-01
9.927680972433112760e-01
-4.583952067993244395e-01
-1.957914587770426706e+00
-2.214212212789798961e-01
1.278282012744332619e+00
-6.758907771782319829e-01
-3.389080976450188909e-01
1.363160201771568714e+00
9.461389605725697982e-02
7.016401178189595189e-01
8.029095200048982917e-02
3.854400418069866552e-01
-1.397297220872359080e+00
6.259382234688080915e-02
-7.610941226710886687e-01
2.330564163752362195e+00
-9.659040523132400580e-02
1.234081147748401497e+00
-1.586574062174904931e+00
1.201368460268985139e+00
5.799479317293954050e-01
9.564162644180143058e-01
-6.109969181358243517e-01
7.420625963638531886e-01
-9.174057324047071305e-01
3.854400418069866552e-01
-1.021970969143379593e+00
1.792171083444865198e+00
-3.911004166516651726e-01
1.264906731115810201e+00
-3.389080976450188909e-01
1.624612966721344032e+00
1.002720234686824696e+00
-3.389080976450188909e-01
-1.317541828503933976e+00
-5.387896125854318985e-01
3.926239289848146297e-02
-2.250631047137043872e+00
-2.403296745513370691e+00
2.113097227522370947e+00
1.093445691797577668e+00
2.424450616695906224e-01
-1.209097340449879932e+00
-1.547421534758240069e+00
8.681246262051552920e-01
-6.667916099311681499e-01
-8.655873152412392191e-01
-8.043504860154798708e-01
-1.012021765364018222e+00
-4.853874914667479779e-01
1.141068217583289579e+00
1.157254051553307850e+00
1.122481601405865836e+00
9.226750753731894905e-01
6.402713440486945684e-01
1.057585966161640245e+00
1.247564276295252822e-01
-5.995917118224802778e-01
1.250159083231104473e+00
-1.380325832426408272e+00
-2.909902499771073736e-01
-1.012021765364018222e+00
-6.509249468224772572e-01
-1.302049488374628916e-01
-6.866178568865503040e-01
-9.701149553674299764e-01
-1.085457283140996099e+00
6.589560036626073147e-01
-4.393091714938380798e-01
1.247564276295252822e-01
4.409565036414981321e-01
7.754445381161266526e-02
6.589560036626073147e-01
-3.255951747658835660e-01
2.636252431303122423e-02
-6.509249468224772572e-01
-1.209097340449879932e+00
8.334133685075848508e-01
1.600179199574365552e-01
2.581453229299495722e-01
-2.909902499771073736e-01
-5.144792345879702911e-01
2.200786958216195188e+00
-1.398060521430460668e+00
4.761569851506627371e-01
9.665547180765042823e-01
1.435958192796263244e+00
1.389838901318451336e+00
7.016401178189595189e-01
-5.623123114815290480e-01
6.259382234688080915e-02
1.807709190427865265e+00
-1.968372434476084010e+00
9.156862657753979118e-01
-1.547421534758240069e+00
-1.563380206530021965e+00
7.016401178189595189e-01
-2.171157887382134444e+00
-2.354520071465491249e+00
5.229980393219025858e-01
1.304612245739848131e+00
1.784253183374930884e-01
2.804739128021474515e-01
9.778794756581221659e-01
7.016401178189595189e-01
-1.317541828503933976e+00
-3.389080976450188909e-01
6.776702878057132562e-01
-7.513381511865567797e-01
-1.703887339440390558e-01
2.532053461576396991e+00
-4.393091714938380798e-01
8.181818828030388291e-01
-2.214212212789798961e-01
-9.003108369609378325e-01
-1.000691737177294538e+00
7.884640893089671643e-01
-9.701149553674299764e-01
9.676758713279747237e-01
1.475159548599201731e+00
-2.016050549322323082e+00
7.016401178189595189e-01
1.163102375290713919e+00
-2.214212212789798961e-01
1.601439217081272792e+00
-2.909902499771073736e-01
-5.995917118224802778e-01
-7.610941226710886687e-01
2.052854697622326530e+00
4.409565036414981321e-01
4.409565036414981321e-01
-1.094655773834894541e+00
1.414147070456782673e-01
8.928009323501314709e-01
-3.389080976450188909e-01
-1.094052843893071003e+00
-1.246473541107986360e+00
8.230534087819318945e-01
-8.993797617890948448e-01
-6.866178568865503040e-01
-2.735716101660976007e-01
7.420625963638531886e-01
-1.012021765364018222e+00
-1.397297220872359080e+00
3.854400418069866552e-01
-7.513381511865567797e-01
4.240503019148781916e-01
-3.389080976450188909e-01
9.778323661206447248e-01
-6.866178568865503040e-01
-7.610941226710886687e-01
1.314553080906128768e+00
4.026526776361907811e-01
1.304122743460082168e+00
8.334133685075848508e-01
-1.427941516163461433e+00
1.282158686365725719e+00
1.363160201771568714e+00
-1.948735759376969412e+00
-7.513381511865567797e-01
8.832600525299028060e-01
-5.438324259880226164e-01
-1.444690921132624428e+00
-1.209097340449879932e+00
-1.023209376110614383e-01
8.010766121967362041e-01
-1.968372434476084010e+00
5.504404864485791249e-01
7.016401178189595189e-01
9.665547180765042823e-01
9.636027565768471304e-01
-9.701149553674299764e-01
-1.553186001895531909e+00
1.201368460268985139e+00
6.849179361156075840e-01
-3.389080976450188909e-01
7.843686604344066171e-02
4.472672160862496971e-01
-5.387896125854318985e-01
1.102877275979440963e+00
9.225520795437608390e-01
1.889608242911508196e+00
1.201368460268985139e+00
8.181818828030388291e-01
-1.317541828503933976e+00
-2.998012980708551378e+00
-3.692051212356945444e-01
1.125087560316129665e+00
-9.463009583156155591e-01
-1.094052843893071003e+00
-4.669983922799986753e-01
1.020179458345548573e+00
1.485419574775133977e+00
-4.845348201820443568e-01
1.124739438975193850e-01
1.145274026653770871e+00
3.854400418069866552e-01
3.882826942868529696e-01
1.201442136353832124e+00
-7.493130011502312504e-01
-6.509249468224772572e-01
1.279072316290988942e+00
5.218186859073403738e-01
-1.398060521430460668e+00
3.854400418069866552e-01
5.921180093345067563e-01
8.299692041566676393e-01
-1.586574062174904931e+00
-2.218792984379012734e-01
9.461389605725697982e-02
7.016401178189595189e-01
-2.577577641730727009e+00
6.259382234688080915e-02
6.152872700621865310e-01
6.589560036626073147e-01
1.633175398194852412e-01
7.311864702792122417e-01
4.409565036414981321e-01
3.854400418069866552e-01
-3.875155432048590920e-01
-1.246473541107986360e+00
-1.107710666252901044e+00
2.351182796490950189e+00
-5.821246643163996426e-01
-6.159543031561592885e-01
-6.866178568865503040e-01
3.926239289848146297e-02
1.247564276295252822e-01
-6.667916099311681499e-01
1.633175398194852412e-01
-2.909902499771073736e-01
-2.016674678026979806e-01
7.420625963638531886e-01
-1.460980181387545151e+00
-2.218792984379012734e-01
-1.246473541107986360e+00
3.868065244303481864e-01
6.902186662286636798e-01
2.055056189751169438e+00
9.778794756581221659e-01
3.854400418069866552e-01
7.843686604344066171e-02
-1.397297220872359080e+00
1.122481601405865836e+00
6.835911592976160467e-01
2.541536613939348488e+00
-5.144792345879702911e-01
2.532053461576396991e+00
1.683751802886254423e-01
-4.245207884361982820e-01
1.696641806973724576e+00
-6.858287571400404348e-01
2.052854697622326530e+00
-6.182492480312665739e-01
-6.509249468224772572e-01
-7.712848025013188114e-01
1.485419574775133977e+00
2.563274150196821477e+00
8.181818828030388291e-01
9.893895312696855404e-01
6.547508066250140590e-01
2.308564476965534240e+00
3.984018399752946582e-01
9.774327696377266284e-01
1.403135397896672520e+00
1.487012759809076545e+00
1.127589754013246015e+00
1.969446490256024251e+00
-8.993797617890948448e-01
3.854400418069866552e-01
6.259382234688080915e-02
1.253619563222241107e+00
-3.243272466620797378e-01
-6.504472684643777258e-01
-7.513381511865567797e-01
1.282158686365725719e+00
-6.253654854483151615e-01
3.134811339983391010e-01
-3.389080976450188909e-01
5.544628110924567643e-01
3.794288886297365881e-02
1.201368460268985139e+00
-1.094052843893071003e+00
-6.758907771782319829e-01
2.052854697622326530e+00
3.926239289848146297e-02
-1.380325832426408272e+00
2.762500337068929834e+00
4.542049252671731541e-02
1.201368460268985139e+00
-3.389080976450188909e-01
-1.281452789799849112e+00
5.252507276791106294e-01
-1.023209376110614383e-01
7.016401178189595189e-01
-1.618759076177361145e+00
-6.253654854483151615e-01
7.084080072137705075e-01
-1.023209376110614383e-01
-7.513381511865567797e-01
-1.363120069005873569e+00
9.665547180765042823e-01
9.894754690536430308e-01
2.166668666501756935e+00
-1.107710666252901044e+00
1.356118313716671242e+00
-2.543194631274127704e-01
-8.993797617890948448e-01
-6.758907771782319829e-01
8.389301895774226026e-01
7.607815389238488102e-01
-1.012021765364018222e+00
6.547508066250140590e-01
4.886016021378065677e-01
-1.957914587770426706e+00
-5.995917118224802778e-01
-1.770910519369102820e+00
-2.054352021160186226e+00
1.403135397896672520e+00
-1.586574062174904931e+00
1.229580752886280326e+00
2.581453229299495722e-01
-4.393091714938380798e-01
-2.477557298816241982e+00
-4.808502509814585602e-01
4.368078848125203639e-01
-8.948840513003631925e-01
1.170746093169760214e-02
3.339506402169108434e-01
-1.398060521430460668e+00
-2.909902499771073736e-01
-7.222307714244280419e-02
2.675660242465091043e-01
