5.349871152529022122e-01
8.456383024829631223e-01
4.685941066112737641e-01
-4.094767979604164720e-01
-8.041125679684183458e-01
-1.460937055156171560e+00
-9.171518745130059491e-01
3.024221696270352200e-01
8.820989980802526609e-02
1.101290314116009084e-01
-1.396705480001460886e+00
-3.986698995697465220e-01
-1.658668433081691873e+00
-5.874268262072108726e-01
-1.518044575723586087e+00
-5.158192830520618166e-01
9.194379341936746719e-02
1.207649211258648769e+00
1.979487957310156032e+00
1.333093449917764073e-01
-1.025073241885817499e+00
-1.796053791203297889e+00
7.307607749442273683e-03
2.530046247184484010e+00
1.300130344165702390e+00
-1.873134771929737541e-01
4.580524382733941642e-03
5.793868810627502697e-01
1.736379453898223346e+00
-2.258323697801432328e-01
-7.829407998373184574e-01
-1.184905104706609702e+00
-1.069468864738398230e-02
-1.536802513308099527e-01
1.246641141634606154e+00
-1.961988744077338476e+00
7.558989294413586135e-01
8.333180582736537945e-01
9.619332384683802750e-02
-5.704273600841228697e-01
1.982875108775066897e+00
3.583548513566338078e-01
-1.003133260074087652e+00
1.180883073148137008e+00
-7.921228258833585834e-01
6.002649750032449383e-01
4.753867398190116944e-01
-8.944042749930432024e-01
2.993194923439235766e-01
4.007308785390865102e-01
-2.006151512629283928e+00
-3.406249587291534930e-01
-8.242950789347831542e-01
-2.743871704349586160e+00
9.797023877789278190e-01
-1.403638387575752988e+00
1.383719109620419996e+00
1.813017446053688253e-01
-1.164667350210063790e-01
-1.239259866944226740e+00
6.351131525719816429e-02
1.647200932073109358e+00
-5.396350991582353832e-03
-1.061733133433070631e+00
2.785590738512015441e-01
-1.245855207791862346e-01
-3.562530426224912866e-02
2.740137845563965779e-01
-1.350838896646235243e+00
1.827517936343900709e-02
-9.458444109825921986e-01
2.993571677712559762e-02
-1.525353335099884688e+00
1.262702489299800002e+00
-1.879745698384877706e+00
2.149102717877806157e+00
-3.139511263633134042e-01
1.373212084087321871e+00
1.112115892765045633e+00
-1.447203373264097370e-01
-4.582137152872814978e-01
1.944394483518779859e+00
8.101021271458578310e-01
1.786441049728274111e+00
-4.710860844987699303e-02
-1.990015808143513310e+00
8.629025901513743824e-01
-7.202988224420158181e-01
1.979216380539189635e-01
6.810817642743038913e-01
7.083885301834574877e-02
8.978221768998733143e-01
8.250918517183297718e-01
-1.786379946564807142e+00
-9.044946516918811463e-01
1.583299533797283554e-01
1.062163143576623447e+00
1.616295876500837059e+00
8.602587950859096333e-01
-1.603586623690076651e+00
-8.748963838951299282e-03
-9.640467405391486277e-01
-7.143156003324616643e-01
1.454291446345564176e-01
1.501408082246117770e+00
3.577791622246349612e-01
-1.516630645624212625e-01
1.035528873238034997e+00
-9.315620088143218569e-02
-1.367511951579364338e+00
1.435121735943329035e+00
-1.153413772625948353e+00
-1.784691288592633041e-01
-8.043735232802333712e-01
-6.754304606394463395e-01
4.500476408928804073e-01
-1.359287192207050965e-01
3.201504122115100825e-01
-1.839654784956828160e-01
-2.247844128269218089e+00
-7.742140313901837434e-01
5.338147323520440191e-01
9.680620006345385109e-01
1.884894758578861684e-02
-6.494766989873740348e-01
-5.602738409792241692e-01
3.814042107212804456e-01
-7.987954083812606743e-02
7.541506540070397335e-01
1.245000886032391563e+00
-5.830881891185536459e-01
2.046593632858789924e+00
5.351957517258657537e-01
3.811566555165764592e-01
-5.216006687610962311e-01
-1.380659137865408725e+00
-5.910316838279868756e-01
-7.958595107686639025e-01
-2.348107535908002530e-01
1.445018199172057316e-01
-1.545352009476856692e+00
1.271580915781879151e+00
-1.665044903218962036e+00
-2.479593872240887897e+00
-7.179853223056131828e-01
-8.702038024889157120e-01
-2.051269671745217682e+00
-1.325508339243717248e-01
-2.257339352910236741e-01
-3.594361750029771430e-01
-2.247579214242101664e-01
-1.062260026298274429e+00
4.797765618395038456e-01
8.796739263677563203e-01
-4.679874085015123253e-01
-6.410927674811502941e-01
-5.029597765013589239e-01
3.177368361322845391e-01
-1.082323016958368855e+00
-1.134337101793276847e+00
-9.370016283944445634e-01
3.522615868172472298e-01
-2.315069824250771902e+00
-2.057604239210167218e+00
-1.215238462900430916e+00
8.145789511865818566e-01
-7.787228477334786625e-01
-1.346897731676917620e-01
-6.918334040742670776e-01
4.586595671058967816e-01
-3.206343354323180073e-01
-8.749186633469908658e-01
4.972966776987216009e-01
-6.393210290961869324e-01
-1.916447060301782468e+00
-2.003982838540808498e+00
-1.382969824564930228e+00
3.043777612227625440e+00
1.202012054693393506e-01
-1.437047571897227094e+00
-2.735619852481130931e-01
-1.142790829303021782e+00
7.677598942292419848e-02
1.773291060867208113e+00
-3.508348416143320048e+00
4.042423049961794274e-02
7.171521339873626350e-04
2.818790007566236988e-01
5.475388582683442529e-01
-4.914968290846121191e-01
-7.926020362569410893e-02
1.930874150011426260e-01
-3.191891911959857109e-01
-5.595260083295756637e-01
6.436193275410886372e-01
-9.788689263105644356e-01
2.364944193525495356e-02
-1.662891690415421619e+00
6.330066606993269840e-01
-2.686223737552884128e-01
-4.736689887513742536e-01
5.457226625531835795e-01
3.207556130604903299e-01
-6.540396514798604288e-01
1.323211780883523092e+00
9.452303389412285151e-02
7.225372077514583546e-01
1.292753952462631917e+00
2.028221247977965547e+00
8.497225690525026520e-01
1.632804405254842495e+00
9.641860893419209599e-01
3.391589548451489078e-01
4.293154320365670795e-01
-3.048529762186788505e-01
7.915722871701559304e-01
-3.773219433940850909e-01
2.718665465477707044e-01
-7.775973377182404667e-01
7.771965424002105216e-01
2.261307353322394853e+00
-1.337274798289197708e+00
-2.630240909318181108e-01
-1.757790403477489161e+00
-9.778682468769389624e-01
1.763912239631879597e+00
-2.224647483516722701e+00
1.398894712368170978e+00
-2.444092140153073967e+00
2.326519243949049631e+00
-1.354867954852044531e-01
1.518773151639039309e-01
8.683814401470456301e-02
-5.506639384762326284e-01
-3.412181194107830606e+00
4.552484263577594170e-01
1.101954009984839722e+00
4.819871207204164398e-01
-1.510149760144531284e-01
2.038847201474975002e+00
-7.680691868788763754e-01
-1.309972528086767785e+00
-6.576601497633333127e-02
-1.842164889705326103e-01
-1.648064609513996137e-01
-2.895801005211280366e-01
-2.097610929631650578e-01
-1.903235970733591909e-01
1.155077463602983912e+00
-9.599903372320915673e-02
-1.077571320341889294e+00
-1.462371077533300756e+00
2.384122545017759442e+00
7.319806788485837268e-02
1.801401950030205867e-01
-1.237596857240115478e+00
1.085187006355149419e+00
-2.234954482736500214e+00
3.971489934946278999e-01
5.678108251082295554e-01
-2.394269941786508205e-01
-6.676540353310040921e-01
3.837788807386497969e-01
-2.069799889598358700e+00
-3.503904275654801115e-01
5.318108113336084131e-01
-1.018199774470531338e+00
6.270529478512156807e-01
-7.456063249487991929e-01
-7.970396185080710905e-02
1.446103616978285933e+00
-2.686223737552884128e-01
-5.765228496555723225e-01
-3.505675922917703136e-01
6.344392843571800000e-01
-2.771313275302305090e-01
-3.222563781019880391e-01
7.760680267236637342e-02
5.053101620197820720e-01
-4.730756927317791155e-02
-1.689967954041728726e+00
-1.287662219091130655e+00
4.567959691320727655e-01
2.151499319556569312e-01
-1.897998513926882014e+00
9.856525614326491214e-01
9.788538862971245536e-01
-1.450580218046250369e+00
-2.707636530050799295e-01
-4.660595302473924950e-01
-6.685193743699769930e-01
2.631275804692743692e-01
-2.075688022116120912e+00
1.153751470931144718e-01
5.678121927161363658e-01
3.168590479809977878e-01
1.574615692753838836e+00
-7.133684535297760143e-02
-1.193000901878421144e-01
1.235280704609787783e+00
-5.596973479105104010e-01
-2.598727301267265144e+00
-1.373371657482711061e+00
-1.029482534110837566e+00
-1.370519556887195067e+00
-1.009305770710458683e+00
1.241922416264150009e+00
-4.378268749367448809e-01
1.660894716520419978e+00
-4.637761039004962837e-01
1.093994066998869447e-01
2.561144553354471332e-01
-9.032745204423555663e-01
2.255621980021907724e+00
-4.757737762074833177e-02
2.455081499504605080e+00
-4.378548535862926139e-01
1.237564050244189584e+00
2.959797863174645771e-01
-2.893041995106975239e-01
5.646563715486074136e-02
-1.330938702174736088e+00
-4.799783931543516458e-01
3.226662208748366512e-01
-2.792618141673454124e-01
-1.967619607398927439e-01
1.495916073552397085e+00
-4.771912889828751059e-01
-1.094490931024057367e+00
9.450132897603802373e-01
-1.047382711595199689e+00
-6.458576792443800896e-01
1.368364490413999990e+00
-9.117981381002067398e-02
-1.671630044074126742e+00
1.788760078448492497e+00
-3.375914927699531498e-01
4.863252063199953734e-01
-1.664954736956978099e-01
-8.644567662216882109e-01
6.174543907723111236e-01
1.283885414468798614e-01
5.574719262071955450e-01
-7.565592418849139689e-01
1.614166438786903912e+00
-6.622287561357252939e-01
-9.155402994577190867e-01
-1.525437126355414286e+00
1.387968507397041307e-01
3.228827708136747243e-01
-3.116879986611554298e-01
1.983958564059800367e-01
1.134943591652590511e+00
-9.818966176081049824e-01
2.153194313296911966e-01
1.129669482349765053e+00
8.610501684242434228e-01
-1.678012931482628645e-01
4.655356435991392927e-01
1.881427431431462738e+00
-2.667721967616041301e+00
1.984616214241006871e+00
-1.117762893165355487e-02
3.313237464210745387e-01
-1.533457125731995774e+00
2.874548132605458939e-01
6.317459061286803124e-01
1.638571159708475999e+00
-9.517621015262579531e-01
-1.522539274589472524e-01
-8.903071638992540171e-01
-4.848958057700012425e-01
1.404072415741351200e-02
-6.686089234363645772e-01
-1.478177728293039728e+00
-1.816436528765733138e+00
7.063801413831872766e-01
-1.766047151441825225e-01
-8.839064501900759652e-01
1.362969617493995589e+00
6.121863162721034035e-01
-6.133659846238920244e-01
-6.521219614284647914e-01
-4.574419127836790167e-01
-2.211292912376388919e+00
-1.166155017399349708e-01
-1.188138591580084835e+00
1.708241901843646549e+00
-1.087257377347481402e+00
1.010218032865409787e+00
-1.429034317452845482e+00
-1.315135074649127489e+00
-1.530589498867468867e+00
-2.366409239043058221e+00
-3.824981009943802523e-01
1.219608498445945849e-01
1.105822768683530688e+00
9.290526249075607979e-01
-6.212978995411284899e-02
2.422984061141000567e-01
-4.461956854647577408e+00
-1.816227087244122740e-01
-1.304125634072905271e+00
-9.856792604603191732e-01
-1.240551864830120865e-01
8.616231956922704160e-02
-1.511604290805071693e-01
-6.624946017740863946e-02
1.449319196814003119e+00
6.163091530790302253e-01
2.002286229165246845e-01
2.290242998258978702e+00
-6.765903621657876066e-01
1.402193222808948647e+00
-8.677392801028241051e-03
1.022761043918075874e+00
-1.202331606331519670e-01
-1.460751243253868570e-01
-1.329428799423593155e+00
9.158018249140666978e-01
-4.596236744455391432e-01
-2.322399644097139504e+00
1.138155962449020508e+00
1.476111707800856543e+00
-3.504798566560905493e-01
7.207072446685135192e-02
-8.656359787829061014e-01
1.516181499174793501e+00
-2.142920344478866090e-01
2.896085202916580115e-01
2.957871917744679280e+00
3.024494068976669725e-01
1.118187482561183277e+00
-2.017810497793298907e+00
6.735688321600604711e-01
1.486544443582263231e+00
