6.372870422935300594e-01
6.982652314501849311e-01
1.143393546154703788e+00
-9.764738123734038044e-01
-3.065319515892466207e+00
-8.552550400620919646e-01
1.720361456975269265e-01
-3.307858381219299648e-01
3.888320244774099432e-01
3.391297844878471412e-01
-1.006225515283333261e+00
1.463308805707603799e-01
5.675730703165299262e-01
-4.819468648845516845e-01
-5.183946287414559206e-01
4.800000113385617384e-01
-3.958665170076776096e-01
5.583776569456223582e-01
3.253126602821440616e-01
1.039656383595841893e+00
-1.750243402023097472e+00
-1.085265734921996073e+00
-9.436926391054654972e-02
3.510916223021759652e+00
7.403425909518409620e-01
-3.643716764895915672e-01
-7.209577888680640534e-02
-1.138512476125016354e-01
8.456928637150800121e-01
4.474631319402455065e-01
-5.997507635907672885e-01
-1.378512341252021045e+00
-3.667400477356244637e-01
5.203313869340809861e-01
-7.552569870626628656e-01
9.311993656994148605e-01
1.505058839867816634e+00
4.338439961658360766e-02
-1.284627700685693763e-01
1.920728800027590166e+00
-3.641146732779238504e-01
3.111482174102447873e-01
-5.939001870817622875e-01
-8.215450087616190666e-01
1.771065606042210028e-01
4.122855741907976435e-01
-9.560986519972065611e-01
-1.249389030806504763e+00
1.896071446182895359e-01
-2.104086739305205178e+00
-2.423545042788806114e+00
7.310427882728552929e-01
-1.248990463681798113e+00
-2.957362804670927048e+00
1.470605568306528887e-01
1.825989015915460145e+00
1.819861062879488400e-01
1.824260903303694725e+00
-2.084777408209764538e+00
-1.403552088813888377e+00
4.087009431843944274e-01
1.210012871551724656e+00
-3.894786729757165888e-01
-9.945099729142290457e-01
5.461785475174192328e-01
7.763857099766098280e-01
1.023901889736262616e+00
1.098075569562049436e+00
-1.175547890198519907e+00
-6.694887235251408830e-01
8.438540568316960089e-01
1.133491033785960944e+00
-1.039741626809785213e+00
1.048592571758160563e+00
-1.118076718285223814e+00
8.604302259857408153e-01
-1.453655461880236643e+00
1.428577923915027137e+00
4.802090754477724710e-01
-9.440096981580999858e-01
-8.096251158158079830e-01
1.345630238786720057e+00
-7.582803078744157488e-02
-6.050276637042177885e-01
4.252414827121275831e-01
-2.467151048224129894e+00
-1.248800729801318621e+00
-2.413377818032787392e+00
-1.523299055884015818e+00
-2.417482561706147670e-01
1.530875356920869956e-01
9.961435806725504882e-01
1.131059105626233130e-01
-2.146276767177748290e+00
9.500291059570236119e-01
-7.550993139235414597e-01
3.730800686585386550e-01
-8.798648246483292690e-01
2.364727872801727360e-01
-1.222769433515561666e+00
-8.316194655833274441e-01
-2.378530972405573096e-01
-4.036630756530785735e-01
4.932294594131284571e-01
-2.885404687104323740e-01
-4.094612892829893602e-01
-2.857879868343863872e-01
-5.026997887289462730e-01
-1.446780035858273861e+00
-8.716640419398464790e-01
-2.896994432044645573e-01
-1.184972577219763623e-01
1.113080954610916745e-01
-7.857015795709230144e-01
-9.449217323813241531e-02
-2.016051692454830846e+00
1.115126962515819775e+00
-1.263505479112392749e+00
-1.221861363766800074e-01
8.864354427351417431e-01
9.443667841679511676e-01
-1.006752649867691529e-01
4.652048378505995729e-01
-9.308522028176651197e-01
-1.846763566742467277e-01
-4.986159257621027852e-01
-1.787989633681155710e-01
-1.014388365206575271e+00
3.878331362834294693e-01
8.576468229170542967e-01
7.937866643853456194e-01
-2.823096696721463239e-01
9.586718220248398037e-01
-6.575744745124918467e-01
1.750109271143313883e-01
-1.295499708236138858e-01
8.614130885653669134e-01
1.179496067478878807e+00
-1.073677738640640422e+00
5.606270485849635943e-01
-3.105963873177117751e-01
-1.144572291718270129e+00
-1.351860128660242300e+00
-1.279381965842918856e+00
-6.902552647486787096e-01
-3.131693502128139350e+00
-1.954075348593706796e+00
6.893633882125594914e-01
8.715346276003711756e-02
5.974023696545323059e-01
8.600543605126861335e-01
-1.951814803942920173e+00
-1.365758678760308209e+00
-7.088700446381148712e-01
-1.980845500060000874e-01
9.284284619994180865e-01
-1.203283252622606714e+00
4.055157422806780487e-01
-6.544703930666714298e-01
-2.170995418418890210e+00
-4.325290883181594492e-01
-1.357042395151405678e+00
-3.387257506487076908e-01
-1.567284885284002671e-01
-1.608183178670196334e+00
-7.749833262531192757e-01
1.030021102487737483e+00
-6.070017234724562893e-01
-9.085610407424256074e-01
-4.499064437153161844e-01
-1.275452242273717784e+00
-1.372068134145589147e+00
7.807098788054679384e-01
2.637657370986263405e+00
-7.055706834380404135e-01
-1.446609893022274385e+00
-1.807512869706465741e+00
1.508755080141463756e+00
-1.602526401757619290e+00
-2.524652052633342247e+00
5.269102324596449671e-01
-1.058918167668016608e+00
1.137181720601202928e+00
1.904051714768066894e-01
-3.589917556607104543e-01
-1.602318984326186468e+00
-1.713931588725497113e+00
-7.424112796111693724e-01
-8.832303970033701379e-01
4.714147115939569532e-02
-1.017163915959759635e+00
-8.748674234254188997e-01
-1.413475948554655526e+00
2.140365496367057752e+00
1.368582103440022131e-02
-1.620966254671494911e+00
-4.152798696867427419e-01
-5.368063726910473621e-01
-1.591889955439529825e+00
8.542858606196498394e-01
1.029234443321138254e-01
1.679105614078265862e+00
-8.892819567972582995e-01
-5.742164276423052938e-01
1.033005328583964794e-01
1.000127552052973157e-01
3.785528545489342811e-01
6.917014176687677485e-02
-1.363577126961106889e-01
-2.830902904653992413e-01
4.313291959260175390e-01
-4.754161506563809314e-01
-2.859199103458794911e-01
-8.990285786447324012e-01
-1.578194286894609444e-01
1.564749549961431230e+00
-1.510839052003543348e-01
2.563286439154877083e-01
1.086555525009298417e+00
-9.020028943556609446e-01
-1.163220304105531816e-01
-7.962118174240806479e-01
-2.781078919629882962e-01
-2.623448231131894071e-01
-3.156176034847856249e-01
2.341954654835422645e+00
-8.841611864062819404e-01
2.123867825545452601e-02
-3.323105234905429639e-02
-1.208902844013559491e-01
-5.235899821118896735e-01
4.070491725059683930e-01
1.649837834159146033e-01
-2.123806697361818596e+00
-5.331961388983204042e-01
-6.081132874127064269e-01
1.058026135143944613e+00
9.660354087967328862e-01
1.350330290945975564e+00
-6.207023143911934993e-01
-2.219908626583491362e-01
-8.926338445508023856e-02
-5.093368202162843472e-01
2.228297067070831528e+00
-2.077599575111010122e+00
-7.746268207915109061e-01
-1.486990667553994117e+00
-2.284497745170826211e-01
1.427950065420771741e+00
-6.802633582652224398e-01
2.580756107298354807e-01
-1.181922749990013788e+00
-1.530426570623042437e-01
-5.235899821118896735e-01
1.390181163044588830e+00
-4.460100520910622035e-01
-3.214274677085776633e-01
-2.588760868981269114e-01
-4.305205780287897910e-01
1.481360058754676023e+00
-9.161830853072672198e-02
-6.279279105445585429e-01
-1.531050348082854118e+00
-1.140072564007605704e+00
-6.793914825995772677e-01
-1.638748381001855050e-03
-1.584726328984042087e+00
1.759251257310516792e+00
-4.866606044638117634e-01
-1.809259995031893276e-01
2.238496857345214863e+00
-8.992760948591035364e-01
3.865482827000260579e-02
3.211822225358089145e-01
1.223572149504186468e+00
-5.931572128901303476e-01
-9.115538840312239488e-01
3.074496330417513246e-01
4.635926517864498719e-01
1.043564360389817480e+00
-6.332715509400708154e-01
-6.297584020039619368e-01
-3.068759613811086195e-01
-1.583879079691804970e+00
4.005059868162379882e-02
2.023446445163365137e+00
1.831068659632030526e-01
1.466869172567141222e+00
-4.178067643128695052e-01
4.190618031198962146e-01
-2.580769264626406878e-01
8.171490847637854493e-01
-1.823802133393163549e+00
1.324156656976823054e+00
-5.198193865874708441e-01
1.559228702196259420e+00
-9.309103784453457431e-01
7.550708713227948232e-01
-4.834089872368549923e-01
4.566015201347181751e+00
-1.156297161371045545e+00
-2.167913737831025589e+00
-1.887208317476138264e+00
-3.246406837217134189e+00
1.996322262794291147e-01
-1.551524509097774063e+00
9.343544418479576841e-01
-6.265381218836610921e-01
-3.577027086083678920e-01
1.425238154412602487e-01
7.523605964165071269e-02
7.335408826376775826e-01
-6.741873058627123605e-01
2.934054365520946117e+00
-5.657508955838803921e-02
1.329642751451344695e+00
-1.970761493160243794e-01
-7.680885588373338457e-01
-1.136175205255695708e+00
1.804339608176509069e+00
1.166478753485113984e+00
1.034538780580302797e+00
1.319627916453808725e+00
-1.188321090017899623e-01
-1.126086569773368407e+00
1.159999047366957331e-01
-3.128304016819443562e-02
-1.226906002152829411e-01
-9.294790574469388722e-02
-2.026128663789981132e+00
-2.380642437430213754e+00
-6.689770388757505515e-01
3.524233026163494209e+00
5.248768290024526939e-01
-8.657542575944834895e-02
-1.232717312143315924e+00
8.460775332730077203e-01
8.503451791907014057e-01
1.303585229346642116e+00
9.965992789277307029e-01
-5.242561350753088822e-01
2.123068243354822582e-01
7.299456443455549781e-01
-1.261254514081082245e+00
4.705415590368634549e-01
-4.757212709996815753e-02
-4.808257992953212101e-01
1.940696399451346199e+00
8.697428061443465142e-01
-7.578797750646855125e-01
3.535101190445648633e+00
-4.904115594873144635e-01
-3.362289354736808927e-02
1.334974248556608956e+00
9.550282076146063837e-01
8.831721633614956213e-01
4.971703409015312269e-01
1.011499107220632798e-02
1.780369612895605080e-01
1.278999380086774051e+00
-2.878572825466151119e+00
3.938521713168819938e-01
1.506457154109780650e+00
-5.662673234627798452e-02
-8.483617709006177066e-01
-2.277448357280741631e-01
-7.057376782761176637e-01
8.491034327845291552e-01
-3.167179491343530717e+00
-1.019064098117542505e+00
4.407258328022025662e-01
2.026166688855046694e-01
9.910005550746401326e-01
2.052232470946859788e+00
5.300346922485256185e-01
1.730984011352680318e-01
-7.118490180409480228e-01
3.110742847222567331e-01
1.818266467109521112e-01
-3.625676981983000924e-01
6.625602058402838557e-01
-9.535602674805248036e-01
-8.782612259348566708e-01
-5.946261989391585789e-01
-1.419642743828322340e+00
-3.629940429354123199e-01
-4.869755001077935019e-01
-9.669739644725721117e-01
-4.380757539759650571e-02
-2.930763090788790493e-01
-2.827994540430231463e-01
-1.940966754054464616e+00
1.858033020668905522e+00
-1.213958805216226233e+00
-8.458788958644987144e-01
-9.571263926641990771e-01
-8.095174060452486886e-01
-3.737155302169513638e-01
5.601832714725217821e-01
5.054705771639300682e-01
-5.757763858912263999e-02
-2.268134439067110986e-01
9.169602887097590971e-01
8.736346639197135611e-01
-1.400763712184023513e+00
-7.885747432792890033e-01
3.809498404908521207e-01
-4.194021729315485225e-01
-3.599381614745445490e-01
-2.072405308411103264e-01
-1.307247726611073246e-01
2.026018275149841674e+00
-3.710905659479539209e-01
-6.265498033724572480e-01
-8.740307470771478959e-01
6.684676557468882674e-01
9.997153121276584065e-01
6.815587267137632743e-01
1.220867843370914141e+00
1.130451912958535532e+00
-3.822041986973802596e-01
-1.850466237311899076e-01
1.689153975738697078e+00
6.275071644797898252e-01
-8.361464351268001541e-03
1.561661995821587434e-01
-6.966707818414549780e-02
2.802453287559948381e-01
3.153832672118841995e-01
-6.129633053709229173e-01
1.158490045937601437e-01
-9.248358588856482321e-01
-2.205628212926742937e-01
-7.983258385359943698e-01
7.189307284809909326e-01
6.715245828955465623e-02
