1.807872499731468241e-01
1.712726443684517097e+00
2.156858981052638957e-01
-1.451188715893553027e+00
-2.066368615335590686e+00
-2.703453263408649221e+00
4.208244368223955090e-01
3.311518882473539205e-01
6.553689637086781428e-01
1.228665594860791188e+00
-1.213986429954655666e+00
1.183312995043211524e+00
-1.333233971682372121e-01
-5.461740331125268799e-01
-1.480567039638868820e+00
6.126224567436474588e-01
5.645387852114904653e-02
2.100646700217519314e+00
-5.503660527186512823e-03
-1.130057738458909888e+00
2.165055879160420194e+00
-9.039925116754843337e-01
2.460181695376182504e-02
7.480238984767525467e-01
6.309115389546809949e-01
-1.534131355642492645e-01
1.801981448946403219e+00
-4.538122782784251297e-01
1.322494402009809500e+00
-8.158950954950475731e-01
-8.459289561266927215e-01
-1.614191256598342727e+00
-3.814092651532348111e-01
-6.929503082048122931e-01
2.575349835296343870e-01
9.995311975006443417e-02
2.959915305818076714e+00
-3.648264229553795923e-01
-1.364647905717000009e+00
9.544639745222166516e-01
2.206096216988071568e-01
-1.930761082760258096e-01
-3.953502443820546275e-01
1.457852915525343906e-01
-5.043414802904954142e-01
-2.880187239978712621e-01
2.186829106850176063e-01
-5.614253895909711023e-01
-9.868500022930377646e-01
-2.367460972839811051e-01
-1.248609754365715530e+00
2.218548037221851899e-01
1.966617362030660676e-02
-2.468962421914752348e+00
1.003746322269111424e+00
-6.026230350050438833e-01
5.652787486334853728e-01
4.403716609608965826e-01
2.829591696066162121e-01
-1.290632811633130705e+00
1.284375956464294477e+00
9.067097327880704327e-01
-2.223030067398396037e-01
1.426453147172768443e-01
9.648601637947038512e-01
2.270056156812238490e-01
7.725405028972891497e-01
7.770398621351807256e-01
-1.488014143397495825e+00
1.349261462468920980e+00
-3.146316409797575986e-01
-7.514315522093348854e-01
-9.203199266988353333e-01
1.348564857471802991e+00
-2.133047899790750379e-01
1.468329513602716130e+00
8.651335850450567744e-01
2.415404309699555885e+00
9.649902533960397211e-02
8.598364439631317468e-01
-1.029552490153621491e+00
1.623178724619407598e+00
-2.731772376663836321e-01
1.629075068244166535e-02
5.656241443544776093e-01
2.032563408132430638e+00
-1.233791614734036868e+00
2.328582580835499016e-01
-5.238833169587266969e-01
3.564021364683340742e-01
2.077497447910325423e+00
9.250650234611347278e-01
1.890906189550593253e-01
-6.316876653024797728e-01
-2.165839089499862480e-01
-1.062664936289224649e+00
2.075509289873021856e+00
1.839980457898497068e+00
7.421196587479605977e-01
-2.444714267598802504e+00
-1.445054088146499049e-01
2.724926450968075398e-01
1.584045499756529252e-01
1.207675065881889775e+00
8.236111014040202738e-01
-3.379163285843610198e-02
-1.774688615941212078e+00
-1.569307445216601593e+00
-1.110777096710613865e+00
-1.033800658190650257e+00
8.793373433917001103e-01
-7.939876954413649379e-02
-2.346339902889694073e+00
-5.459116467256719396e-01
1.153750383852847339e+00
-3.662187092429754487e-01
5.676991726410173245e-01
-5.517986451922596985e-02
-2.053395769816255712e+00
-1.711609575849276643e-01
-2.043535440291441019e-01
-9.379286383837935892e-01
1.125146736652928414e+00
3.967543895333601189e-01
-2.001172251927182399e-01
8.145956199155524047e-01
5.743549496192865145e-02
3.916312974371486400e-01
-7.349869882617787731e-01
-1.314102000685601235e+00
7.152329844208710208e-01
-7.802287641969778420e-01
3.568137612276570114e-01
-1.591888617830790276e+00
-1.379498795927013299e-01
-5.673909975953368434e-01
-2.225735297729183604e-01
2.161267546235410772e-02
-2.756232148065380194e+00
-7.154023510274009068e-01
6.844378261608411451e-01
3.962781089055708583e-01
-6.898983092561454811e-01
-4.415469256529184761e-01
-3.580274914648809981e-01
-2.178072558332889930e+00
1.696778511353347063e-01
7.437915774840609950e-01
2.503868056144986087e-01
8.521704768154929610e-01
6.479442159976518401e-01
-4.653029766804307465e-01
-2.483873276715816980e-01
9.593417567809589541e-02
-1.160859529756050001e+00
2.021390560303875372e-01
-7.176642409852989068e-01
-7.126746466051360196e-01
-4.535329813149632794e-02
-1.485843044678099467e+00
8.015592335590322470e-01
-9.555785230885791570e-01
-3.843291416477109035e+00
-8.510407455192018356e-01
-1.727163513528699568e+00
-1.589602700741137367e-02
2.233824188965531365e-01
-2.198440588336091073e-01
-4.984106656999000018e-01
3.578709130910635028e-01
1.051397384974694926e+00
1.881350459208594561e+00
8.843694202158673967e-01
3.157722729527764116e+00
-9.691142711193794224e-01
-6.845838211295178777e-01
-1.241312304442003134e+00
4.876530431505112229e-01
-6.581132169381156416e-01
-2.326063339130135965e+00
-1.466943817298536734e+00
-6.501701238966427487e-01
-7.655105140568906341e-01
-7.521908722628080080e-01
1.036565590581408070e-01
-1.544436279397019440e+00
-2.647054517445475708e-01
8.962493153957830083e-01
3.416276979752528864e-01
1.951380090208266083e+00
5.850471178967699137e-02
-4.218870756871785921e-01
-1.074619387199361592e-01
3.222392784059716631e-01
2.053027184638128499e+00
9.377858144778193905e-01
8.332243772943065396e-02
-1.364706986594956817e-01
-5.147076785729612913e-01
1.399288247661058193e+00
-7.228018041521716563e-01
-2.748590948405729706e-01
-2.889171199798215017e-01
-4.130039307710529628e-01
1.893830624571473109e+00
6.201692286536958365e-01
-1.049052091141091658e+00
-8.276370491717461864e-01
4.185111568131377746e-01
-1.367372844037917368e+00
-4.549951378507668953e-01
1.653028978262894189e+00
2.758714828314833278e-01
2.099158749946558877e-01
1.354820459504613717e-01
1.184181625055790582e-01
2.404464228334259601e-01
4.463481632646132957e-01
7.175034409203959740e-01
-6.752804451316026801e-01
-1.338932149831429108e-01
-8.852058535711250231e-01
1.534667736295311391e+00
-2.268666671299701676e-01
-3.858578745052446135e-01
-1.409021614455986837e+00
8.039383746937969755e-02
-1.369954587583439798e+00
-1.624485103039698730e+00
-6.920353413297017364e-02
-4.200846516231906413e-01
2.096528480254525206e+00
-1.351816522248788344e+00
-3.648332111371131337e+00
-1.720027995096407247e+00
-5.905726987795902883e-01
-3.654861555546363716e-01
-1.296164341970898137e+00
1.294602778363513340e-01
2.430996381940752349e-01
6.499265829203380029e-01
5.819363428185428955e-01
-5.053063587935507917e-01
9.173490558004457895e-01
-7.569854772214003047e-01
-9.392642490166851488e-01
-2.857520067468902886e-02
-4.228940717751129563e-01
5.449982181278678617e-01
5.532955270123083302e-01
1.110820012427180981e+00
-1.342417681908789073e-01
4.231952466825842363e-01
-2.548198410620445831e-01
-1.410037063178369576e-01
-6.424962860976332069e-01
-5.906681295927380670e-01
-3.709377724450857894e+00
-5.882587444775190244e-01
-9.786078215520278567e-01
2.472738244902973614e-01
1.691186384541176757e+00
-3.979361900516731332e-01
-2.174424379036177940e-02
1.469317201496583292e-01
-6.485103533024131339e-01
-3.707518341855596811e-01
-1.411628379473547634e-01
1.318255143379491456e-01
-1.204301064775231689e-01
-1.637732417611150182e-01
3.424535791594321976e-01
-1.396884613947842801e+00
3.694858352753138675e-01
-3.065245936528757098e-01
-8.787523107051630200e-01
-7.026886036601848184e-01
6.705161882209271784e-01
2.634708701323933422e+00
1.859163749076542693e+00
-1.833193054847880865e-01
7.105854920251590823e-01
4.928819370347171658e-01
-1.114429761876141456e-01
3.911141369467310835e-01
2.315600122793812776e-01
6.709650524973093111e-01
-7.948144272656015863e-01
6.896897161859296688e-01
2.075423193443700853e+00
-7.762583153911933875e-02
7.575926006236455290e-01
-6.259759448150751249e-01
-2.528686707319453553e-01
-1.606993781413456335e-01
-1.671888447162792390e+00
-1.742434632690031959e-01
6.301357531560168868e-01
-1.694414852336840194e-01
1.380790371977994146e+00
-5.925562585954747830e-01
-1.671255028316591673e+00
-1.477594086338847257e+00
1.646638304672874309e+00
1.333459230295151121e+00
-9.023942492245787816e-01
1.969047543431639846e-01
1.393441996326761911e+00
1.478806563728172208e+00
2.305505670337859303e-01
-8.262611508769650559e-01
1.888216184863143798e+00
5.053330224754427613e-01
4.038089370940373124e-01
3.604876523360363294e-02
1.086995416749335780e-01
1.302164453463339866e+00
1.068127284756463791e+00
5.333676566336074121e-01
7.815764923453927260e-01
1.330158401949713243e+00
1.317592682893859779e+00
-5.714957884080458239e-01
-2.665768432354022055e-01
-1.109987403352260538e-01
-3.891171244558164211e-01
8.312419369419417059e-01
8.029894552721329459e-01
-3.368148310492670716e-01
-1.062138147870057114e+00
-1.869384610754426967e+00
-4.033925229167645288e-01
-1.330429023535876221e+00
8.104557994998224935e-01
-8.846030976094448883e-02
3.139084343629581358e-02
2.150689526930214424e+00
1.235337512386731618e+00
1.568030306083783243e+00
-8.730980144144695476e-01
-3.480958915211353477e-01
2.178242318477347172e+00
-6.994340326401651264e-01
-1.566542081840968936e-01
-8.728831891845534319e-01
-1.542116383540191871e+00
-2.648743113351538780e-01
-1.046883323652211262e+00
-1.793846226120882736e+00
-1.745463243217609262e-01
-9.639694240584035789e-01
-9.785191970243556359e-01
1.690752984536096071e-01
1.593093154321922222e+00
-4.834050777430401458e-01
5.031128931981390107e-01
9.176149599615879282e-03
5.013802271321146087e-01
5.707322135743205793e-01
9.539318962004922353e-01
-2.334609614642855657e+00
1.328313211908450642e+00
-1.987240337514085242e+00
-4.142902716487581460e-01
-1.067144094201652349e+00
-4.334750642641678198e-01
-5.866936369174604593e-01
1.051029065526954964e+00
1.780868204652263254e+00
-6.341437081844253365e-01
1.236605097307855866e-01
-6.401457004421198249e-01
-1.315613546814095924e+00
5.746000387219580424e-02
1.828996886998598970e-01
-3.846676450843051209e-01
-7.692408101719080404e-01
-1.173755503916953380e+00
7.319496526814235349e-01
7.563925561014648302e-01
-6.091623254878127947e-01
-2.268030182291532970e+00
1.841966909978718508e-02
1.916784849558734183e-01
-1.628888448337325323e-01
-9.834083480280105816e-01
-1.439233922906867635e-01
2.273510171622460607e+00
-2.801792122716713629e-01
4.205366229224418717e-01
-6.199139055114336605e-01
-2.739447524158156733e-01
2.532871071865967494e-01
7.574211524309115706e-01
-4.390817545218621554e-01
-2.420836117408400046e-01
3.446795289375065852e-01
-3.618179203095724383e-01
-1.095468445519898415e+00
-5.648720072151095506e-01
-1.200256841617921788e+00
-2.724246630858301876e-01
7.843833393932957421e-01
-3.366150151933729462e-01
1.166565689176599085e-01
1.346316839275636668e-02
2.391937859902031338e+00
-2.038827859644245233e-01
-1.263788446613349770e-01
-4.234573374103050569e-01
3.561603905443826434e-01
-1.026636931778989181e+00
-7.144557658631119912e-01
2.564350010769268495e-01
4.384864868844520203e-01
1.390008717846271669e+00
-4.932842444477268384e-01
5.076137345387707889e-01
1.130029757546939129e+00
-6.389543973936823162e-01
-4.377466965423846834e-01
-6.835100246693874837e-01
1.869382359871649246e+00
1.412725807392852806e-01
2.518247598578855939e+00
8.563185890865683270e-01
-1.886347558121945767e+00
5.629419642967885551e-01
2.279954023100887461e+00
-5.615514283490653513e-01
-7.000382809155992758e-01
-6.255973598848222350e-01
2.183403850997911899e+00
5.611929687694875435e-01
-1.374410245718880708e+00
-3.693385202213485523e-03
