6.912480972337703422e-01
7.253045228843550962e-01
2.737668323912903490e-01
1.031735183941573153e+00
1.903153340612580569e-01
-1.364540208586669356e+00
2.763411847436468907e-02
5.388082697518283837e-01
-7.241624656887510336e-02
-3.961281816547369550e-01
-2.486947578408175152e-01
8.861055401149563471e-01
1.449086342009392014e+00
-6.450133131525731534e-01
9.760434992177556834e-01
-1.700413793274665686e+00
-4.936192731273592593e-01
-4.459403013310691000e-01
-1.258329785765404329e+00
-5.548959771563919396e-01
5.992902557970823663e-02
-1.591559398303156847e+00
5.374124176475795212e-01
8.006770471011491752e-01
8.423238880897715442e-01
-3.277066321118985437e-01
-8.572508551261145415e-01
2.615601369066105075e-01
5.397025249090584564e-01
-7.588018363749801654e-02
5.480334017748795805e-01
-1.660111076055570178e+00
-2.492665833779608597e+00
5.778541139243958957e-02
-8.868554412182777513e-01
-9.764883318080039842e-01
2.364819262739492167e+00
7.544126309852287882e-02
5.380374933450978725e-01
1.007357367952774974e+00
-5.619310992877738498e-01
-1.118121633154588457e+00
-1.776911348797547197e+00
-1.008438121373802066e+00
6.645905208884312909e-01
4.982120866829712336e-01
5.502648941525427606e-01
-1.181030451211790844e+00
-1.154769787749768462e+00
-1.348016994682249337e+00
-2.633671154936536585e+00
-6.712910730807866155e-01
5.157417700086276424e-01
2.494997971756444333e+00
2.053150815627458048e-01
-7.137847221606438142e-01
6.141775912154910921e-01
-1.922330250956489350e-01
1.197490121736564550e+00
-6.117423430421404795e-01
1.418819539190792289e+00
7.323608141741070332e-01
-2.928248719691090018e-01
-1.321385734987425176e+00
4.929377939553363785e-01
1.686416256808694891e-01
-8.993090913375209050e-01
1.482164864423654582e-02
-1.274149580180937713e+00
8.205582555603161410e-01
6.667055369929592024e-01
-5.970258957404910305e-01
-1.047350549500221106e+00
-1.508152895322871334e+00
-6.641168992254015135e-01
5.204818234902234275e-01
-8.672488831850478919e-01
-1.487822158473318002e+00
-2.031527494082490531e-02
8.257074920771965143e-01
6.672264139935354388e-01
-3.847531114413808018e-01
7.052489583686996077e-01
-7.022055915894057643e-01
-7.752615764175267987e-01
1.112669885866737207e+00
-1.573698268949622614e+00
-1.132867050767770278e+00
-1.858822026417029372e-01
1.731841774825019220e-01
-7.988143063207090444e-01
-4.495483004019799195e-02
-6.371647377997393669e-01
5.570469727050118003e-01
7.086225352927041365e-01
-1.202789534433716945e+00
7.292044869365382764e-01
-1.226210556164874177e+00
3.907528632072448938e-01
-7.421391734974466248e-01
-9.005870615300899384e-01
2.807158434524630874e-01
-1.295809856559650419e-01
-5.088282203265107606e-01
-6.745411448817816291e-01
5.498979792296913027e-01
-1.800370489763038762e-01
-5.009932011459330425e-01
7.464400300773299524e-02
-1.077212282296287515e+00
1.164786896976254676e-01
-4.301402455045689743e-01
-1.627239420437474493e+00
-8.224874684069366504e-01
-6.111603616295342434e-01
3.333221701028458162e-01
1.476448842312121645e-01
-1.306321930069020087e+00
-1.573001363759862548e+00
5.976147623248698748e-01
-6.467372176955652474e-01
-2.498831705580018825e-01
8.280841775170301178e-01
4.298773576068398161e-01
3.910287981226996945e-01
-5.277200182017145469e-01
-4.764654250122085655e-01
-6.607306846366708952e-02
4.620809309221448613e-01
-9.444856835924888561e-01
6.504799326177949093e-01
-3.565640469687062636e-02
5.948700848753368797e-01
-6.253402477755551914e-01
-1.730895243888189161e-01
6.039563181124897318e-01
8.694477105058230348e-01
-2.174861590554842961e-01
-1.236910769053241266e+00
1.545160742122042352e+00
2.703319063037114001e-01
-1.290168314481039635e+00
-1.246577887981761279e+00
3.730934184252133745e-01
-5.386282658435270765e-01
6.860271677326273965e-02
-2.050889245985496601e+00
-7.701431097638804235e-02
-3.228081378863090906e-02
1.888316429422234877e-01
-6.532627413932141636e-01
5.104070632470023017e-03
-1.136961819795555773e+00
-1.414897992878889066e-01
-7.247319233593070287e-01
4.373273679382967405e-01
-8.165617337416458676e-01
-3.841677999082366846e-01
1.479521677628208964e+00
-1.062375161414203628e+00
1.347632110828072438e+00
5.700521768701129199e-02
-1.167764993423800579e+00
4.913817452387292950e-01
7.823164123028823747e-02
-2.628041228840428678e-01
8.395486506924719761e-01
-7.066627202859895318e-01
1.043451443733489775e-01
-7.104740980629660196e-01
-2.472630226486205451e-01
2.914146857743646901e-01
-6.027036848429327964e-01
1.868563995055438021e+00
-1.020014360662260255e+00
-4.986106197566114728e-01
-1.606041202587968453e+00
9.672954261269579856e-02
-3.312870672955566809e-01
6.155749273486118556e-01
-1.288891369643325735e+00
-1.014451018330628784e+00
2.741921280867702926e-01
5.031181419834951374e-01
6.350997744788550170e-01
-7.028144089101384662e-02
-6.009639386576254294e-01
-9.711638385035763488e-01
6.839304891824785626e-01
7.286225524186239477e-01
1.515753750296085223e-01
-1.298221541033545812e+00
-9.722421478816418716e-01
9.626340761734644702e-02
4.014648623082817669e-01
-4.694479486944993507e-01
6.880200661600828493e-02
1.699302946760948285e-01
-7.257072607286049193e-01
6.070314930615127169e-01
1.409549483709746642e-01
1.490824436841541756e+00
-6.517012052045700887e-01
4.179291719192075594e-02
-5.305440339346083611e-01
-6.781869145682483113e-01
7.652655490515443137e-01
1.462722353815310683e+00
-9.097561055592184864e-01
-1.275695574380419250e+00
-1.997830503373188710e-02
3.477155860305545243e-01
-2.796650874326734315e-01
1.390918857986171098e+00
3.022838402566318527e-01
2.247672715350882977e-01
-8.746264953250316998e-02
-6.064320196791512796e-01
1.723504678135806545e-02
-5.379042796784022640e-01
1.387260081933430200e-01
-5.638386384852873690e-01
2.263785700890139918e-01
-1.498278023068019493e+00
-1.220193184009068732e+00
3.356753531296437498e-01
-7.715870399632698828e-02
-4.136863268125786086e-01
-8.370504040598195639e-01
-4.322357348776674768e-01
1.803118115333537386e-01
1.514966032271202634e+00
5.156843397639899740e-01
-1.585127297717752848e+00
7.398739834030949869e-02
-5.384771748431442795e-01
-5.413755149675335554e-01
6.362939474879344415e-01
5.945171352062941263e-03
-6.466351656553748217e-01
5.756136253433105088e-01
-5.090481249705316458e-01
-2.720840777951783473e-01
4.050266416865537233e-01
3.155828312897374088e-01
1.358883241084668070e+00
-5.475792813241485701e-01
-1.029342286123874795e+00
3.792695620606558737e-01
-4.673560788378204878e-01
-6.253402477755551914e-01
6.069567174132278753e-01
1.560320192619527813e+00
6.934926710978034370e-01
-1.791723745890690056e+00
-3.013878581698145043e-01
1.408725689881625276e-01
-1.021414402662839338e+00
-3.166919578471366625e-01
6.969497968423798984e-01
4.237337558482090483e-01
1.747572921703629101e+00
-1.328248389006409402e+00
-2.349592912911998843e-01
2.788474224034120375e-01
-2.950729825505086223e-01
-2.094838751777502450e-01
1.637602086266137347e+00
1.151035633149467552e+00
3.787903680343229218e-01
-9.850721864122771732e-02
5.861985087242979064e-01
1.983339691460273557e-01
1.308979405623661219e+00
1.122133225116079158e+00
3.610978563303466893e-01
-5.954888835693871174e-01
1.030111068295883614e+00
-1.305343090552822050e+00
4.527950957575937463e-01
-5.112991433164240096e-01
-8.891661669773324173e-01
-1.425273529022030583e-01
-1.020169932741171293e+00
5.015371339318215327e-01
-5.616168927698896030e-02
1.488101465897537223e-01
-1.575882075377934344e+00
-1.503402354292860954e+00
4.962558822563777339e-01
-3.935543812841721945e-01
-2.856054740626507438e-01
-1.507862028669560983e+00
-1.912899650059941115e+00
1.145159403968582928e-01
7.469732025469263959e-02
-9.169796430068410942e-01
1.584888700748142698e+00
1.107532989362083747e-01
7.654509318449828070e-01
-8.766376806800667554e-01
-7.570263067354373598e-01
-2.661264986810348288e-01
-2.173539913268063728e+00
1.064341942007897446e+00
-7.725739059171075895e-02
-3.047541282191126299e-01
2.096244091928249453e+00
-3.196050054945170915e-01
9.893487384761683323e-01
-1.237724413072030405e+00
8.816478562891815196e-01
-5.093193309402361812e-01
2.275718501494698565e+00
-1.291107649684822611e+00
1.757823655101738769e+00
-3.645870779417214602e-01
-1.220904230454975259e-01
-5.087361412125345206e-01
7.026731517449210651e-01
-3.193921206944774771e-02
-1.236036752490541568e+00
-5.459038274914606026e-01
6.020998462283190522e-02
-1.877942062396474210e+00
-6.514792420335823175e-01
9.120721476621164170e-01
-9.909214566499653654e-02
-1.863739865118899941e-01
9.663747622885453525e-01
-1.967891498894113467e-01
-8.967311792697264528e-01
-5.579318439715684752e-01
-5.120457933046401733e-02
1.345390191063520424e+00
-1.297825830651098133e+00
-2.985552734327347135e+00
4.054812675704361769e-01
1.813911540196307293e+00
-1.218318254027015879e+00
-7.448392799605889625e-01
-6.900765547454175142e-01
3.485115562555191615e-01
-7.712199918651967412e-01
1.435081700319315937e-02
4.020213387526744980e-02
2.233037642787131793e-01
-8.647873038340129215e-01
-1.326880715905010222e+00
-9.429205218467160421e-01
1.516550454558338146e+00
-6.976076615058812713e-01
9.163755830315625239e-01
-8.432840087682720309e-01
9.148575953328677568e-02
1.441016722716446985e+00
4.999699596568827342e-01
-6.231571332527797713e-01
-7.143196317888717006e-01
-6.658392920866894604e-01
2.639704493983460853e+00
-3.805106302211895830e-01
-3.056885516966149074e-01
-8.373755551815804665e-01
-2.031279198216864035e-01
-2.788920140481439547e-01
3.677278564667046945e-01
-5.212784540586199444e-01
-2.028135048614210234e+00
-9.942051049032396559e-01
1.535057184535306984e-01
4.608303563747584985e-01
4.933250567761521266e-01
2.233340044396484383e-02
6.962401908949313878e-01
-1.570989343792799975e+00
-2.166441384276438231e-01
-8.376251232940314928e-01
5.445757784359238352e-02
-1.718690533231214887e-02
1.100090731660683607e+00
2.382042926503468383e+00
3.350282374456134971e-01
-1.292463901416022742e-01
-3.310476474108193790e-01
-9.231358671196795429e-01
4.015470773075495436e-02
-1.065592135829752873e+00
-1.066944863525224774e+00
-1.927282303547377618e+00
-4.488468751561038306e-01
-1.561864263144044473e+00
-3.255998038566175201e-01
1.024193213977413613e-01
6.393436786818892381e-01
-6.907820421937669320e-01
-2.684436700730331027e-01
-5.074847347581031842e-01
1.371626220566272460e-02
-1.018502791863610035e+00
-9.800754649064424839e-01
-8.021732707169992871e-01
4.434558510771661327e-02
-9.201944354573042550e-02
-3.894474460533886018e-01
1.296136577531705969e+00
-1.003131820458339707e+00
9.096756967975963004e-01
6.723490097043393066e-01
-9.588283531531375248e-01
-1.740912031608197408e+00
2.714457354395236055e-01
-1.918041276565491116e-01
-5.136012688620943401e-01
1.435157622279527923e+00
1.323121906422743688e-01
-1.152026536440992954e+00
1.450277017854097572e+00
6.722714825139892714e-01
-2.469988650200490632e+00
-2.730330046125455934e-01
-5.427140735084257095e-01
-2.604820687931798107e-01
-1.094891643256963754e+00
-2.690758482236874430e-02
-9.710320284792672840e-01
-7.867553630733082892e-01
-2.621354147659081812e-01
-1.123573216020945287e+00
-1.162255728343239092e+00
-1.051878293167137546e+00
4.425686094625311817e-01
4.928288807763850921e-01
-1.013792453943161087e+00
-7.553514687770604974e-01
-2.470340404268248913e-01
