7.455762834341482514e-03
1.875169499440690890e+00
3.354355375578156329e-01
1.068722736372982041e-01
-2.219754201671361393e+00
1.012490342122397829e-01
6.740795277018321041e-01
6.946174221365103429e-01
-2.444314220319665776e-01
-3.332890439847289166e-01
-7.626938196314558827e-01
-2.062988789968252801e-01
1.193235082432148264e+00
-2.373172015768452159e-01
-1.389661217245079960e+00
-3.738688467918588887e-01
8.489293531623542943e-02
1.177057690391336786e+00
-3.145291165676285527e-01
-5.597204962881302537e-01
-1.236232323491271545e+00
-6.191702945065584718e-01
2.398044550754171722e-01
4.090040802930330344e+00
4.749463373812345957e-01
4.587033079124534507e-01
6.965127814943734841e-02
-6.965395082926558734e-01
2.705620654301356676e-01
-8.968263769362954108e-01
4.847408839296697969e-01
-7.619679192724652106e-01
1.750306611485600017e-01
-7.624814538445058298e-01
8.628339035735325957e-02
-5.697782911276157991e-01
8.872298767705473210e-01
1.014026146236077119e+00
-8.034645138703065941e-04
1.907253871661792166e+00
5.967072288675305813e-01
-4.259439745575458458e-01
-6.760553622814111652e-01
-3.573833668622142939e-02
-4.057030023708046301e-02
-2.061872674927171245e-01
2.120320282284883506e-01
-1.135865600753106053e+00
-6.688102960719055634e-01
4.868286342215677465e-01
-1.640676295788692007e+00
1.466606123541645434e+00
2.291801292833197182e-02
-4.658758483719709353e+00
1.429987733174339137e+00
-1.299609484267168602e+00
4.761948042532117675e+00
-1.186274258527528325e+00
-3.572121051158535288e+00
-1.268794004575168000e+00
1.668941909490996023e-01
1.784378512563704389e+00
8.642344196070703699e-01
9.344512102400837072e-01
1.140136357553346719e-01
-9.702179471705718594e-01
9.082749516741167595e-01
6.242376119003242296e-01
2.719851606765483765e-01
-4.347281882799874930e-01
-7.399701802032335740e-01
5.903320916518954575e-02
-1.503574644134392901e+00
-2.166222317816817178e-01
-6.861499600301723678e-01
7.112406914703962579e-01
-1.821690888807347419e-01
1.411271776680020240e+00
2.408893827162430501e+00
5.494749475125473293e-01
6.212911343709094647e-02
8.692792412612295738e-01
9.221139499831262909e-02
-4.629518872406455654e-01
7.009418729700700457e-01
-3.174617951408455152e+00
-1.778469426136896070e+00
-1.189919353850540595e+00
-1.246171642934305268e+00
1.324741655626563430e-01
3.156308964404627826e+00
1.218821933536039737e+00
-2.296006780503386524e-01
-2.861475796300098295e+00
8.628351087622371240e-01
-1.635037822586107081e+00
8.973684470587405260e-01
-1.128199665835377230e+00
-1.319804164518201262e-01
-4.938748087031543665e-01
4.806908928171894635e-01
-4.746938914688876576e-02
3.624586939401574504e-01
5.398781925658162617e-01
-1.362968273656895990e-01
4.233346340542418762e-01
-2.212157859759847911e-01
-1.849828853936272832e-01
-9.638406057544790517e-01
-1.570851222885224718e+00
1.147485014816983506e+00
-1.399368264721307931e+00
-2.877974306115673730e-01
-3.405580101135205484e-01
-2.300841199629856670e-01
-2.234606948929194647e+00
2.581558681086801865e+00
-9.185711993168828027e-01
-4.039412151262466444e-01
-1.097306554130135225e-01
-7.877248857993943143e-03
5.819045022625515262e-01
-7.768475521143409779e-01
9.253202315114135434e-02
8.838245461161360339e-01
5.048775118148599583e-01
-1.764652061783076542e+00
-6.523433244789768048e-01
-3.302636619101672472e-02
-1.268504626432424010e-01
6.653499343134946509e-01
8.102787085872517059e-01
5.058917155714773850e-01
1.328499155494526907e-01
-7.099861504356342889e-01
1.901457591111481438e-01
-1.818201442675565771e-01
-1.157423848301371461e+00
-2.650744329635696506e+00
-3.508506954346765627e-02
3.526581531941340164e-01
-1.599875039027240931e-01
-1.940796336807199873e+00
-9.369518433184350625e-01
-1.183553635132583576e-01
-2.341542860524597369e+00
-2.067190522122109630e+00
8.488960505492649800e-01
9.266602362990092323e-02
7.829100908834111250e-01
6.084897886421415658e-02
-1.017207555957238219e+00
-5.857972152308084102e-01
-1.935850912390931489e-01
-1.292506731153424404e+00
-3.673159412715751304e-01
-1.520715307350509304e+00
7.633339518770628773e-01
2.264092327825930340e-01
-1.761967574302326867e+00
-1.379198419785327090e+00
-1.896088697050742011e+00
-3.505747633650700745e+00
-6.180755046184617241e-01
-9.967669071763533006e-01
-3.160573237669943580e-01
-1.007255235330604404e-01
-2.896001150473328511e-01
-8.535486804754839341e-01
-3.171025021811872402e-01
3.947117550305686007e-01
-1.099166104449295078e+00
1.620374748290009714e+00
1.368797619990244296e+00
7.340651816308478572e-02
-1.846870043747276924e+00
-7.473864782957089226e-01
6.592970674741576165e-01
-1.393387784063242485e+00
-2.831373067881254535e+00
1.925745568397033425e-01
-9.011886258459770316e-01
6.560612424584112423e-01
-5.697782911276157991e-01
-1.271575523892896076e+00
-1.601343362308712992e+00
-4.819200342465564946e-01
-3.646357624058950697e-01
3.463769513202801242e-01
-1.190499664934572127e-01
-8.107952729641263456e-01
4.297451279950697395e-02
-3.775852199264640996e-01
2.186101656525863690e-01
2.258083979201751745e+00
-5.366370854068379659e-01
1.429913273834792359e-02
2.348109579804629199e+00
-1.272411637139479801e+00
1.991926957639396090e-01
3.616816745304137215e-01
4.085567511786313832e-01
-1.847437957927745567e-01
-9.715531856599569638e-01
7.839510900323148901e-01
7.985556181182886792e-01
9.862733554787864731e-01
1.173592561619224872e+00
1.279686295928193496e-01
-1.818201442675565771e-01
4.851245709497306602e-01
5.144747191756467858e-02
2.286212628449325879e-01
-3.088291605910237769e-01
-8.501051280975978341e-02
7.796519047138921188e-01
1.337228373599055053e-01
3.611813875038822896e-01
-1.580288678455677331e+00
-6.044483844474809464e-01
-4.517866764197963070e-01
6.479039077392281798e-02
4.009146663254010701e-01
-1.500696357488262134e+00
-1.139862928349318016e+00
-2.849336434824476516e-01
1.547206978120650722e-01
1.300649041159047004e+00
-9.388924312359807622e-01
5.583339199776371498e-01
2.222493028582459007e-01
3.117011626173540884e-01
-8.874306086039669417e-01
-1.722933829813209305e+00
-4.168513668772577119e-01
9.262518551539043743e-02
2.550726342298894056e-01
6.639021070242956402e-01
2.104356249708042359e+00
-7.827295149656398054e-01
-4.353044077645650822e-01
-4.130183582864029312e-01
-9.773667111403097074e-01
4.030289708326002529e-01
2.300922231655621875e-01
-3.877889508397188156e-01
-1.543248038961303914e+00
8.611949345324233437e-03
8.958411064047254735e-01
-4.559641666197628007e-01
6.211148289173349379e-01
-4.425832023651760094e-02
6.060155707000212111e-01
-9.567597221318363543e-01
2.319318748845516920e-01
4.643613800924328155e-02
-4.656724227680730244e-01
-3.360190826416582066e+00
-6.776110797713726097e-02
8.533885163433262422e-01
3.723907212537058004e-02
-7.513691200713777940e-01
-2.742752234406395928e-01
-7.689135497844810097e-01
1.127188563364369955e-01
-6.864706571909902078e-01
-3.751064798796368005e-01
5.531994846250318787e-01
3.665942523051274327e-01
8.228577725085815808e-02
1.269269233199501246e+00
-9.290531722820629668e-01
-9.465648529100516573e-01
2.688063386535122778e-01
1.158944781689428494e+00
7.783397181673338272e-01
-1.137317428825163956e+00
-3.931946416526828081e-01
-1.295818500967621245e-01
-4.564215174124233720e-01
-1.158389130565041558e+00
-1.005234169540097922e+00
-1.455085234492362323e-01
-8.394267871756794230e-01
2.436711056316109847e-02
2.103547579182533767e+00
8.327330621419882783e-01
1.495385581856221835e+00
-1.178977871421294177e+00
1.024357487269035083e+00
-4.549709456585224743e-01
5.300105110867268099e-01
-3.298120169111851130e+00
1.092422050626666724e-01
-1.765112765291561026e-01
-1.935136543164486522e-01
2.991246283078755064e-01
-3.324719215442375336e-02
4.914291484123673587e-02
2.168833665675226285e+00
1.267680257560757084e-01
-1.138669886021468791e+00
-8.520360609948752773e-01
-1.617615582837524713e+00
-3.233457001016107335e-01
-1.295369744597328343e-01
9.159251404042139111e-01
-3.302636619101672472e-02
-6.100441266910985316e-01
-5.916375815660276927e-02
-1.359061153748166273e+00
9.639415610038398752e-01
-2.770239037240762592e-01
2.855576274487188648e+00
-1.299287223964890048e-01
-1.036122776745402652e+00
7.457362825489256553e-01
6.709825919432381713e-01
-1.205299040395835686e+00
2.139504951261227195e+00
1.014120824075618987e+00
7.778037013740790595e-01
-4.425992092521867649e-01
1.574961212834053770e+00
-1.081985530544788743e+00
-8.424088433641350182e-01
6.393359407123969662e-01
6.151520169175079822e-01
-1.395539353004268124e+00
-3.675550364377850321e-01
-4.143641832369595046e-01
-5.843022378496741664e-01
-5.865305747413435133e-01
2.156404892772159521e+00
-3.663764164729856332e-01
-9.482950600544941544e-01
6.367949794340105329e-01
2.550272929046334958e-01
3.429225396126216879e-02
-1.490269214246866980e+00
1.607454251124864342e-01
3.267202097942210060e+00
5.003654935368614942e-02
-7.429284347586780912e-01
8.249947366136394233e-01
-1.105022976924826539e+00
-2.737269793113975558e-01
9.158976645557370677e-01
2.380673527383166121e-01
2.929638219275166877e-01
1.193106139950056210e+00
-5.940999776743344230e-01
5.162175024237160015e-01
2.701687700071970788e-01
-1.460059486997655087e+00
1.938163233694657039e+00
3.268670530620466641e-01
1.593697753363885194e+00
2.678626222334083359e-02
9.398524181605919514e-01
-4.510561167165063168e+00
1.211950057954173932e-01
3.075796883800373527e-01
1.130233071647238186e+00
-1.201191620554627582e+00
7.948649192115300188e-01
-3.356201077877336014e-01
2.464418499605024238e+00
-1.470399441708587718e+00
-4.914505728419654718e-01
-6.791111017692583740e-01
-2.104733888505258665e+00
-2.404224135952467145e-01
-1.036122776745402652e+00
4.121356115042723034e-01
-2.533709222418925600e-01
-3.075278135575771898e-01
-4.931197409274148957e-01
-6.345645207111341168e-01
1.013140091725194036e+00
1.444794890050141056e+00
5.916077606863868327e-02
-1.509126526286541425e+00
4.490778732534724260e-01
4.011654209677001370e-01
-2.319102088223018221e+00
6.670165348495703528e-01
8.207138636994398828e-01
-1.913529367335795039e-01
4.748076921921846605e-01
-1.587407014664790728e+00
-6.605460261773262731e-01
1.376658324051774240e+00
-1.769916058780823365e+00
-3.807137795605276542e-01
-6.243250567742354429e-01
3.037742866223260840e-01
7.889814544426427823e-01
5.842569183303738534e-01
1.956494719061712684e-01
-9.825248909393127228e-01
-1.196444137314497169e+00
1.995883811501118210e-01
-1.675745783286896884e-01
-1.384789914946528810e+00
1.071511284292418070e-01
4.076695880463460792e-02
-3.967494683105699665e-02
-1.410180104486671748e+00
1.425151706649534222e-01
-1.329796988843933603e+00
3.862152515986553847e-01
2.121089775866213112e-01
1.260919722385879793e-01
-1.052556286166649729e-01
9.551282389614149659e-01
1.919920136054341919e-01
-1.656971919289991491e-01
6.545016233492981783e-01
-4.699030922044189484e-01
2.344722486993504329e-01
-1.185283325215243710e+00
1.009812234581918267e+00
-2.631857826864542060e-01
-9.809866956518826786e-01
-3.062802264991649759e-01
-2.091033016102043174e+00
1.735827486284960974e+00
-8.293174300540551158e-02
8.222791526799769213e-02
2.985889876703495260e-01
-1.037614399196317816e+00
1.394019443252077828e+00
-1.492960995163857274e-01
-3.363554163711913320e-02
-1.770387743348517395e-01
