5.818090603804515482e-01
5.735217339862701547e-01
-2.841043657596615812e-01
-1.456169448659412557e+00
-1.552448375715534956e+00
-9.924009485197473612e-01
2.429790732048756341e-01
6.993690280386181124e-01
3.850620593488282561e-01
-2.261058839932676978e+00
2.969856617236218965e-01
1.104012069991850309e+00
1.561212074304796915e-01
1.182751623125703588e+00
-2.622730003997961190e-01
8.085988320765788995e-01
2.944354717964334789e-01
2.438828820325679381e+00
-1.414312948106162926e+00
-1.373217684084020451e+00
-2.967605868691940429e-01
-7.154240255284907146e-01
4.848936474619394144e-01
2.333612655219299281e-01
1.985742802427902243e+00
-6.960253529798260397e-01
2.621482818034653328e-01
-5.511676807433341096e-01
2.780107331714199992e-01
-2.234207913820621672e-01
-1.177860795952529571e+00
5.588113785056216809e-01
9.085482254182799533e-01
-1.854124801345787832e-01
1.125079242295084159e+00
2.244178582523307375e-01
-3.842352043185833232e-01
-8.732644076366379016e-02
-4.207584191560028580e-02
-6.926372535452630652e-01
-8.883750126322061125e-02
-1.127872641204267445e+00
-5.491504559280729891e-01
1.090742706402985318e+00
-2.548179472113321631e-01
-4.979534867874645387e-01
7.511513639163097666e-01
1.505896754582320973e-01
4.963427290941568176e-02
9.626719878021164356e-02
-5.828367877828654064e-01
-4.031768938533459856e-01
2.174721150251499868e-01
1.052950853133124642e+00
9.613716787548245435e-01
-1.739765291579600470e+00
-6.198936571276209007e-01
-2.070538844492592345e-01
1.657223894490922333e+00
2.287719942594294564e-01
3.294982712836186378e-01
1.346045980239293005e+00
-2.457826840232315291e-01
3.855035880993829545e-01
3.824783157644482401e-01
1.628743342035451125e+00
2.376038672751236369e+00
-1.084226082711913675e+00
5.626345215110141185e-01
2.490892992408778039e-01
-2.489433269225036216e-01
-1.002489538180438400e+00
-1.606554856023870714e+00
-5.799572687657325032e-01
-1.664969536970284825e+00
1.170568918420547971e-01
2.184067747321500885e+00
2.985903663278818843e-01
5.829664617425741602e-01
1.346089151737901224e+00
8.709269173740703529e-01
-4.544836592076400006e-01
1.399977185751311304e-01
5.772586856517134546e-01
8.636074585402095383e-03
-6.643383552973894934e-01
-9.126252203873130853e-01
-2.693665743872077356e-01
3.399110729161061162e+00
1.652623410517516378e+00
3.630722526249827720e-01
8.088341229345382688e-01
1.532753883233531622e-01
-1.221934114871021437e+00
-1.089632117914845821e+00
-6.894100374036565837e-01
1.534712969516505821e+00
8.329981734268593341e-01
2.183250734435792317e+00
-1.939643887810681200e+00
1.099735171485130836e-01
-8.232230256885483266e-01
-6.656749084046306164e-01
1.056438495574362868e+00
1.155482642915037994e+00
-9.554823358686230783e-01
6.283472255384443539e-01
-2.569841703369091235e-02
-1.119703099945169367e+00
-3.896464788519941047e-01
1.999715636189898227e+00
-4.904901625697632439e-01
-2.305428147680545492e-01
-4.263087795167649907e-01
4.113002246110370463e-01
-1.067533339742055443e+00
9.778656780660453796e-02
4.172514350036372055e-01
1.828460582873355333e+00
-6.880612407410681142e-01
-9.359533235271324525e-01
2.455885077826463342e-02
-6.265416167923759660e-02
2.799532201299283485e-01
-6.577977384096141966e-01
-3.944195177944313790e-02
2.203816024719778555e-01
8.429966327043429963e-01
1.375301966386557551e+00
8.268486084471295128e-02
8.744052005381757198e-01
1.353285676928955183e+00
-6.498153327913447352e-01
-8.871931586965648986e-01
-4.181047114903037043e-01
-3.275552112189241138e-01
1.706871640516304689e+00
8.373090495086050744e-01
-1.977566475633260490e+00
1.174019680822377509e+00
7.546600400642059503e-01
2.270065465709217647e-02
-1.422381046077425326e+00
-6.107705724567311645e-01
1.101959487747070920e-01
-1.586339715490852731e+00
-1.226800240016439503e+00
4.054524129838508184e-01
3.655938484541829125e-01
5.505803813636832994e-02
-8.826860441919280598e-02
-1.108045278873209805e+00
-2.310115479343354816e-01
2.753482829364676476e+00
-5.115988710122166827e-01
9.914173616245855469e-02
-7.397548722140731003e-01
3.201035026604523437e-02
-1.354034549486164696e-01
-8.536718591459840910e-01
4.136010338370647577e-01
-1.351302852388936160e-01
1.689890606691818731e-01
-5.519954548562273633e-01
1.018554996602125007e+00
2.718270598180223097e+00
2.485381656854543930e-01
-9.434849434736958251e-02
-6.305665120305200544e-01
6.562198389196681469e-02
4.058017056320962213e-01
3.197278693493246671e+00
3.976246721251598948e-01
-3.135293661216519978e-01
-1.243665983993322621e+00
-3.140971631816803084e-02
-5.793620616266454970e-01
8.089963215190165702e-01
3.356350230485919184e+00
1.038987477256971409e-01
-7.243164184713180020e-01
1.232129818582941017e+00
-3.162031950728393381e-01
9.809282802346782626e-01
-1.171202454008838822e+00
6.047009704402648289e-01
-4.183662563491311048e-01
-1.853088721542811568e-01
7.891596751637945939e-01
8.668763492076880794e-01
-1.817730571975414655e+00
4.179415682549355582e-01
-1.411090430683325792e-01
-1.942937643592666797e-01
9.000392852538409150e-01
-2.234775188365053733e+00
-1.783552497231858824e+00
5.033461701090600204e-01
2.164811745818041810e+00
1.588090665331467477e+00
-1.447702136116543192e+00
-1.649103151212517604e+00
-8.115578893953001582e-02
5.078190510986597267e-02
5.936390055039941771e-01
5.311672349497732482e-01
3.813290732661823723e-01
8.122709428466304837e-01
-3.345158454169972484e-01
8.631925464829914851e-01
1.004848312620615580e+00
3.020322240520111112e+00
-9.885070330363668889e-01
5.335193860368726559e-01
-5.038848941119843383e-01
-8.903384993020487803e-01
-1.135827931066331065e+00
-6.706894872712140798e-02
-1.932494034029484109e-01
-4.047918759408725697e-01
2.274753993173382893e-01
-1.328247274762541785e+00
6.721429568957644207e-01
-1.260518544496803006e+00
-8.632024657172934767e-02
1.126339845939546835e+00
7.839122843639105831e-01
1.467558629393503622e-01
-1.567257881185260660e+00
1.871818124177040965e-01
1.736930865419992753e-01
-2.261818065418681745e-01
9.875458255554468989e-01
-4.685900563593274892e-01
-1.107890228279326816e+00
2.551639179070604446e-01
-1.139358375293407333e+00
-8.942225444474284357e-01
1.056157960992635925e+00
9.533295310255516242e-01
5.595544684922325596e-01
-9.985900840607064843e-01
1.874922778490323294e-01
-1.552356192264843782e-01
3.050984398882851112e-01
1.766662240606590606e+00
-6.896274040928060955e-01
-1.044654700603488751e+00
-1.126111049419020911e-02
-5.771366395460234555e-01
-1.667398098583221744e+00
-3.483065488586628566e-02
9.503925533768847744e-01
1.244063302337596044e-02
3.691301999972226855e-02
9.027437045980844788e-02
-1.030844429060873813e+00
2.085617836329477504e-01
5.298622898141738258e-01
-2.740720761023197616e-01
-4.691080610835077769e-01
1.275294849906375205e+00
1.056958848006418483e+00
-9.526725427499579402e-01
-2.446673016606868700e-01
-7.851373165937945986e-01
1.281693206491582249e+00
-1.611203679586971527e+00
-3.877300129839077875e-02
4.423279660238669253e-01
-1.116826150529003137e+00
-5.801764728487569522e-01
-5.452224446806990255e-01
-9.471995810111956127e-01
1.656951179073386626e+00
1.283394257687766604e+00
1.248428772002977694e-01
6.487277934010239611e-02
5.105740332104744539e-01
1.195967303064993992e+00
-3.698038436312449107e-01
-4.960315537445617040e-01
-2.285349114528495984e-01
-1.878561205957632430e+00
-7.554089330315962858e-01
1.032565032599794153e+00
-5.242432545667797816e-01
1.619666796253030339e-01
-8.746757579999200338e-01
3.395181014645180184e+00
-9.276936057523723633e-01
2.053634338638676837e-01
-2.298021682280095845e+00
1.270289639698399687e-03
-5.770227899056827869e-01
-1.114953869581840062e-01
3.151995348807451469e-01
-8.221785562844563522e-02
-2.106483147588759930e-01
7.836861573596642927e-01
2.425639852426062504e-01
-9.985405203723328738e-01
-3.037757451092383820e-01
-1.470104481810653674e+00
-2.245633783197895916e-01
7.187561912092395033e-01
9.332146679355489693e-01
7.911887080350451518e-01
5.090585537191442134e-01
-9.214028162375045850e-02
-2.953528428482845580e-01
2.932657122169342934e+00
-8.187003418957142786e-01
1.992092242280057546e+00
4.479575354460343939e-01
-5.847907814451393238e-02
-5.834620254131881456e-01
2.164646111037357823e+00
4.339906702734834809e-01
2.752278089599125011e-01
2.849346889206833336e-02
1.070288189926164479e+00
-1.192029269106594569e+00
3.035454835030101384e-01
3.176079304149262983e-01
9.157869779015461731e-01
8.034234232034099810e-01
4.963234548760214193e-01
-8.157850656651088883e-01
1.288639265816551083e+00
5.294265681863645767e-01
-1.039815813220469121e+00
-1.023094434661083324e-01
7.170757277489322457e-01
-8.126100661232651401e-01
4.511241913731077469e-02
1.653565047935767474e-01
-2.466712575444051092e-01
4.287654197675418444e-01
1.201252413569760424e+00
5.440698508669417066e-01
3.961035338822436747e-01
-1.222030149640717545e+00
9.870069127415700416e-01
9.224920784900720871e-01
-5.895530500095788051e-01
-1.686941090011607469e-01
4.178521730048127547e-01
-1.111878663941767709e+00
3.626019164721401289e-01
1.199459599431526247e+00
-2.319762644334603663e-01
9.372955110296181669e-01
4.834030408616203367e-01
-9.927313801511847835e-01
1.779794073529576526e+00
-3.403328352170210125e-01
-3.452125116975067187e-01
-8.804654011768160426e-01
-6.237335561025776354e-01
1.097718960086174755e+00
2.874704985643059540e-01
-5.482136327244685470e-01
9.219682527831304375e-01
7.899358651822316890e-01
1.720078052308496863e+00
-5.701512960687151743e-01
-5.180922835007573113e-01
-1.427343983135511696e+00
-1.155188625425330518e+00
9.282048986496502230e-02
-3.487574459762703971e-01
9.567868875662736139e-01
8.147208012934691324e-01
8.851988036015698835e-01
-9.577828355262323345e-01
-3.645650984411117346e-01
1.225184335374049915e+00
4.470247477562391270e-01
1.961707324942414843e+00
-5.025704891688417275e-01
1.921297151304916795e-01
1.920308842505741298e-02
2.670302959172627499e+00
8.591616709508521910e-02
-3.345718572772227173e-01
-8.202503591564613838e-01
2.864964030095524361e+00
6.604286790714390953e-01
-7.116049776074630240e-02
-8.047029883256990868e-01
-1.120053514431841535e+00
7.972404470769127727e-01
-2.248469682338148257e+00
1.200319331423950420e+00
9.222037986363536000e-01
1.412344694957139504e-02
1.220239241895036075e+00
-8.038674109379206900e-01
-5.250934705999232843e-01
-2.291763228923750173e+00
8.117844561270167736e-01
6.258996230677461581e-01
2.807838663543505975e-01
-6.452967987639263159e-01
7.277366695256461959e-01
-9.444939925586895990e-01
-1.091360360490050141e+00
-8.899464851186514314e-02
9.816599725647049413e-01
9.972507789849682433e-03
6.435105047045891480e-01
-7.209475566650236367e-01
-5.020731225545348175e-02
-1.018371999993940902e+00
-3.451944351293148583e-01
-1.100253406373740139e+00
-1.167038514039514807e-01
1.060140996937456448e+00
2.352575969689451596e-01
1.009077885429307431e+00
1.232735379198178549e+00
1.729354893471479304e+00
-3.866586613942811224e-01
3.761691866734751533e-01
-2.080317098154332578e-01
-7.093907356252099339e-02
-1.225577940875738348e-01
-9.822157340905270928e-01
2.408307791165129885e-01
-3.972291218771439314e-01
1.067633189769789381e-01
1.432979399784766850e+00
-4.400412951260929822e-02
-9.346379814656159413e-01
1.923403244648296706e+00
