9.119456794432559965e-01
5.475626431561089191e-01
1.214562294539829196e-01
-1.390839739269668973e+00
-1.237316515705612296e+00
-7.024481625260724504e-01
6.628065944402232734e-01
8.409823522656544315e-01
1.124513045211136125e-01
3.920982519919039011e-01
-8.647350688942741226e-02
1.134136818089606091e+00
1.941378333129509248e-01
5.147380618763541804e-01
2.622391321128461628e-01
7.498845523805695024e-01
5.333007118392375512e-01
1.030710354570927079e+00
-1.764294435972321828e+00
-1.645149625085186473e+00
-7.817594137376698837e-01
-9.141835329364474960e-01
1.117133641294980384e+00
-3.624332413241984630e-01
7.154560641621946493e-01
-2.874923299596719994e-01
9.004351087582891378e-01
3.547384991127052190e-01
6.758926630063563090e-01
3.248953084566225669e-01
-1.173653312657688463e+00
-4.484575210859838568e-01
1.602886605856154389e+00
2.183466170932683581e-01
2.532943896457486854e-01
1.471318253996186654e-01
-1.514572930548305107e+00
-8.626082123001352353e-02
-8.827269898876318743e-01
1.539714493534402040e+00
-5.737589002334372856e-02
1.473519402006676360e-01
-1.734892827090267708e+00
3.509966661939769028e-01
-2.056946071481825095e-02
1.546662491476092693e+00
1.694531285105562279e+00
-3.802863930071400111e-01
1.205263797852971636e-01
5.034191022220968481e-01
-6.714422206773550394e-01
1.192268745560796539e+00
8.389698175472988240e-01
-3.955339910819185567e-01
7.591337319089266900e-02
-5.616491850579234946e-01
1.302696396024766612e+00
2.761041351407323430e-01
7.510089370030672562e-01
-2.510578045450537754e+00
1.344895537441857858e+00
9.403914491659087771e-01
1.166374524066773333e+00
-1.972978180479010024e-01
2.839364290622619635e-01
8.939593757136922170e-01
1.027324045682920239e+00
-1.391161773586356565e-01
1.939730651170994136e-02
1.348606666649641905e+00
-3.211595300872631120e-01
2.877625019705473686e-01
-3.911922874623178226e-01
-3.759966626866921846e-01
-6.963460784631204659e-01
8.865035314174890546e-01
5.109097008598791900e-01
2.232280587545494299e-01
1.855865283173437630e-01
2.079771342820591340e-01
1.299619369343398834e+00
1.233760472479201509e+00
4.286787883738987781e-01
-2.787845290492138584e-01
9.952664878421852990e-01
-8.101078211375075666e-01
5.590359333685359505e-02
-1.219622341286247469e+00
-3.370261618744342602e+00
1.067228997569042548e+00
-1.706917951753253171e-01
1.486573129212821698e+00
-1.781795041903222188e-01
3.829581330434584374e-01
5.949856057070576631e-02
5.027381676112990805e-02
1.377926366648077328e-01
1.160658192738740491e+00
-1.794528133081048749e+00
-5.355765191000402825e-02
-2.364882481634011588e-02
-9.280732269566719372e-01
3.705017353868284569e-01
8.199499957111535675e-01
7.606020219927340786e-01
1.185175045239244968e-01
-1.378132521498129093e-01
-3.506102901869220245e-01
-4.333379772661736795e-01
-1.497366698686158903e+00
6.882160117326391324e-01
-4.702379939884444027e-01
-3.155314634749622482e-01
9.098131208126352121e-01
-5.373787851638761603e-01
9.374439039085697978e-01
9.343622598668740453e-01
-1.222822552687973685e+00
1.590445218920437664e+00
7.332894308718264365e-02
-9.071374849777319449e-02
1.039796880308969246e-01
1.288430537519969499e-01
5.774751017709026657e-01
-6.612074433703257238e-03
4.146835176162737557e-01
9.715779034737724862e-01
5.075471675638558722e-01
-6.923130494876047480e-01
1.998718016166546041e-01
1.559532470272258387e+00
1.293603868841669113e+00
4.525276802697568712e-01
-7.334223304948408462e-01
7.000816689931620429e-01
-1.673365896271902797e-01
2.225622277539391014e+00
9.878620084489014852e-01
-7.973548601516570189e-01
-9.317232859452052873e-02
1.065043685334339241e+00
3.354568884241980742e-01
-9.879760987139729611e-01
4.355072247087906634e-01
-2.622700850376108884e-03
-1.137906516742047014e+00
6.789864907479511436e-01
8.689390768719412739e-01
-2.638254098971200556e-01
-2.854347492892974070e-01
-1.201972446527198868e-01
9.490230475865228943e-01
-4.266448409803184627e-01
-2.490556109709239241e+00
-6.363772075961533492e-01
-1.302397457441605289e+00
-3.806437896617426847e-02
-1.134191549890046780e-01
2.863965989593463823e-01
-3.202137381950306061e+00
1.138871919621430973e+00
1.414254116166655528e-01
-1.978878801282290267e-01
-4.999369061264540282e-01
2.486970853377955537e-01
-2.396235602743527426e+00
2.771307965789494565e-01
-3.454743535892778605e-01
-2.768238085391218295e+00
-2.947860119297835979e-01
-2.329946147350006325e-01
7.487708627544643614e-01
1.556929258918364756e+00
9.139176851809531765e-01
3.307727791007628038e-01
-9.814008249376104942e-01
-1.186832483646849817e-01
-1.668046278450851794e-01
-3.259061171804122026e+00
-2.698214679459663978e-01
2.584277774271003247e-01
8.509290878983063466e-01
2.503803047220216071e-01
-3.456752749761742294e+00
-3.683301042111161022e-02
-7.184779082581710385e-01
-6.577310728416171370e-01
4.755898837901731402e-01
1.587982593742209403e+00
1.270405298343424860e+00
-2.451959270244576383e-01
-7.774105310597188498e-03
3.201606256474340828e-01
1.613264311249120175e-01
3.078222197957605211e-01
-1.057008336483103994e+00
-2.229588319243524797e-01
2.630124627896185396e-01
2.819079520036132380e-01
9.074618048330824749e-01
-1.446180924896029729e-01
-1.101995059315924452e+00
1.868676865221738648e-01
-4.631419652252749541e-01
6.856595984473241590e-01
7.708194040904473576e-01
-2.180414584233436870e-01
1.174506410690273173e+00
1.001336903803059730e+00
2.501476156015915511e-02
6.233457677884169934e-01
-2.117027850418791601e+00
7.580036815048804555e-02
1.425934778788053858e+00
6.427276323926360835e-01
2.699683027847638583e-01
1.579137629566988721e-01
1.912121796917760908e-01
3.421623630449577846e-01
-4.672507693017011743e-01
-2.386670548414826787e-01
4.194178758234423099e-01
4.465835208367983644e-01
-3.698447872890125443e-01
-9.341785062503731307e-01
-1.058275413360216730e-02
-9.716865097943546692e-01
2.163095171180572374e-01
-1.751123078868373553e-02
1.685235974036263518e-01
6.490706788060551791e-01
-5.835470075281858904e-01
1.017299543834965680e+00
6.680038591448950180e-02
-2.090985813665474646e-01
6.262640406945103877e-02
7.124079830780947198e-01
-3.511277436860757353e-04
7.224393180359146571e-01
-4.138054623291814726e-01
1.391466407919066617e+00
8.822348172735007266e-01
-9.028435930818630162e-01
6.198336584367178936e-01
-2.389765268421416566e-01
1.498636077046706427e+00
6.905080054479839635e-01
-2.364882481634011588e-02
1.629275791377557736e+00
3.636470446000556467e-01
-1.629730136404292651e+00
9.332224909662807377e-01
4.564289478190870081e-02
6.333284646460681788e-01
2.747194635804507956e-01
5.569975473589491299e-01
6.250629443704470989e-02
-3.213435181610795888e-01
1.384897111938420966e-01
5.273530431363467885e-01
5.467218531770258183e-01
8.870522322899559997e-01
6.447541156011954433e-01
2.629593425461901335e-01
-1.339008533437983928e-01
3.179936881336908328e-01
2.234895384129236551e-01
-1.231760139235127838e+00
1.114600273652368134e+00
1.252022534202076542e+00
3.609390757199607558e-01
-1.337536516990237012e-01
-3.828843350170916815e-01
9.309625814515410935e-01
2.016061207788979015e+00
1.213286386678491535e+00
-4.125979256781550641e-01
-4.183042914310144411e-01
9.709269581483586098e-01
1.736262500086420413e-01
2.985189062098209112e-01
-7.057278725550708565e-01
1.497420605676051730e+00
-1.641523919800728093e-01
5.106428004126446485e-01
5.470962214059453821e-01
4.585854505934315872e-01
-2.244906183650953735e-01
6.059357393353080601e-02
-1.819631049391364330e+00
3.727953422469250100e-01
3.646923532323387840e-01
-1.051513815689145259e+00
3.673659233789841050e-01
-8.984270360730604033e-01
3.644832755598197971e-01
8.621053120291268801e-01
9.942739199472984124e-01
4.528032504354237986e-01
8.403876611739322655e-01
-1.326445344610816535e-01
-9.766230070145817121e-01
-1.562730659499196872e-01
-2.006322614695072559e+00
-2.304929848205943266e-01
5.499440003230525731e-01
7.900558454830898247e-01
6.657819650602944117e-01
4.696960189443676881e-01
5.437309751196806040e-02
1.441808322404316417e-02
-1.254561568228697466e+00
4.709689341212593972e-01
1.187585271261393238e+00
4.800141102276098137e-01
2.091741586634747185e-01
3.303038425762806415e-03
7.386986273486138010e-01
4.321663732114704864e-02
5.998089793795571278e-01
1.868826318892101712e+00
1.251259982795444481e+00
9.645020514633412256e-01
5.755902975509623598e-01
-7.725255291630039878e-02
3.271532988420459281e-02
2.997472186207150169e-01
1.156062590281367708e+00
1.408250769824393733e-01
5.506352422145602832e-01
9.489635381290431604e-02
-9.623684336045279508e-01
7.049337443537200265e-01
8.633373592886857406e-02
-3.157861424587403709e-01
-9.616810439624760148e-03
1.678070090079685217e+00
6.512327700438220734e-01
6.110823168245900217e-01
-1.822285406959417986e-01
1.001595528648392408e+00
-2.503432037596168280e-01
4.104319322930027880e-02
-5.560128187493533769e-01
1.104629920766995621e+00
-2.547212262637092994e-01
-2.393444421926788912e-01
-5.081895069358712824e-01
-1.431089499664965903e+00
-3.559513236361389055e-01
7.428275822867140832e-01
1.331428576818566023e-01
1.409204831748586129e+00
5.735110996033156994e-01
-1.036151397989431677e+00
3.985484862643389192e-01
1.256784531122083326e+00
4.688035496816292391e-01
-2.362851315765476801e-01
3.390377415910844627e-01
-4.988337126122963650e-01
8.946619086111866626e-01
3.602013445113306234e-01
-4.345657912916409127e-01
-2.798114267507428865e-01
-2.095332437557143823e+00
-2.230073587679097871e-02
5.752085389737825460e-01
-2.117523061635293136e+00
1.282241583595101764e-01
-4.194562837784415743e-01
-3.486268887599400235e-01
6.206597843267873671e-01
9.119283710697640988e-01
7.408024499240370986e-01
-4.584834847133557184e-02
1.325216441332872364e-01
9.904405358449829000e-02
5.169054826739819530e-01
7.947647030959933412e-01
9.972739016115095279e-01
2.571465657423537277e+00
9.328899651564072082e-01
-1.558705397160053518e+00
7.457731763896214838e-01
-8.610921090863200567e-01
2.559927245695590159e-01
-3.298250623024097994e+00
5.441990515449364185e-01
4.952653856776464969e-01
-1.096605538690014203e-01
1.601777264553874147e-01
-2.477824523397024192e-01
-1.096508138069773874e+00
5.131407258494785628e-01
5.532493708370737062e-01
1.876123298776987136e-01
-2.842660245713454770e-01
-2.286216227182427396e-01
1.827421432384047570e-02
-8.712774982474387198e-01
2.005336241098622796e-01
1.100809913190365474e+00
8.107925914958628022e-01
5.623448966946015259e-01
9.486019136738411683e-01
5.224885563349506157e-01
-8.775048022052123198e-01
9.088830647919175776e-02
-3.979448934588561970e-01
-1.659199740124698008e-01
4.537073335224915960e-01
3.962609192192923513e-01
3.318250270150250314e-01
-4.492940447973756135e-01
3.767822840080007341e-01
3.511001531784663787e-01
1.114188156751068526e+00
1.054230741331498855e+00
1.585395816768316868e-01
5.552686926907506315e-01
7.637811562992943282e-01
7.454913420732937057e-01
3.582530733511490872e-01
4.195437215630981598e-01
-1.691432617904212288e+00
-8.351580947727996751e-01
1.387552832592431340e+00
6.069331565383597749e-01
6.594789690321360975e-01
3.513766146586038142e-01
1.044475012233822830e-01
2.509442328809443068e-01
1.210555195109722787e-01
3.726563954113489285e-01
6.587298617282490998e-01
