1.370307489144029889e+00
2.592595653396749800e-01
-8.219222730838092739e-01
-1.348133764182749772e+00
-2.522055966270901006e+00
-3.971732851426220123e-01
6.250014424952043957e-02
1.115103258754805537e+00
8.783100158981876904e-01
-5.745822491834633172e-02
-1.511393269907101322e+00
3.622912535475910079e-01
1.571583637487266039e-01
1.331308541825995784e+00
5.282666549533549666e-02
1.437278216651255658e+00
-7.182011244654551430e-01
6.571575622337315625e-01
-2.076945779544315251e-01
-1.602967427755852325e+00
-1.605684094689557195e+00
-8.583155684439575106e-01
-2.344018643818620296e-01
5.038499430282972202e-01
4.949266156807063388e-01
-3.003672957773657060e-01
8.373242760205976687e-01
3.196557853825171547e-01
1.612477597220262071e-01
1.281126050845576569e-01
-7.240378088379356702e-01
9.496876587429006200e-01
1.189362585892877577e+00
1.229690295635398056e-01
-3.866511792011221860e-01
-1.124549725426556623e+00
2.173098565300849216e+00
-1.189945770347226928e+00
6.173996389570484133e-01
1.224264894520731728e+00
-6.101706061422371707e-01
-2.753192611706922199e-01
-1.185135753404805259e+00
-3.814461575674588101e-01
-8.026994933388861275e-01
4.395603383011069121e-01
1.720695271359466316e+00
-5.903268531553969023e-01
7.052379852481324707e-02
-1.231862300528730331e-01
-1.887512836220530010e+00
1.203165283937821295e+00
-4.779345105067402399e-01
-1.781572697633131197e+00
1.403093571771057757e+00
-1.247533365572019326e+00
1.171725206882637371e+00
3.787593938288796314e-01
4.738455562260856513e-01
-2.309756095914779372e+00
5.770754514125504553e-01
7.198827904063989092e-01
9.024291754001690924e-01
1.717640313525466145e-01
5.106259693200013716e-01
-1.209535936328417910e-01
1.448433649333243256e+00
-4.330779669917687036e-01
-3.274509628328663435e-01
-1.111409426241091042e-01
1.974678768102005044e-01
1.002034093409496673e+00
-2.543461153719999590e+00
1.047883604323449624e+00
3.606017016920502749e-02
8.963657846350440161e-01
1.413661871510261792e+00
1.926102849334290490e-01
5.717849527192626624e-01
5.103389285879248449e-01
1.403727734596534743e-02
2.536184776405298602e-01
-3.467662175117245948e-01
-7.418204967972000796e-01
2.408254303966818610e-01
-1.342170060750757399e+00
-9.473373621253072807e-01
-1.328151122565515596e+00
2.716858058139345333e-01
6.653624564716589251e-01
-1.766627210902241285e-01
1.074430826181427934e+00
1.137818217216243488e-01
-1.828892745754312266e+00
-3.738744332681445126e-01
-1.515480827307172040e+00
7.138863867156004517e-01
8.351781311424223420e-01
-1.076617227957074319e-01
-1.726485589472278148e+00
5.338318262933907654e-01
-1.062265923128677070e+00
-1.012176316758761407e+00
1.227043989985880934e+00
1.128586039818264108e+00
1.482830653788323183e-01
8.293474780725096362e-01
2.966385237140715253e-02
2.336129784893478389e-01
-9.230815544344830315e-01
-9.901977067608104532e-02
-8.342450989279009965e-01
-1.077874734009683921e+00
6.160223366267670864e-01
-5.961139227546449759e-02
1.143860021453492193e+00
-1.767475323735463455e-01
-9.394114957124968246e-01
5.011905694057908756e-01
2.868694230430234859e-01
-1.279991141120356002e-01
-5.622701949805873900e-01
7.438261319674688288e-01
9.125721973538581944e-01
1.092303741190659566e-01
3.103345133892796426e-01
-3.863353819351118823e-02
-1.363822161638332253e-01
3.331884814513967619e-02
-1.905602851595981362e-01
1.777182389948947783e-01
7.315978293411011801e-01
5.861376522736945205e-01
2.112009338375516604e-02
4.736086407030702661e-02
9.436966598602701817e-01
1.843116075442021939e+00
2.638979358597237646e-01
-3.618844764181651907e+00
6.271035067541308461e-01
-2.012289729533507376e-01
-8.264873944841089060e-01
-1.699265288953044850e+00
-6.701395148271441227e-02
-4.809509242545846885e-01
-2.515771007590740904e+00
-1.224901089527530296e+00
-1.251798657050572916e-01
1.695348713566426635e-01
1.155054115375642176e+00
1.324946403153241858e+00
3.275059611673346582e-01
-2.302162666689993031e-01
-4.897271103398074255e-01
-2.796127982994440764e+00
2.380427821744574290e-01
-3.948465408687301115e-01
-7.588705830405446939e-02
1.623623851646968541e+00
-1.472789350550681275e+00
-9.764194262954347669e-01
-9.653147446129919929e-02
-2.841044345909941593e-01
-1.611842319911130916e-01
-3.864334503736845394e-01
-4.866557436728210506e-01
1.342939559648765602e-01
2.235183353108205762e-01
-4.147732123878629384e-02
-8.556434644186645677e-01
1.568529166727911095e-01
4.467560293060332532e-01
1.623524360615974826e+00
1.478941297346192618e+00
-1.445624452300364071e+00
-9.933821175554320426e-01
-2.071115566442758293e+00
1.086585662463081858e+00
2.741262116693957696e-01
-7.688259988843985093e-01
-2.309850192734309582e-01
-8.478174440955920099e-01
-4.415784269737149659e-01
-5.765665512928107583e-01
-4.539302314522029869e-02
-1.154393170699021143e+00
-4.773550873721680299e-01
-7.248136951565096187e-01
1.715551695838448243e+00
1.107912630505226113e-02
-1.483553610147867241e+00
1.156175175492410778e+00
5.830415830706743296e-01
-2.245628165265574905e-01
3.681625848410451374e-01
-1.380537258686016733e+00
-6.500794515603888213e-01
7.151200921153171297e-01
4.566854377111831953e-01
7.180831381012059422e-01
-2.923494249325442884e-01
-9.521944482831107281e-01
-1.453249095243329403e-01
-1.125787019026943003e+00
1.454492746703268224e+00
4.480496635796349381e-02
2.647150531560764075e-01
-1.168797560566892241e-01
5.512193663163041935e-01
2.717624005899076933e-01
-1.136880981739692015e-01
3.064009604980575396e-01
6.279880720017125828e-01
7.881456426955201211e-01
3.864701714331605920e-01
2.282958252026210111e-01
-5.656370955910378084e-01
-6.422219869758839794e-02
-5.189829797920483268e-01
-5.707108622699835765e-01
-3.049826987689954194e-01
-1.719879871807925564e-01
-4.519121735382304328e-01
-2.403807943798610847e+00
-5.143243037255190719e-01
2.481422069314680456e+00
4.353182018328946024e-01
-2.986105378538638985e-02
-1.394036217852280490e+00
8.219824163594805499e-01
5.044284465642379089e-01
1.015330205354942228e+00
6.603662768665814475e-01
-1.376616139665800098e+00
1.005116993613308418e+00
-7.807081852825150659e-01
5.120730857555146898e-01
5.800013006904353174e-01
1.057898002543697258e+00
-2.727859907125937400e-01
1.095301256724710681e+00
9.186115654840633082e-01
-2.721389510313689808e-01
-2.293762396082280886e-01
6.898778100812837100e-02
2.302587743120783959e+00
-6.587545156117448064e-01
5.496050329041602955e-01
9.607761974518632675e-01
-7.464283904476222420e-02
-1.034306291235835562e-01
-8.146966125128790592e-01
-1.207163455864916635e-01
2.226048907145066202e-01
9.621067190436520811e-01
2.163847836131160551e-01
9.226630536302827812e-01
-2.942889242296507502e-01
5.219318475646024247e-01
5.820544782781048587e-01
3.823363471372218103e-01
1.468217238344683651e+00
-3.035977473095708423e-01
2.501442745059003769e-01
-2.233836082787498956e-01
-8.395211197702563410e-01
2.048901431238641518e-02
-9.663925630954561807e-01
6.286825344278861305e-01
-2.226392509413729903e-01
1.448889446246165891e+00
-2.090836697540284228e-01
-1.419789269252065722e+00
-5.161004140642236893e-01
5.930318994418711798e-01
1.075993103952469054e+00
-1.404056008561837432e+00
2.217384061869039427e-02
7.392483124349581436e-01
-2.918938397550850938e-01
-4.410001414641766537e-01
6.107855495861537198e-01
-7.818083459529245882e-01
-1.564689573715554838e+00
-6.526281091792485167e-02
2.241397201387908822e-01
5.316621532820835494e-01
-5.736297749311474181e-01
-2.239424455974030614e+00
-1.066218515789033816e+00
-5.431250468047287283e-01
-1.280664015582198487e-02
-1.529549689092243980e+00
9.641243677904579590e-01
2.315719678447246133e-01
2.723550580254658487e-02
-7.020955982789611749e-02
-1.902919006345631103e-01
-1.148526317871161773e+00
3.106962107709768439e+00
-2.996752759810820121e-01
-1.082836451718932613e+00
-9.259241935530577727e-01
-1.430219962909097919e+00
-1.093237839584460414e+00
-2.096525705528780037e+00
-6.018543485353817779e-01
1.576766010133061613e-01
1.679019659790324248e-01
-7.711733130902733713e-01
-1.135413195924432905e+00
5.862114210815375648e-01
-2.126413686906651265e-02
1.180243939488741622e+00
9.211131309563634906e-01
-3.965670181869335870e-02
1.547236909300306329e-01
1.839905341319339138e+00
3.933135506960444561e-01
1.534699319110252591e-02
1.214381514485842972e+00
5.417174307358733065e-01
-1.369421364025064314e+00
4.740203746826121556e-01
-4.292202897037554754e-01
-4.578899363550407720e-01
8.557312275412242153e-01
5.709077210508897160e-01
8.774942198661888140e-03
1.138726874526458932e+00
6.809325218768280674e-01
4.548402716719854300e-01
-1.006981274985118802e+00
3.235501364480757314e-01
-5.446275160977646079e-01
-6.525798124149424506e-01
1.392722960467963178e+00
1.246914035422148626e+00
1.189103062626476692e+00
-1.367077010502730117e+00
-3.855077852287177587e-01
-1.761359252027268618e-01
6.083211588495731625e-01
-3.749307799967340205e-01
9.624111399011909818e-01
-1.412289537589222821e+00
-2.321834422697922062e-01
-1.841318917317331882e+00
-7.058246225310823574e-01
-4.260848175109332447e-01
2.273777829292201735e-01
-1.634455570384105494e+00
1.880883552144857696e+00
1.724733684425711733e+00
-3.460623779890486418e+00
5.919395464056148581e-01
-3.434072137444043604e-01
-5.488005260027842835e-01
4.786240565031225636e-01
1.401916570974812037e+00
-1.779060133976977376e+00
-1.059346480606252472e+00
5.407769657894324622e-01
-5.116787956245467672e-01
-7.583708771335748722e-01
5.797083285075964598e-01
-1.375968994404312085e+00
8.131753508081461801e-01
-1.432660368764559156e+00
-1.233826237211706200e-01
-6.020292085067296961e-01
-4.078187036247926667e-01
7.633246067709413829e-01
1.384128991163909639e+00
1.345813323041001652e+00
-9.936730083377302014e-01
9.383103370449075165e-01
-6.269895514493423194e-01
1.765090902473261725e+00
-9.387619515506318013e-02
5.783279987385750998e-01
2.403199462564078459e-01
-1.842424947779500444e-01
-1.145917825548120383e+00
9.051670257041991574e-01
-1.286022669181228872e+00
2.825580551731604606e-01
2.358931562677336891e-01
3.036305699320545060e-01
-1.887181341299684352e-04
4.483322966554233457e-01
3.375144048102001748e-01
4.628812149211095767e-02
-6.651452615955258940e-01
5.214486315611387424e-01
-8.207436243899963735e-01
-1.253780555643251082e+00
-3.697394646558371245e-01
-1.399015839112836890e+00
-9.493447262097998163e-01
-4.928269019763824588e+00
-1.590911892890452206e+00
-3.113389140576616199e-01
8.317058786367795831e-01
-6.662542472745877076e-01
8.271312226102314202e-01
-5.535620405678706168e-01
-1.362633655534467136e+00
-8.257229074351224440e-01
3.713366732742450632e-02
-6.676713331508069005e-02
-5.581870908306592050e-01
-7.077913269594416912e-01
-6.291244543019856028e-01
8.501267771430077724e-01
5.387819230763908340e-01
-7.721228191196747304e-01
-1.766645704616807422e-01
1.061449219062851279e+00
1.375642938535966697e-01
8.141169994819764666e-01
-8.995014805700927052e-05
3.842589278639864658e-01
3.308858304102750281e-01
-3.887169133509963959e-01
-3.969721638862750424e-01
-7.355976597673098416e-01
2.085736422580322547e+00
-5.566818857904060058e-01
-4.403368314918973403e-01
-9.558643734600479336e-01
-8.040914150693707629e-01
1.594244968949765751e+00
4.285371126626359439e-01
-7.348962405100292195e-01
1.401639369850282479e+00
