-1.259155447866926181e-01
-6.037224489991668275e-01
-4.193445893663910184e-01
-1.097133562825549857e+00
-2.227590006445412829e+00
-5.820561163049535469e-02
-7.348988717594104880e-01
6.543716114836071185e-01
2.184209136220219172e+00
-2.740171393380052667e+00
2.024438279688573206e-01
-9.995935649178532278e-01
7.988460432092669983e-01
1.783474342719192141e+00
1.504125492581712964e-01
-2.208968974004597297e-01
-4.447664962750906281e-01
-1.402431976457287899e-01
-1.316160590722449175e+00
-1.452708468783726836e+00
-4.663444850646862871e-01
-4.788128729822772045e-01
-1.202970967747481884e-01
-9.476960409369592497e-01
5.174239998623341164e-01
-7.322501326757485662e-01
-8.789121524537185648e-01
1.296133941295470215e+00
1.111086845787673527e-01
9.887236505337292092e-02
-2.797644935901205665e-01
-2.128444121611519080e+00
1.010796990310594001e+00
1.671526435457373339e-01
6.440289556972086937e-02
-1.053446161588857288e+00
7.370543943649396912e-01
5.205429829641139428e-01
-1.209594768303897894e+00
1.503270158230834319e+00
-4.974680974694847269e-01
-1.471161050019700989e+00
-1.227187700653596725e+00
2.484630579048937530e-03
-2.522353309004416455e-01
-2.607818701556971486e-01
-7.680548892086079826e-01
1.248878746205658169e-01
-6.213559239969715930e-01
-2.005592994531687712e+00
-1.615617047043564902e+00
1.049297027441543184e+00
8.037347915095751152e-03
-2.988299089890845917e+00
-8.430160519328104562e-02
1.249904790698369794e+00
1.913109856284384680e+00
2.902350318355719772e-01
-9.208196781153873967e-02
-8.788682274617929391e-01
-1.892408817050824157e-02
-7.791563941342328770e-01
-1.166347854043189441e-01
-1.090288410810735242e-01
7.969310836796339448e-01
-1.267104360224545090e+00
-2.448037536355680555e-01
6.120591747985640874e-01
-8.833819977000991752e-01
1.859432459909069024e+00
6.270278413089939162e-01
3.659900991294651740e-01
-4.421644918954555359e-01
-1.403823487520914348e-01
-3.278922656588617590e-01
2.734872966644352754e-01
-1.414234237344759837e+00
-4.602170418047873968e-01
1.467532891379830451e+00
4.447246649268127294e-01
1.401321923742708586e+00
7.254567796244598687e-01
-5.412448378159101514e-01
-3.615946408562016878e-01
-2.764352929792609492e-01
-7.953674330741173915e-01
-6.016742800606621894e-02
-1.059068970280029998e+00
-2.864793678667719168e-01
1.259284815321010977e-02
-1.122053863327952400e-01
4.554456758641264869e-01
9.715080090643574140e-01
2.561845068197806524e-02
4.555971821479734563e-01
-8.782998037272009562e-01
1.945365235667738668e-01
-5.900505546449508198e-01
1.243194618660764750e+00
-2.464084080432966672e+00
-1.472111621280387528e-01
-1.191421633861691642e+00
-2.859738910552346303e-01
3.704176175797818105e-01
6.754138154084839973e-01
6.953283496579172329e-01
-1.612094979564474562e+00
-6.692217553349850967e-02
-3.903961992601984732e-01
-8.917967232666383914e-01
4.430467072407617279e-01
-4.778273906867969156e-01
-6.778285913081735226e-01
2.359868272848136828e-01
-9.427362332869285710e-01
3.343047900257101190e-01
9.385811144949203211e-01
3.597713197224910314e-02
-7.428303255776246283e-01
3.373442442984025402e-01
3.998901209668835333e-01
-1.483587497326279481e+00
9.883755302694074985e-01
1.103256297207606984e+00
5.764380357693129481e-02
-2.968509373424785269e-01
-1.118068624783305376e+00
-6.185686194729802523e-01
2.756445011773209774e-01
1.681145059804703135e-01
-1.623168073248912324e-01
-2.560023858892338522e-01
3.657143316625587892e-01
-5.652611356259380493e-01
-4.107519682255433846e-01
3.074836784439493043e-01
8.752579451842584790e-02
-4.987968801081607007e-01
-1.841605794228198478e+00
7.955237884872284893e-02
4.549381793701910981e-01
-3.381496155430516182e-01
-1.878494673325870057e+00
2.225594894323799644e-01
-7.944892467287685278e-01
-2.289188140563013896e+00
-3.736708761142150670e-01
5.492884797511740080e-01
-2.409123989640425956e-01
-2.156937317248131258e-01
8.091674946264257873e-01
-4.978667342204208812e-01
-6.859114196820615961e-01
1.045445650381161135e-02
-5.877876409023733428e-01
-5.979589938221183676e-01
-6.983188934091061340e-01
9.137518654685139463e-01
-7.929803137641439070e-01
-2.253997574545184346e+00
8.892123259530373414e-01
8.147322352128552048e-01
-1.125636471924760684e+00
2.968062280097971684e-01
4.700341453868524949e-02
-5.209123028195251220e-02
-5.704344047118293792e-01
-2.537659152090739889e-01
-5.292581790968635680e-01
-1.451664932075585002e+00
-5.072191447028215894e-01
-1.451051877808509305e+00
1.221508505259284227e+00
1.121919235629090128e+00
-9.285697980422838449e-02
-6.795814092499441461e-01
3.017994702379231398e-01
-6.712395239015882253e-02
-3.618935251520059571e-01
2.027222970116736300e-01
-1.216455639806479416e+00
-4.764105675650148197e-01
3.995250872707452605e-01
-1.391500196000874823e+00
-1.459479557450491072e+00
8.590868664779399699e-02
-7.269418988489479982e-01
-1.168971804727808594e+00
-6.997746107162435836e-01
1.718747438326359567e-01
-8.577964411110582388e-01
-9.577100355411083399e-01
5.641560918281084414e-01
-1.558371658906508417e+00
-3.379347521557852230e-01
-1.016564542132285531e+00
6.066033086244664307e-01
1.218460175871930007e+00
-1.551055113144595543e+00
1.394840468195057248e+00
-2.030399844349406735e-01
-4.847902592737726724e-01
-7.161262245161226225e-02
-1.126967331048973398e+00
-6.102866667449982074e-01
1.130865276769834615e+00
1.026617556113815777e+00
1.699650353215698351e+00
1.604173147002726230e-01
-7.259690780855445613e-01
4.599341156055607172e-02
8.335592471630507427e-01
-3.676719738677460270e-01
6.636289494851839166e-01
8.530793191350820662e-03
4.254558959667951723e-01
6.148456672264700495e-01
-3.255037281507968672e-01
-1.445258182238754463e+00
-3.922786311749362764e-01
4.827460637473742211e-01
7.482616438231899647e-02
-1.154890329956641398e-01
-1.017493455645706035e+00
-5.858804940776735082e-01
3.054773728620140405e-01
-7.251836013640672318e-01
1.782854144894571446e-01
4.060433046025390125e-01
-1.257555976953136229e-02
-2.086677546791984306e-01
-3.582063207558096041e-01
5.555868690241335672e-01
-1.642444607258462641e+00
1.224933407712638783e-01
-8.068756935251675255e-01
-4.936476090952868767e-01
-5.404480695768775211e-01
1.066620900529081206e+00
-6.423819851293490757e-01
5.589317991854614309e-01
5.522951558849270581e-01
-5.974188646390956592e-01
9.692407353200648001e-02
-1.427542471769460419e-01
1.493809475390401209e+00
-7.360388478513497645e-01
6.212133561854724650e-01
-5.202765752354897577e-01
-1.255708653955437182e+00
-1.056538893642969601e+00
8.901893861174026146e-01
-3.402076671408057473e-01
-9.263901709426834996e-01
1.479338453648947616e-01
2.212146792938373546e-02
4.286400566603536938e-02
-1.052511848984375442e+00
-3.007256804456459598e-01
1.433836757390977601e+00
7.076490907141336217e-02
-5.352024942638552996e-02
-5.887317042110454812e-01
-7.321567757727841519e-01
-1.806192526133584275e+00
-1.217181763249719051e+00
1.367469998153597321e-01
-4.128797392414879641e-01
1.467399948126096865e+00
-1.992939069439297051e-01
1.522025958423920633e+00
5.946705111836366742e-01
-2.858680458475929553e-01
2.324433955911491823e-01
1.592347324120882313e+00
4.291903245927101151e-01
-2.891570781792261458e-01
8.134525716153018227e-01
4.648774654286125796e-01
-8.044447358823062499e-01
-8.100405269190485980e-01
-4.937879330777377174e-01
9.429072824245949835e-01
-1.062644161902320583e+00
1.003243311207994592e+00
-4.222973061246760307e-01
2.069603307118120128e+00
-8.299380130592833860e-01
-1.020880868377056050e+00
-1.140447513005397928e+00
2.831330555484416478e-01
-7.536070848221101404e-01
-2.052170093201605372e+00
8.508086765711139754e-02
5.756834500296454937e-01
1.493737200390534925e+00
-2.241829368617079266e-01
3.017483251446464454e-01
-2.708676467026109938e-02
7.696819491740004571e-01
1.881054400378474878e-01
-3.601686910285079729e-02
2.624181760339023839e-01
-1.172275648466964526e+00
-5.725497398918457659e-01
-6.093731352098191723e-01
-4.705558157417911724e-01
1.324967827463966241e+00
4.670295158787384771e-01
-5.513266280214004222e-01
-9.708848626603492349e-01
9.483866019252898960e-01
-1.388668458693387842e-01
3.045678760766726612e+00
4.084110540191230876e-01
1.213348740806823978e+00
-1.040745107731334551e+00
-6.284964936882760922e-01
1.424483903020708153e+00
1.578140243998761072e+00
1.422395736225744001e+00
-1.847579315981240367e-01
-1.223398347313844559e+00
-1.949075340258505373e-01
-5.665914616859900610e-01
6.770640958929531328e-01
2.532541127697588920e-02
1.037885920430070774e+00
-4.584719500650474844e-02
1.223093628761808382e+00
1.550116382963235173e+00
-6.444860121000132169e-01
-6.830335320005169741e-01
-1.032612297241021881e+00
-4.648096474521973831e-01
-9.987084972458126764e-02
5.713866615773441904e-01
1.073090922228450150e-01
-2.537896497787052175e-01
5.042170171284410252e-01
3.834545581829325589e-01
-5.496010476863214672e-02
9.755926481571455255e-01
-2.796428877210525854e-02
7.330917786227367228e-02
-3.661384043263009036e-01
9.639058461390704116e-03
1.100310381328149139e-03
-6.203068982094303019e-01
-3.292626614367568094e-01
1.392509538739099828e-01
-1.872182987034728407e-01
1.803955509481715014e-01
-3.030667816286649052e-01
-2.937754335006406592e+00
8.312755632068785649e-01
1.393974713590450332e+00
1.853143743703665192e-01
-8.229951220599360795e-01
-7.131526826511830341e-01
-2.911461295984131059e+00
-6.437976605369681860e-01
1.190127364843161173e+00
1.475142526865311110e+00
2.816350915207776473e-01
5.584528533823572838e-01
7.299065298863344209e-01
-2.526669677422548332e-01
-1.096861491181730708e+00
2.847420014546813705e-01
1.283084028436826396e-01
-2.201691154703551700e-01
5.312154372041599792e-01
-1.415451515336250576e+00
1.667206045702585238e+00
-1.040901201143358268e+00
2.716472631267678461e-01
5.342709832143486270e-01
3.962943092106989140e-01
3.747664287483972734e-01
1.117408832673369545e+00
1.188419088995585904e+00
-1.144996360336834718e+00
-3.870410534149513193e-01
-9.142439288959153254e-01
-1.077396324028499164e+00
-2.330963322012176431e-01
7.163207413128174217e-01
-1.034755754386243592e-01
-4.531431652094073392e-01
1.538312207999849301e-01
-7.157535830273259458e-01
1.527901545506064940e+00
-3.372596163949565629e+00
-4.344346518049244654e-01
-8.278808227197386183e-01
-7.228336618119597379e-01
-2.377377942793988730e+00
4.898252354109436935e-01
1.293849341611285897e-01
2.241890349359074719e-01
-9.078463665789530124e-01
-9.221887880544891170e-01
-9.453566244221247583e-01
-6.557684893726417608e-01
-4.133902645309650015e-01
1.252948327327907618e+00
-1.071251091486207008e+00
7.779483886881074506e-01
-8.708731699236740287e-01
7.723723955205891167e-01
4.996728836027162779e-01
-1.824259639216502943e-02
3.102922605260018396e-01
1.580348310141324264e+00
1.812992060878310330e+00
-8.412865762268155745e-01
2.360154440608430715e-01
-1.169544116556028079e+00
-1.413703546868196659e+00
-5.490745767694384938e-01
3.518290715026328730e-01
1.011202740953551116e+00
-4.943438888259722441e-01
4.557964610559499530e-01
-1.880243434125463020e+00
2.594168646548596358e-01
1.391784653215810907e+00
1.188623094765289823e+00
-2.384296286286178568e-01
-1.453794744075456169e-01
-9.231428430541338548e-02
-1.630090855329612731e+00
-6.454718435513233377e-02
7.343796523171702839e-01
-1.693608519782725530e-01
