2.087123547922176581e+00
-8.404212562079097504e-01
7.144565840720884520e-01
3.140759095440740278e+00
-3.930814696283509990e-01
-2.424600504252759359e-01
7.551120561147983690e-01
-1.276068350617916902e+00
-8.695780234569725486e-01
9.844437440458561062e-01
-2.786437124011243993e-01
-8.404212562079097504e-01
5.834054966627575389e-01
-5.342796019856350942e-02
3.639750574033514541e-01
5.977886923810188380e-01
6.557946519034455468e-01
4.239995730455345502e+00
-6.312945446724436138e-01
9.997063289833095778e-01
2.249620060432806046e+00
4.239995730455345502e+00
-5.059880447042306439e-01
9.766836809786357820e-01
-1.608139915459949387e+00
7.996763168685359080e-01
2.937148510338011276e-01
1.060389048871629214e+00
1.088586245698964783e+00
7.144565840720884520e-01
1.167471853144352867e+00
-3.263069023813263692e-01
-2.424600504252759359e-01
1.967729555229784655e+00
1.855485555435662182e+00
-2.786437124011243993e-01
-6.312945446724436138e-01
-1.421536492295604415e+00
-1.537557191281940350e+00
-4.952229112570393221e-01
-1.134721513886715716e+00
3.644219906307286094e-01
9.997063289833095778e-01
7.144565840720884520e-01
4.245953327955750423e-01
7.546673452640654256e-01
-1.421536492295604415e+00
-3.263069023813263692e-01
-2.940704269467353527e-01
2.937148510338011276e-01
-2.424600504252759359e-01
3.644219906307286094e-01
1.918976868627622956e+00
1.403183292462087062e+00
-2.940704269467353527e-01
7.551120561147983690e-01
6.579624615952172073e-01
-1.039250989558429206e+00
-1.608139915459949387e+00
-5.100786141795017326e-01
7.599486073640019379e-01
6.997063228496169796e-02
3.463438555061994495e-01
2.630503448707347536e-01
3.847430004313519447e+00
3.428614851603340452e-01
-5.344474381992593282e-01
2.166487186394515874e+00
-1.531150149219964840e+00
-8.695780234569725486e-01
9.844437440458561062e-01
5.943434833963329167e-02
-7.869258857015287711e-01
1.289095512797038545e-01
-1.550432163102994643e-01
-1.163641412449368362e+00
-1.075604027496063653e+00
-1.126000792154666419e+00
3.847430004313519447e+00
-1.263452444651667061e+00
-1.608139915459949387e+00
-1.275605195363603839e+00
1.294300948726048839e+00
2.311748283806264848e+00
-7.340854860751307998e-01
-3.930814696283509990e-01
1.060389048871629214e+00
-3.945809569175633968e-01
1.665155596084129663e-01
-1.084586423996300120e+00
1.403183292462087062e+00
8.816345142141407409e-01
-1.005055153119769118e+00
1.949341420091819099e+00
-8.370783710705641534e-01
-1.916191832031625131e+00
9.844437440458561062e-01
-2.424600504252759359e-01
5.207680404240445649e-01
-1.395093369677345763e+00
3.644219906307286094e-01
7.874974105109057154e-01
6.771769545152306335e-01
1.142193743544738460e+00
-4.013233084401720552e-01
-1.053294448245871567e-01
-6.312945446724436138e-01
1.545737427707672973e+00
-5.868331657878612662e-01
-2.424600504252759359e-01
1.967729555229784655e+00
-4.009819953262269698e-01
6.729136822392431938e-01
1.215908785002885462e-01
3.644219906307286094e-01
-1.653937291424298461e+00
3.095632363824605063e-02
-8.695780234569725486e-01
3.202652484393653687e+00
-6.193973365232530864e-02
1.914427344521510532e+00
-1.770679470200243966e+00
1.298544022357291272e+00
4.031092057617505775e-01
1.065976068128033694e+00
-8.138437560411800886e-01
9.900147688023843706e-01
-8.902088094272794239e-01
3.644219906307286094e-01
-1.421536492295604415e+00
1.877117355602667459e+00
-7.899863712836260321e-01
1.824746419297847089e+00
-2.424600504252759359e-01
1.558891167420772828e+00
8.328209846121297222e-01
-2.424600504252759359e-01
-1.608139915459949387e+00
-6.789177450469360275e-01
5.943434833963329167e-02
-1.466775297536749623e+00
-2.218762784159721502e+00
2.934451862855576909e+00
1.599821598179187232e+00
-5.897756475922501934e-02
-1.537557191281940350e+00
-1.202558495923701454e+00
8.914528828751913103e-01
-8.019750491904188427e-01
-1.017391241982769534e+00
-8.301877703757551963e-01
-1.232852200953150623e+00
-4.250297200255047092e-01
-5.634679276828306188e-02
1.171167507430715515e+00
1.112409946883566425e+00
1.048222639441303006e+00
4.967691377828892252e-01
9.411669648912742714e-01
-3.263069023813263692e-01
-9.331889434373089598e-01
1.298445794409499143e+00
2.482066712804194553e-01
-2.786437124011243993e-01
-1.232852200953150623e+00
-1.190562587880264811e+00
-4.808228645633708109e-01
-8.818987046009231223e-01
-1.084586423996300120e+00
-1.151252610352528016e+00
9.623794641810183847e-01
8.301205593801027627e-01
-3.263069023813263692e-01
-1.781521077278977808e-02
-4.166371683271771764e-01
9.623794641810183847e-01
-6.762566139774173202e-01
6.419883573160714563e-02
-1.190562587880264811e+00
-1.537557191281940350e+00
1.630005031663394277e+00
-1.850402861804516519e-01
-6.192299236374380067e-01
-2.786437124011243993e-01
-9.922770485090708359e-01
2.885712517148657952e+00
-1.199325706917877543e+00
7.874974105109057154e-01
-1.682635211379081286e-01
1.240871441231943262e+00
2.330783680081482956e+00
6.729136822392431938e-01
-8.951461662090597349e-01
3.095632363824605063e-02
2.277108150943546239e+00
-2.005260773563291465e+00
9.316009134155902593e-01
-1.202558495923701454e+00
-1.263452444651667061e+00
6.729136822392431938e-01
-1.437372829230506133e+00
-2.241322521192279815e+00
6.534051980336061938e-01
2.092319573396780985e+00
-1.694313945079639061e-01
-1.137965941217198435e-02
5.849106862493675951e-01
6.729136822392431938e-01
-1.608139915459949387e+00
-2.424600504252759359e-01
2.893160734308055648e-01
-5.421233079410737732e-01
-5.222530851238491589e-01
4.239995730455345502e+00
8.301205593801027627e-01
9.004094209155106832e-01
-6.312945446724436138e-01
-1.180848311189779176e+00
4.820557849433943498e-01
7.452445554780430248e-01
-1.084586423996300120e+00
1.353265446969129426e+00
1.120812477372734373e+00
-1.378570788583575180e+00
6.729136822392431938e-01
1.186378543333804325e+00
-6.312945446724436138e-01
1.167471853144352867e+00
-2.786437124011243993e-01
-9.331889434373089598e-01
-8.695780234569725486e-01
2.567846248614722438e+00
-1.781521077278977808e-02
-1.781521077278977808e-02
-9.797902338376677234e-01
-2.006414477672698871e-01
1.218797908880463465e+00
-2.424600504252759359e-01
-8.945065793520482478e-01
-1.134721513886715716e+00
5.364353825332630610e-01
-1.300466501895785054e+00
-8.818987046009231223e-01
-5.106107515963655974e-01
9.900147688023843706e-01
-1.232852200953150623e+00
-1.653937291424298461e+00
3.644219906307286094e-01
-5.421233079410737732e-01
5.235556427379491895e-01
-2.424600504252759359e-01
1.110546252872695261e+00
-8.818987046009231223e-01
-8.695780234569725486e-01
5.524534165468091007e-02
7.606855816023653238e-01
1.648163163982745427e+00
1.630005031663394277e+00
-1.154945263007199685e+00
1.560442673679241388e+00
1.967729555229784655e+00
-1.828948620237966560e+00
-5.421233079410737732e-01
9.203821576105416513e-01
-7.457446254412664066e-01
-1.142899694706818847e+00
-1.537557191281940350e+00
-8.467303029863668673e-01
1.064571589434856858e+00
-2.005260773563291465e+00
1.910634988961962266e-01
6.729136822392431938e-01
-1.682635211379081286e-01
1.080828275386691795e+00
-1.084586423996300120e+00
-1.439541303727760901e+00
1.298544022357291272e+00
8.835229052387094661e-01
-2.424600504252759359e-01
-7.328097839056059160e-01
8.113399656995790021e-02
-6.789177450469360275e-01
1.391529453988094245e+00
1.271240420749424338e+00
2.220818526747653010e+00
1.298544022357291272e+00
9.004094209155106832e-01
-1.608139915459949387e+00
-2.566783833285086747e+00
-7.745469189562623757e-01
9.997063289833095778e-01
-9.051747769578779579e-01
-8.945065793520482478e-01
-1.075604027496063653e+00
1.079414131941382582e+00
1.614353451689213959e+00
-6.777225162054706376e-01
1.174998918010407012e+00
1.140695925505941677e+00
3.644219906307286094e-01
4.783775365316606520e-01
9.093249868711080763e-01
-8.000769651587216202e-01
-1.190562587880264811e+00
2.026087117486156775e+00
1.596457789988651177e-01
-1.199325706917877543e+00
3.644219906307286094e-01
2.381970243133703924e-01
1.018526006142057350e+00
-1.770679470200243966e+00
-6.661447004690130846e-01
-4.009819953262269698e-01
6.729136822392431938e-01
-1.883600796897091367e+00
3.095632363824605063e-02
4.574982100063769708e-01
9.623794641810183847e-01
-3.707718509476123914e-01
2.630503448707347536e-01
-1.781521077278977808e-02
3.644219906307286094e-01
-7.352502466660888469e-01
-1.134721513886715716e+00
-1.069455379121372118e+00
3.590308156698384767e+00
-7.340854860751307998e-01
-7.244850765857764330e-01
-8.818987046009231223e-01
5.943434833963329167e-02
-3.263069023813263692e-01
-8.019750491904188427e-01
-3.707718509476123914e-01
-2.786437124011243993e-01
-6.506154457733940299e-01
9.900147688023843706e-01
-1.531150149219964840e+00
-6.661447004690130846e-01
-1.134721513886715716e+00
3.428614851603340452e-01
5.774275990433722638e-01
2.413459614938238573e+00
5.849106862493675951e-01
3.644219906307286094e-01
-7.328097839056059160e-01
-1.653937291424298461e+00
1.112409946883566425e+00
6.579624615952172073e-01
3.831487988452795257e+00
-9.922770485090708359e-01
4.239995730455345502e+00
-1.489737589009698659e-01
-7.698936659181428999e-01
1.931600334243976258e+00
-1.002835500839347693e+00
2.567846248614722438e+00
-9.444223118038145293e-01
-1.190562587880264811e+00
-9.497882677162158283e-01
1.614353451689213959e+00
2.744423892651640884e+00
9.004094209155106832e-01
9.844437440458561062e-01
1.516763152730254749e+00
3.526362394347421603e+00
-8.709686397331720120e-02
7.862247256037983023e-01
1.235708083983895200e+00
1.665155596084129663e-01
1.451869790290256201e+00
2.605673352782152730e+00
-1.300466501895785054e+00
3.644219906307286094e-01
3.095632363824605063e-02
1.457020411483842315e+00
-6.750347688993376671e-01
-9.724019346892076587e-01
-5.421233079410737732e-01
1.560442673679241388e+00
7.144565840720884520e-01
3.074713917550724387e-02
-2.424600504252759359e-01
8.145662456552212882e-01
7.641158412162606106e-02
1.298544022357291272e+00
-8.945065793520482478e-01
-5.868331657878612662e-01
2.567846248614722438e+00
5.943434833963329167e-02
2.482066712804194553e-01
5.502139509645066262e+00
-2.785215178273336423e-01
1.298544022357291272e+00
-2.424600504252759359e-01
-1.068913568110852585e+00
6.997063228496169796e-02
-8.467303029863668673e-01
6.729136822392431938e-01
-1.469126021807008353e+00
7.144565840720884520e-01
3.795771452362565745e-01
-8.467303029863668673e-01
-5.421233079410737732e-01
-1.350550148451187704e+00
-1.682635211379081286e-01
6.077169013974441647e-01
6.084308162839479062e-01
-1.069455379121372118e+00
1.891510200535420960e+00
9.454304884873602211e-01
-1.300466501895785054e+00
-5.868331657878612662e-01
1.126916413607122580e+00
6.966472537143583166e-01
-1.232852200953150623e+00
1.516763152730254749e+00
2.683779752899724258e-01
-1.053294448245871567e-01
-9.331889434373308312e-01
-1.916191832031625131e+00
-1.393272005380629341e+00
1.235708083983895200e+00
-1.770679470200243966e+00
1.147519547509101789e+00
-6.192299236374380067e-01
8.301205593801027627e-01
-2.127113446007305342e+00
-8.516165487070954665e-01
-5.059880447042984786e-01
-7.629241286079461171e-01
-3.287369098585630200e-01
7.338212956883484184e-01
-1.199325706917877543e+00
-2.786437124011243993e-01
-4.198099817981000292e-01
-9.128077144953139488e-02
