-1.176271831385226480e-01
1.038187759951848976e+00
1.503583787627081891e+00
2.119196461017083533e-01
-3.429947746275967102e+00
3.052464415414703480e-01
-4.548539390297924069e-03
1.316478210151081685e+00
-6.329836740355027080e-02
-5.338651613700245990e-01
-5.385489230161882857e-01
-2.223936165917249907e-01
-1.488003594136210195e-01
-9.152716723370609708e-01
-1.256057999518037427e+00
2.697668142530579849e-01
5.297342317386343202e-01
-7.247061045677839486e-01
1.009498162339840688e+00
-1.115832766442238944e+00
2.052099884552524844e-01
-1.084669992453636489e+00
-4.815041337232005281e-02
-1.124094515640354341e+00
-7.354307565579866202e-01
-9.046232139467599853e-02
1.097190948421824075e+00
4.014266265170184367e-01
1.490043415828802731e+00
-7.936642442213518445e-01
-1.049147664353049236e-01
-1.101856805034769016e+00
-9.352096708062218600e-01
-7.097639919208729165e-01
-3.109152166069550360e-01
8.550100361744804589e-01
3.034994874890820649e-01
6.368240670759781619e-01
-4.861282041033726520e-01
6.799865737565417012e-01
-1.535575766594214075e-01
-1.916156232256739145e+00
-7.332139098588342785e-01
-3.869965233484547462e-01
1.351932330259353332e-01
-5.765105712138192118e-01
-1.633817902207509665e+00
-4.204009791376997485e-01
-9.768435015237814101e-01
-2.002302561649786039e+00
-1.532433303423338611e+00
-1.679283341600876778e-01
2.983939991078883303e-01
-1.762176099224464609e+00
1.002138868910454006e+00
-1.203396934911435512e+00
2.255882139133137620e+00
1.243751967738948361e+00
-1.181306905617400364e-02
-3.855111589823758678e-01
5.974933257788328511e-01
1.825030762490704728e+00
3.979715330747944368e-01
-1.320585961189906454e+00
4.101455942652937892e-01
-3.863214530513470191e-01
3.901138718410380735e-01
1.231097718416920062e+00
-1.071345988935305416e+00
1.121681601157944685e+00
-1.900997099102577970e+00
2.230980400756692184e-01
-3.962622840936031454e-01
-5.863523931340401674e-02
8.261731633806744801e-01
1.409246841534886441e+00
8.616848122201740123e-01
6.100379347295502575e-01
1.339862367239569974e+00
9.293397537296392841e-01
-4.225677659171115930e-01
4.204717420800808680e-01
2.353826893384027841e-01
5.522669500002699294e-01
1.462522459536512054e+00
1.054959239957927064e+00
-2.034914206079886156e+00
-1.265202212258070613e+00
7.826616726445095873e-02
1.248594736748964262e+00
-7.631024604269381895e-01
-7.049147232384055384e-01
-3.461454677914728162e-01
-9.948911304374680187e-01
1.500259876848898943e-01
6.123255149739280645e-01
-1.418418815504646435e+00
-4.546927557375798346e-01
7.943011456871685860e-01
-1.050855383540350907e+00
-2.998521526190972009e-01
-5.267242933617332090e-01
1.082732088725620434e+00
-1.046659842267418927e+00
2.732949437351454569e-01
1.349828880885441729e+00
7.515021091380984508e-01
5.643115628637448977e-02
2.674889998249685985e-01
-1.281113075776911581e+00
-1.058951206634585418e+00
1.185379805797317276e+00
-4.607983158848309446e-01
-2.392313963918156761e-01
-3.875707571308694699e-01
-1.648546442893786379e+00
2.316036443647035092e+00
1.853956937294066465e-01
-2.203277645381843952e-01
-4.577788946040321078e-02
3.333346226964138403e-01
-3.778192085571953629e-01
3.624263136111597339e-01
-5.234293763248812348e-02
4.641864664803938001e-02
-1.325216057062312824e+00
-7.977889353078039258e-01
2.055804974830746978e+00
-1.205437559191970820e+00
-2.768943081850163690e-01
2.639925363853018458e-01
2.749392048542349087e+00
4.088605976278434917e-01
-1.712823332125406328e-01
-1.270278131144000122e+00
6.614221644677499290e-01
-1.143734637808936361e-01
-9.758615120026139511e-01
-1.921959874505748456e+00
-4.461151429256308698e-01
-7.474999661359904568e-02
4.117707158485730545e-01
-1.531957488344822815e+00
-3.009136080983570438e-01
-2.125811895913389538e-01
-3.505632406633935272e+00
-4.538786185857375810e-01
1.419434057274392424e+00
-8.553768057048334317e-01
-1.092249173016403840e-01
-3.931668303242640827e-01
1.337804090328895690e+00
7.022524496987307685e-03
1.027536980168591185e+00
2.953029258038964572e-02
4.096720016737508407e-01
-9.123512014548712523e-01
6.740252921428606658e-01
3.793576775208721830e-01
-1.445901815379367072e-01
-1.606560493500074072e-01
4.405135931442525354e-01
-2.788193481645627525e+00
-1.245000745025311994e-01
3.476306530830978181e-01
9.506783965715478457e-01
2.857939024158864805e-01
7.118146586728152370e-01
-5.260847049588385227e-01
-4.204855313033014630e-01
-1.435595825779409695e+00
-3.006723609961535204e-01
2.490378371952664427e+00
-1.182026250454469296e-01
-9.268160217253320621e-01
-1.134835145250662425e+00
-4.772433790194881009e-01
4.428268364823082504e-01
-1.440914461662284700e-02
6.776123982118364975e-02
-8.431320550780971312e-02
-7.296242615703725232e-01
3.627593053064165907e-01
-1.285133636549187663e+00
5.065076505829542164e-01
7.704886101191414649e-02
-1.645942842334177980e+00
5.156180201879431158e-01
-1.549917649907028183e+00
-8.729181685591062001e-01
-1.656539251438812199e-01
-5.231038512437750088e-01
-7.083374805932248774e-01
7.726656324968446121e-01
-4.117508572315174697e-02
1.205453157392757602e+00
6.777100265934863366e-01
-1.393777540303081208e+00
-2.338836523444665083e-01
1.801086855102214668e-01
-2.872212659990661665e-01
-6.422934439136387397e-01
-7.734161252919347085e-01
-3.661998034976317595e-01
-5.752455574967869634e-01
1.421949776577987379e+00
2.583825541035499884e-01
5.744116058854339402e-01
7.846306282252175635e-01
-2.659628591579869528e-01
8.820031489902588340e-02
3.094499558125195227e-02
5.669282034679959947e-01
-7.304466571633280170e-01
-1.829690728811460970e-02
3.155339796115764761e-01
-6.474707720820430668e-01
-4.673137515249318197e-01
2.439449855188076111e-01
-9.029719728646579124e-01
-5.006557885143341213e-01
-4.978109752690447753e-01
3.953304055029742137e-01
-2.415462026015653407e+00
-1.091812531966565025e+00
-6.190214382858003628e-01
-1.021632595213007033e-01
2.500515806600651647e-01
-8.843864020117127023e-01
-7.002224394050688971e-01
2.077786018048898842e-01
-6.053999599559487521e-01
-6.424418589627970411e-01
-1.646316003160377628e+00
-1.190225840851153460e+00
9.159986974934410942e-01
4.073048143255000308e-01
-5.800427350693022621e-01
-1.400593831919653420e-01
-1.498498032039483896e-01
-8.685158906851045968e-01
2.040604294491009940e-01
2.312178959355363494e-01
4.837432259145971192e-01
-8.012833562685390820e-01
-6.337282511185992062e-01
-1.044230615318695987e+00
-4.688579175719110870e-01
6.331447890216145291e-01
-2.843708600980492940e-01
-6.613175900007081109e-01
2.456414161493319370e-01
-2.071726571462515626e-02
-3.133364130686286386e-01
1.055772007094067266e+00
3.895749883148518777e-01
3.678948249379644930e-01
-2.698354804632161486e+00
-1.408092045974867590e+00
4.123297737247164085e-01
5.817570719974717725e-02
-5.008415769059205297e-02
1.328776982920367167e-01
3.161947694285856536e-01
1.133891889478146585e-02
-8.922465905210261727e-01
1.275715203765561412e-01
-5.539595702562145618e-01
1.082246050474264774e-02
-1.452010544358185440e-01
1.975265806947914315e+00
-4.545625294539666350e-01
3.988223977236818318e-01
8.108517952124888462e-01
2.123127411565607137e+00
1.172467367125664239e+00
-2.347755646062097690e-01
9.092294260719897547e-01
1.104349371162567595e+00
-4.728253254762992963e-01
-8.408798975631327499e-01
-6.984819832809971984e-01
-6.780246029611460834e-01
2.215557766298717479e-01
-1.268917468467077314e-01
4.995878959740729930e-01
1.120294874021180220e+00
-5.409009568768812226e-01
-4.571698710064143190e-01
1.849800540021358408e+00
-3.345115281484477981e-02
-7.497151652008936518e-01
-4.671153857464419579e-01
9.785327930250227180e-01
-3.866451409822958540e-01
-7.647378684148448125e-01
-9.745481905439038472e-01
2.886311409688805951e-01
-8.427103453695109492e-01
1.731969288076881941e-01
2.643427187718489502e-01
1.330834570019177265e+00
-2.234512498831866256e-01
8.744731699952867920e-01
1.732051026545537165e-01
6.107429165256453851e-01
-3.382041422605131520e-01
1.161544453597997267e-01
1.500641907424478561e+00
-9.737318064211278879e-01
-1.027334731595427320e+00
1.085184360349501942e+00
7.800404584907013605e-01
-2.545167582610052825e-01
-2.687880024081440444e-01
1.715273029835404361e-01
-6.749647989969945749e-01
5.744476666358467876e-01
4.119240581026969994e-01
9.971100186042104463e-01
7.702012832009182963e-01
-9.778790726732852212e-01
-1.288089088964217144e-01
-2.054124943800346992e-01
-2.167747422995010276e-01
-1.099725390440309480e+00
7.065755669442058684e-01
2.769557526782452372e-01
5.720476025172268608e-01
-7.519003029211710487e-01
8.413533386487984655e-01
4.735789439806180334e-02
-2.180934170341941036e-01
-3.261119459813838772e-01
1.921599595099388047e-01
-3.779663006735227149e-01
2.088134632166195992e+00
3.346508481786037437e-01
7.584211836002238138e-01
9.638252121049977195e-01
5.526338771362133695e-01
-6.927479663076725469e-01
-1.667857768575299882e-01
5.106286273876944337e-01
1.159296651011097579e+00
3.001936047369235250e-01
4.609829181185439162e-01
7.403365174877379884e-02
-5.982343219566312875e-01
1.465430474545225126e-01
-7.935358276798005761e-01
1.930224743802194109e-01
2.549738915938853934e-01
-1.031277372149822513e+00
-6.942765125494227973e-01
-2.964125869617979525e-01
8.927473141785874367e-01
5.810912166238393350e-01
-2.890645067821845937e-01
1.130996772678854789e+00
-1.667737824723869000e+00
-4.113779330527183586e-01
1.003446772708262325e+00
3.209450737940313519e-02
7.160990879718694968e-01
8.358199287086047757e-01
1.516930183382146913e-01
5.057931883112761762e-01
9.671484818763605995e-01
8.257087237527062362e-02
-1.474251438159832617e+00
-4.210815009786140761e-01
1.858832185122644698e-01
2.731551018635675621e-01
1.242092928851379563e+00
-5.562344441899225167e-01
4.328131304260273149e-01
3.054208918412770202e-01
9.622505767096997120e-01
-1.142851458935064235e+00
-1.821660789684958759e-01
6.257956726095832423e-01
-9.273518869569349343e-01
-2.628501877988447810e-01
-1.111750705565380803e+00
-2.443963378027334432e+00
-3.768714148526375318e-01
-3.150197007041575237e-01
-8.450507871741484989e-01
5.611888764925898609e-01
-1.026509025797003094e+00
1.884155353778876052e-01
-1.171846955707020049e-01
-2.154926810887100030e-01
3.815838595115093046e-01
6.649979518019480951e-01
-1.157477494195376377e-01
-4.919629823311638117e-01
-1.429944288502988936e+00
6.005694498462501585e-01
-7.355060101709770537e-01
-4.264611535284000832e-01
-7.219081185351217470e-03
-1.066534938711055647e+00
-9.456018223319376803e-01
-4.961468798210208475e-01
-8.172497784987490244e-01
-1.465419908673512295e-01
-1.224606060458554468e+00
-3.080085847550223521e-01
-6.627360011664489292e-01
-1.561974722444982255e+00
2.077149279698397022e-01
4.801981781288830464e-01
-1.013760835341661171e+00
-1.910308616378953439e-01
1.538855898619991280e-01
2.078878345872284261e-01
-4.250349540579728136e-01
3.034106439030720970e-01
6.866831428393487258e-01
-5.753841122005286524e-01
-1.340605517202083430e+00
-1.221360178082026432e-01
3.176986512498683468e-01
-7.862366064087347173e-01
-9.927465420265152440e-01
2.588237327492074691e+00
-8.963120653701993623e-01
-1.213935563397282591e+00
5.800736472584453463e-01
7.012164171245491850e-01
1.382461655354754182e-01
-3.793212567006866709e-01
-5.189284192787502192e-01
3.170064564882988933e-01
