6.748991295828608017e-01
2.673750214610424170e+00
1.039193550433839874e+00
4.706521433602524618e-01
-1.076297434862615976e+00
-4.038704503034460935e-01
-1.770803516937941302e-01
6.319428039447034795e-01
3.029727252853256503e-01
-6.224521729512809687e-01
-8.402592954329012320e-01
6.299372519989865360e-01
3.276872663010540476e-01
1.070206081676020826e+00
5.123581660031149010e-01
2.255825587003103538e-01
-2.665738138444251892e-01
7.407071944267147323e-01
-1.189496627586174915e+00
-3.875670235893916016e-01
5.384118548246583646e-01
-1.051693175805184177e+00
-3.367472670353830466e-01
-1.929958356495892202e-01
-1.035970245972631099e-01
-7.460779433778451653e-01
2.675257072976238604e+00
7.879246602600221694e-01
7.304307336361572922e-01
3.026265492067350404e-01
-2.987354020268701560e-01
-5.513532048177024469e-01
8.169343673717042176e-01
3.943799044911268648e-01
1.115452485162705121e-01
-8.327135324568811781e-01
1.830812851420814624e+00
-4.009925639515936335e-02
-6.745957125749121319e-01
1.499275023023044051e+00
4.823808106432917464e-01
-1.024060122456562638e+00
-8.378159524705349748e-01
2.821535824494926861e-02
-3.344063566553875932e-01
5.543238118014073290e-01
7.639609294824915020e-01
3.441940565695198462e-01
2.839894848941130201e-01
3.789119260196723293e-01
-1.798906630461851508e+00
1.777052568523386222e+00
7.472772964092605497e-01
-4.880107948775754823e-01
-7.558361050999661268e-01
7.955744105011224379e-03
9.503065398281308473e-01
-5.612180965880930739e-01
8.667258690329240345e-01
-1.199513988786569785e+00
1.428076494986372458e+00
8.786088658730355494e-01
5.776336354002545859e-01
-1.894050764803062670e+00
7.169367170383400545e-01
2.088639864988326711e-01
1.996510885532437607e-01
2.726713963432148002e-01
9.521942563005736382e-01
3.489178634509952359e-01
-1.023562999128343920e+00
4.386621174509542920e-01
-1.549264604704053028e+00
-3.726889139851112809e-01
4.176651254435767568e-01
8.973264600790297196e-01
6.115962907936649540e-01
1.214519922286545206e-01
9.209845142384143202e-02
7.015307766149788682e-01
-2.440095402688157167e-01
1.669220149659078389e+00
-8.661954596138415896e-01
-3.360001605101145539e-02
9.903255451503065743e-01
-1.683254805608669358e+00
-1.611707665086733909e+00
-1.089581081427062781e+00
-1.404598173887261492e+00
9.694871353443249573e-01
1.837366116170961738e-01
5.947898229683294957e-01
-1.105503254697881577e+00
-1.720285228324146543e-01
-6.319438177708089910e-01
-9.817745678636732309e-01
4.578350764919858484e-01
9.245522617751267269e-01
1.494002062994772562e+00
-3.504689349755479300e-01
-2.446713692692749909e-01
5.800101542779760866e-01
1.899640081999065533e-01
5.682144092318008877e-01
2.005287634199892199e+00
4.923310783538967783e-01
1.230397837365587055e+00
-2.472759376659229569e-01
-1.203461838165625353e-01
-1.419256572373059244e+00
3.054047804198115057e-01
-1.028864938188400302e+00
-6.164710919701722053e-02
6.636727497604408832e-01
7.413807391853232120e-01
-4.752377220590831008e-01
2.049369251427448191e+00
-6.108225224885956983e-01
1.846612503930777915e+00
5.045256951651783117e-01
2.353083901586394411e-01
-5.047333688467672275e-01
9.698756822637333297e-01
2.449835232109496275e-01
5.649588284773344737e-01
-2.919304943779150174e-01
-2.650727775842564582e-01
6.133143603431199242e-01
9.459320086086171475e-01
1.221027980469288954e+00
9.525745859434024965e-01
1.064550013307020038e+00
-2.555760361364511901e-01
1.550162433969900277e+00
2.881191487569425003e-01
1.816307317826834980e-02
2.159367946889688916e+00
-9.594259187787074900e-03
-1.347563481079107506e+00
-7.634755234820869360e-03
-1.256423679589510345e-01
5.109921473719005736e-01
-1.689780900137296316e+00
-2.176843419109433103e-02
1.646617214471711721e-01
-1.159452505281836077e+00
-1.315443911674519351e+00
5.092438444085021221e-01
-4.949467299054438607e-01
5.329217913514386895e-01
-5.252023292354804918e-01
-2.829511310344179353e-01
-4.781995486344213231e-01
3.242183534643351406e-01
-8.338475221330509113e-01
4.058267746461139414e-01
-1.232804677067985022e+00
-3.977606352131558554e-01
2.239760132875409093e-01
-3.043349095397276938e-01
5.036467964593996927e-01
-1.285476611146982195e+00
-1.101289872084886046e+00
-6.965101444922172647e-01
-1.526131115883390954e-01
2.405512051601895185e-01
-6.470349537227632064e-01
-6.775420371978967404e-01
8.535411971617605786e-01
1.031189125321221089e+00
7.399808745997416004e-01
3.510592929334410139e-01
2.095046412096707389e+00
3.361965483243759767e+00
-1.152962349683446908e+00
-8.345396417874128003e-01
-9.445869377986206850e-01
2.084555557320750374e+00
-1.505184597776748623e+00
-1.528854081418285493e-01
5.259023083292081457e-01
-1.195941666429112399e-01
-1.023565375365355301e+00
-2.318588161840732909e+00
4.908379959766343004e-02
2.831534073314754263e-01
-1.281254749184043362e+00
-2.599544305519193577e-01
8.557142847668849361e-01
5.595528865705980959e-01
1.450961844115170318e-01
-7.843880599147105004e-01
3.049891832049729246e-01
-7.248249115238245555e-01
1.752640623195114822e+00
-1.377755488875989365e-01
-7.906420667751586917e-01
-1.383095627807469974e+00
-2.671725431396706485e-01
-2.076356717609115499e-01
-9.969209528863112180e-01
-3.273512623830761581e-01
-1.617977684091981838e-01
-3.587142910719834932e-01
-6.602615593802485527e-01
1.078526146110360351e+00
-7.383120322450672512e-01
1.718468389478758906e+00
9.259758105846561949e-02
7.453846042492082713e-01
7.065820460289918836e-01
1.678336771009305783e+00
-6.478102696330955146e-01
3.796060761459166266e-01
-1.991284757640232050e-01
3.527979582437375528e-01
3.672593255044581673e-01
-1.563346638678155820e-01
-1.630533541367235884e-01
-5.477105255289339836e-02
6.965342103364535742e-01
3.352263557936275423e-02
6.213286418905904496e-01
-1.153074951356279687e+00
-9.267686249885898064e-01
2.098297475553662750e+00
7.018886545243256669e-02
-6.924453014250061544e-01
-2.373191917343600577e-01
8.328885144838371613e-01
-4.042089280730333523e-02
-1.497140129680634701e-01
1.112250271677527991e+00
-1.649157589629904885e+00
-6.781570117670012721e-01
5.396827556210656018e-01
1.403109806812332105e-01
-2.657744091114760399e-01
7.802783127817765063e-01
-3.930686148619066955e-01
6.070328139030137793e-01
9.003586284771990522e-01
-5.768612658503928792e-01
-1.033830926356952729e+00
-5.489020664665765770e-01
1.217517268491412619e+00
-1.402347056519493540e+00
7.472112027637337062e-02
9.845530636771268052e-01
5.483331846567048862e-01
-1.377668864302325602e+00
7.123071361083367636e-02
1.467534657604615544e+00
-6.108225224885956983e-01
1.873663245043331704e+00
1.033314192949155608e+00
9.637851651152980204e-02
-1.001947293124882288e+00
-1.129950936676517470e+00
-4.093413462106906264e-01
-1.156278928643934140e-01
-1.670670907195800081e-01
1.284080183167705558e+00
-6.907614520917411127e-01
5.824979902332257931e-01
-3.239136716489681156e-01
-4.328833812541739712e-01
-2.286974669132854632e-01
1.308598256387123682e+00
-4.442417949767661356e-01
2.084395118741499076e+00
-2.333237847902761009e-01
-8.292997701393592935e-01
-5.038174540868252116e-01
1.630241592043975452e+00
3.152813072407526646e-02
-4.938081070668245420e-01
8.081742702521490518e-01
9.964928271517585756e-01
1.080262372542631688e+00
2.887415189661602932e-01
1.841557789999815342e-01
9.389006646486582897e-01
-3.648505021648573710e-02
-1.360665165878907956e+00
1.609811466930251900e+00
3.134128197399134175e-01
-2.025889506283172992e+00
1.047138634856301209e+00
1.436618917066280643e+00
6.198800896241610792e-01
5.100289413742676858e-01
-1.802009242442255355e+00
1.789833658558469320e+00
2.092316099883884672e-01
-2.185188675177766326e-01
-2.399050769953868512e-01
-1.785911217619180480e-01
5.276816308642200415e-01
3.033711563775748576e+00
-2.487966447907998258e-01
-5.593950399940418317e-01
-4.584370164190471053e-01
3.964279850830881857e-01
-1.432020623484496213e-01
5.359222753076352541e-01
5.913691411788687402e-01
1.035271380824987153e+00
1.932769718992444208e+00
-7.057746895071506654e-02
-7.844858182579924830e-03
8.306696211365042215e-01
-2.065809326327484596e-01
8.204425093666110058e-01
-5.637526010164299883e-01
7.155776532704374859e-02
-2.897648068270209376e-01
2.243564270782245351e-01
-6.701762331765573899e-01
1.402282337066626194e+00
1.797534207599721157e+00
2.313270061157180757e-01
-4.250872114523182588e-02
4.771691669690395488e-01
-4.389934981558465954e-01
-7.845691913057902811e-01
1.249982607484593222e+00
1.020211603464728917e-01
-1.380925865976669886e-01
2.979570747897437033e-01
-2.615338272881550519e-01
5.564298111786275536e-01
-1.005871670665652723e-01
-6.205311121698049437e-01
1.223641145672206415e-01
-2.028797602668184485e-01
2.858923244933459173e+00
2.440079816710905902e+00
1.091125146344398500e+00
-4.663814636449457179e-02
-8.221894566072462940e-01
2.595354150633503165e-01
8.030862523055839475e-01
5.375756551902834829e-03
1.205550767147388402e+00
-9.375002397631455597e-01
-1.020845983318317662e+00
-6.420657927587731795e-01
-1.498226206523485482e+00
6.950171132164171262e-01
-5.926963419851396381e-02
-1.021147544606135327e+00
6.545688162056886306e-01
2.571100129942167634e-01
-1.315284720908637128e+00
2.935381949172471971e-01
9.872893137442233513e-01
-2.837757597574865898e-01
4.170427712435827994e-01
1.573809897591248674e+00
-3.866941944061786929e-01
-3.701634547359758942e-01
1.469026555682724000e+00
7.801817989782452445e-01
-3.189480299661298091e-01
-3.993939120966832901e-02
3.935091817912932388e-01
6.553098295097028458e-01
4.970144089725754277e-01
2.795120450258331557e-01
-2.665053539065163068e-01
-1.477591198974096187e+00
-6.200602170827970161e-01
-1.106593228294315834e+00
6.988462144018563471e-01
-1.110662732428348232e+00
-1.917184807074548969e-01
-8.221121563852941405e-02
2.469577709412470456e-01
2.136514251354196814e-01
-2.322695287562291655e-01
-6.615045077001091567e-02
6.081731821161749929e-01
-8.406374141593871974e-01
1.204494648150079977e-01
-2.355340867589315046e-01
7.176441203246622935e-01
2.187984493149648824e+00
1.907782819948093289e+00
-1.924610600249833381e-01
-3.119618216496134466e-01
-1.083963003765947120e+00
9.224416006198767892e-01
-1.921549298542814865e+00
6.714913558382367142e-01
-6.354236409292172150e-01
3.143227347019235673e-01
-7.087167387521993156e-01
-8.120307765465891725e-01
-2.420135802603052833e-01
-1.569312849050018110e+00
-4.471568793966954058e-01
-9.095229684128609826e-02
-5.269786285431207196e-01
-1.294146586895707385e+00
1.863058320591143013e-01
6.251738334112901807e-01
-8.915083726370266470e-01
-5.486509650550919215e-01
9.909548801136275342e-01
-3.841325041996270229e-01
7.508212682745259159e-02
-4.054516035626036241e-01
4.241278322318225436e-01
1.335828773129627889e+00
1.518651812058565698e+00
-6.622163338716581527e-02
-2.689189151270698352e-01
-2.310837067585434432e-02
-8.291081601473982987e-01
2.374417245577427060e-01
-1.073692940115561933e+00
6.300936531816900832e-01
-5.984775686353441815e-01
-9.372645924407927431e-01
-5.380458054627749176e-01
-6.014848505920767918e-01
1.881779967535877285e+00
5.405939643797575966e-01
3.280204135266713839e-01
-4.746082869925038680e-03
3.483660859518482589e-01
2.691372971558181781e+00
5.138532600551323215e-01
-1.288820476851013919e-01
-1.027398280099999450e+00
