-3.377842982513370312e-02
-1.310028886511752200e+00
-4.153047585360195026e-01
-8.568696228125716186e-01
8.053456650975902020e-01
1.112895354410166737e+00
-1.019729942903382813e+00
-1.586216109297804655e+00
3.804040464460583526e-01
-4.706465130333474800e-01
-1.069752436248511573e+00
6.223929655594256927e-02
6.644627917915432169e-01
3.227886171217900224e-01
4.197786234760106927e-01
-1.187365360825596017e-01
-1.064069599623517631e-01
1.373072602988649749e+00
-1.210949203666540575e+00
-1.445820327450882736e+00
1.014785415781130240e+00
-1.479015316246867773e+00
-7.517591034648501980e-01
-3.698848132088671248e-01
9.647141904510819765e-01
-3.866148955440862900e-01
9.219900056381828968e-01
7.985271125066151221e-01
5.887708497484741565e-01
8.647044158965103700e-01
-4.479943694881540206e-01
-2.092193007735400734e+00
2.008985144178565108e+00
9.476920913854629536e-01
5.368919376387795150e-01
-1.484663482341056939e+00
1.273040766516651434e+00
7.843533045190512754e-01
-6.386558478428191465e-01
1.871243060650432000e+00
6.618303198917008245e-01
7.618365536944034233e-02
-1.517107815967712270e+00
4.616257889847396600e-01
-1.156106237698799388e+00
5.623565765729322541e-01
7.688155136366773279e-01
1.190198830263106800e+00
5.651058119893200837e-01
3.642245071443572235e-01
-1.610350112139125489e+00
1.016251662860528482e+00
-5.469065844322474890e-01
-1.767214765486189998e-01
-3.420093737045685756e-01
-8.748921509756059089e-01
1.624378459861209656e+00
-8.423189546474983969e-01
5.782630244850127665e-01
-1.320163251939413751e+00
1.373853908960641412e+00
-4.483218865908255579e-01
-5.260588564062614741e-02
-1.224116058492836334e+00
4.462874456239753762e-01
-9.266546745591994205e-02
3.485382664180707718e-02
-4.408597181171173413e-02
-1.278734834755593130e+00
1.722576359770428833e-01
-2.877841540382841679e-01
-4.130059991709745804e-01
-9.878574283486473151e-01
-7.720505750628581243e-02
1.239038302747876436e-01
2.765500169571094013e-01
6.092144869366987459e-02
6.658622940051723837e-01
-1.412584838507911222e-01
-9.505981349423929180e-03
1.539175381605576209e+00
9.468662292297674865e-01
-7.188782305554178853e-01
-1.609682164893901785e-02
3.023934292944939761e-01
-2.378274263917488085e+00
-1.229221021390650925e+00
-9.715537864837388016e-01
1.936026376013493477e+00
8.322882337319429391e-01
9.427731438287266508e-02
1.492100496020437317e-01
-1.172934453970298080e-01
-8.585950258419872139e-01
1.269732784431794714e+00
-1.492703028468859827e+00
-3.097867727678729755e-01
1.432604759350973866e+00
6.589488142104835688e-01
-1.604388829802962047e+00
-1.082152754355939051e+00
-4.722806483559297552e-01
-5.471365904448161066e-01
8.377866510666914790e-01
2.976384145719929153e-01
1.086405645254600705e+00
1.607974976452284377e+00
-4.624149350644847223e-01
-3.738641902019944618e-01
1.335492797205935778e-01
1.031129532875215471e+00
-4.382414192011694909e-01
-3.689147850469142731e-01
-1.299602340077100904e-01
-1.842552040725866369e-01
5.787503984044402028e-01
3.135192896701675558e+00
-1.362191605815380013e+00
-9.812377654175512554e-01
1.038889953800374633e+00
3.046194996082042805e-01
2.545530856336946646e-01
-9.216248587372255496e-01
5.679319972735263899e-01
-5.268227483671292927e-02
-1.406914440908789032e+00
-7.893220283890072242e-01
4.912167231645341199e-03
2.259798359888884056e-01
-5.037498926475971750e-01
-1.212214651518830205e-01
-7.767306514360551584e-02
3.576012016471417643e-01
-4.787240884788726558e-01
2.229744918657955988e-01
1.687030483760445509e-01
-1.292426093378297725e-01
6.744271493074220913e-01
-1.068822494874295925e+00
-9.543408981965343374e-01
4.998013125551816760e-01
6.534445417515606369e-01
-1.777379709945326569e+00
5.135386478953412048e-01
-5.456619761818236325e-02
7.304460060501597463e-01
-5.475874268716497406e-01
1.447598316423072962e-01
2.134332562144353740e-01
2.128846573320739288e-01
-8.473457145277670799e-01
5.699479300552668937e-01
-4.502124312870790512e-01
1.477494076732006834e+00
-5.980705825730622260e-01
1.102490096597222857e+00
-6.459870716679448899e-01
-8.013476907080738787e-01
3.067266059498404140e-01
-2.503027635114616345e+00
2.001958929456875980e-01
-8.853700094513045071e-02
1.234259824313929110e+00
-3.523054119493316816e-01
-1.711227591740254739e-01
1.401509473913749249e+00
-8.186749735421282315e-02
-9.305169306586508204e-01
4.161193408465796439e-01
-2.539237426943725673e-01
3.191664250256014829e-02
7.422064963448049557e-01
1.718393024949029346e+00
1.001499394795301034e+00
1.902027119145981437e-01
-5.799399672359988323e-01
-1.338260686347018114e-01
-4.014304641788820627e-01
1.844433146865054995e+00
-2.637472208750420988e-01
-3.751734421652034857e-01
-2.695216174846743473e-01
-4.465213459052806422e-01
-7.329772326410609606e-01
-1.310533590126776282e+00
-2.227882283200595115e-01
-1.322456575461861128e+00
-5.859560957226876976e-01
8.518031891256312438e-01
6.645174755843566983e-01
2.152297248010726527e+00
2.464810656851512405e-01
-4.196856697684193671e-01
-9.667617935189493084e-01
-9.297956542146881276e-01
-6.282049518290876156e-02
-1.875576041585438614e-01
7.154039230830474549e-01
-1.271581962642747421e-01
-6.645497317961499006e-02
4.608319443636174628e-01
-4.752924035892301946e-01
-8.821004421516580596e-01
-1.768772139169057789e-01
5.519097435603003143e-01
-3.069323614738897910e-03
4.192514081693602956e-01
1.119228262657012696e+00
-5.587287946534946759e-01
-3.379165623526094175e-01
1.362841803084614556e+00
5.342691361381447512e-01
-9.824227907007644645e-02
-7.296673650660592814e-02
-2.140863409848088317e-01
1.513576344367564483e-02
1.819908842342039756e+00
7.809852817105027156e-02
-7.739124242993387082e-01
7.340772178430017281e-01
-3.334708876755955453e-02
-1.883871771323096245e-01
-2.782169034017428766e-01
-9.235363613028096941e-01
-2.438685202263654594e-01
2.427216413010917950e+00
5.502186745988518757e-02
5.675402433978223860e-01
-7.590350944953654366e-01
7.089069160639748235e-01
4.754471908030294958e-01
-5.354175238302150142e-01
-1.599738235513514129e+00
-2.623136907448826438e+00
-1.033507190699408440e+00
-9.169263689357782798e-01
-6.128192006427272132e-01
4.365220675265207850e-01
1.844022265955352458e+00
-2.822373445299399264e-01
8.252887943950791838e-01
2.077112371484357567e+00
-1.344162282206194714e+00
1.626604813141060202e+00
-3.180212531516956598e-01
2.351359454539777849e-01
7.128228220031468387e-01
1.504137619551111360e+00
7.186110818394183530e-01
9.500581058180467275e-01
-9.628375718784251136e-01
-3.910662671632633147e-01
-2.949708679891364094e-01
-5.689451581801533431e-01
1.017923125674913942e+00
-1.218429957095639865e-01
-7.583880581155888478e-01
1.323231758353579091e+00
1.292705326052401293e-01
1.978443681759177175e-01
-1.384585444071588789e-01
1.457959160298402113e+00
6.263148445480337667e-01
-7.392657197575701611e-01
-2.685823134472652973e-01
-6.720891037203967633e-01
-1.046033741327785815e+00
-3.877095523685770706e-01
1.175065699314486345e+00
-8.478919361427488255e-01
1.536032819629533364e-01
6.989357350405877023e-01
2.175233000484926571e-01
1.648254084304951739e-01
1.220379630735162202e+00
1.449356630058078244e+00
3.003539361197345992e-01
1.196262506453537933e+00
8.081808592050120088e-02
-1.185372935006019590e+00
5.632948723115954737e-01
-5.882165460303756532e-01
-2.120901194818728408e-01
-8.657489240696835120e-01
7.057281863448922055e-01
7.762784437599099530e-01
6.314611382361960956e-01
-4.397411901150282687e-01
-9.399911137347296552e-01
4.558603313488310826e-01
7.478960403982913840e-01
3.079166300052582281e-02
-1.818340443954984842e+00
9.415865582990469163e-01
-2.176585312407493256e-01
1.194342349721174285e-01
-7.465847248194435772e-03
-5.163351868006040013e-02
-3.146075221457232951e-01
1.943558640784459834e+00
8.362729791300155258e-02
-7.702443666698107760e-01
-5.070803127547882649e-01
4.900770920154043919e-01
-1.000092074573730505e+00
1.085700152923837258e+00
1.904217207987037586e-01
-4.314375152826226828e-02
1.312218898953754875e+00
7.251951618570765534e-01
1.185020357235940479e-02
4.514419524452678578e-01
1.789821340804395589e-01
6.155119222987334160e-01
1.239369376812733670e-04
1.359943524627652112e+00
-1.932924821469064747e-02
-2.137223318191354138e-01
-9.058156214824236718e-01
5.617203865223077131e-01
9.404145735957871732e-01
1.139507891893095870e+00
-3.107826278817067689e-02
-3.590184840649968678e-01
-8.279095781584663305e-01
-6.945147350502736128e-01
6.662523699011254630e-01
-1.059760285554764536e+00
-4.338988876311185017e-01
2.230014773173828679e+00
1.812431351297183468e+00
-4.716320483396982399e-01
8.600326138457657921e-01
1.439324783133433705e+00
-2.419030706790954721e-01
2.289001847486519803e-01
1.718375463073039899e+00
2.792548459469133479e-02
-2.706902790247526225e-01
-5.522060416631047186e-01
-4.962665857362268396e-01
1.637565308480969928e-01
2.004106924057313666e-01
-2.582665984838791173e-01
4.740020184776644330e-01
1.199328340592622916e-01
-1.306262568061464124e+00
-1.387944889146506044e+00
-1.340259704730837054e-01
-1.093529335299613825e+00
2.180095516085344409e-01
1.468951333599429476e-01
-4.198403137173465499e-02
-1.547659580689771941e+00
-1.414118934123042681e+00
1.737604958257898069e+00
-1.130163000114015714e+00
-8.454243136458289287e-01
-7.536007243395305144e-01
2.346258539993831271e-02
-8.349691771966143150e-02
5.180299925601767469e-02
7.643832477420727800e-01
-1.990651421001178034e-01
1.802150908916196614e-01
-6.385145143012179725e-01
-2.502767325528624798e-01
1.346874960002863109e+00
5.816703211638429849e-01
5.991648230556793076e-01
-4.868935805210875684e-02
-8.138163896925878493e-01
-4.278163772660072417e-01
-1.634613835795688808e-01
-2.701592955759135606e-02
-3.731269401840122679e-01
-7.187994691392834978e-01
-1.231655198958021780e+00
1.647028681120701110e+00
9.481418573862626653e-01
6.527795328772901806e-01
2.296572422367269883e+00
-3.175253898020717891e-01
1.270448918105525349e-01
1.054660317547561510e+00
-1.417911523802367180e+00
-1.548198958990073315e+00
-9.204962569462633581e-01
1.021373308594995422e+00
-9.002734817275996893e-01
-3.768135185766127021e-02
-1.048190181903472795e-01
-9.152736168827310115e-01
-1.900442994713599010e+00
1.663040536901708499e+00
3.742315885926185692e-01
-1.993507982821336733e-01
-8.061131517144535241e-01
-4.313193376759342362e-02
3.643689598114017159e-01
5.263835742106113269e-01
-7.404959875222734134e-01
-1.093772422421084523e+00
2.916982001311119177e+00
8.104132879923772181e-01
2.966929772646773045e-01
1.662716986704126709e+00
-2.979098441872060979e-02
9.178024019607663453e-01
1.468878760652530424e+00
-3.544960359714337539e-01
8.447809768736576075e-01
6.674295492194239898e-01
4.337180081863669656e-01
6.082088318753516853e-01
4.934277428496026685e-01
5.945987884308319947e-03
-1.317060218003658911e-01
5.410005940933384494e-01
-2.143226814971030514e+00
-9.671963319376707391e-01
6.043360100263773793e-01
-2.832426739705336538e-01
-7.072076282544178527e-01
9.300771416368204259e-01
-9.993676953492445225e-01
-1.134586778960671172e+00
1.123842635683782065e+00
1.584693221785219652e+00
-8.825087411367349421e-02
-5.275925503189219379e-01
-4.223920124563177447e-01
5.183485176129076777e-01
1.948662840153780329e-01
-4.900210576285721209e-01
3.168090021423459746e-01
