7.656350767566750815e-01
2.311215514235954060e+00
2.573796849641078743e-02
-1.304659240152427957e+00
-1.502459820633324172e+00
-3.765365216545027982e-01
-6.906577829926502377e-01
1.295459912212517217e+00
-4.644235915894117661e-01
-3.039563561722435359e-01
-1.901031282655524235e+00
7.336061246199111485e-01
7.249043837521138567e-01
1.188938450996172680e+00
1.461587561536392466e+00
2.134159269880850029e+00
2.016939319678662246e-01
1.200962691756000122e+00
-1.683956446543725782e+00
-7.546636633643470926e-01
1.584833753423714908e+00
-9.650316715002364987e-01
-1.963326261676439921e-01
5.895650723980629948e-01
5.192909634894991022e-01
-1.275503021526605663e+00
2.343934469063701787e-01
-1.222006195295617520e-01
-5.112710950091425843e-01
-8.198831398816583405e-02
-6.452810957286336802e-02
-9.083302818214047392e-01
2.032692394342656694e+00
-5.285845663434977915e-02
5.708315510845888285e-01
1.351495154162995149e+00
-8.583444287069993961e-02
-2.956708578721652936e-01
-1.189234359553549503e+00
1.303968131472634129e+00
1.248094777689445940e-02
-1.749881502726833737e+00
-8.117132427626805313e-01
5.445418519731357598e-01
-1.090368980024510881e+00
-1.468308840443956764e-01
1.483480166123251287e+00
6.966034666598215352e-01
6.445862072366045359e-01
7.190731124385748574e-01
-1.074982320874896535e+00
4.296964426857183827e-01
-6.188203435560202942e-02
1.735210477223779468e-01
-1.302043266725028792e+00
-7.702053978981046045e-01
1.316154362757290697e+00
-1.109743914138719312e+00
-1.045641588941761180e+00
-1.324785568536913871e+00
3.522557795782247148e+00
2.800160706099245611e-01
1.532171058679453690e+00
-1.219615322719707518e+00
-5.809026800559111692e-01
2.024760604566691047e-01
1.891793277906865578e+00
-5.438314618546382651e-01
6.895529997627320995e-01
4.697719729585828063e-02
1.846974989597784056e+00
8.008244335120305868e-01
-1.759983933552761615e+00
8.937175846790706979e-01
-1.959343303036850115e+00
2.503963936169363524e+00
-3.943405037744252689e-02
-1.445433568653353151e-01
7.924508671298947649e-01
-3.258873269401659223e-01
-5.910323685629539220e-02
3.191831110139661809e-01
2.151966853228990395e-01
-4.851619382157801308e-01
1.087808477067452761e+00
-1.418365989653476600e+00
-8.727024156310749792e-01
-9.417336793572929077e-01
1.907226024614633586e-01
1.303391284710347264e+00
8.510377576395383725e-02
3.156618539449703720e-01
-5.781205501880168907e-01
-4.043840894826362109e-01
-1.401186411886554684e+00
-4.350547675571686534e-01
-6.659157806150213521e-02
1.281008199981958029e+00
-1.485198859372293678e-01
-1.545817712922981368e-01
-1.104632803914788131e+00
1.479155222558287353e+00
6.028557563652732487e-02
1.857432501520678292e+00
1.588587932271905201e+00
-5.733476101093429866e-01
3.582502828334293010e-01
-4.685943657952268970e-01
-1.745147478358846982e+00
-4.828133375268811034e-01
-6.403490351629513855e-01
-1.428603168677888613e+00
1.038383550612691275e+00
-3.050081119325498413e-01
-1.249537578675416150e+00
-5.459149666665368272e-01
9.993585602861368988e-01
-4.826453796374098326e-01
8.466211041997188103e-01
-5.357986587809362433e-01
-9.081868446670140482e-01
-6.908558169227977386e-01
1.076499318019392248e+00
1.334378553052661287e+00
1.353557179341670080e+00
-1.955899407942075507e-01
-2.922244476544549885e-01
3.712794894233749643e-01
7.717813592900882869e-01
-4.791101334720581084e-01
-2.284519103372749937e-01
6.183317578192066843e-01
3.872059997619514693e-01
-1.437688863897942093e-01
-5.486822926377453724e-01
9.202308158468727739e-02
9.052278976859446935e-01
3.598716223560852745e-01
-1.922592279016239303e+00
-1.251733503522632684e+00
9.866406338141526788e-01
-1.348553600765918015e+00
-1.171912301260105149e+00
-5.009750388023940237e-01
-2.864748061742915519e-01
-1.528356439649763088e+00
-7.217257351121452169e-01
1.099097859182211590e+00
-5.597966408569352570e-01
5.402502463968780200e-01
3.669005459299245486e-01
4.562748413969501537e-02
-1.428871543481100348e+00
4.272699908274074088e-01
-1.255404027778406428e+00
-1.548698898999225637e-01
-1.339658042584607467e-01
2.223371916420993355e-01
-3.598308348556565339e-01
-2.186675463367905969e+00
2.432769562489002002e+00
-1.843443510621131098e-01
-1.355163486280514640e+00
-1.372768966623942655e+00
-1.822898464843148714e-01
4.002050530991029254e-01
2.763482886050249165e-01
2.009810348562658389e-01
5.672749314399506276e-02
-1.400730532760606217e-01
-1.305301346056795576e-02
2.418814815060208248e-02
1.421918790000209043e+00
8.194101499561505797e-01
4.956155718825336898e-01
-6.707833815476246242e-01
-8.848776032349372489e-01
2.046764267029010376e-01
1.577940961149568999e-01
-9.111842362790805172e-01
-2.670467250011925309e-01
3.505190062359159198e-01
3.807666999526644891e-01
-1.470186265089693523e+00
-1.417476736812618210e+00
9.239188020627674136e-02
2.914886045188601060e-01
5.307373121448244468e-01
1.512610023477067189e+00
4.280761413966412410e-01
3.519560392309638575e-01
5.714485416303850540e-01
-1.374222072487452373e-01
-2.602613932820903031e-01
-1.063589597018147925e+00
-1.438813058331649630e+00
-5.811942080100802599e-01
3.859414353251224283e-01
1.250589532697622186e+00
8.689132738767493258e-01
-1.388593247646762396e+00
-1.413783695114169126e+00
1.573701822824835617e-02
-5.824058131439160402e-01
-7.567215168153740290e-01
2.642052817089364680e+00
-1.038979350780409594e-01
6.745705448896153200e-01
5.123432938958824012e-01
-1.311300401570197061e-01
9.053438858338237472e-01
1.292496167361127046e+00
-1.214716545564410000e+00
3.689853283752476676e-01
4.977897986077061687e-01
1.268116074504259672e+00
-3.176837298799571885e-01
6.375795241699745430e-01
-5.815189207007973593e-01
-2.267945162998140085e-01
8.259580416055476437e-01
1.465111382316213628e+00
6.817546544169079681e-01
-1.233595234575868504e+00
-5.211214075668030299e-02
1.720055118994547216e+00
1.988331322854308969e-01
1.553873340307059259e-01
-1.084999420223933697e+00
1.407331274625094997e+00
5.086741752476240386e-01
-3.031249109981022927e-01
5.810737099098907121e-01
-1.803247856092824453e+00
-2.334705447534395795e+00
-1.163660108461639364e+00
-1.171153269015229759e+00
7.418661733927170987e-01
1.045520907920072906e+00
-1.402879687300286060e-02
5.403293201134368173e-01
1.205238791727307968e+00
-9.414117148715729355e-01
4.386100207202180967e-01
1.881214074442331130e-01
1.475272413652288228e-01
-9.932221896288567775e-02
-1.050071512804355622e+00
-4.751338018537575036e-02
1.026512968326899866e+00
-1.013934169208765557e+00
-1.045442471769582327e-01
-4.679723614875059834e-01
3.011077016241232029e-01
-2.787894213742533531e-02
-6.412071961496618178e-01
-1.062257811750757508e+00
-1.325052050730290532e+00
6.721301648987977606e-02
3.089891288025095051e-01
5.244689372897803903e-01
5.717212592865839049e-01
9.025295358521939759e-01
-1.062353323917443415e+00
-6.469088908757891776e-01
-8.047051926482752249e-01
3.847256750404989267e-01
-1.385139771457233104e+00
2.015773778029058771e+00
-2.286864086378282979e-01
3.916220349206739337e-01
3.918710478286841492e-01
-3.096385240269032280e-01
6.886034969212814216e-01
8.968205225406554737e-01
2.228932555938742954e-01
-9.030474094540340557e-01
-1.776228414604226757e-01
9.052278976859446935e-01
-2.882084887014005337e-01
3.129917884399905925e-01
-1.515143882153551447e+00
1.826094730498130647e-01
-1.646011109961467600e+00
-3.863635035752477909e-01
4.272814309718924175e-01
1.356686785292057773e-01
-1.749297812477164094e+00
-8.239095651650472085e-01
-6.299470981778360068e-01
-1.063911991991447620e-01
-2.554575390523939893e-01
-2.682569579893013145e+00
-5.532603838756433579e-02
-3.418861615745334981e-01
-2.795592925856784650e-01
4.037787916858556064e-02
1.642326443216566290e-01
-3.067521724385735005e-01
-1.482047547317301428e-01
3.688327768248881866e-01
-1.491910023071826741e+00
-9.266918781419367646e-01
2.425157532139794903e+00
-8.843689295795734151e-02
-4.947792146443853456e-01
-1.995389845196960388e-01
-4.978405390020980148e-01
9.236427694834588309e-02
-4.190152461289390340e-01
-1.231144480545541597e+00
1.808491858407469399e+00
-1.016894907822402550e+00
2.122614043706645859e+00
-7.807132327298601515e-01
-7.353572344145012929e-01
1.765203138582546738e-01
1.316279839563668785e-01
-1.035417435517094420e+00
1.201244407309267626e+00
6.067449449283494056e-01
-2.172455486589946472e-01
4.426410977664280710e-01
1.142589788312561527e+00
-3.479244065768239969e-01
-5.882531817912362015e-01
6.360782397698065971e-01
-2.977510952755554885e-02
-7.012934348961319397e-01
8.725626439698822567e-01
1.027678330926039774e+00
-7.323682541500681209e-01
1.313881968065890415e+00
3.422628038587599564e-02
-1.064223990491455440e+00
-1.165494074720479389e+00
1.242082744563167918e+00
-3.952404579260799800e-01
-1.234133828152103318e-01
7.816246415394406677e-01
-5.237830842991822999e-01
1.106542783720483730e-01
-9.223300908101710327e-01
1.614815586304117756e-01
1.761908701665104715e-01
-3.435466159353323112e-01
-5.284805966091622453e-01
-7.198965682209917949e-01
-1.589875698609765742e+00
-1.137746930892033159e+00
1.277885917010787853e-01
-1.313634554735598980e+00
3.030647324364930673e-01
5.157737260527937850e-02
-2.325141853257931768e+00
1.009419670299178451e+00
1.285733800839619745e+00
1.297042752508707208e-01
-3.852311470213451994e-01
2.146579595168393306e-01
2.082402286809975911e-01
9.963763615964844889e-02
1.981178222530909583e+00
9.982610910314024255e-02
1.658495478889766561e-01
3.090110082045167128e-01
-7.586034053544862266e-01
7.360344633293260108e-02
2.458086038486301028e+00
-1.422455003149458053e+00
-3.466223515719521475e-02
-8.702063559924906322e-01
-3.423209921838792358e-01
1.147096781009635524e+00
3.916143622534464241e-01
-9.945380803891831212e-01
1.516957059563636578e+00
-2.207317151662682719e-02
-1.076166367651674838e+00
-6.694788925167673987e-01
7.993385451061361113e-01
2.196042849565951638e+00
2.555972051420073998e-01
-6.029699139118951390e-01
5.917824783274012734e-01
-1.471708114911255638e+00
-1.815849296114907085e+00
5.479628907801237236e-01
7.747805827980175364e-01
-3.874622104678928092e-01
-6.932442371619741694e-02
-8.961918977545648701e-01
4.682041814329865326e-02
-2.346523075228361746e-02
3.217976011875030296e-02
-1.706045214791480566e-02
3.348875589039514988e-01
-1.651273770731860602e-01
-1.174652554700359897e+00
-2.601974427025423586e-01
-1.718509137184875080e+00
-1.133133297464818279e+00
-6.510942498252806354e-01
9.162539615324948317e-01
-6.541412705445659448e-02
9.829911359852591124e-01
-1.073337393416882168e+00
-9.037686891798872857e-01
-1.061094676235019962e+00
5.782391526894569145e-01
-1.002306664265328884e+00
8.183230762261316515e-01
3.556076333530141520e-01
4.934799316717704554e-01
1.008808970858762200e+00
3.623583157234758767e-01
-3.818171393127879898e-01
1.381995837939834215e-01
1.841896272742657770e+00
-1.999957336520821638e+00
-1.236656833165572789e-01
5.878728580198180342e-01
-2.616992174907569607e-02
-1.310087723185947128e+00
3.038095209329951807e-01
-1.119674202629662885e+00
-4.242236244974117443e-01
3.497786644255773125e-01
-1.102640674410328536e+00
-6.339552240214458845e-01
5.192652989588679713e-01
-1.264098127019184670e+00
5.285294379146064925e-01
-1.183439096696134563e+00
-3.800245166879867020e-01
6.083444237566844048e-01
