-2.768842602814570952e+00
1.334173866962147237e-01
-6.934748673391614160e-01
-2.233143880568939199e+00
-8.985988859081616154e-01
-1.679507499039665452e+00
-5.372875350953775220e-01
4.558741097817802235e-01
3.273784248647877981e-01
-9.431455555722660922e-01
-1.872621454924134898e+00
-1.470258927030075213e+00
2.144173071727409674e+00
2.134410692809431687e-01
-3.278539953844969990e-01
-1.071297029338870388e+00
-8.780996045818771911e-01
1.145787659521315671e+00
-8.558737937646884175e-01
-1.104034559391399606e+00
3.834056026862363575e-01
1.186707423318518195e+00
-1.305736552699019892e+00
2.471399199868189012e+00
8.067043555810675670e-01
-6.548869165526128855e-01
-4.600351524639246792e-01
1.008893889593095006e+00
7.724441236868571092e-01
-6.934748673391614160e-01
-7.638408216026902897e-01
-4.092980876919595778e-01
-5.517906173551095916e-01
-6.697019881081400783e-01
4.848342131154689816e-02
2.139298536727236855e-01
7.324810636010046228e-01
-1.820647426966968130e-01
4.889821808706088513e-01
1.463916610753945191e+00
-3.692596310157952866e-01
-9.053831892997818986e-01
-1.099754225802519692e+00
2.707091260353051282e-02
6.043018252300099702e-01
2.196241499166307343e-01
2.378342531350760847e-01
-1.222248131019148198e+00
-1.039311330677500367e+00
-3.134022522270096367e+00
-1.341184236968001819e+00
-4.648905206314498106e-01
-3.355214384177837572e-01
-1.268271962105894213e+00
-1.503303071886463727e+00
-1.880528062358157948e+00
3.327493969138255903e+00
1.012524029951220150e+00
1.019972463798340279e+00
-9.083125125661670740e-01
-2.263972627527247733e-02
1.460640818006030128e-01
-3.153124016567615540e-01
-6.855456798434710342e-01
1.759658363335763198e+00
-7.409938923441697911e-01
1.290936045624476058e+00
-1.787901662547909831e+00
4.644250555116222201e-01
3.933931392560189866e-01
-7.276018340734151657e-01
9.445997888024438849e-01
-1.590351750571143530e+00
1.486212244697717288e+00
1.832551087054905548e-01
1.859579088171823935e+00
-1.411000682057805822e+00
-2.305542026971512948e-01
1.503445193769990862e+00
-1.549329347223604936e+00
3.372290861291428188e-01
6.767940080130760983e-01
-7.166450078095071285e-01
-1.305815658513311162e+00
3.237446133937645076e-02
-1.924812916303802801e+00
2.845325152697540660e-02
-1.431677865681393991e+00
9.981638856743667576e-01
-6.048973981104830422e-01
9.767689427027536064e-01
1.258481605046185836e-01
5.069961105062247286e-01
-5.192131095706766300e-03
6.037938870659589341e-01
-1.406931253899508016e+00
3.592338359247850277e-01
7.068635188394701840e-01
1.046649060947589138e+00
-3.947239165099243885e-01
-1.104176326779547690e+00
2.185803095990209721e-01
9.727139604745667079e-01
1.284193594958056517e+00
6.372960260507258556e-02
5.893678166997828871e-01
1.301886381580164898e+00
-1.116766507479592108e-01
-9.769039213731478544e-01
-2.770151000400739028e-01
-6.117530335662261232e-01
1.207424598308986380e-01
3.322194605353378377e-02
-9.077852411891308426e-01
-6.941695228342772417e-01
-8.509222510086812685e-02
-4.011082541378357402e-01
-9.398569810381285361e-01
6.463085964775989734e-01
-5.510566069313568294e-01
-5.560245544911106563e-01
8.702482482190835311e-01
1.682174674243144930e+00
4.014164823545267047e-01
-2.915875406461766461e-01
-1.562041305945852665e+00
-1.690344499478620532e+00
-2.570724743621657371e+00
-1.730017165995552997e+00
1.039350095506162308e+00
-7.021528640060682724e-02
-7.084624291393361029e-01
1.367335120577524155e+00
1.138532278300234069e+00
-6.039571603673490330e-01
-7.098999212737612252e-01
-1.242759773916063626e+00
-1.581883457743672172e-01
-1.836279173909127982e+00
1.523936481473094906e+00
-2.971015155155818377e-01
-3.559256815355683057e-01
-2.013676175856448758e+00
8.422073290827686298e-01
9.404338603364804650e-01
-9.196024927652874936e-01
1.734432779773842637e-01
5.944472000571972004e-01
6.599796478337500716e-01
5.661168285454055704e-01
-1.588229960806865071e+00
-4.635864399798129143e-01
5.832294360751180129e-01
3.433621936656081619e-01
-1.148885973879789857e+00
6.656115754990884481e-01
-2.376361351421850399e-01
-7.242273646841556473e-03
-2.324389095157473051e+00
4.652447508507645546e-02
-8.322278406605636558e-01
1.034614789973378857e+00
-1.734978136139940341e+00
7.815648135457640144e-01
-1.006879657307851561e+00
3.211444842357077389e-01
-5.215783608968611595e-01
-1.350610374973810979e+00
1.235683592818818566e+00
1.117306395919728024e+00
1.530043369397443564e+00
8.416925176839037404e-01
7.350863899402506618e-01
1.056342913921315851e+00
2.479398321273503514e-01
-7.468764669548115798e-01
1.248081385256539777e+00
2.169543143109285310e+00
9.710363178985550459e-01
-3.432657941901208765e-01
-9.462620405298561854e-01
1.019755643111177473e-01
-3.086465697027203081e-01
-1.624052818389051911e+00
-1.827257327868775372e-01
4.426163437408048851e-01
-6.580197530494872327e-01
6.785994038630316361e-01
2.616071323660975056e-01
-2.901094850512798695e-01
-5.788643662255423816e-01
-1.641666184395102590e+00
-1.413758929285099830e+00
-1.745209179554171985e+00
-8.987183428298027854e-01
-5.982850099803326271e-01
-8.359164018898161963e-01
-7.137305345671621781e-01
9.695451048793979343e-02
-1.003668375724558581e+00
-1.850246508730121198e+00
9.113584591735010010e-01
-3.805549976273169266e-01
-1.815233716355990845e+00
-4.471778803469390051e-01
-1.279803293278268805e-01
-1.203509524912997231e+00
-6.879761339695481537e-01
3.003532562331985734e+00
-3.527628252610581217e-01
-1.783847548062234889e+00
-3.846464511660492303e-01
1.641938563472160606e+00
-9.687824097566847259e-01
-2.164308100996668524e-02
1.928859860471014320e+00
-1.305227786865748030e+00
3.351584425355250696e-01
2.225186751330899826e-01
5.744776326941493094e-01
2.786724535189256668e-01
1.840767068429553177e+00
2.767662869567094619e-01
-1.046656195773579823e+00
6.360563848012570354e-01
2.266359889300731678e-01
-1.526392172498015398e+00
1.093580173332342032e+00
1.856945517736992901e+00
1.004394644306136009e+00
1.280097363563331703e+00
9.610003806656456371e-01
-2.202053188147456986e-01
-7.550804368428578606e-01
-1.380042548639628386e+00
9.067264382007059753e-01
-1.013021703626422632e+00
-1.942126469342099870e+00
1.968895140536423005e+00
1.120430778831127544e-01
-2.247740751229510558e-01
4.497204213019201924e-01
-2.101615174589545332e-01
7.386713075005504024e-04
-1.299705405269331981e+00
1.496906190242149881e+00
1.287776258627618464e+00
-1.124996012507021304e+00
2.394013582654299921e-01
-2.079965279198187744e+00
-1.175153328482942516e+00
-7.081668744966566065e-01
1.294583724441899175e+00
-5.297841310906020729e-01
2.364911257022475066e+00
7.481415476414514654e-01
9.761796545382731560e-01
-1.710779538114663545e+00
-3.321815505141716834e-02
8.715242232729717431e-01
1.741285556412425271e-04
5.974265474948265986e-01
-1.332128917929848777e+00
-1.189242654005808530e+00
-1.129302687728211296e+00
-2.183368657983305816e+00
7.163337008560983765e-01
9.340245162320622851e-01
-1.352153285872025101e+00
-1.331672716236042442e+00
2.142423362479386029e+00
1.537348964095919535e-01
-3.266448477859382193e-01
-2.111301110358111410e-01
2.105857098660547599e+00
9.541198136232686977e-01
1.081560240594108047e+00
-6.868629082319676060e-01
1.368469723584347264e+00
5.646073809869605054e-01
9.222107374098512111e-02
-3.360740297489169803e-01
8.276556417530728238e-02
-1.557556168701483390e+00
5.177975099670858450e-01
-7.859225522246428286e-02
-4.474274008103076850e-01
-8.271720319864592774e-01
-8.874254078443621907e-01
2.104038352080462859e-01
-1.240405753602522365e+00
-5.626612802844193073e-01
-1.061016727163374362e+00
2.342297248721584957e+00
6.803649328520797526e-03
5.852418624810791226e-01
-7.481557551912795638e-03
3.416955321981607896e-01
-5.141908580517151606e-01
9.412863260747370564e-01
-2.337125953533954748e-01
2.664470377948727209e-01
-1.228643621387830676e+00
-1.634255331318727578e+00
1.020335615512634408e+00
-1.325836220230366402e+00
5.800050627508835932e-01
-7.259790595712781736e-01
-9.895859153101256300e-01
-6.646399501710690272e-01
5.098290428361426305e-03
3.487463575282396394e-02
-1.142730410423649923e-01
1.948721262294001777e+00
-1.105527881561198633e+00
1.060610732980486803e+00
-1.600149056378891821e+00
-2.152174456164036298e-01
4.263668474375691964e-01
5.728988620755477434e-01
1.975638919147084227e+00
2.785499732580271406e-02
-5.599194952732233777e-01
-2.776038339160241120e-01
-2.139349917910354226e-01
5.688072155238107497e-01
1.773130589427547532e+00
-1.656230554740976690e-01
-2.193162994851409475e-01
-5.441126193635366093e-01
-8.459292766025659771e-02
9.969617280863378728e-01
-1.592553583608196377e-01
-5.716336008197282492e-01
-1.638957681834772862e+00
-1.128651305352206036e+00
1.714429610445184160e+00
1.752427786532902543e+00
4.187100245744160287e-01
-2.046529916720098097e+00
-1.030732221702011397e+00
9.979996744298990086e-01
-4.229187009580261947e-01
-1.109383143635453095e+00
1.455511056539374959e+00
-3.542003043522354289e-01
-1.822901991423722778e+00
1.176018985718045862e+00
-8.979699141412536001e-01
2.243752050341952575e+00
1.661190530445379343e+00
2.080321308736253205e-01
-1.088220159326327430e+00
-3.188729446647053933e-01
4.590246999161330388e-01
6.081674553769178537e-01
-2.478531198527635371e-01
-6.522513410691374025e-01
-7.286722406589312140e-01
1.929098147157070342e-01
-1.239292571668912712e+00
3.599512279194286291e-01
-9.169727642329371653e-01
2.315584953783707267e-01
8.354835656178585812e-02
-6.163033385406323506e-01
-1.069733325003691782e+00
6.424939062630430353e-01
-1.607127763542915977e+00
-1.658363966401661171e+00
-6.352100102490486622e-01
8.582791409368388802e-01
-7.577436715895443653e-01
-5.770354358111300375e-01
-2.279523590132652433e-01
-6.369466545541385694e-01
2.744165085137153515e-01
2.837870478132296648e-01
-4.375064535895544227e-01
-6.355259127972474609e-01
-3.950122442443710913e-01
-1.574969203520300010e-01
-1.055903336797052061e+00
3.595406498408109663e-01
1.814850998147486960e+00
-4.245493698273076211e-01
-2.211758399071507564e-01
1.421596565380908617e+00
1.628442731162416779e+00
5.471588655129869805e-01
-1.600391335171239326e+00
-4.578361303925371772e-01
-2.293543976067494161e-01
-8.233455438235519619e-01
-6.428966123524488818e-01
-9.277883466283822766e-01
8.095050461636439376e-01
1.167389304410140882e+00
5.295574453734441800e-01
6.871989560621095672e-01
-3.023792222716706224e+00
3.320654776015807275e-01
-1.383874210889082246e+00
5.185142862798101104e-01
1.315331715193915674e+00
-3.001290773276419355e-01
-1.285508275225617947e+00
1.201261458113007247e-01
-7.764431286925805864e-01
3.797110211293009963e-01
3.012876589482536005e-01
2.919056896388381173e+00
-8.939719743343444991e-01
-7.288258785782640858e-01
8.365904296034142318e-01
4.043853092360300550e-01
1.279035097465957227e+00
3.211520663400108111e-01
4.459212573039417205e-01
1.481758222711464512e+00
-3.379021541094321401e-01
-6.225665526454550458e-02
1.952790518691383204e+00
4.042875733255628101e-01
2.183940972650773027e+00
1.276033327283555563e+00
-1.641542043737125756e+00
2.216661053040632101e+00
-1.310040762981978357e+00
-7.099001705296917875e-01
-2.709592728763474678e-01
-1.798242997669357690e+00
2.429663788484067499e+00
-4.346041414559944083e-01
-8.384080941177672885e-01
-9.899206438976194955e-02
