-1.447176860292745726e+00
-1.230339169386234444e+00
-8.296178196676838867e-01
-1.451894954287183515e+00
-8.948170205915989550e-01
-1.735895014635167044e+00
-2.291897121975270402e-01
-5.802391567010991569e-01
-1.599559986281321455e-01
1.766741637521277997e-01
-3.037693173576093919e+00
-2.283883559791665796e+00
8.002623782863828028e-01
1.711488593840500894e+00
-8.225100329444489100e-01
9.319507638541101036e-02
1.216686401949628404e+00
1.114556308059697853e+00
-5.411168460423741999e-01
9.548170351772328202e-01
-1.865990261008051654e+00
-5.737498647644220240e-01
9.388223083232815069e-01
7.493112133717996226e-01
-6.236886785601754024e-01
-1.243740556207701964e+00
6.080494003904386435e-01
6.077044655199573819e-01
4.768129038009794041e-02
-9.360284300119859902e-01
-1.136003354539270926e+00
2.470903475716096642e-01
-1.043615103620945339e+00
-8.749375052612379244e-01
4.319893733064973373e-01
-3.252387822864576949e-01
1.760864822192705015e+00
-3.280698692126520211e-01
-5.095141076578795225e-01
1.414487813105321123e+00
5.364746767870604005e-01
-5.067591208659979474e-01
-1.357090483590843055e+00
3.762321260441041093e-01
-1.401962374477292439e+00
8.183849380329577539e-01
2.048396467040149993e+00
-2.611074762929838089e-01
-5.012086250178703073e-02
-2.368554221464110210e+00
-1.056964051941278626e+00
-6.506911715103836924e-01
-1.385530352685262478e+00
-1.117894559161201729e+00
-1.742255833460578385e-01
-8.861604850774666975e-01
1.506667890168073676e+00
4.335540032691675427e-01
1.214172626358994478e+00
-8.704593189294308475e-01
-2.806204376792481026e-01
5.332900191135989676e-01
1.195351178689475491e+00
-1.000325217250454202e+00
2.594498043546567878e+00
4.597610717837355421e-01
1.222734692539870216e-01
2.255993923922609001e-01
1.766866555609812650e+00
5.219380160375757666e-02
-3.302153595785047857e-01
-1.352754904554408721e+00
-1.199612509109783121e+00
1.654880341386925968e+00
-2.090933357855469799e-01
5.544205090372742450e-01
-8.600752804072973046e-01
9.142343509396234635e-01
8.950443540758282746e-01
6.055077612810945142e-01
-1.386747094619039000e+00
-4.011040313484976472e-01
-2.073235770223267771e+00
-6.800580092048472691e-01
6.625243204905647554e-01
-5.519346443858418327e-01
-3.844131336022772460e-01
-1.580292334029839596e+00
-5.485920602163312232e-01
1.110489052849537472e+00
-4.571121971085240904e-02
-1.038864137040671487e-01
-6.386382211564956002e-02
2.219495857489499693e-02
1.219824037469921407e+00
7.127509508222894530e-01
-1.908223944755038926e-01
-4.592396812431806530e-01
2.393876726835299784e-01
1.788235935522097808e-01
-1.397906444309933160e+00
2.410475349847617244e-01
8.454052864313994498e-01
1.893920947960783918e+00
-1.638846309405492530e-01
-4.259496152890541176e-01
3.863863874647149310e-01
-1.206518882374790769e+00
-1.185971721230328485e-01
-6.517219521612104272e-01
5.252707825685708209e-02
-1.001244696791559363e+00
1.434851323438773307e-01
-6.480163762730218879e-01
7.391751344263849388e-01
-6.313422595549511573e-01
-9.408501709580715522e-01
-2.190318038635481024e+00
6.551721022943354233e-01
-3.743312012664486432e-01
-1.420643811174912896e+00
1.658170161824582101e+00
-3.109502149634066903e-01
4.201669743647767213e-02
-3.820028710574251141e-02
-2.067091094273189711e+00
-1.568307876900650655e+00
5.880138898604485576e-01
1.358847810609750795e+00
1.116757460856995454e+00
4.491384592115434948e-01
1.536695763098734568e+00
-7.768637246031456778e-01
-4.315677749355509296e-01
8.842878285497332014e-01
8.262001960920166699e-01
-1.275631883309727987e+00
1.747838516875090065e+00
-1.046267992793515456e+00
-2.359018522529440776e-01
2.081799732229101529e+00
9.068494561030233658e-01
-1.384819280047442591e+00
-2.547407357949879714e+00
-8.464955468370231051e-01
-9.510197128167091618e-01
-2.150196872099205680e-01
-7.604118803649694280e-01
-1.042032056108395111e+00
-6.946413882021590380e-01
2.182073943525305801e-02
2.171306321539874240e-01
-5.082342675082365258e-01
7.964011269818357386e-01
-6.725363694965549310e-01
-2.509112015915501148e-01
-6.472124740646596486e-01
-1.075472167244603039e+00
4.852678355050695780e-01
-8.173688300129359208e-01
-8.935659899411370066e-01
6.426095530220954366e-01
1.600323587254758317e+00
-5.170176067503454848e-02
-2.631593395327451734e-01
7.415283387540893001e-01
-8.674587763204312241e-01
-6.866217801979284108e-01
-1.865716464682069198e+00
-4.532234666556780311e-01
-1.838945689703649133e+00
2.515628856734035690e+00
-9.537094330506706852e-01
2.090625502515398582e-01
-5.679637169053725065e-01
-7.812804297687534483e-01
-9.156067536321370604e-01
1.687091421726386042e-01
-6.139173051898895173e-01
-1.493522347567475039e+00
-3.392649221532194059e-01
7.603132535633151390e-01
-8.547875680608034710e-01
-7.015922570166792660e-01
8.786127748214788147e-01
3.288521299409477225e-03
4.807880743549222124e-01
-7.567866133433589493e-01
2.109487391790898059e+00
-8.921429201790231911e-01
-1.032321102431658089e+00
-1.184539154167994490e-01
-1.833103324592853633e+00
-4.387430629684189731e-01
-5.862848150436650307e-01
-1.276401648288068236e+00
-2.161801281895631366e+00
-9.450937144728511763e-01
1.881780864526348074e+00
4.091201354480035191e-01
1.827848845458283356e-01
-1.384791068706830997e-01
2.491507334303130206e-01
-1.740628001655309287e+00
5.470769051718891163e-01
3.615388790322475732e-01
-2.190059818097777722e+00
6.272030844963722984e-01
3.992039040050798349e+00
-7.946786091347987080e-01
5.770147186282218454e-01
-3.156499446609070114e-01
2.567899780372700502e-01
1.688553526944458205e-01
-1.162564966877134509e+00
1.113896332350004181e+00
9.571571180704770976e-01
-3.846393060479017662e-03
5.480417253678706579e-01
1.122037465207998824e-01
1.604540952108821861e+00
-2.018824169769470878e+00
1.156591049062646315e+00
-1.203243735422525745e-01
4.091201354480035191e-01
1.010162481470614271e+00
-1.363142920069620345e+00
-7.877227215184043896e-01
-5.962399871610605251e-01
-1.171100245215012103e+00
-7.497765956996037540e-01
1.002367483209657406e+00
-7.429793950244538703e-01
-1.062800425021906081e+00
-6.587796524003339815e-01
-1.136103758108913064e+00
-2.545500061041068296e+00
-1.471813009023371421e+00
1.338344836389090853e+00
2.231976800573259645e+00
5.844397788469847255e-01
1.208443334276725484e-01
-1.310963777678929798e+00
6.750775536456047332e-01
-2.153432959108398048e+00
3.701551622090058502e-01
8.252894148726231949e-01
3.242835928813809776e-01
1.163380137975780437e+00
-1.432050041141340602e+00
-8.353017192512172118e-01
-3.063993964209040799e-01
-1.323364910747606704e-01
-8.691339124675151462e-01
1.732497669187638700e-01
-1.083665948053904593e+00
-4.415314727128928363e-01
1.668848318890933990e+00
-9.715324428155149850e-01
4.806760310395722935e-01
-1.107251020947197295e+00
2.962000390648877879e-01
-6.120829798516204921e-03
-2.491274733184875245e+00
-1.407159192146049120e+00
1.327672971655970147e-01
-9.340685660316027095e-01
-6.831990509294165459e-02
6.297863121150425458e-01
8.642909085865824181e-01
2.666327464606538244e-01
1.115466938277041242e+00
-5.761954672586120166e-03
1.321536557264411660e-01
2.462229946600085206e+00
6.326109324307755966e-01
-1.545402495762429940e+00
-1.995863282724409660e-01
-1.156730400472598008e+00
5.519901576073066307e-01
-9.227792396510711148e-01
-2.159311661212362232e-01
-1.255336801414972392e+00
-1.122912065315295749e+00
-9.681405754594362145e-01
2.437606132690779415e+00
-5.835281709489921198e-01
1.063221087110689744e+00
-3.261431821369074058e+00
2.629791131580160535e+00
-7.894122698426775386e-01
9.838740797217671030e-01
-1.844044253546837320e+00
1.188159927629461182e-01
1.975661231485394409e-01
2.498844246959995630e+00
4.941656992625011457e-01
4.234207828559562459e-01
-2.132572198064251467e-01
-1.522094486990042406e-01
-1.304187327057947599e+00
-2.404256936740422290e+00
-2.976015997011018377e-01
2.833426464031024716e-01
-4.871501115883210276e-02
5.692746192138288253e-01
-1.281407575267543342e+00
1.879273958192587968e-01
2.397828006742450946e-01
-1.530797215445705017e+00
-6.718691258093183460e-01
3.966813909054233700e-01
1.297114266978456609e-01
1.954971076907349392e+00
-1.730625196856842685e+00
1.269743865324996612e+00
-1.069205729161741170e+00
8.645485671795827276e-02
-1.463499909654758513e+00
2.351388470271511100e+00
-7.567117810025221214e-01
-6.165308433658580611e-01
-6.568986411987395302e-01
2.353146022880452798e-02
-4.946575948903518816e-01
9.483455998521705954e-01
4.538215227785450945e-01
6.960785372361956158e-01
-8.768118262653575856e-01
3.394982632473222961e-01
8.284633344174030523e-01
-1.209706842418370565e+00
1.867299946584691561e+00
1.303857810163320696e+00
5.164860683300985800e-01
1.534202489012445492e+00
-5.758073263990426405e-01
1.229571819919468068e+00
5.182802399230083124e-01
-8.687290918850583132e-01
-7.073320474760418364e-01
2.298308575139730754e-03
-3.121139103240532009e+00
7.171215424433496910e-01
5.892199754999059014e-01
-7.854357881765132443e-02
2.066887291403987359e-01
1.669861636185026255e+00
7.690472655052860151e-02
1.519174220860983748e-01
1.423782655429039146e+00
-1.606115515537070770e+00
-4.569429520595216093e-02
-4.932299162502972734e-01
1.276100620752787344e-03
8.028745232685140509e-01
-8.745529486617611425e-01
-1.448805308906553346e-01
-1.731345577667348756e+00
-8.961585279745499788e-01
-1.054650858169750682e+00
1.772834110374786887e-01
-1.702212947654754061e+00
-2.341622498750381143e-01
3.476915035560412814e-01
-4.971773395281451902e-01
-3.442211163593916767e-03
1.110852532383431734e+00
3.486678913766608212e-01
-1.863602239094868940e-01
2.071283829494812601e+00
-1.663334537443926786e+00
-8.407253918397845638e-01
-8.364944745190137088e-01
-7.952379542394801826e-01
-1.006278199883695379e+00
-9.601129081638065665e-01
-4.338336536478871741e-01
-6.544659085203992088e-01
-8.563846493890961073e-03
-3.886965867102977201e-01
-3.251993521856890584e-02
-1.466024738566363617e+00
1.417489965379449823e-01
4.295208253285023869e-01
-1.810333612431443528e+00
-1.356582420965263713e+00
2.381775004764728809e+00
5.313404262288994734e-02
6.410333777239822783e-01
-1.351028299565359747e+00
-4.621308916560220581e-01
-1.477646049961498287e+00
-2.120136279020019110e+00
-5.465839623576124184e-01
-1.140314535452274375e-01
-2.288232391354909911e-01
-5.507997272908579656e-02
2.719418602758818526e-01
-1.387307573408196604e-01
-5.887525257677647117e-01
-1.018042227357111473e+00
-1.468425075117022693e+00
-3.574334015383580643e-01
8.980710390176884772e-01
-2.115838653944404069e-01
-1.243186274165388738e+00
-1.616676238432712909e+00
-1.099121576855722759e+00
-7.786990484986612282e-01
-4.820420578024487979e-01
1.011841908565085824e+00
-1.180319935386528463e-01
-8.996794447201479361e-01
-1.072702054629439017e+00
-6.488632583633908713e-01
-7.137157335457919305e-02
3.588586670097294040e-01
-9.344681982252829311e-01
2.630609483461670006e+00
1.406768735573767248e+00
1.500152516855348672e+00
7.689619733847565808e-01
-1.266589697465904107e-01
9.586959938625051469e-01
2.789101750914141364e-01
-3.011395073610148021e-01
2.251635056201035656e+00
-1.295457132415501755e+00
-9.448448996863790805e-01
-6.695769557885209444e-01
-8.625477840334507817e-01
7.549864525237500734e-01
-6.196852570729999288e-01
-1.069896147014938403e+00
1.413038730954784716e+00
