-2.251211948651093697e-01
-1.097196172175236795e+00
-5.886479322209210441e-01
6.347947306486829699e-01
-1.696516915792105062e-01
-1.866718765879762931e-01
-5.341861793937576763e-01
-9.059870579937714385e-01
3.599635274051832257e-01
3.553695362773700017e-01
6.121453369871311390e-01
-8.214437796482222387e-01
2.865300827823841878e+00
2.087924248708255270e-01
1.935728471516480864e+00
-1.342623911657513380e+00
-7.834310337327574092e-02
3.308675132302524524e+00
-1.490563662565268510e+00
-2.069190000646935479e-01
-1.024346534257643215e+00
-1.095104533058996799e+00
6.253143832430870797e-01
-1.266977870375599891e-01
-1.036623656927038395e+00
-8.373031490635702845e-01
-4.423990031618985769e-02
7.329399010810334625e-01
1.560271891823151069e+00
1.875456097249449172e+00
-3.079031779916779898e-01
-1.617606070898002901e+00
-8.987070733356979924e-01
2.000718614549674701e+00
1.189176176097920923e+00
-2.312148570135362124e+00
1.050483641413927804e+00
1.478689875887949423e+00
-1.222932891892604568e+00
2.329302857534813587e+00
-1.730344032168663060e-01
-2.034881495785505201e-03
-1.658695206306674441e+00
1.075334052801620865e+00
-1.932840437584348592e-01
2.762232173652396039e+00
1.246392711082524363e+00
1.576443430841561577e+00
-1.462039400227480801e+00
-2.567273275248959319e+00
-2.637446071144590842e+00
1.076954220749135605e+00
1.147783933740856577e-01
-4.980358412240390442e-02
1.373410922544551216e+00
-1.094092082498027807e+00
2.312784636628242740e+00
-1.136141126646087907e+00
-3.314426919389419357e-01
-1.822273977228445474e-01
2.868068852448669714e-01
-8.605437391872258202e-01
1.134166426023016094e-01
-2.294833542864267162e-01
7.523092607309299629e-01
-4.417025880333033672e-01
9.918372306931262372e-01
3.521850220343671345e-01
1.151932449969679667e-01
2.497182797375936680e-01
1.607725296716608243e+00
9.653665205487446110e-01
-1.020445838853249354e+00
-1.707259217171755161e-01
2.787384859213889454e-01
1.253228944442986159e-01
3.102287083322924355e-01
-4.841106162866563034e-01
1.778825034568089491e-01
6.094565937718749993e-01
6.115221509263477628e-01
9.235252089036014578e-01
3.833543864227971325e-03
-9.816372545859700094e-02
-3.442796027216323829e-01
-1.906476179424792194e+00
7.752623527544086901e-01
-6.985051729462544989e-02
6.658025857653744328e-01
6.154982060894091944e-01
1.265555565040177299e+00
-1.138051474256649653e+00
-9.501879091148495160e-01
4.741718605488044469e-01
-2.102913700492845539e-01
-4.154763286971278613e-01
4.119301300374412222e-01
-4.478999201652230644e-01
2.783599726553407372e+00
-1.942163598630751720e+00
-3.009910188945697992e-02
2.336647040929181740e-01
-3.125847560944332026e-01
-4.587214241773676648e-01
8.023666299251287493e-01
1.451330060869592709e+00
6.853722052044308732e-02
-2.334610877068335477e-01
6.315340319013575954e-01
-2.090046021430527201e+00
4.605143032973513240e-01
-8.541741756547236442e-01
9.182927862311390799e-01
7.648975030866652647e-01
8.538873598510936525e-01
8.010450535882001066e-01
1.543060920825614302e+00
-7.584094300244001996e-01
6.528823191111635671e-01
-6.137221331479626452e-01
9.876764149436644269e-01
-1.245583363984839487e+00
-1.419244418140574171e-01
-5.898607746718120826e-01
2.042772212138539989e-01
-7.023170683753826582e-01
-6.746554879649782621e-02
1.724033022996619702e-01
1.906526918378289359e+00
-2.720788752813123046e-01
-7.188664442703714963e-01
4.095735826513084432e-01
3.533252024564118021e-01
-8.332735975991559241e-02
1.121252017572089033e+00
-1.448648031593538221e-01
-3.549062169849186987e-01
1.262609147143139987e-01
-1.213697526627967038e+00
6.362373454360407132e-01
7.622306669248076760e-01
-2.683805073558029886e-01
-3.189649105882525593e+00
-7.594850850930324748e-01
-1.204324452262504064e+00
-2.834186627089056443e-01
-1.735380368196239198e+00
-1.070870841297349774e+00
1.229654371052087691e-01
7.260456701061407392e-01
-1.460293436757432062e+00
7.540326865898666631e-01
-4.057198336160017793e-01
6.499463355586175828e-01
-1.360486764134777982e+00
-4.373551192722658909e-01
9.270944290950600131e-02
2.464379225035324972e-01
-8.167369568743946262e-01
-1.581532694981219178e-01
7.840195410530141906e-01
9.619252932431891778e-02
-1.492860389077123928e+00
-1.271862161766526889e+00
-1.198930853240987471e+00
5.359651486942067500e-01
4.516456378250760517e-02
-8.577506538959063231e-01
2.964730068843544203e-02
3.633277682495532623e-01
-6.683605063978161898e-01
2.131758673554183581e+00
3.794562607112469399e-01
-9.178814065980775982e-01
3.479020662995616631e-01
-9.467999734441607806e-01
2.760535056076660401e-02
-1.778266871511372804e-01
5.289567110740148737e-01
-2.747459786779447910e+00
-6.895376672780436644e-01
3.556929675440822503e-01
-8.651456488747236717e-01
2.066997030945983749e+00
-7.335143295446719947e-01
3.253705447104357495e-01
-8.360471775411234541e-01
-7.406128789385930666e-01
1.371655228382750114e+00
8.734171138385907751e-01
1.161513633704182480e+00
5.445924554436006870e-01
-3.534430850779994304e-01
8.126243931910728246e-01
1.792339266300870260e-01
-1.790984838175733174e+00
4.976620773876093140e-01
-1.277908843323422583e-01
2.567053686843827065e-01
9.279414717815004376e-01
3.396636958027919317e-01
-1.361731204456933186e+00
-9.803799485217375986e-01
-9.598452661124078356e-01
4.555836745166512713e-01
1.791405603084953169e-01
1.659575785732144038e+00
2.129959951370718585e+00
7.015457696543202504e-01
-5.498049446382771155e-01
5.692318692275549763e-01
8.056217886766320335e-01
-3.813419804145642966e-01
2.732595061037701889e+00
5.837034824634210750e-01
3.918976567645141573e-01
-6.405056199141094808e-01
-8.252756009157873052e-02
3.125817871655304225e-01
-1.222994469392989281e+00
-7.011796884213165049e-01
1.549033641515137560e+00
4.212820464072623561e-01
-1.089003360486898719e+00
6.399295959824539137e-01
2.186596929602906414e+00
-8.786150929014316935e-01
6.679777670440072423e-01
7.702966212039845662e-01
6.284970285528829193e-01
9.085186235434756785e-01
1.795346994254719775e+00
1.157530854984063717e+00
-1.984395318555828291e+00
8.388561606415938232e-02
3.318095907899042962e-01
5.849738094681609935e-02
1.625511983627654922e-01
2.930739238466242291e+00
-2.213391404424547571e-01
1.273589107398327647e+00
8.972158417040747569e-01
4.781338389588709603e-01
6.710097574850256708e-01
6.708401224194845414e-01
3.365666844710278882e-01
-1.006705066161556639e+00
-9.546489053106341216e-02
4.561749340327044266e-01
2.481088905649931897e-01
-2.746919493737539408e+00
9.099549201639549612e-01
2.512522510457178559e-01
-9.186799383047737910e-01
9.931490491579545443e-01
-7.114302932382567946e-01
-4.039311610046615320e-01
-1.356542121067201956e+00
-1.898533909303483647e-01
7.477032461298417365e-01
6.976170110046249206e-01
4.974692264670403374e-01
5.915592150052176867e-01
-5.939863917121743775e-01
-1.812264535702385326e-01
-7.331931958215482936e-01
-9.990785174688758541e-02
-1.225737439919262872e+00
9.740135063291029960e-01
4.776968800529704517e-01
1.803949115173420381e+00
2.888508052954618099e-01
-3.890834861633016839e-01
9.618834247495264833e-01
2.579327891944897644e+00
1.214185145676758948e+00
-3.102086147572535313e-01
9.735445287271323744e-01
3.915203820950254321e-01
8.139377192048456999e-01
-7.656041175719277003e-01
-8.753991214423549605e-02
-3.098683569100392776e-01
1.024888656342249488e-02
1.134163715671474337e+00
-1.062538596849942119e+00
1.175489719350929496e+00
-5.968392369040137480e-02
-2.160637536279329751e+00
1.675608681736064254e+00
-2.913459663556500767e-01
-3.845330800153821116e-01
-1.362793748029578866e+00
8.791039508920377443e-01
-1.117046230096078618e+00
2.035971026613244139e-01
-8.202378279960642615e-01
-4.031101109042034003e-01
-4.915099274441343535e-01
-4.566327450251513875e-01
-5.629704469152971846e-01
3.275883343477664633e-01
-2.639220263326746974e-01
1.168142868168551507e+00
-7.291754005398021210e-01
-1.457090987247016411e-01
-2.234092158911316350e-01
3.181332565792689970e-01
-5.324757143179987828e-01
3.843824751365601533e-01
-1.102854325850813888e+00
5.663544226297282380e-01
-6.854716901408409724e-01
1.759706714948645889e-01
5.551670501325033369e-01
1.583610871140028298e+00
-8.483128983951062629e-01
1.055422576077167829e+00
-4.504408883301179167e-01
3.129209376304883605e+00
1.030931382116506034e+00
4.701384205432984631e-01
-4.898034317505020607e-01
1.773051429587453542e+00
-2.780969549454610501e-01
4.229128535165263547e-01
1.232035445863003176e+00
9.883655362282396384e-01
-3.477913708804422077e-01
-1.176720408589323696e+00
1.260201782581967578e+00
-8.407210865135288369e-01
-1.265802015833907390e+00
-6.777541339908359497e-01
1.444248667252362894e+00
3.797946428441323907e-01
-2.569462994306038750e-01
-9.015458073206098488e-01
1.468340872584340540e+00
-5.821219686315157738e-01
-6.889075181521722713e-02
1.368327870310411587e+00
-2.165218847493206034e-01
-1.526923911065951378e+00
5.884877293397320352e-01
-5.370160022951225853e-01
5.323078787109485760e-02
1.277766095874303398e-01
-3.637098702057605104e-01
-4.687246849818546557e-01
9.534649643418288134e-01
5.998578018838534032e-01
2.840554286824202301e-01
-1.910041959913281628e+00
2.130770444307231171e-01
1.331475959223542560e-01
5.945960461705342981e-01
-6.847874918272891520e-01
-3.161707034108732772e-01
-9.861354579702527046e-01
8.730410223579153361e-02
-4.852808286302717211e-01
5.064654331659148578e-01
-1.291412298434419625e+00
1.382156631852306194e+00
-2.668745773934625420e-01
6.216627982008066100e-01
-8.849626158920497199e-01
1.304988742859911177e+00
2.235089800051767717e-01
-3.846922797755098489e-01
8.585335849884115356e-02
-2.813178847480369282e-01
3.034560499984118032e-01
1.199573507159189090e+00
-1.223267428460465434e+00
-7.554854197124082349e-01
-1.744910358610073819e+00
-3.997952569493188890e-01
3.352517859971256287e-01
1.627641954694876825e+00
2.078268754435428356e+00
5.749043428303457492e-01
1.433528034712193699e-01
-8.265394066597722134e-01
-3.825502834151319198e-01
6.712090152010251609e-01
2.943030668710655995e+00
-3.187256161086720052e-01
-3.730310392383456297e-01
1.130672687629748152e+00
6.095037455000429372e-02
-4.681082398264883593e-01
-1.421841844608327410e+00
7.162699885051955206e-01
-5.245898678327453046e-01
-6.904020369133303525e-01
-9.483016819576867151e-02
-4.866088079301235658e-01
-6.682763793234838268e-01
-1.182798226197167457e+00
-1.225737439919262872e+00
3.694865419393789097e-01
7.935564703828342781e-01
-8.587725500297358483e-01
1.397882261033862816e+00
-9.155594780671606481e-01
-3.259216137210206865e-01
-1.900275783654921946e-01
-2.645949877740709777e-01
-1.366026813885893532e+00
-1.985628808690617919e-01
3.788400557759741272e-01
-1.476539562032374298e-01
-5.575093484900436880e-02
1.829766653276073907e+00
-2.349526074782855023e-01
-5.277218282788512793e-01
3.008382222629739089e-01
-8.762130606630305074e-01
-3.522450606515587501e-01
-8.265917070306577630e-02
-6.151421122232233474e-01
-2.629748952629780701e-01
7.687694087340786187e-01
-1.938458225200382801e+00
-1.043237060547643313e+00
3.083914146172607174e-01
-1.029867929515114744e+00
-1.623907455666105115e-01
-6.366165386795720194e-01
-2.582426899505596007e-01
-8.970807575679226598e-02
-1.681030596586256420e+00
-5.562767362235171431e-01
8.561513796230492135e-01
