9.280334320437629847e-01
-1.256640644804156715e+00
-1.240062835129516206e+00
2.342813495512455546e+00
9.381418340811531476e-01
-6.955895025292030409e-01
5.923631068119780130e-01
-2.828995596955538594e-01
-1.025356562601460020e+00
2.343757302181334323e-01
-5.118958970456500834e-01
-1.256640644804156715e+00
4.901937228872078056e-01
4.979310583257091083e-01
8.327891642416820339e-01
9.993273871765041561e-01
1.038507640967932133e+00
1.712191867978215765e+00
3.858142882528329265e-01
1.241902755506169020e+00
9.223521412582574852e-01
1.712191867978215765e+00
8.618758153373496933e-01
3.778031504512952554e-01
-3.029064973799654448e-01
1.132237878093404815e+00
1.058565454175375509e+00
-1.009429674578082636e+00
1.306498398627096824e+00
-1.240062835129516206e+00
1.600382678632741529e+00
6.265444444431739202e-01
-6.955895025292030409e-01
-3.982367689905727537e-01
-4.743163499927591231e-01
-5.118958970456500834e-01
3.858142882528329265e-01
2.485687901365725150e-01
1.715272921561828423e-01
-4.120926443885546964e-01
-1.394022618474267006e+00
-1.976452795140680452e-01
1.241902755506169020e+00
-1.240062835129516206e+00
8.773340682106698374e-01
1.052103146595227967e-01
2.485687901365725150e-01
6.265444444431739202e-01
-2.022458433093967112e-01
1.058565454175375509e+00
-6.955895025292030409e-01
-1.976452795140680452e-01
8.443662596444655444e-01
-7.795604495176200466e-01
-2.022458433093967112e-01
5.923631068119780130e-01
1.774840694121116724e-01
-1.109069841864344319e+00
-3.029064973799654448e-01
7.585574262002356405e-02
1.106839276441397457e+00
1.055012351106279889e+00
8.196474729602934994e-01
1.114803212339705585e+00
2.531589854640948101e+00
-3.777964336367185122e-02
5.181294799487316111e-02
1.196825878455841652e+00
-4.324509208469201615e-01
-1.025356562601460020e+00
2.343757302181334323e-01
-4.383754357044036820e-01
-2.055618849798984682e-01
-4.372240292721966681e-01
-7.177000359220152559e-01
-1.845813159038586004e+00
4.792019506880060842e-01
-8.106914912739732193e-02
2.531589854640948101e+00
-1.619855738965654712e+00
-3.029064973799654448e-01
-1.473777123697663560e+00
4.861844404353197202e-01
1.248485762764043328e+00
-8.791829540596741710e-01
9.381418340811531476e-01
-1.009429674578082636e+00
-6.031082586046432326e-01
1.318057611757944114e+00
-7.564234060775920643e-01
-7.795604495176200466e-01
2.737761030117301653e-01
-1.657876152069410303e+00
8.957206346966002375e-01
-1.462313543244694980e+00
-5.855346922320684433e-01
2.343757302181334323e-01
-6.955895025292030409e-01
4.506296703431210138e-01
-4.540156856183822920e-01
-1.976452795140680452e-01
7.403686845081660639e-01
5.470951895694959877e-01
1.336910349544104148e+00
-9.760920341012473411e-01
-1.780983203168383211e+00
3.858142882528329265e-01
9.678651499838548666e-01
-7.694819349818300402e-01
-6.955895025292030409e-01
-3.982367689905727537e-01
6.918977063784070847e-01
2.637224320094513214e-02
-4.442009526404838704e-01
-1.976452795140680452e-01
9.440604300814436911e-02
-2.677834612446642892e-01
-1.025356562601460020e+00
1.309638983587810168e+00
-6.235749552961792341e-01
8.420331920811302551e-01
1.720632533091688912e-02
5.638022940327382937e-01
8.616580998078525733e-01
1.293497210255988961e+00
-4.633903138611700223e-01
5.169112510877554856e-01
-8.978217173686141583e-01
-1.976452795140680452e-01
2.485687901365725150e-01
1.886552288705791502e+00
3.150952483850639196e-01
1.677893799608835002e+00
-6.955895025292030409e-01
1.746541865215499589e+00
6.357646719244114397e-01
-6.955895025292030409e-01
-3.029064973799654448e-01
-6.248975142217632062e-01
-4.383754357044036820e-01
-1.792878770544569678e+00
-1.869906462561085503e+00
1.304197776473093873e+00
6.712769603979020783e-01
4.931416665119475740e-01
1.715272921561828423e-01
-1.322534754120478828e+00
1.189550471077471139e+00
-9.493736971670102553e-01
-6.743054807496080549e-01
-8.170813878746772119e-01
-1.443915617230017434e-01
-1.001642018265541889e+00
1.166379294449271908e+00
8.066541563477575005e-01
8.096131051198695028e-01
6.568965760082189353e-01
9.291035891214706188e-01
6.935487705985371454e-01
6.265444444431739202e-01
1.286002214280335398e-01
4.271703225349708366e-01
-1.548702203503244723e+00
-5.118958970456500834e-01
-1.443915617230017434e-01
4.024074020408954788e-01
1.045264377791851190e-01
-5.281318722078222061e-01
-7.564234060775920643e-01
-8.450193288655468704e-01
4.515866877922933287e-01
-1.163102370955157561e+00
6.265444444431739202e-01
8.505619671581871044e-01
6.782028519605396433e-01
4.515866877922933287e-01
-9.093298786727257998e-02
-4.993880802520492268e-01
4.024074020408954788e-01
1.715272921561828423e-01
-6.267558099287583451e-01
-9.767106779643058845e-02
7.855185016803016840e-01
-5.118958970456500834e-01
2.251041648427603015e-01
1.191189798525914556e+00
-1.503579039528413430e+00
7.403686845081660639e-01
1.090394856275515911e+00
1.594543111014800951e+00
1.040875323422780996e+00
2.637224320094513214e-02
-3.202378024799029110e-01
-2.677834612446642892e-01
1.043079764716120295e+00
-1.374233850576338511e-01
1.082693301410612818e+00
-1.322534754120478828e+00
-1.619855738965654712e+00
2.637224320094513214e-02
-1.742514788933823278e+00
-2.923515779022752281e-01
2.498115515820878776e-02
9.305412191672470801e-01
-8.319442215475623958e-02
5.339361257585728548e-01
1.300802355921148790e+00
2.637224320094513214e-02
-3.029064973799654448e-01
-6.955895025292030409e-01
1.195905493977394762e+00
-9.685812856802437087e-01
6.386238083222980921e-02
1.712191867978215765e+00
-1.163102370955157561e+00
1.007947657860070789e+00
3.858142882528329265e-01
-6.341617637263353702e-01
-1.394225582257944351e+00
1.097346671930249595e+00
-7.564234060775920643e-01
5.234946240889623015e-01
1.505648968577238733e+00
-1.643157499423384404e+00
2.637224320094513214e-02
8.137154272469453442e-01
3.858142882528329265e-01
1.600382678632741529e+00
-5.118958970456500834e-01
1.286002214280335398e-01
-1.025356562601460020e+00
1.062362564748549509e+00
8.505619671581871044e-01
8.505619671581871044e-01
-1.022982955554698759e+00
-1.122620429254555796e-01
4.372440849569474985e-01
-6.955895025292030409e-01
-1.039906559268375830e+00
-1.394022618474267006e+00
4.606458897410000697e-01
-3.248187309342438073e-02
-5.281318722078222061e-01
-4.291090731721899920e-01
5.169112510877554856e-01
-1.443915617230017434e-01
9.440604300814436911e-02
-1.976452795140680452e-01
-9.685812856802437087e-01
-8.226756160495259096e-02
-6.955895025292030409e-01
1.319026357187905285e+00
-5.281318722078222061e-01
-1.025356562601460020e+00
1.242267307156215361e+00
6.811126365689018636e-01
1.008049765190772940e+00
-6.267558099287583451e-01
-1.835433241049719610e+00
9.737213254555169284e-01
-3.982367689905727537e-01
-7.348677155902993974e-01
-9.685812856802437087e-01
1.207230415058865525e+00
-4.037550027087673521e-01
-1.264688317974429266e+00
1.715272921561828423e-01
6.325351201802136281e-01
3.330499374348401820e-01
-1.374233850576338511e-01
2.197343795099364894e-01
2.637224320094513214e-02
1.090394856275515911e+00
1.302049193297707630e+00
-7.564234060775920643e-01
-5.203287396425074762e-01
5.638022940327382937e-01
2.030800862703185661e-01
-6.955895025292030409e-01
7.090711757484686739e-01
1.334226833011863955e-01
-6.248975142217632062e-01
1.471030665159234418e+00
4.713771359612292100e-01
2.041197838361504591e+00
5.638022940327382937e-01
1.007947657860070789e+00
-3.029064973799654448e-01
-2.300968895322506036e+00
3.316054262232993599e-01
1.241902755506169020e+00
-9.183467918764259830e-01
-1.039906559268375830e+00
4.792019506880060842e-01
7.316422195587609645e-01
6.055611611489581936e-01
-3.488830011841890788e-01
-9.327200076521888761e-01
7.923605528299851875e-01
-1.976452795140680452e-01
-1.207184230802298003e-01
1.473201528513394587e+00
-7.775353695167597223e-01
4.024074020408954788e-01
8.982311653107720728e-01
1.955761103618725572e-01
-1.503579039528413430e+00
-1.976452795140680452e-01
2.552349914250987561e-01
5.853337335054753510e-01
1.720632533091688912e-02
4.437162328176217918e-01
6.918977063784070847e-01
2.637224320094513214e-02
-2.725469969864304343e+00
-2.677834612446642892e-01
9.011033227384163125e-01
4.515866877922933287e-01
6.992204185247337112e-01
1.114803212339705585e+00
8.505619671581871044e-01
-1.976452795140680452e-01
-1.516958683041216005e-01
-1.394022618474267006e+00
-1.291487268531749555e+00
1.525315233644319424e+00
-8.791829540596741710e-01
-6.811026151439250054e-01
-5.281318722078222061e-01
-4.383754357044036820e-01
6.265444444431739202e-01
-9.493736971670102553e-01
6.992204185247337112e-01
-5.118958970456500834e-01
4.592456490867680152e-01
5.169112510877554856e-01
-4.324509208469201615e-01
4.437162328176217918e-01
-1.394022618474267006e+00
-3.777964336367185122e-02
9.853789491450256621e-01
-9.488269965005124984e-02
1.300802355921148790e+00
-1.976452795140680452e-01
7.090711757484686739e-01
9.440604300814436911e-02
8.096131051198695028e-01
1.774840694121116724e-01
1.518623771555213331e+00
2.251041648427603015e-01
1.712191867978215765e+00
4.142688041248100417e-01
-1.877426280665540070e-01
7.703533870575588471e-01
-4.367429384947912885e-01
1.062362564748549509e+00
-3.732605980541962021e-01
4.024074020408954788e-01
-5.983226153151606219e-01
6.055611611489581936e-01
1.315844710785731841e-01
1.007947657860070789e+00
2.343757302181334323e-01
-7.031131235857677186e-01
2.449191929866626261e+00
9.437759850661199268e-01
6.099430663156351073e-01
1.632720696585005848e+00
1.318057611757944114e+00
1.501756763134046491e+00
1.178998823152097364e+00
-3.248187309342438073e-02
-1.976452795140680452e-01
-2.677834612446642892e-01
9.318593096991928393e-01
-8.968288804445599671e-02
-4.035846433835468261e-01
-9.685812856802437087e-01
9.737213254555169284e-01
-1.240062835129516206e+00
5.695034962403175971e-01
-6.955895025292030409e-01
8.026377696441452381e-01
-4.875743777969266390e-01
5.638022940327382937e-01
-1.039906559268375830e+00
-7.694819349818300402e-01
1.062362564748549509e+00
-4.383754357044036820e-01
-1.548702203503244723e+00
2.006261595127615482e+00
-1.869550048654957108e-01
5.638022940327382937e-01
-6.955895025292030409e-01
-1.152893105674822838e+00
1.055012351106279889e+00
6.325351201802136281e-01
2.637224320094513214e-02
-5.651746561494025434e-01
-1.240062835129516206e+00
3.565985628496485815e-01
6.325351201802136281e-01
-9.685812856802437087e-01
-3.888636140777399497e-01
1.090394856275515911e+00
1.251360046492212774e+00
1.620216096344661905e+00
-1.291487268531749555e+00
1.098820080398615673e+00
-1.086224223225212615e+00
-3.248187309342438073e-02
-7.694819349818300402e-01
3.758683114831643524e-01
1.065614676901912583e+00
-1.443915617230017434e-01
-7.031131235857677186e-01
7.605075289689523510e-01
-1.780983203168383211e+00
1.286002214280388967e-01
-5.855346922320684433e-01
-1.667824029503773398e+00
1.632720696585005848e+00
1.720632533091688912e-02
8.908516736543193870e-01
7.855185016803016840e-01
-1.163102370955157561e+00
-1.050931805599775837e+00
2.477922159521459555e-01
8.618758153373496933e-01
-1.377283148140057145e+00
2.500803031211559779e-01
6.248271848635821302e-01
-1.503579039528413430e+00
-5.118958970456500834e-01
1.636295893310685257e-01
-1.250299227210792570e-02
