6.964897300188669371e-01
-7.730990357844234051e-01
1.184811966302526720e+00
-1.061375253318434631e+00
-1.141313288987995778e+00
-1.334391985872581232e+00
-5.519052649167465185e-01
-1.808312217291918600e+00
1.199916216590843465e+00
-7.024628526907040760e-01
-5.621485545425598529e-01
-4.560624376998263507e-01
1.431267955781765910e-01
-6.200551534115311680e-01
-1.456797820958714684e+00
2.057736720263167451e-01
-1.753683655874450353e-01
1.032051715226112609e+00
1.514640955607162942e+00
-6.558295025566219794e-01
-1.708348228481349595e+00
8.453669454634928082e-02
1.099367302691501402e+00
2.188756992196675188e+00
8.141748582716914484e-01
4.091682715068464260e-01
6.152250708233972798e-01
-1.909401283748730083e-01
-1.582655414646003955e-01
2.758520781984380998e-01
-8.022662927708745784e-01
-1.228912570185737962e+00
-7.666097159904278202e-01
3.048210954833121544e-01
7.097561819540684214e-01
3.136175818956311590e-01
-1.870205968786793072e-01
-3.392981405782850013e-01
-4.835703208431001432e-01
-3.509180339082786371e-01
-6.088979858315155536e-01
5.751310198778862848e-01
-1.030306741725086184e+00
6.836505582425581595e-01
-2.467613209296270482e-01
-5.281688487029068124e-01
5.676293232874712880e-02
5.331009779363458101e-01
-1.854766148722618135e+00
-3.202552128028419154e-01
-1.753525090044935064e+00
2.254574884480362307e-01
4.877900746256328413e-01
-2.950457080753482675e+00
-2.345498612677346106e-01
-1.683529049963323976e+00
1.356389267794410491e+00
-1.657111407650244811e-02
-2.171632062628142332e-02
1.509500189479963395e-01
4.721031898745455813e-01
2.452378434415947162e+00
-1.075484216530270404e-01
-3.886939658419709120e-01
-2.547645888389852287e-01
-1.427296563394858751e-03
7.678904324270833248e-01
3.924263631924489459e-01
6.458912212735865577e-01
2.671204164078361809e-01
-3.060936136704592303e-01
-1.246005378423081345e+00
7.975705147948607410e-01
-3.830013777957859689e-01
-3.944730108688504489e-01
6.213646039417549671e-01
-1.749799899934223246e+00
-4.478408992585280329e-02
1.593865878720396867e-01
1.130769359332767676e+00
2.505552085677344443e-01
8.056043095487912253e-02
-9.049789860487078563e-01
-4.769834264468378882e-01
4.597984821113456078e-01
-1.969677193578746266e+00
4.021514455678710798e-01
1.394890670758067497e+00
7.758213539892048205e-01
1.586420399409950610e+00
1.245445352645513093e-01
-1.310526426100326949e-02
1.143844673475794993e+00
-3.974814594660815437e-01
-6.834959668666008570e-01
-4.641316707806642655e-02
8.306172552389092800e-01
-2.047752831018960773e+00
1.619648322942607743e+00
-4.764782373397272175e-02
-1.142337391487004312e-02
-7.704617623078756361e-02
-1.390782700507883884e+00
-8.014906400635044004e-02
-2.544869770423424105e-01
-3.509833754706495612e-01
2.420929930349901282e-01
-2.346599743515335401e+00
-5.650022464326915905e-01
5.288966621842154936e-01
2.080294522833522119e+00
-1.233694652845756412e+00
-9.777562345795448584e-02
1.373567865355866668e-01
-1.015341048898768639e+00
-1.334530888273935290e+00
5.529928782108370910e-01
7.338220333900420667e-03
3.617721946225214147e-01
-4.849463577378663737e-01
-4.901421084796736549e-01
1.122326894751532134e+00
1.806691875927057378e+00
8.179951761936226085e-01
-5.784706597002505779e-01
9.101502126025261541e-01
-8.772941837433098078e-01
-4.029403236314889614e-01
2.495018769711412787e+00
-1.530041863307828320e-01
1.823017564851113992e+00
9.029920287387561695e-01
8.226873312863296483e-01
6.840208069638835653e-01
-4.580270846605071222e-01
-2.312554760529196063e+00
-3.792986004097473884e-01
5.769431162513871669e-01
-2.133530611458856807e+00
-1.562666252242291165e+00
-6.086242005868982563e-01
-4.804980286501922548e-01
-1.725021898313354063e+00
5.426791272683539891e-01
-5.627184916587039121e-01
-1.166948884179281887e+00
-7.767319611130619750e-01
5.962354542227589205e-01
-7.543054539775337908e-01
6.050714900881274394e-01
1.140574355601902790e+00
-7.963659629192280098e-01
1.425269437716709220e+00
5.541034558209765315e-01
-1.406809977558669766e+00
-7.869608058594348421e-01
-2.735636136336043189e-01
-1.044381685209428284e-01
-4.542882170837241745e-02
-1.105851715863785500e+00
5.312948357695114199e-01
1.068863164370188912e+00
-2.014608598812629658e+00
-1.309677938699945754e+00
-1.206442474787336128e+00
5.270701775793683597e-01
-5.705266581214114563e-01
-1.092913985249459374e+00
-2.500104943581507588e-01
3.618322478026775313e-02
4.237783528423917367e-01
-3.075136224768574844e-01
-2.766665619360922021e-02
-5.374207437832786427e-01
-1.752614868990100827e-01
-4.468572108599280224e-01
-2.883376716716632912e-02
6.743765963802196284e-01
7.428413640616874369e-01
-6.543736968610381899e-01
-3.578133342354952173e-01
-5.861151025786999202e-01
-6.087049655116630875e-01
-8.032008010328842706e-01
-3.353793927947291698e-01
-4.010700139889732951e-01
-9.676253890365775767e-01
1.376671922388611691e+00
8.573194961362116950e-02
-3.527887031773014881e-01
6.542283529329631087e-01
-1.183038715571541832e+00
-3.319166105324236615e-01
-4.739436556293126213e-01
-1.087106061904226928e-01
-4.194696347427014915e-01
-8.180383221294195151e-01
-9.145067846469989714e-01
5.365033765428358636e-01
9.185479007560992670e-01
-4.242691108422743662e-01
2.122287097486222240e+00
7.559853068845201474e-02
4.460078967307160025e-01
9.541254001005187169e-01
-4.398364208415924126e-01
-2.434120945393787872e-01
1.130979284603167434e+00
1.616698336411101833e+00
-2.469782569119295113e-01
8.834820331705821594e-01
4.368405675072405958e-01
3.097931508697145953e-01
6.176701407001417010e-01
3.008877196895045052e-03
-6.050801481641637780e-01
-1.008798733947877446e+00
2.582393613895803686e-01
3.725042611692367389e-01
-5.431640078061077404e-01
-1.047402496030333391e-01
-1.526442765248511579e-01
-4.014717662046233260e-01
-1.681373677936252475e+00
3.570943088302467872e-01
1.483447739690505918e+00
-1.382924474090439781e-01
4.763269139516269068e-01
2.505077243912155471e-01
2.447246191161718709e+00
2.887151067915980085e-01
1.068093740050289231e+00
2.460131176789311785e-02
-1.650890302948409882e+00
-2.617655715145092987e+00
-1.735432003088071884e+00
-2.028185224924166641e-01
3.068941405214159479e-01
1.083129992354276150e-01
1.359607937876524675e-01
5.016413273268451878e-01
1.516811327639209228e-01
7.506073554730451070e-02
1.510387130962689506e+00
-1.110126694841099049e+00
-4.166042385045453100e-01
-5.300666573936619469e-02
6.987921830965235781e-01
-2.298987777998920956e-01
-6.212759529248893520e-01
-2.107834353335755750e-01
-4.488325573111217603e-01
5.223593522224648789e-01
-4.809780207722781364e-01
1.022346564525556056e+00
3.976868185492498653e-01
1.601470759145368516e+00
-1.984997931218305478e+00
5.054921587203058397e-01
4.876905061696488325e-02
2.958039525851425752e-02
-3.493297906438243561e-01
-6.858330516580074532e-01
-9.215374873581466675e-01
-8.050262103008812287e-02
1.633916807724991871e-01
-1.004473272842176801e+00
2.150146130358054020e+00
1.844598012500708317e-01
1.067607586186914315e+00
3.999266101874242585e-01
7.570725693538716827e-01
9.709393752083018692e-01
4.049536796506858494e-01
1.184106499697520798e+00
-8.528133004777354031e-01
-2.986024673900068427e-01
3.238585909489918868e-01
2.212469889069899054e+00
2.702468689677571256e-01
-5.450553163265910162e-02
4.525085862047296126e-01
7.792987626544936042e-01
1.200414788458777637e-01
1.638586476699921968e-01
2.772504296931171397e-01
-5.474161414050777719e-01
-3.174218683718917910e-01
2.666078273031416423e-01
-1.911091616205252419e-01
-4.895747665264682524e-01
-2.342604327412869392e+00
-2.129524569956883495e-01
9.948556602740741273e-01
-4.579511133291955249e-01
5.741297161508334135e-01
-9.435971101612469214e-01
1.249463637544607097e+00
-2.863802285934624603e+00
4.950204959005950478e-01
-2.914271996491059058e-01
1.084686895322548306e-01
5.341591959212690921e-02
-5.405872227771033600e-01
3.019251456126189059e-01
9.533522166243214857e-02
8.773088470475616241e-01
-4.793557090227134609e-01
1.232580485069509457e+00
-7.756399812914999137e-01
-5.525633502586409923e-02
3.298463186852970352e+00
-1.429706396911841315e+00
1.363783717799017081e+00
5.338967392841641457e-01
2.635590211312485720e-01
-4.366262304588122700e-02
-1.643562804751877160e-01
-1.205866821297761904e+00
1.154478925111937782e-01
4.301097981750616750e-01
-4.853040558561352857e-01
6.506124150329644085e-01
-2.293212978933811264e-01
-3.153150951276690872e-01
2.180899500629528198e+00
-8.103161863010183152e-02
-8.008842909533849808e-01
-3.948867451264616579e-01
5.442545813527782661e-01
6.827240475654047236e-01
5.744289027934517122e-01
1.114409180233479235e+00
8.011306710666100950e-02
2.146866458296965152e-01
-7.227792046424691419e-02
-9.733378635701199766e-01
1.392219235256128562e-01
6.400776603576864288e-01
3.467532832966252476e-01
4.008680880973201077e-01
1.503026749144707463e-01
9.246089468634761666e-01
-1.120079334577411601e+00
-1.248461156512728626e-01
9.373223625796519576e-01
-6.432950799549772558e-01
1.113835113635017082e+00
-5.405478542738992864e-01
6.691417232336662746e-01
4.930936836309485760e-01
1.902325112946988916e+00
-1.283050401755475578e-01
-6.484701839268225410e-01
-8.094959841670602563e-01
-1.391245004725765844e+00
-1.060922896904718860e+00
3.442456667342430610e-01
-7.717716225568610477e-01
4.763492147259534848e-01
-2.915330096019981276e+00
2.789348473461836786e-01
9.734752123954520941e-01
-5.687218756384586626e-01
-9.605388866792655689e-01
-1.429594484622184858e+00
1.452648122561456034e+00
-1.127100752534590244e-01
-5.076072328495860875e-01
-7.300068695505506078e-01
1.085055293196802273e+00
1.399044654576652169e+00
1.402009975662193708e-01
-1.415199372554133694e-01
-3.471810057051105125e-01
4.637433684372106457e-01
-8.502793880207225596e-01
-3.023803456717226723e-01
-2.446446794516479450e-01
2.051325505548648120e+00
-6.549279591799309630e-01
-4.733852538580506780e-02
3.809737888735462708e-01
-2.388782245924092329e-01
-1.393377918286656580e+00
-2.173808487995195216e-01
5.540690283832259144e-01
2.979293232551544768e-01
-1.147320456880905892e+00
1.877800443737213110e-01
-4.144093639401464357e-01
-1.196239708581569916e+00
5.116751533313841638e-02
-8.139013893362021523e-01
-2.758508800352670320e-01
1.504626489058717098e+00
3.474280512311262448e-01
-1.061410299185091111e+00
-1.079439979921509724e-01
1.450610085796453230e+00
3.040119157379421733e-01
-8.806168885620774267e-01
-7.155683280580762418e-01
-6.118373360453102094e-01
-1.938965311071638373e-02
-8.810626472848409607e-01
1.581226262593788956e+00
-4.959566138831827953e-01
1.250416132756204668e+00
2.850908399798057768e-01
7.473028637049815293e-02
7.746185081373888615e-01
-1.476188327292627112e-01
2.176637310105944412e+00
3.393376214073965946e-01
1.634717990989140946e+00
7.553859466115145915e-01
1.224193422640216689e+00
-7.488323721943650202e-02
-2.308414370586669151e-01
-4.937916002014467454e-01
6.898237638251925041e-01
-4.752548896125504685e-01
-9.313640445552913427e-02
1.670010867240273589e+00
-3.972650077964834381e-01
-6.944019697119501178e-01
9.586513058968270107e-01
1.551509240844701321e+00
6.036220611334132125e-01
4.347636315830997744e-01
-4.587911699816228372e-01
8.219912857715770682e-02
1.767011322058180053e-02
-1.135370559731623485e+00
-1.681762820656296897e+00
