5.244464977350969948e-01
2.951553539172132035e-01
-4.969523480864940224e-01
-1.755235287196555305e+00
-1.430632533322298450e+00
4.200130499433052944e-01
2.627128255124448475e-01
-1.556635930766921971e-01
-7.290240937402041321e-02
-9.635200492946914830e-01
9.218468863033322247e-01
1.269710654302685926e-01
5.050541995840400755e-01
9.921342452424801728e-01
1.131796996776502251e+00
-9.147616301126501592e-02
6.117442065711332644e-01
2.488402407358684787e+00
-6.001614730835198586e-01
-2.046284134601726201e+00
-2.163958069718619370e+00
-7.755989910146541266e-01
-2.352675561923478487e-01
1.318432480107739613e-01
4.067373953686905796e-01
-6.916824007870757685e-01
1.579862078605037213e-03
1.055136759675104674e+00
2.996403077546414551e-01
7.528469014244369983e-01
-7.904549716407106574e-01
-1.197137290438992085e+00
-6.247396813869866561e-01
7.744686671109018983e-01
-1.069088305807999045e-02
-2.843998446180309170e-01
-1.152668787237579595e+00
-6.836834763484844757e-01
-1.044401720924190480e+00
1.093304612754223859e+00
-6.183425382055507402e-01
7.499159697597501673e-01
-1.491387470053285869e+00
-3.000621281921690697e-02
4.396377479855220205e-01
2.674875412433937449e-01
1.586456074673992855e+00
6.909817072324572207e-01
-1.910895938179456022e-01
-1.931990459448513997e+00
-3.478092516195229855e+00
1.377297853639532832e+00
-2.630641824537015006e-01
-2.681543144205898455e-01
4.008350393204162532e-01
-1.799629364350525007e+00
1.852512272801086768e+00
-1.323645878894553540e+00
7.315143216131108073e-01
-1.594492880762290232e+00
1.482338665768910158e+00
3.396662549786122476e-01
2.100254105210625610e+00
9.059808402526803306e-02
4.824632625762870219e-01
-1.020180028823820528e-01
1.509671776019049005e+00
-9.001670920896535089e-01
4.997220846806168515e-01
8.280580396977739177e-01
-7.596748716162447790e-02
8.992734621123426031e-01
-1.924632997764353259e+00
6.231662002429134289e-02
-4.352955665526332396e-01
-2.811683619654850586e-01
8.355219303965501221e-02
-3.892914517625656878e-01
-2.022779951331404591e-01
1.232208333637411668e+00
1.047425458995917991e+00
-1.017052089818054200e-01
1.020634753671745942e+00
-8.379904998434817287e-02
-4.271711696273076120e-01
-2.435954144046519332e+00
-1.413711819247229551e+00
-7.177938853495264837e-01
-2.556869493547519578e+00
1.106857292434862083e+00
-2.512814004603044493e-01
-4.768435120616441036e-01
-2.199929601379248256e-01
3.520254996034822281e-01
9.785198530619444723e-02
-5.496853546245387134e-01
-4.297252228417404452e-03
-3.691756288913989881e-01
-2.841846163836727168e+00
-1.928805099474568241e+00
-5.122496258436258776e-01
2.677478316772254063e-02
-2.472559726052677986e-01
-1.197459928936513984e-01
6.755301355205480807e-01
1.035338564976278214e-01
1.051622926643149825e+00
-3.017234850719957562e-01
5.370763351732585900e-01
-1.059610919364059045e+00
9.404334438997900003e-01
-1.083962026696103864e+00
3.152114792337583071e-01
7.144823842157238536e-01
4.978684934469947976e-01
-3.277941037688923004e-02
4.818480365018174560e-01
-6.364664838276733461e-01
-3.000041308186890410e-01
9.169517902829500411e-01
-4.268593323127283234e-01
5.069851363944837264e-01
6.020653459894751425e-01
2.748923869600123915e-01
3.750553334589913634e-02
-6.202630559989449344e-01
-1.008887459583934776e+00
-7.898926810579887103e-02
2.061305670067745122e-01
1.246568114536461991e+00
3.546897069727230623e+00
7.724850580350005602e-01
4.713927490452013425e-01
-3.178223791565987777e-01
1.978442823731460853e+00
3.095859518688080514e-01
6.836346649687434773e-01
5.453539344822979640e-01
-1.849497508484515329e+00
-4.845428782539316637e-01
5.269851500768746311e-01
3.841168437398003177e-01
-7.054674866346951623e-01
4.949114074183795786e-01
-7.748682119350517317e-01
-1.449251668893067002e+00
-8.046965265244122589e-01
4.142459474701311595e-01
-7.880904538518743729e-01
5.661787305961465400e-01
-4.619623984848072462e-01
-9.346927972402736540e-01
3.455647764671501143e-01
-5.881150956443512712e-01
-4.788482335188356531e-01
-1.235491677890553142e+00
-9.489466509180559395e-02
-3.565287274280690699e-01
-3.161227799682125306e-01
-1.305931272929149456e+00
1.241190813443232566e+00
6.206555557010334789e-01
-1.329122329933428270e+00
-1.644987337731087032e-02
1.120819687987028440e-01
-6.088053508287990523e-01
-6.362761737819669361e-02
-7.552830947698185859e-01
2.160951613836766538e-01
-1.265926890347204847e-01
3.865994276717679146e-01
7.780969180546553066e-01
-1.492215725144601102e-01
-6.492873657373366969e-01
3.781090950396125416e-01
-1.432474533050202004e+00
-1.368222999119137751e-01
-4.000871164996483986e-01
-2.582499471079608533e+00
-2.597133719749307179e+00
-2.189852415211877290e-01
-7.294477611603165101e-01
6.294147072062019621e-01
6.619825201159346140e-01
-7.249559339915920830e-01
-1.599899257203871161e-01
-1.514449611870429591e+00
4.458706796903450509e-01
1.608077840360457866e+00
4.442327093422138162e-01
6.150506078319687431e-01
-1.304147847146780448e+00
1.010883307578679391e+00
3.316953919117643368e-01
1.030357010805550866e+00
-7.236111647659658752e-01
5.472860275878990155e-01
1.681542026227622388e+00
4.987217552172841795e-01
5.756519806476981804e-01
-1.278889088614078240e+00
-2.200456958829987986e-01
-9.908119538685894456e-01
-7.230968919611413526e-01
2.082214462996642423e-01
1.500645631766314714e-01
2.761577781243923849e-02
1.187528173105800500e+00
1.484478873057863968e+00
1.238309509117768714e+00
1.776898039802028428e-01
1.092462276981548186e+00
3.184871646641480591e-01
1.144703055479198817e+00
8.432197641919085829e-01
5.079526681267899635e-01
1.522910280945192207e+00
1.959378298288267373e-01
7.085331165470498682e-01
-1.735818429388763295e+00
-3.860102182791162045e-02
4.864762077407291940e-01
-5.962434777709619826e-01
-4.356888052963984181e-01
-2.609286837161856609e-01
7.452110937039684302e-01
2.399911799886048774e-02
7.715653206015272714e-01
-9.205620672595776766e-01
-1.475574106070272618e-01
4.041170442072760105e-01
1.637803095046006741e+00
2.698041799627735937e+00
-2.330514615971282399e+00
-2.650333562338658688e-01
-9.536157999873355884e-01
5.677279990146716360e-01
-6.959380970817451439e-01
3.395166476041185266e+00
-4.967879760585714455e-01
1.581699443387141746e-01
5.919013877121875877e-01
-1.870105827672746246e+00
8.870743544044706885e-01
-2.662339015057804334e-02
5.211005780554082145e-01
-5.985682158399526775e-01
-1.628837367002077929e+00
9.693141637920682507e-02
3.294814289749830594e-01
-2.481896857022105607e+00
6.054656176715249583e-01
-4.739492998234000054e-01
-8.150883545417011433e-01
3.462530145710630558e-01
-4.908845780640513357e-01
7.779917900477253401e-01
-1.308483995023068669e+00
5.474438039540452383e-02
-3.880063236428830664e-01
8.632254671576026217e-01
8.286464954917778236e-01
1.600698679871895846e+00
-1.239125477072641895e-01
-2.025457848205832745e-01
-3.899201918182009230e-01
-4.363134262925915663e-01
-2.019974822535978709e-01
6.499303978491756117e-01
-2.571549385244173980e-01
8.228423960796127368e-01
1.289292155279523067e-01
-2.004265613930760748e-01
1.295935141983614591e-01
1.535283533419670443e-01
8.920235163916202525e-01
9.234909608700869743e-01
3.039094226458412540e-01
2.606472556747082336e+00
7.448871275454705954e-01
-4.135472946245208337e-01
-1.195068001981731021e+00
8.062330465302435245e-01
3.041501382104262463e-01
4.714303263177371250e-01
3.818028746676771501e-01
-1.604201249021994791e-01
3.870053875129584875e-01
-1.619613256996442097e+00
-4.023339482785495691e-01
2.757064056954976541e-02
6.615752423807663707e-01
-5.368476523451471971e-01
3.248840281536768404e-01
-8.553764713248608320e-01
9.225750964666958875e-01
-6.476161751111289000e-01
-4.586973408310528882e-02
-4.716030257126079817e-01
-5.528251395144425651e-01
-1.359254683394930108e-01
3.042702208511393613e-01
-1.350694955854292223e+00
-8.063447267245998917e-01
-3.155290469932010011e-01
-2.012409688821102938e-01
-5.929022141279616243e-01
-1.055669416975210773e+00
1.152394882403961152e+00
-5.787956310136219695e-01
-4.947771218166370222e-01
1.010989980853156167e+00
-1.279608133490660604e-01
9.013609556935076039e-01
-1.111013095606274287e-01
-4.598706045958322886e-01
7.184606837139462243e-01
4.195812504906619722e-01
-1.350399315432476488e+00
9.737662531934773158e-01
1.661507619113891332e+00
7.921018099328787088e-01
1.877955596953752027e-01
2.032943407710350592e-01
9.767358181671037531e-02
3.796678940614969244e-01
2.876756173737269884e-01
-5.980919377797037917e-02
6.441222445889640547e-01
1.119878692877747245e-01
4.097791976127822977e+00
-1.302061972164481940e+00
-2.249010149175991180e-01
4.838140638939656402e-01
-2.363646734512959424e-01
1.060972065930489538e+00
2.332470153417701919e+00
-1.284442456709993463e+00
-5.797532351857508370e-01
-5.113795158430497340e-02
3.255603540619658731e-01
-2.305409400897707739e-01
-1.235502936855156497e-01
-4.919425753601870399e-01
8.985893573459923234e-01
-2.250631538345509997e-01
-5.402338645325284183e-01
-6.995904057037742874e-01
1.460693468267340478e+00
-6.455172647980704503e-02
2.018243959732530790e-01
1.646792007198707997e-01
-7.524170507700091992e-01
-4.361319625051401916e-01
9.553169662475954338e-01
-1.236346729139765482e-01
1.947788440735704896e+00
2.423706783900552442e-01
2.311630514853784124e-01
-1.070559909412249322e+00
-2.393362788000848174e-01
5.629722390778476582e-01
9.944056493394796137e-01
1.542663707117929439e-01
6.742891369664858470e-01
-3.398293291860412069e+00
4.622866210424957378e-01
3.744259523803701861e-01
-7.807147491925110483e-01
2.966249056118195129e-02
3.938682413950208017e-01
1.201787112507498811e+00
3.308550905983794754e-01
1.377175370279876132e+00
3.500755038876370850e-01
-1.364676068563491218e-01
-2.233665893378596057e-01
-1.062546097302720094e+00
-6.056764568645651714e-01
9.188116782133251004e-01
3.377840337592340481e-01
2.373202469641985335e+00
-3.043780196375505120e-01
7.488750426650999659e-01
5.046106207445427705e-01
-6.625414965515775689e-01
7.029254882400227666e-01
-5.117466525916037234e+00
1.347944518680022741e+00
-7.237846789645735468e-01
1.746893653707663752e-02
1.194392750715930901e-01
-3.959567728836400069e-01
-1.069653323459776484e+00
8.467705156649139864e-02
-1.042429051447830046e+00
3.228340419147236462e-01
-1.066506951065293807e+00
-5.494653847455333029e-01
-3.238380599502149737e-01
-9.817584013670791476e-01
-1.681798287035273787e-01
-7.993910398077226365e-01
4.791896852999525391e-01
-5.739316233984776972e-01
1.033436857503138961e+00
9.749137300849363141e-01
-7.499427237246568678e-01
5.574094672572860176e-01
-3.485599412083972282e-01
-8.894754440417363961e-01
4.776692206171984645e-01
2.393727878995676184e-01
-1.643586126185044016e-01
1.106122534220285614e+00
1.026997080942573248e+00
8.786934657951379624e-01
-6.201875052694370838e-02
1.596998847177758529e+00
1.007922936252825696e+00
-1.930546036121343900e-01
5.607842049537523632e-01
3.732807101800711402e-01
-1.347935359765024266e-01
1.349927890842391287e+00
-1.433005011014633290e+00
-1.237476119858821333e+00
1.476257107485367204e+00
9.502384022899674765e-01
9.584627753530012839e-01
7.166520349851539518e-01
9.676348309183541163e-02
7.939999405139254174e-01
9.250798686290801279e-03
-1.813796651384732284e-01
-8.410652419313557893e-01
