-8.175880358609309839e-01
-2.839302379577153812e-01
-5.574531851378895092e-02
-1.730503041599076308e+00
4.818915110314609951e-01
-1.051258468511099053e+00
-2.905309135250349062e-01
3.778706132519847327e-01
1.181896528330338203e+00
-1.640797518383623643e+00
-3.548601124833791753e-01
2.097279666550065994e-02
5.298030667020215967e-01
2.033718166062986388e+00
1.595771665550854479e+00
-8.134819570569714609e-01
-9.087727982269891980e-01
-5.441640644708383573e-02
-2.826075645954691851e+00
-1.730825389973492445e+00
1.058887361801869709e+00
-1.839324142592996925e+00
-1.698821114221280293e-01
-1.078523007928445937e-01
-1.499430567200761566e-01
-9.269153769258907660e-01
-3.317573643467785494e-01
8.555371356658195703e-01
9.476784747408026899e-01
7.788222458597779951e-01
9.445569815540364456e-01
-2.002781653453611810e+00
3.602699673699301108e-01
8.755479312555818350e-01
3.175157047650302711e-01
-1.417173950628783929e+00
3.982930586094804437e-01
-3.850456604129803839e-01
-1.179913968419770143e+00
1.203901353323655554e+00
-1.302625284040480169e+00
-4.138016343621850335e-02
-8.085717700741270608e-01
2.294559143815439461e-01
-2.991497055049313070e-01
4.657770095264002763e-01
-4.496677648648507164e-01
1.562246932179267800e+00
-5.112019696564572557e-01
-2.319280844074312675e+00
-2.266727025885493685e+00
1.221795488301794519e+00
9.004793325166342566e-01
-9.418748931807462421e-01
8.737425526852393709e-01
-1.435264559719829025e+00
1.159627220584012131e+00
-1.521070074683040119e+00
6.034635959042281561e-01
-1.258293396605662418e+00
-5.855161751486346461e-02
-9.054913205214669691e-01
-1.262054528207104953e+00
8.557380487024026650e-01
3.084215745078100479e+00
8.858816379932314966e-01
8.059841659541888692e-02
-6.717353049900369744e-01
-6.259782708620316161e-01
-6.186814815419594549e-01
2.782839249759962441e-01
-2.502488555214496535e-01
-4.247954993562531589e-01
-2.923889770295989496e-02
-1.000765469691446530e+00
1.565188827295166119e-01
4.572676504197263625e-02
-4.575957080859338055e-01
7.205821630476559880e-01
1.552037874260482120e+00
9.028283471296246754e-01
-3.125322801016425234e-02
9.369402336898142725e-01
5.784433697087766335e-01
1.108455016826211281e+00
-1.785150608980923925e+00
-5.500817487835756303e-01
-1.283433451105120859e+00
1.679807089780231522e+00
8.762440496381019850e-01
-2.470370687132344145e-01
5.464579253190328112e-01
5.277889323081177420e-01
7.726208676621819649e-01
1.189142316546484057e+00
-6.600983417760115657e-01
4.608970161902810059e-01
-9.926213922831355063e-01
2.269563403444484262e+00
-1.590070531234121454e+00
-1.402645312131196587e+00
7.767247393454275797e-03
-9.767858231915583778e-01
-1.314571033589644999e+00
-2.844707568382228713e-01
-1.445842919838082330e-01
-1.554943889338135765e+00
6.823602272969826465e-01
6.114661553518192516e-01
-1.637710576865960999e+00
-9.467538628610422391e-01
-6.977619864753705770e-01
-1.038613753635068832e-01
-8.504885467769682794e-01
7.458493629537102931e-01
2.571230426790347967e-01
2.452533414006023149e-01
-8.122639590772615659e-01
-1.159863535444393690e-01
-4.872628306171088997e-01
8.659764010662912570e-02
-1.946537812494931963e+00
-1.518185410616978981e-01
2.095816255251179427e+00
1.829929708145981715e-01
-6.114287756162748444e-01
-4.473927417073493285e-01
1.823814877345101504e+00
1.529842388179413870e+00
1.025886592976914535e+00
-1.130117370230278029e+00
-7.556208041222050031e-01
1.072795863811486061e+00
3.128316529050191086e+00
1.418206442647853116e+00
7.136462162125266628e-01
-1.053620683115433637e-01
-6.481537465310114321e-01
-1.448541984568181062e+00
9.452333009583511192e-01
-5.129620196217565820e-01
1.393706601195967787e+00
-1.921012853592650949e+00
-4.917639427030846139e-02
-1.081682225776884110e+00
3.935783504499048568e-01
-1.935547848825724060e+00
9.849997107655214523e-02
-4.481275538479689291e-01
-4.447743101086204520e-01
-8.256915357741919648e-01
-1.898024172401489462e+00
-2.685889345763602387e-01
-2.472735098888759198e-01
-1.819770737327797594e+00
3.177634268076587887e-01
7.178095444845840056e-01
9.585530828190430563e-01
-4.699575131567031994e-01
-6.989402795921400013e-01
2.901034072725336088e+00
1.321553449362660171e-01
-2.517758655902786913e+00
-1.632850335773810002e+00
8.634103216375164092e-01
-3.348249662389304881e-01
-7.253793081913875174e-01
8.091272311828758834e-01
3.795511908629183306e-01
2.560952930023565055e-01
5.973451230372821552e-01
2.757490468647906257e-01
3.720642877728869147e-01
9.448680535528771740e-01
-5.413724949465876790e-01
-1.218671544228739911e+00
-3.261445467527883668e-01
3.836796227928550573e-01
1.575052467429947978e+00
2.436873612338871509e-01
7.010621151937666828e-02
-1.109659583864820442e-01
-2.474239670081846698e-01
-9.731571831863012889e-01
-1.203062670976894788e+00
1.931262958883319669e+00
-7.550214301641026138e-01
-3.171804012188748079e-01
-3.529420794690468210e-01
8.967185616505683743e-02
1.927756256483106112e+00
-9.828411143930875227e-01
1.220323018966617580e-02
-1.324588894290009700e+00
-1.373578087226155375e+00
-1.470659439323910578e-01
-1.546881153315786579e-02
2.791851697125677934e+00
-3.879314639806669684e-01
2.081848014588638662e+00
-2.394130354361887203e-01
-4.373889652495360214e-01
-3.202994282831619355e-01
5.726848534773238963e-01
-2.018598556811295186e-01
2.012714656501093824e+00
7.676868256280108271e-01
1.192389808463305334e+00
2.281248150742935632e+00
4.604417996206272012e-01
-6.269818243327386353e-01
6.819669541995510009e-01
-1.446860221051533835e-01
-8.233692917269572753e-01
-3.579936191882343577e-02
8.367020758024564797e-01
-3.280038704908267433e-01
1.644878861246600599e-01
5.963280526091362388e-01
-7.743534970706871245e-01
3.224414040086935329e-01
2.406117145947844982e+00
1.073076143121657555e+00
1.356991081617346107e-01
4.798271049309399960e-01
1.088018930470677548e+00
-1.166754874528122654e+00
1.431639614739601774e+00
-1.494386176402507038e+00
3.478267951114238921e-01
7.896224693246084447e-01
1.129620712796466364e+00
5.365799636318744348e-01
-2.096137223192480192e+00
1.002097849784086003e+00
-1.676232299450153951e+00
-6.332361302403873848e-01
1.303611394202744134e-01
7.698064276218011814e-01
-6.484464601900284952e-01
-9.801406468914906078e-01
1.472173991739740062e+00
-2.474381152618119195e-01
-1.147229721227904564e+00
-9.978885978147652436e-01
5.286542567453681452e-01
-1.528966236449491867e-01
-1.302031544666421681e+00
1.024537980003795146e-01
-1.111445144192513057e+00
-1.291779458222866550e+00
4.689531135643824067e-01
1.067196787347275411e+00
-3.312722340806257271e-01
3.385054762829965008e-02
-3.291858200520197397e-01
1.165330253887366441e+00
-2.411177855761649003e+00
1.025387705305214503e+00
-2.877999809523200114e-01
5.200652705416324018e-02
-1.168576595816290808e+00
-1.110882048332861305e-01
-8.583048663205490314e-01
-3.209808995987455948e-01
-6.849480136109910022e-01
7.544496641894293809e-01
-3.299036818543471528e-01
2.003996142984135476e-01
-2.855076666447188272e-01
-7.208744635549449997e-01
1.428283554947343825e+00
-8.016241380927714433e-01
6.758515511161549139e-01
1.985804394069793144e+00
-5.499719563599353434e-01
-1.036196787205849068e+00
3.451993117587416338e-01
-6.975184775261885628e-01
-3.431305452731645694e-02
-9.623652796094642747e-01
-1.878341731296422790e+00
7.128596328793244119e-01
1.228953628797179842e+00
3.208374594680036274e-01
9.960410509427526371e-01
5.031006646236292346e-01
-2.763589488354108337e+00
-1.139609534904755250e+00
-1.704038332543875267e+00
6.801113638404203687e-01
-1.069155707683215439e+00
-3.140144906270740499e+00
-5.344594488639288488e-02
-1.814499224669885724e-01
5.772933850418844326e-01
1.171593375072415899e+00
2.090676711521130271e-01
-1.503081100281794757e+00
1.474337283405240395e+00
5.353429035305068417e-01
-1.994000917821375229e-01
1.967617573390895158e-01
-1.936665392056151624e-01
-7.835568112650915795e-01
-9.217405879627163512e-02
-7.913958400210863164e-01
-3.645083884624575766e-03
3.555460401457712361e-01
1.449536962107016658e+00
-5.979470354856786241e-01
1.257637056273270826e+00
-4.082338367376561195e-01
3.957311640943043662e-01
3.610673154612006330e-01
1.765697680241614886e+00
-1.135860444767704314e+00
1.054940749987429482e+00
-1.350317866817604795e+00
-7.346751419369238478e-01
1.484564120917301944e+00
-7.268790762845723785e-01
2.733615182772844987e-01
1.012038977239028137e+00
-9.313063858175492093e-01
-1.855402066585674747e+00
-1.790716952385915106e-01
1.076428451006466780e+00
1.562400240226064163e+00
1.929038292415543365e+00
7.251288432300133646e-01
-1.237448878738991453e+00
-4.226232311114792584e-01
-1.632850335773810002e+00
3.892010289435508530e-01
-1.058927697579185034e+00
-8.122328282673961786e-01
-9.277163312369551829e-01
4.742170095667553320e-01
1.857086873497823643e+00
1.060497886891351299e-01
-1.690456072396644971e-01
1.567703681086755729e+00
1.901958227906341836e-02
-6.357674686509164064e-02
-9.162646571356096725e-01
-1.232757164674040062e+00
4.529684272974428549e-01
-6.451787861986636730e-02
-5.530423255858966242e-02
8.594185609266596221e-03
-3.366120826977953007e-01
6.851524860548927065e-02
-2.500591897988220236e-01
-1.240261277071446733e+00
6.537523728151318769e-01
1.557454082814170970e+00
-9.534921532421208878e-01
-2.042133609174037745e-01
1.681105070307220284e-01
-8.383504717893690561e-01
2.401238214645678160e-01
6.984392010439032239e-01
-8.531466243541322436e-01
-2.617411075226136474e-01
1.023065318307882166e+00
6.514251690801377004e-01
1.148077456456517570e-01
-8.891191685533163247e-02
-3.705779999917018230e-01
2.050087872757239416e-01
7.771725409056319256e-01
-6.162601009414456765e-01
-2.868189725464616036e-01
1.017816559840945212e+00
-5.991487823449563876e-01
-1.725085353819946765e-01
2.097993338059992441e-01
-1.007066420408609275e+00
-1.043479548256846190e+00
3.393739500771512319e+00
2.066887043424173065e+00
4.073678993956951766e-01
-1.171594146609328480e+00
-1.661560262859125059e+00
-5.388462540155034564e-01
-3.667003577300176898e-01
8.830753444896388693e-01
5.933937440285814297e-02
-9.997065619100033995e-01
-3.866525724735486169e-01
-2.004802093909709093e+00
1.915122376436051987e-01
-3.449160096611185278e+00
-8.560565522296792462e-01
9.505848685823455879e-01
-1.307486146038016050e-01
-2.409372141490865094e+00
-7.330164705693350546e-01
-3.110405594479763169e-01
1.487702202792488659e+00
-7.631877998112110983e-01
3.364802389780274100e-02
-1.225280937233252265e+00
-3.825610460211097824e-02
5.298361399474466049e-01
-1.020007689915365945e-01
1.192826848037666032e+00
1.352471771083501473e+00
3.183451291437595088e-01
-4.203377522369190489e-01
-9.791702099096996070e-01
-1.915410320764749166e-02
-2.694287707059124515e-02
8.280856751987661357e-02
5.849012954197349012e-01
-2.632402721565357817e-01
1.104012610704587366e-01
-1.751079666673193813e+00
-1.968427895495451274e+00
-1.232357956775421703e+00
-1.139955590827083087e+00
3.492942982629200777e-01
-5.715148460734179592e-01
1.033468920428736615e+00
-2.219596071137722504e+00
-8.879399018246979525e-01
7.321520859112535806e-01
-1.880144741429584376e-01
-3.226425950723446623e-01
9.570100422854784794e-01
3.850488329913243635e-01
-6.911281257077428464e-02
-1.020207888484539360e+00
-1.316358151720666170e+00
3.702050106067442670e-01
