-8.569747167614845118e-01
-9.814001153217469242e-02
-1.155971659926264161e+00
4.265265062945389901e-02
-9.430480034293813318e-01
-6.142589089371717215e-01
-5.562556107356214641e-01
1.925634441300277500e+00
-4.981048439577777653e-01
6.571350673971418366e-02
-9.144068863356810128e-01
-6.675040912645825442e-01
5.571370784358202766e-01
9.202663103935794509e-02
-1.017241796258287367e+00
-9.984007343168474491e-02
-3.527987619279925879e-01
1.063317491236045909e+00
-1.200688080236535171e+00
-2.272454200839861271e-01
5.682773379161596417e-01
2.849525152029660502e-01
-1.053944650576737585e+00
4.491482549426891735e-01
-8.127127456297468244e-01
-9.337199973922677421e-01
3.891223229081857138e-01
1.436661781996885656e+00
-3.115225230021635983e-01
-1.028024090360081383e-01
-4.668583630145297092e-01
-5.791575306994020123e-01
-6.064887444679950557e-01
5.588474709872713608e-02
1.252120332795860103e+00
-3.800813201202732916e-01
6.467523260522697326e-01
-3.908926420149010927e-01
-1.402107770852046631e+00
2.314323567552876604e+00
4.658118097477734199e-01
-7.293137286854001200e-01
-4.836511760810301430e-01
1.107587518635664070e+00
-1.477321473699788168e+00
-1.717112200582084469e+00
2.711249190527934783e+00
1.137047812520862067e+00
5.042294185538941376e-01
1.046856873165334489e+00
-8.999033854808941024e-01
-3.267037841840874646e-01
-8.274186267613868884e-01
-3.534027079119528292e+00
7.891300229209320671e-02
6.510631799702138942e-03
7.612915885084370338e-01
1.436659114825335148e+00
-6.768223186028335392e-02
-1.979613840501783129e+00
9.886810966165812120e-01
2.436479205605978304e+00
9.208833983934456846e-01
5.429934222062482441e-01
1.180222474746339678e-01
-2.157515270863250290e-01
1.314119310776456384e+00
-1.872525931526952014e+00
4.013083674013328550e-01
2.556663051831211120e-01
-6.341848322649139558e-01
8.860523625756466792e-01
-6.315900972660597468e-01
5.677724407426560926e-01
-1.731994823075711398e+00
1.821454547825023029e+00
7.382593855190690002e-01
1.371296136670848931e+00
1.180222474746339678e-01
7.510460737996910163e-01
1.809351416508655497e-01
1.638337385319670547e+00
-5.464111638160548123e-01
-1.031799446747550864e+00
3.901225492243825532e-01
-9.688615900513632972e-01
-3.210949819544721251e+00
-5.342306193080130772e-01
-4.494385339651954858e+00
-1.270327066810161831e-02
9.620842950211763167e-01
2.847774151205380022e-01
3.706753421691377226e-01
-1.098654163924169536e-01
-5.571570300287974620e-01
1.600570302111054000e-01
-4.959108610073532097e-01
1.757341591509571643e-01
2.343140014916521852e-01
2.339919329948779436e-01
1.096720138104044118e+00
3.661093443698712480e-01
2.907017721808064503e-01
2.469584526992868234e+00
9.115290844173875584e-01
1.187181479246098015e-01
-1.366194282901682211e+00
-3.378597181634152014e-02
4.052814830505745980e-01
-1.189504809681508846e+00
-1.541972903738681344e+00
-1.894532295396740507e+00
9.803332462543503656e-01
-1.594450092493763904e+00
5.564247948530592902e-01
-5.533901940779174522e-01
3.176869317133918513e-01
-9.743364469378410497e-01
3.377295069603388211e-01
-1.376837292521311262e-01
-9.118240892384879004e-01
1.093738587021996223e+00
1.437653835966475668e+00
-6.807970342348694803e-01
-3.382223332666389748e-01
4.869451023815748458e-01
1.930818530055439519e-01
-1.015345655781619172e+00
1.496725617984323131e+00
-6.757112522433018631e-01
1.675203439310204712e-01
1.300106052245248334e+00
-1.659716261030119933e+00
1.688668186260578574e+00
-9.965774334608096252e-01
9.021993976777965552e-01
9.007372922365186607e-01
-1.906071120978812261e-01
-3.024989551011889155e+00
9.990867285172851109e-02
5.626536705291426133e-01
-1.676925983260329378e+00
-1.262340334258501784e+00
-1.714613453096422990e+00
1.049924794036614650e-01
-1.088125946161470514e+00
-3.873012936007501628e-01
1.601205191614701651e+00
-3.879306803131368220e-01
3.835622062954607281e-01
-3.550462106135836293e-02
6.775422471620837772e-01
2.404545842814468926e-01
-1.111799112581603882e-01
-8.694556417292147454e-01
5.212920240707307196e-01
-1.200983631712061017e+00
-4.537127573904598532e-01
3.182450943378233310e-01
8.821979935006928064e-02
-1.636971672418182200e+00
-8.224870551288284704e-01
-3.647285335720959143e+00
6.474440861043569972e-01
-2.123863426836755941e-01
-2.546243910521616693e-01
1.045731771397816479e+00
-9.906979105729160073e-01
-2.759007212216335603e-01
2.803596593849881358e-01
-6.932210290759077687e-01
-9.217888600939035948e-01
6.275726026415240355e-01
2.622921567721054448e+00
-9.091260064092310245e-01
-1.099575679243957715e+00
-1.476378319714846121e+00
1.056101474684259522e-01
-4.665868278488483512e+00
-2.429376762428927528e+00
-9.437000759574351583e-02
-4.255988844079054423e-01
-1.177228912777811276e+00
-1.709015825144896805e+00
1.026480766227518160e+00
-5.580325926392142311e-01
-1.561812485473196843e-01
2.554506765491265097e-01
2.869936346662670168e+00
-9.207764042546727479e-02
-6.938724454533785613e-01
7.432675354884664687e-01
2.207448832325518140e-01
1.544050550124757837e-01
5.744373780899153514e-01
1.998115337991629090e-02
5.388613508909952943e-01
6.538065184009561603e-01
-4.633947941186475350e-01
5.487243179669629711e-01
-1.073101078929006746e+00
1.247826172627257924e+00
-4.060963672468643204e-01
-1.511674211319318450e+00
1.373416795729921702e+00
8.077680150914120505e-01
-4.590379238044702825e-01
-3.548460837450311822e-01
1.032140323884892297e+00
1.108075697832479500e+00
2.924048996491382391e-01
-9.514732098531502036e-01
6.969827089673263920e-01
-2.678926000260550278e-01
-1.377460400791568063e+00
4.314909144074552949e-01
-2.226268758598121122e-02
1.461852074902056930e+00
8.240846780690698203e-01
-1.567167880152372961e+00
-2.386297364756086725e-01
-1.565043832148299563e+00
-3.801803317230013912e-02
-1.535500356491585894e+00
-4.402310593151427254e-01
-1.519616503827487142e+00
3.947835938309000592e-01
-7.532467174298705659e-02
-4.343836142910811327e-01
6.935103888856247734e-01
1.883630584434454469e-01
2.729448399125170566e-01
6.603196636427911825e-02
-1.018628283810665280e+00
3.572995295362417778e-01
-1.552057573186146344e+00
-4.679907915927825762e-02
4.097145426870934526e-01
8.257403122561032260e-01
1.618746751343749235e-01
-5.709889877256261181e-01
1.523751812347325651e-01
1.897461963625902692e-01
1.229733028852844301e+00
-1.105281987475534189e+00
4.398759795700576403e-01
-2.128473429683597207e+00
1.014132977591362117e+00
-3.756098759400687270e-01
-9.839269345323146121e-01
1.677048929841361558e-01
1.738616000215356339e+00
1.282254286087073147e+00
-4.297573166855936377e-01
9.510890410422432328e-01
-2.416580738249320126e-01
-1.221556762553936137e-01
-3.471879778499911584e+00
-9.222161699252388045e-01
1.992699476182938856e+00
-1.233472074277400576e+00
-6.390833279933313404e-01
-3.045919638114549799e-01
-1.264504685587709121e+00
-7.976550589416682435e-02
-9.757398778802476302e-01
-6.113540870753259027e-01
1.425203422039529100e+00
-6.568066354611329372e-01
-1.244323684713352751e+00
1.214574182622239151e+00
1.578299515423095434e+00
4.956524314152348926e-02
8.908517142989628157e-01
1.709598588125979868e+00
7.791849479086816466e-01
1.244558789028758772e-01
4.894811940529857908e-01
6.950120927931866532e-01
9.006958484280851440e-01
-1.108862382028293680e+00
-1.085185483887000979e+00
-6.594335574994109050e-02
-9.471161952946094420e-01
-1.214065598775914578e+00
1.295379481153445589e+00
1.070236941730229763e+00
3.238338755285323223e-01
-1.932255488148151956e+00
5.015056429619896283e-01
-2.574852088029186969e-01
5.537830331707126463e-01
-5.664797687410036975e-01
8.081877670425459126e-01
-3.755703418929791648e-01
-7.339218346899720746e-01
7.353810850804942678e-02
9.770337929852666858e-02
-4.499945920675877398e-01
7.842637009152383376e-01
-1.076520889421166860e+00
-9.073301200807906697e-02
-1.828405520467694556e+00
-1.294328986453642694e+00
3.629755638094251391e-01
2.523604140996506540e-01
9.824943665334846532e-01
1.113268539674509006e+00
1.083838179814222480e+00
-6.655222183907541500e-02
-3.551722320609560501e-01
7.961305250151276547e-02
2.158627973199127581e-01
5.003223319325161844e-01
-1.938679011210241443e+00
5.857117883098243993e-01
4.082264653824022038e-01
4.095783205432408924e-01
2.182966585429010620e-01
1.310090815578364376e+00
8.640106070049703435e-01
-5.443786121483704665e-01
-1.382058511281007762e+00
-7.333162933512235027e-01
-4.408865390516369387e-01
3.015446672057064403e-01
7.828383753868431993e-01
1.211873820808563762e+00
2.472307092705124942e-01
1.645678452761165200e+00
-4.676992994194600212e-02
4.528817261166248609e-01
-3.606455573282574822e-01
3.717601905872684465e-01
-1.102797583643947199e+00
-5.825444626553693411e-02
1.265567257269058610e+00
1.871239966020033174e+00
1.087899328733943349e+00
-4.377187903883101860e-01
4.042119318467253808e-01
1.089475295569618307e+00
-6.177679214405512598e-01
-6.293290900452511716e-01
3.594182717561917872e-01
-1.386840401484202290e-01
5.074467777995912421e-01
4.983583440684016125e-02
-8.493360275056065223e-02
2.557063191209295039e-01
6.219956564182800296e-01
-1.049422360855114533e+00
6.336540438965533317e-01
-1.834804703323645106e-02
-6.752637310367048951e-01
9.273845443959167767e-01
6.117027811692192785e-01
-1.698376855764655691e+00
7.432331850898875325e-02
7.379085123787110234e-01
-3.365143836985322157e+00
-1.890518742840190392e-01
1.621065581690443125e+00
7.805458558986089201e-01
5.021028195495984559e-01
-5.600363278454920657e-01
6.149847171674484025e-01
9.320771991647983645e-01
-1.122846047617113596e+00
4.522553403816883533e-01
-1.104157364599126917e-01
-1.947579460279911800e-01
-5.753065882322613289e-01
-5.577582182820801648e-01
1.311818197623046078e+00
-7.152524699150145659e-01
-1.673631871068747445e+00
5.968572160549521222e-01
-5.816600893274392892e-01
-1.700660059873416730e+00
-5.672806485918410191e-01
3.959098610968889848e-02
-3.663742112031737608e-01
-6.821021673567517762e-02
9.097087646010330042e-01
3.431569761969990306e-01
3.195137488032132600e-01
1.832704235531513071e+00
1.117513014984508279e+00
1.843281341827976982e-01
1.499234667269351839e-01
3.569335095487712745e-02
-2.379568450432385796e-02
-1.060418617734383284e+00
8.239742788342822866e-03
2.423215239744391236e-01
1.332181089853384237e-01
1.482392745826404679e-01
-5.136241349118606525e-01
-2.707481679724960677e-01
-1.133207818306417813e+00
-4.967207037873876130e-02
-3.834876622235605104e-01
-6.285020687345819201e-01
-1.940224146393653371e+00
-1.150777529623661088e+00
-1.477710286464130718e+00
-6.422448881553828315e-01
-1.091244178679591004e+00
1.978473461130056399e-01
-5.291094276060182011e-01
6.476971870292381750e-01
-1.054615250318380104e+00
-5.358614778786580102e-01
1.226528725628088123e+00
2.566079871281588543e-01
-1.714044461470487501e+00
-6.519360466261986398e-02
-6.567764068500135943e-01
6.288712130135509781e-01
-1.671779191361283112e-01
-3.605732233711810286e-01
1.293502794766565822e+00
1.026039214448805637e-01
-1.750525595192191419e+00
-8.046455233425726661e-01
-3.497865340434470061e-01
5.681827560388214016e-01
-1.617905145380227561e+00
-6.831724507243783773e-01
3.807006910462380073e-02
-9.853842295936611206e-01
1.378207379577536917e+00
4.059819283113513810e-01
-1.450478859754515293e+00
-1.382332253108690678e-01
