1.488076283563747770e+00
8.535648496917198624e-01
-1.379602578312731920e-01
-4.038058823929232544e-01
-1.059057722191398820e+00
-1.391022057914802712e+00
-3.845637749551094609e-01
3.594071127549074152e-02
3.432052218562906543e-01
1.179074522424051530e+00
-4.088831136439159963e-01
1.356818869189171384e+00
1.158507810508792174e-01
-1.181152395758364948e+00
1.079971292639960279e+00
2.598311574220069642e-01
-3.898244825488597631e-01
1.656732543605898389e+00
-1.372189708712322487e+00
-1.808461059188767761e+00
-1.136464820008472820e+00
-2.851733879395006888e+00
5.933871677822005752e-01
4.812162625366190882e-01
6.067929896041635018e-01
-7.719653872340846990e-01
2.378587211399936854e-02
2.621237374622835681e-01
-4.685596995630154638e-01
-6.283461051956428234e-01
-1.482890814807869662e+00
5.343626374015182368e-01
7.932964553126506946e-01
-5.816316912979044851e-01
2.712637146264565424e-01
-8.973332528499264882e-01
-1.246508255171323354e+00
-3.454113848189442337e-01
-1.215038252670651575e+00
9.806236248208882733e-01
-8.737265829398749295e-01
-1.448071124150384081e+00
-1.287596057677977690e+00
2.287991710754835872e-01
-1.479631566126574649e+00
-1.458482171908841996e-01
6.573037586134981014e-01
-1.009483499943807150e+00
-4.688286233032382677e-01
-4.497155343025838747e-01
-1.030414515521763219e+00
4.515921615674278189e-01
-1.054958549077726460e+00
-1.862817467576567965e-01
-6.458475067782410983e-01
-6.327348652770211634e-01
2.496335200653363451e+00
-3.497522194358803627e-01
-1.278779311777867959e-02
7.133710013604575018e-01
3.929963646252440657e-02
9.109390020126557630e-01
-4.146425250441272969e-01
-1.056052046802401501e+00
-5.612555052571791547e-01
-6.769218764709170610e-01
6.316618650378195143e-01
-1.091699672779260055e+00
-5.713774665985201784e-01
1.571933320938306178e+00
-1.410713223343473377e+00
3.366810914517845976e-01
-1.894681816367212113e+00
-1.995677947612792158e+00
-1.494623167293109844e+00
5.266869031539933577e-01
-7.879923095370244823e-02
-4.930462722307272783e-01
-8.159904204176315901e-01
-6.131948346855468079e-01
2.559213777829659198e-01
9.039630584933034951e-01
-9.185896663499283354e-01
-3.584280903936135770e-02
2.257572322134518306e+00
-1.335065209466365088e+00
-1.252307402603308473e-01
-1.895094937864724383e+00
1.503180795208115761e+00
-8.609113939747062849e-01
8.928878421261970955e-03
8.141682104055263380e-01
-4.335647028330181230e-01
-1.064281565205280389e+00
-4.468725311272224721e-01
-8.636546347455593686e-01
5.481290042074157265e-01
4.994205181036347474e-01
1.122172398391653836e+00
-7.812110530616473980e-01
9.056553767264707844e-02
-1.204058646665872034e+00
-1.388655796532105302e-01
1.453682191945030233e+00
1.052613041490515933e+00
5.104978776538091623e-01
8.945147085437220313e-02
4.847933642167854273e-01
-3.208762072077849581e+00
-1.859881838593376413e+00
6.217714564641645403e-01
-9.496143436335040544e-01
3.562259436566102000e-01
-2.078738648208393602e-01
4.723725727277734432e-01
-3.406213708428887377e-01
5.908518264661538621e-01
2.381575205160628150e-01
1.165719760164837693e+00
-1.275443096156014144e+00
-1.016486548883030805e+00
1.056250377126747020e-01
5.098163532501502893e-01
-9.251272046126409743e-01
-3.986360365311108489e-01
5.324899725733456268e-01
1.045939080127764181e-01
-1.047124709532468861e-01
1.315735716185701953e-01
-3.760537080210107214e-02
8.695116167841466792e-01
1.107875537263740107e+00
-1.084511245491134313e+00
-1.399836857669269630e-01
1.643925298886826369e-01
-7.557120403458903457e-01
1.857714327054516223e+00
5.840274399776990144e-01
-2.138909048169890248e+00
-3.279743149130998625e-01
6.735450710006273267e-01
-3.466544769131374992e-01
-1.766201182556417004e+00
-1.630542377587850478e+00
-9.864111692887091998e-01
-1.101513086941547481e+00
-4.942499929955309068e-01
9.393726226679091074e-01
-1.163321779281856427e+00
4.891517575668750117e-01
-6.663172897591450594e-01
2.432883870830895856e-01
-2.071356209525846648e+00
1.766081028290975130e+00
-2.126346091343352285e+00
-6.417453510187746124e-01
-9.636305003859952922e-01
4.479654778232781132e-01
-6.444250819073453762e-01
1.724783000297546831e+00
5.301770946354089631e-01
-1.357688779632070519e-01
-8.980330507681505425e-01
-4.796496340675242493e-04
2.536319002302462877e-01
1.723601688626613004e+00
-3.048089613433233591e-01
-5.669370187921966009e-01
-1.649857782566700459e+00
1.538856046209682304e-01
1.619531691899331050e-01
9.746792390161600483e-01
1.866228339532759906e+00
-1.748656022057173687e-01
-1.945802752839626004e-01
-1.993829035898278867e+00
-4.638107279093323654e-01
-6.578786504012814618e-01
1.452201458593860739e+00
-7.493885359410514813e-01
1.742569608433590031e-02
1.566602660212076670e-01
-2.025759589588970733e-01
1.494397430477320876e+00
-5.494525684024325063e-01
-3.535690437456183166e-01
-4.499052706522114198e-01
3.117396819236921690e-01
7.040181725112363287e-01
1.102044629956215882e+00
-1.748769624084062890e+00
2.325183541664480880e-01
-1.537081820869755922e-01
-7.047386666481514350e-01
7.247786334729535707e-01
-7.209523238647254084e-01
-7.684333317016897036e-01
-2.402745071378768194e-01
-3.354386397165646239e-01
1.914126378741623502e-01
-7.693777895316408211e-01
-1.227871639646235913e+00
-2.101365792638500429e-01
-1.582166017506741351e+00
1.791894545924742344e-01
1.356103277471728319e+00
-2.750087194272950453e-01
-7.418620776266580952e-02
-1.572673518041176055e-01
7.827462620617221534e-01
1.806998904441630360e+00
1.364151107502974636e+00
-3.218050672967995296e-02
1.288376481497675030e+00
-3.475144212862589788e-01
4.959677768055312796e-01
3.985980950431128877e-01
-1.015251194571981319e+00
-2.736996600828424109e-01
-2.500062487878735418e+00
-1.609866401863028429e+00
-1.658856090071364475e-01
6.733718457845279115e-01
-7.752125020284034163e-01
5.324798389999700898e-01
1.037461163236801154e+00
-7.169933953875100574e-01
1.737871335558140509e-02
-9.403112408272568112e-01
9.614074029266931332e-01
3.234565804493076957e-01
1.377031099270416448e+00
5.424843860965739006e-01
7.903976332233936253e-02
-1.411537362243929561e+00
-3.239240084279393361e-01
-9.041410989427725031e-01
-1.000929000680096603e+00
2.559322188850736701e-01
-2.298035565829769644e-01
9.380651292434315502e-01
1.042766897866267861e+00
-1.206124256442095533e+00
3.443973642769425081e-01
-1.051550787054000846e+00
2.114912929831819888e+00
-3.870186632701368978e-01
-1.109265190404923773e+00
1.138531409716343035e+00
-9.700056009547229907e-01
-1.157757170365069310e+00
-8.710347009096737203e-01
-1.212008003290050873e+00
-1.004703510260857025e+00
-5.338115997520189726e-01
-5.648130992031111797e-01
4.700203393020139231e-01
-8.471155277339242895e-01
-1.655342767149900363e+00
-1.793433288183782573e-02
-3.050418860972145541e-01
8.312775103049329095e-01
1.053048148761963621e+00
-1.172348852305877376e+00
-5.009711291140932915e-02
-8.134517535076044026e-02
-2.098088359380548273e-01
-1.177004255438628855e+00
1.531443942947493531e-01
5.382362137186430529e-01
-6.392361272901087021e-01
-1.756055971107441382e-01
-4.636900374917955481e-01
1.832928529745043444e-01
1.219958642555927897e+00
1.383434875888230886e+00
-7.951599569891517616e-01
1.787808379713186346e-01
5.203063709303008544e-01
-6.742981874642418605e-01
8.075201854072351360e-01
-1.368339105641791731e+00
7.099317642736752143e-01
-1.470936041783247994e+00
3.669677556592891299e-01
1.866015768419377219e+00
-1.012858388551335503e-01
8.767769875547641589e-02
-3.987719786667907607e-01
2.990010073807946256e+00
3.579098961837104409e-01
-1.119475401051906127e+00
-1.468105956585561145e-01
-5.762965567289446422e-01
-1.265092027446937495e+00
-1.651664289197945501e-01
-6.478871135043883234e-01
3.489800345897802747e-01
3.356674818328272969e-01
-1.946650026562419811e-01
-1.627573068843982451e+00
-1.647650284251150010e+00
-6.280172545125616290e-01
-8.206039407148528753e-01
-5.165031149312360181e-01
-3.340355365720881070e-02
3.092332000615143073e-02
2.032981280165427673e+00
3.567275657643458331e-01
6.028606460875061135e-01
-7.578645579767288032e-01
2.143491156505442863e+00
-1.190305886708255545e-01
2.116254268689863327e+00
-9.942915166152418438e-01
-1.143657181947791424e-01
-1.799653871274632166e+00
-3.103982474153909044e-01
-1.741371500962145102e+00
1.116527151100790594e+00
9.402385096561708400e-01
1.391987011226153648e+00
-4.018177008877912848e-01
1.254895189238973030e+00
-4.178572545453190235e-01
-1.254266560618918502e-01
-3.635728615155384702e-01
3.577522475523131629e-01
-8.985092429972266204e-02
9.336569211618804820e-01
7.013196888230240900e-01
-5.260107851689809211e-01
-8.898742957366833073e-01
-6.922063976076681113e-01
-1.312585160499720460e-01
6.744559456173420120e-01
8.523393351780661487e-01
-7.285421425470742229e-02
3.098974445794882571e-01
-5.361051411976814896e-01
1.656117571446292791e-01
4.717415005388550520e-02
-1.560629101532434060e+00
-8.838721282427646209e-01
9.012894745751600656e-01
-5.188837337806806449e-01
-6.947237650087061400e-01
-4.572605702836815555e-01
-1.460182676945554203e-01
-2.059133136299177824e+00
-7.427166218408716436e-02
-3.120591438902182713e-01
8.019708493545594230e-01
-2.871895953357259113e-01
4.720353783108647838e-01
6.616855160029996297e-01
1.398487144288247608e+00
-2.304825500207355049e-01
1.681494874055295963e-01
-2.658095341569964298e-01
-1.352896929961374672e-01
1.474750213588588377e+00
2.941615594014274689e-03
-7.610938577829459151e-01
-6.962388695075553136e-01
9.380205001230713657e-01
-2.698266460128839750e-01
-1.520706693204464388e+00
-7.696246041005979643e-01
-1.702359438042949424e+00
-1.056521436772085876e+00
-1.153655060214361372e+00
7.650011018860823908e-01
1.325296368370276978e+00
5.210021115166516559e-01
-4.473000670244275945e-01
-4.651200603516023602e-01
-7.021605818670421106e-01
6.948159481140564475e-02
5.750570425664263130e-01
-5.180876436445804867e-01
6.144932645528701221e-01
4.052764762524563302e-01
2.173770574185479365e+00
-6.664418083115911662e-01
-1.117632847861669498e+00
-1.995038972001212496e+00
2.774054303144741773e+00
9.124878366822781750e-01
-7.689192404255072999e-01
-1.470428846489323149e+00
-1.902773633840517536e-02
-7.094197962889214892e-01
-1.020590123200768584e+00
3.961822642776770542e-01
-1.555386055666136969e-01
-6.395461750926385580e-01
7.623132096784871470e-01
-1.099609624219467285e+00
-5.891130924233467514e-01
-8.780000574211477282e-01
-5.939287425397624665e-01
1.010403259929693043e+00
-5.030691008168400868e-01
-3.318249669812518010e-01
3.644719634700585575e-01
-6.751597604687594734e-01
-1.743465796587968519e+00
-7.720443294932441969e-01
1.824769404200072276e-01
-1.344625191043569146e+00
6.691122277957418929e-02
-2.506365036085298481e-01
-5.696509311912874018e-01
-6.512611321984691781e-02
7.661964424002442042e-01
2.987259117890504467e-01
3.023591503413997628e-01
-3.118137212904066313e-01
-1.014706492343453448e+00
-5.078678973319395995e-01
1.204393632375505341e+00
-3.978736704873707675e-01
3.879325365365487999e-01
6.170537919160241636e-01
-1.799763905411364551e+00
-6.893261868297184680e-01
6.921315781841885784e-02
-7.176549965672061049e-01
-3.158582381711570464e-01
-1.079198820849867069e+00
-4.637223495263692596e-02
4.665377597584980940e-01
-8.865775202650423292e-01
1.280989566609922192e-01
1.713516803817276113e+00
