1.123392639631809908e+00
1.219192826134055885e+00
6.969676930420721783e-01
2.312658681055447252e-01
2.756845972573120473e+00
-1.321994780030709915e+00
-2.618120522393985738e-01
1.522528976447325544e+00
8.057150068411240984e-02
-2.347691257610279580e-01
-5.986905495494989626e-01
-7.107007388206251219e-01
1.562431115370090939e+00
1.220148671641830829e+00
1.351506912140995276e+00
4.767729389255712658e-01
-4.382054004439147055e-01
5.179346337477473972e-01
1.103922957617167411e+00
-1.382846880733909378e+00
1.164299975905099954e-01
-3.879884480288924298e-01
2.919431358489569805e-01
2.134144716689809762e+00
1.047987604845351362e+00
1.005190793695942331e+00
1.337233542358015059e+00
1.362665891296177545e+00
5.027444425043342546e-01
-1.142208238302474976e+00
-2.063059938606715549e-01
-7.806643263693399115e-01
1.283468482714193781e+00
-1.005402033718137522e+00
1.305764897409416037e-01
1.127777756327078773e+00
7.873337135620916971e-01
1.224968827288636097e+00
-1.112767510988431408e+00
2.292504198182251096e-01
-8.055247692683288330e-01
3.756001809178841078e-02
-3.696110912255962666e-01
6.187614703174270682e-03
4.026831128768698642e-01
5.353585783555202260e-02
9.480384011847522996e-02
1.034130823850629488e+00
-1.451278460143946125e+00
1.255445541731428749e+00
-1.739958492780500077e+00
-1.055264427200374389e+00
3.482038554161359101e-01
-3.435319407062622066e+00
-1.185015002723892152e+00
-6.951438833883631929e-01
2.435338690839461417e+00
1.506970382609139174e-02
2.578201382921834206e-01
-1.063815546511304611e+00
7.572411905347038452e-01
1.877579076115473700e-01
4.582739389863270674e-01
1.158252201001536141e+00
1.394755574560095246e+00
-1.303489349220873783e-01
3.094641718340248593e-01
-2.666352396964241644e-01
-6.490830408758518910e-01
1.464250306616546649e+00
-1.535762855840961505e+00
-1.463054162263695834e-01
-1.280921422303901158e+00
-9.909491423478307137e-01
2.219965699998600883e-01
-2.075795185473532922e-01
1.124771169992017983e+00
1.006368685278592467e+00
1.298378889661399249e+00
3.094943506856651649e-01
-5.022243613228291048e-01
6.605595787002704888e-01
-7.619560064849607572e-01
-1.337794013442552776e+00
-2.755532634679073167e-01
-1.126978665455669271e+00
-7.573262575187857948e-01
-2.896073571599475094e-01
1.457109932977192379e+00
-1.193803920512496591e-01
-2.371183691223321677e-01
1.958646619583985782e-01
-1.717106127896795398e+00
-7.797249505404846293e-01
7.804520581370481824e-02
-3.229217918272025978e-01
3.678773295599201409e-01
1.065929360406233428e+00
1.295408877306244877e+00
8.426987929387499965e-02
7.508582901107750951e-01
-1.539183950882170082e+00
-6.597477171846012345e-01
1.746103454129649846e+00
5.534572606924977878e-01
1.753930274674634138e+00
-1.443504229759197122e-01
-1.122590294858430093e+00
2.230940310750740563e-01
5.892194881541380075e-02
-6.982337020023720031e-01
-9.422569982167863234e-01
-9.981480387589642955e-01
-5.348579774500743511e-01
2.668932486984118002e-01
-1.270433097289105584e+00
1.007318405620271085e+00
-2.954946493327963997e-01
-4.940061588776829549e-01
-8.779858109099708541e-01
1.024210921312859873e-01
4.147653796687534311e-01
9.568404353525492012e-02
-7.858651423477982512e-01
-1.982238698272512645e-01
-4.953051914326709326e-01
-8.707748436092693778e-02
-3.130668456885567497e-01
5.685243126850393347e-01
1.854196359652451331e-01
4.124066643999870774e-01
-1.857872737108004491e-02
8.460929659922826751e-01
1.575649712215157150e+00
6.017905845603009896e-01
-2.809416185477922046e-01
2.095255453087462028e-01
-8.585977853075121846e-01
-2.191083467634064696e+00
-1.198387040215060706e+00
4.008732039430453198e-01
9.838852456325373197e-01
-3.296318260927757038e+00
4.093025492157392753e-01
-2.667436053299756735e-02
2.632426187251702743e+00
-1.177373683161978990e+00
-6.192458323767202621e-01
-1.936695107895449519e+00
4.682017179520323036e-01
-1.749170743057189892e+00
1.647338557074029985e+00
-2.262216933455849066e+00
6.154593832343653315e-01
-8.911000095318770686e-01
2.658951217662445243e-01
-7.677496559635332840e-01
-1.665512796635101878e-01
4.121107153151140068e-01
9.017331056668330680e-01
1.622474289500845490e+00
-1.062453095026705263e+00
-7.162157232716321875e-01
-1.922609340803420386e+00
-6.278732892023557166e-02
4.911422719665216596e-01
7.651790289845608051e-01
-1.834834294020339651e-01
1.015453488503264889e+00
-2.096166834878983309e-01
5.624069349893979775e-01
-6.810086069003959963e-01
2.910520021307465122e+00
2.417820179944162096e+00
2.820289970111181654e-01
-8.240730368369422187e-01
-1.442823643373495557e+00
7.609325265738401400e-01
1.307985715321225539e+00
-2.854005486154534754e+00
-4.922750283026290363e-01
-1.417322233592216874e+00
-1.536755301731779433e+00
-6.990455671147277616e-01
1.120809558287486629e+00
-6.756125758426968775e-02
-1.132143561476862681e+00
6.162641046060753913e-01
2.316100447028103249e-01
2.688285905226735828e+00
3.012849002672182697e-01
6.533001069358282953e-01
2.155085287743899736e-01
2.722643210546868975e-01
1.208725618372098021e+00
1.264474473584052072e+00
8.908133766870164338e-01
-1.039092506930537896e+00
6.549562514045209616e-01
2.320730529110492379e-01
2.259523515853806286e-01
7.844312810114926204e-01
-1.796034608094112750e+00
-1.404799026155343800e+00
7.050557355863846798e-01
5.615493434326110922e-01
-8.401703355368125847e-02
8.761526953908291837e-01
-4.162521980527227883e-01
5.433387958848318045e-01
-3.003257509824602267e-01
-1.134082821865970009e-01
1.485828529352439809e+00
6.119379586379312119e-01
-5.249765618324191419e-01
2.211799893876957857e+00
6.364982020327127066e-02
7.107606322622459505e-01
-6.913044009344234686e-01
7.237493790169001739e-01
1.083333645573311355e+00
-6.490310586640113399e-01
-1.979009978873268460e-01
-1.683010725140029029e+00
-4.965469343908802680e-01
2.856508040828942274e+00
8.483746879835193377e-01
-1.276885871774444015e+00
-4.435049601238025274e-01
2.797521101473011140e-01
-3.340492871101254369e-01
-1.172900200729729871e-02
1.694707043588899786e+00
-9.535346416221224253e-01
-1.196277957620219379e+00
-7.543972811779661169e-01
9.687091849193476545e-01
-7.908419706579343789e-01
-1.038043890423931762e-02
-4.372039660987955267e-01
6.637325068252674098e-01
9.967352923005353693e-01
-3.987371104386205345e-01
3.052199112956828775e-01
9.310780701056990960e-01
7.722566989130730253e-02
-5.282717224099388043e-01
1.769556973928311794e-01
2.993997780134175501e-01
9.844253417045554233e-01
1.888046514524634872e-02
1.466539835304604134e-01
5.713993223256510490e-01
-1.546606197965756602e+00
5.573773950945252187e-01
-1.244337445756603794e-01
-2.737083973981266904e-01
-5.668570197302238434e-01
2.543651153987095959e-01
8.419144113341582303e-01
-4.006219114791765845e-01
-1.650484503280188919e+00
-2.324417568417018812e-02
4.255583908509835145e-01
8.385791900544525834e-01
-2.181115129231963046e+00
8.376774945758070912e-01
9.338535342014829821e-01
1.590037658366159068e-01
1.301281947374672565e-01
5.001662309287571162e-01
-1.631689363357069045e+00
9.511614489153418228e-01
7.791340482746036411e-01
2.142432721677588248e+00
1.170844607386901215e+00
-3.304801464646918707e-01
1.642673928134518943e-02
2.231247417493802399e+00
-3.947034910598871682e-01
-1.013447786974439158e+00
-1.426841373133225677e+00
8.471081971924629972e-01
4.066972447972314608e-01
-7.628756097238632572e-01
2.606393227910926758e+00
9.724505131663351287e-01
5.972278591474687870e-01
7.980320958643873919e-01
5.701470835898264644e-01
9.796042955731609769e-01
-5.741066482511070213e-01
-1.355379403192882526e+00
4.331011373129545206e-01
2.752243347774107618e-01
3.255966659438419564e-01
-3.008509572394807985e-01
1.853766696563226235e+00
4.387690335457949953e-01
9.239937386129843944e-01
-4.762791409893343264e-01
-4.004706810389690452e-01
-9.109881584776144403e-02
2.442302003617339956e+00
-9.651451835895340226e-02
-3.620162838901427871e-01
-1.095001723924966974e+00
1.376297228183442023e+00
-9.650062628616003224e-02
-3.037867263313244193e-01
-9.181108462567888484e-01
-1.387866982692514961e-01
5.316378099391455558e-01
1.668039393486938859e+00
-1.172871422918281836e-01
-3.965338460309048574e-01
6.772537471184046920e-01
-5.757721542630173106e-01
7.635731494796326180e-01
6.272442213130771105e-01
9.965430023173091900e-01
4.777382177746625769e-01
7.476090169589867385e-01
-1.187744554988115597e+00
-9.378982274949679843e-01
5.077800678165632631e-01
1.256050648517902379e+00
-1.304193664984579337e+00
1.224706803196737859e+00
1.741195882583297161e+00
-4.125355485311530956e-01
2.828185113095920689e-01
-9.588005454707991815e-01
1.753012953567206766e+00
-1.074086442553120913e+00
7.878704503685629579e-02
2.941546084598859245e+00
5.538007047944354388e-02
6.853487887414057012e-01
-1.193966418005030894e+00
-2.136369081954674343e-01
-1.253723464058445480e-01
-6.492882779909915358e-01
-1.699243314110537639e+00
-1.012393287210343606e+00
7.894476686649886110e-01
-2.054623947810869933e-01
-1.543579423778832949e+00
-2.182950174416433686e-01
3.108116744675958332e-01
-6.427657338662112751e-01
1.008995243580129486e+00
-8.488140073042493849e-02
3.871768683804979183e-01
-2.631541525945001458e-01
-4.850944467131963478e-01
1.897448327574758675e+00
1.315258568504584780e+00
-8.258924830633734837e-02
2.602679937333186366e+00
-3.286431058951232664e+00
-1.277420052839402763e-02
7.391329950594256459e-01
-1.903151136307629776e-01
2.454397764174382768e-01
-1.771147465612822103e+00
-1.413054149147270344e+00
2.519767329796247513e+00
2.591426221273306574e+00
3.204002708769873031e-01
-1.369755679642377100e+00
-1.776182047172567557e+00
1.057000689742980004e+00
-2.172700998558926566e-01
-7.731379338721566796e-02
-1.075661451640618438e+00
-1.182668488069154922e+00
6.354858599873348668e-01
5.427296844466998893e-01
-8.350399065867095683e-01
3.596221005988013003e-02
-1.579208080525987601e+00
6.601144778158065662e-01
2.663656308953513685e-01
3.864565234427148055e-01
3.673725981839162102e-01
3.275175224678694708e-01
1.586849140968968452e+00
3.331332851243956061e-01
-9.787754211481624056e-01
1.820497100298567317e-01
-8.635081012072174378e-01
6.804955622010402383e-01
4.890685896377863773e-02
6.110071048568167518e-01
-1.461655735920793342e+00
-4.207425770997065828e-01
5.525051198923043305e-01
-1.723755290091079528e+00
3.916412768841943115e-01
-1.493892197818068146e+00
-4.886304238365949404e-01
-1.348824491892989919e+00
-1.585020857537894567e+00
-3.665579421595855369e-01
4.265522047016604978e-01
-7.239424945779785459e-01
-1.800130134134852122e+00
-1.060646048328064001e-01
-7.023450827796823281e-01
7.595395659928315668e-01
2.230940310750740563e-01
2.104089988465768890e+00
8.879470000965322685e-01
1.563436947088039153e+00
-1.903151136307629776e-01
-8.919512503529533065e-01
1.716786285011564939e+00
2.053673681504893711e+00
2.112790583898798702e-01
1.775163573971172415e-02
-6.571542076433188884e-01
-3.771545570028027039e-01
7.182968627706675102e-01
5.005009189724049512e-02
-1.288400506015248581e+00
-1.060309779338379332e+00
1.759962509158638388e+00
-8.479647689151023071e-01
8.679491018633352095e-02
-1.897698061230236252e-02
2.882748843633585467e-02
3.633156275681864167e-01
5.952745726781862035e-02
3.375347535106340002e-01
-4.697344905312226260e-01
