1.697953679292886653e+00
6.919105917618769697e-01
1.243801029493374788e+00
-3.476347372655789747e-01
-9.109637478987683279e-01
8.267850032699431972e-01
1.110775084982625227e+00
-3.678789047726426897e+00
-3.188777917666058559e-01
1.149981787895601126e+00
6.220515627211345988e-01
6.919105917618769697e-01
9.705361708580868552e-01
-8.547211692622463941e-01
-7.193781968112222813e-01
-6.445755675420978825e-01
-6.261323784763103140e-01
1.883554807792155783e+00
-1.334556226283122093e+00
5.970828275468381685e-01
1.476568000028798178e+00
1.883554807792155783e+00
-8.752743825249152954e-01
9.703072208049476899e-01
-1.983877125503440197e+00
-5.805433768861294475e-01
-1.090157333977600063e+00
1.125902023489037784e+00
-4.895121338997860949e-01
1.243801029493374788e+00
7.845534486024262621e-01
-1.253135947170312514e+00
8.267850032699431972e-01
8.342359109484106527e-01
8.689211824818502405e-01
6.220515627211345988e-01
-1.334556226283122093e+00
-5.712697118824522358e-01
-5.309126858430455176e-01
1.060790700603810727e-01
-4.710701095468822763e-01
9.870031747028744640e-01
5.970828275468381685e-01
1.243801029493374788e+00
-6.999059834492734611e-01
1.276209638613696518e+00
-5.712697118824522358e-01
-1.253135947170312514e+00
2.679227899962846604e-01
-1.090157333977600063e+00
8.267850032699431972e-01
9.870031747028744640e-01
1.645186454499818485e+00
1.012697812401857744e+00
2.679227899962846604e-01
1.110775084982625227e+00
8.799447520079495266e-01
-3.381630237401999639e-01
-1.983877125503440197e+00
-9.913549482482338915e-01
-5.931104581384591956e-01
-2.593015450732607530e+00
-7.250530060410479427e-01
-1.512545507027481584e+00
-5.050825621097162488e-01
7.897027843898501986e-01
-9.977529641124538440e-01
2.399430935997789671e+00
-1.548228530111309897e+00
-3.188777917666058559e-01
1.149981787895601126e+00
9.055828955900647736e-01
-1.055883949932696853e+00
1.078657731654416141e+00
1.004765835636087790e+00
9.552515501065843573e-01
-6.891687178868123320e-01
-3.554946442237946425e+00
-5.050825621097162488e-01
-5.417194577369131014e-01
-1.983877125503440197e+00
-5.083797343613203346e-01
1.448729165883456460e+00
2.557307178901451650e+00
-2.426462192700076237e-01
-9.109637478987683279e-01
1.125902023489037784e+00
-4.948423505460851357e-02
-1.081917557425508880e+00
-1.403210695712990619e+00
1.012697812401857744e+00
1.166482061262080983e+00
9.336193610767521411e-01
1.241217292060476707e+00
9.243040266127040550e-01
-2.018389048337847491e+00
1.149981787895601126e+00
8.267850032699431972e-01
9.197842482380951257e-01
-3.774032296744392223e+00
9.870031747028744640e-01
2.294355764335499759e-01
1.046902056722036178e+00
-4.726717269579459035e-01
9.569170996498715942e-01
1.537613508347032809e+00
-1.334556226283122093e+00
1.791469791085011698e+00
5.528796079888945725e-01
8.267850032699431972e-01
8.342359109484106527e-01
-2.969352940180485678e+00
1.068532175288390729e+00
1.076559569425522334e+00
9.870031747028744640e-01
-4.900219562565728548e-01
7.023673327725131754e-01
-3.188777917666058559e-01
1.724549107000545867e+00
1.027113799736610655e+00
1.643759326281042599e+00
-4.485945082061815747e-01
1.060581700129966665e+00
-7.068008910241151410e-01
-4.966184720390589002e-01
-1.250673677767740521e+00
1.383966028089220979e+00
-2.177130497098110073e-01
9.870031747028744640e-01
-5.712697118824522358e-01
-6.813322180131720085e-01
-3.280837623992238772e+00
-2.582905335926109491e-01
8.267850032699431972e-01
-7.635711218443886894e-01
1.174877676651135072e+00
8.267850032699431972e-01
-1.983877125503440197e+00
-4.338232076679144483e-02
9.055828955900647736e-01
-6.123491429826680710e-01
-9.025877767925530870e-01
1.513702019518839981e+00
1.545021120131693015e+00
-8.565070850369043143e-01
-5.309126858430455176e-01
4.644636794945817826e-01
-5.515639298654330114e-01
-2.807988705558158160e-01
-1.365168568101185365e+00
-1.680963774773623354e-01
-1.485818544937759222e+00
9.532983974405868643e-01
-1.015022577415928273e+00
1.460039254972032685e+00
1.593288952377613477e+00
1.490165442775617688e+00
-6.767970875271502873e-01
1.265035741993080221e+00
-1.253135947170312514e+00
-1.413354118603257881e+00
1.231431094598875564e+00
1.408443414600773380e+00
6.220515627211345988e-01
-1.485818544937759222e+00
-6.503947129874888544e-01
-9.835172426410649926e-01
-1.288936995604587077e+00
-1.403210695712990619e+00
-1.441252966201831409e+00
1.330036495229899751e+00
1.203974692084181841e+00
-1.253135947170312514e+00
-1.171606946584796249e+00
-2.981834514145224269e+00
1.330036495229899751e+00
-1.032377754579219431e+00
1.060416209757711892e+00
-6.503947129874888544e-01
-5.309126858430455176e-01
9.397963588509233857e-01
3.551283144440612882e-01
-8.390784478556113646e-01
6.220515627211345988e-01
-1.860801165111294564e+00
1.641440912159159549e+00
-5.078738540661995593e-01
2.294355764335499759e-01
-9.808348304274165930e-01
-8.454940032820612572e-01
1.774599795800796631e+00
1.068532175288390729e+00
-1.075427785559060601e+00
7.023673327725131754e-01
1.331753705514165276e+00
-3.641173970463482124e-01
4.958856371556903953e-01
4.644636794945817826e-01
-5.417194577369131014e-01
1.068532175288390729e+00
-5.989203870239813154e-01
-2.774572330287943811e-01
1.243305930368797441e+00
1.699585361001414219e+00
3.675929973288000197e-01
-8.411433297756151228e-01
-1.422271027702478374e+00
1.068532175288390729e+00
-1.983877125503440197e+00
8.267850032699431972e-01
-2.415580753045960982e+00
7.543205769354277557e-01
-9.945665088036451662e-01
1.883554807792155783e+00
1.203974692084181841e+00
4.438746664410382903e-01
-1.334556226283122093e+00
-1.107710259284588661e+00
1.325048785119265826e+00
-5.977655907327098506e-01
-1.403210695712990619e+00
1.467366125267690835e+00
7.398749021949031501e-01
-5.691037557502955924e-01
1.068532175288390729e+00
1.473134547469139521e+00
-1.334556226283122093e+00
7.845534486024262621e-01
6.220515627211345988e-01
-1.413354118603257881e+00
-3.188777917666058559e-01
1.558806903860028958e+00
-1.171606946584796249e+00
-1.171606946584796249e+00
-2.908262696426298644e-01
3.426655610332718926e-01
1.424817179095120956e+00
8.267850032699431972e-01
4.989756023289889098e-01
-4.710701095468822763e-01
9.324608727760496096e-01
-1.929973119843534590e+00
-1.288936995604587077e+00
9.362952041005120907e-02
1.383966028089220979e+00
-1.485818544937759222e+00
-4.900219562565728548e-01
9.870031747028744640e-01
7.543205769354277557e-01
1.201033196043180817e+00
8.267850032699431972e-01
-4.826122210789104972e-01
-1.288936995604587077e+00
-3.188777917666058559e-01
-1.048715814776353117e+00
1.748742799255420810e-01
1.885921581553571924e+00
9.397963588509233857e-01
9.537269067705158587e-01
1.804915531362983439e+00
8.342359109484106527e-01
-1.596863098948523074e+00
7.543205769354277557e-01
-5.424427659578633376e-01
-1.212262756903808691e+00
-4.170560613909796155e-01
-5.309126858430455176e-01
-7.651548109631942651e-01
1.375777659244311613e+00
-3.641173970463482124e-01
6.550912725426284444e-01
1.068532175288390729e+00
-9.808348304274165930e-01
-4.919501963383293153e-01
-1.403210695712990619e+00
-3.808213667547475811e+00
1.060581700129966665e+00
1.317800120615997272e+00
8.267850032699431972e-01
-8.023729289739692794e-01
5.673889735885963015e-01
-4.338232076679144483e-02
-3.944345081045247392e-01
1.441431802786445893e+00
-9.691507083136048362e-01
1.060581700129966665e+00
4.438746664410382903e-01
-1.983877125503440197e+00
-6.948506918169213842e-01
-3.268389301889762510e+00
5.970828275468381685e-01
-2.300316014823904631e-01
4.989756023289889098e-01
-6.891687178868123320e-01
1.542176413490269793e+00
1.312959177472598382e+00
-1.173667296536758498e+00
1.087649662469416301e+00
1.433885888336603021e+00
9.870031747028744640e-01
1.186411442376594572e+00
-1.331996887425324294e+00
-1.431621923129225704e-01
-6.503947129874888544e-01
1.678792677529310051e+00
6.300111326126089928e-01
-5.078738540661995593e-01
9.870031747028744640e-01
6.927480148902688262e-01
1.437385495789855305e+00
-4.485945082061815747e-01
-3.181244408576154648e+00
-2.969352940180485678e+00
1.068532175288390729e+00
1.231110632947878258e+00
7.023673327725131754e-01
-6.893613447538274874e-01
1.330036495229899751e+00
-1.693149943442578964e+00
-1.512545507027481584e+00
-1.171606946584796249e+00
9.870031747028744640e-01
-1.045324886235916795e+00
-4.710701095468822763e-01
-4.330415397091816332e-01
1.697401985813917547e+00
-2.426462192700076237e-01
-8.078313236335302183e-02
-1.288936995604587077e+00
9.055828955900647736e-01
-1.253135947170312514e+00
-2.807988705558158160e-01
-1.693149943442578964e+00
6.220515627211345988e-01
-3.168792739119445478e+00
1.383966028089220979e+00
-1.548228530111309897e+00
-3.181244408576154648e+00
-4.710701095468822763e-01
7.897027843898501986e-01
-6.510591941093158974e-01
7.004399210955674082e-01
-1.422271027702478374e+00
9.870031747028744640e-01
-8.023729289739692794e-01
-4.900219562565728548e-01
1.593288952377613477e+00
8.799447520079495266e-01
1.892504384607607726e+00
-1.860801165111294564e+00
1.883554807792155783e+00
-8.852067573695528990e-01
-1.052487362209208577e+00
1.394645118591125499e+00
-1.091096308253204805e+00
1.558806903860028958e+00
-1.083088725668121199e+00
-6.503947129874888544e-01
-1.327089646890401875e+00
1.312959177472598382e+00
6.052008621293107904e-01
4.438746664410382903e-01
1.149981787895601126e+00
9.759922935202388627e-01
-5.992979200402731577e-01
-2.718952409395721581e+00
1.136387727850428409e+00
-1.241635435771968110e+00
-1.081917557425508880e+00
-3.755054186083313650e-01
1.422552731192237685e+00
-1.929973119843534590e+00
9.870031747028744640e-01
7.023673327725131754e-01
1.711115957462090664e+00
-1.032099985649678420e+00
-1.087073051102253274e+00
7.543205769354277557e-01
1.804915531362983439e+00
1.243801029493374788e+00
-8.274749127162103202e-01
8.267850032699431972e-01
2.837457188953203535e-01
1.063803755232501480e+00
1.060581700129966665e+00
4.989756023289889098e-01
5.528796079888945725e-01
1.558806903860028958e+00
9.055828955900647736e-01
1.408443414600773380e+00
2.266023832369176816e+00
2.803765051352742899e-01
1.060581700129966665e+00
8.267850032699431972e-01
-3.612732743967758675e-01
-2.593015450732607530e+00
-7.651548109631942651e-01
1.068532175288390729e+00
-3.830412905793881162e+00
1.243801029493374788e+00
8.060117384538713070e-01
-7.651548109631942651e-01
7.543205769354277557e-01
-3.738928418456093805e+00
-9.808348304274165930e-01
-1.008708027274311192e+00
-1.209869879246516566e+00
-4.330415397091816332e-01
2.118714904358063311e+00
1.164676028388338169e+00
-1.929973119843534590e+00
5.528796079888945725e-01
1.395635945243926423e+00
-6.131664175388251703e-01
-1.485818544937759222e+00
9.759922935202388627e-01
-7.502124998479946516e-01
1.537613508347032809e+00
-1.413354118603243670e+00
-2.018389048337847491e+00
-5.769135838387743354e-01
-1.241635435771968110e+00
-4.485945082061815747e-01
1.643373603881417511e+00
-8.390784478556113646e-01
1.203974692084158749e+00
-1.628001276274053666e+00
-3.330633376850006488e+00
-8.752743825249038601e-01
9.243566071378802596e-01
-9.403337755093857941e-01
1.201912849275015710e-01
-5.078738540661995593e-01
6.220515627211345988e-01
-9.666568078607030712e-01
4.299495848146114851e-01
