3.062973394919240588e-01
6.342317736240138393e-01
6.582781950814394767e-01
1.634218651959426505e-01
-2.024406964241551865e-01
-7.014360300652399127e-01
1.080589064964049717e+00
1.004741498316298609e-01
4.020738544472662879e-01
6.776633698386564930e-01
9.194308798418731055e-01
-6.134169764836138183e-01
-2.311795584057591668e+00
1.318879129953268170e-01
7.073117887113420377e-01
-5.650182947764039731e-01
-1.576228331667142379e+00
-1.230772041876557088e+00
1.013397670355484559e+00
5.904017776163315023e-01
-1.933360294632365251e-01
-2.221636008752325420e-01
5.213370772018026400e-02
-3.613940738418800480e-01
2.501825387278092450e+00
-8.868907508722725375e-01
-6.484486511922179508e-01
1.083026557714758198e+00
3.477038653733280915e-01
2.956675983938836794e-01
9.895930100061604007e-01
2.108681370046802672e-01
1.713204185019288728e+00
2.489290659262514416e-01
1.335485277243727786e+00
-1.131863456613698693e+00
-1.317897607351558698e+00
-5.253348217729989500e-01
1.298075362746262451e+00
-4.941787564687289414e-01
-2.552935178594005206e-01
8.479945825084383992e-01
3.688272646503717445e-01
1.378533857752790137e+00
5.594673332911496155e-01
-1.176534667117432376e+00
-6.958317481522660053e-01
1.924169395616482925e+00
-1.908170725682591939e+00
9.702310479720018810e-01
-6.964845943378450421e-01
3.818257292750839582e-01
9.120685058705828574e-01
-2.426164270749506358e+00
6.522821238851022052e-01
1.286903193367132658e+00
1.173903104984853396e+00
4.310847640489313126e-01
-5.621664357356793706e-01
-6.320853277161004868e-01
1.620814905236787284e+00
2.833714215744053355e+00
-8.351141274752041932e-01
-1.555440169537307682e+00
1.322870692413931737e+00
8.872498453102914961e-01
7.863920057318615209e-01
5.721562245550638748e-01
-2.622061769558550748e-01
1.706494596699218158e-01
6.277952825657391323e-01
3.516946243497225399e-01
-1.564575997204647573e+00
-4.035614782778374487e-01
9.457685658436530973e-01
7.638676263936269306e-01
-6.387426916625600359e-01
1.665413076126878389e+00
5.994521086540476329e-01
6.150310111183384665e-01
-4.704446771004868189e-01
9.797521935435083984e-01
-3.172824397962338838e-01
8.561633202564951362e-02
3.233630724142681490e-01
-3.797725896642415999e-01
-5.391213646530290671e-01
7.732141005643254905e-01
-5.638610329164528423e-01
8.710099614078422592e-01
5.636368807009841664e-01
1.220796149291894839e+00
-6.134301653663636333e-01
1.412410475944806620e+00
-8.996285535412936740e-01
2.979926068799032546e-02
-1.356081449564588093e+00
-6.637633261300033283e-01
-2.953010444821131952e-01
-2.267461432917923236e+00
-5.541591305140224355e-01
8.701924104315063024e-01
1.940540114617148149e+00
9.160800618711952836e-01
8.114651449100960257e-01
2.227095068706163694e+00
-1.197617126851421299e+00
1.145515351259491776e+00
-2.026468136305839884e+00
8.421483866645292429e-03
-1.669254006504275120e-02
2.852081833601843863e-01
6.392272808017513963e-01
4.653128449043315018e-01
6.058230626671708974e-01
-1.052156004034717984e+00
4.768347902621316026e-01
2.146386379304953351e+00
-1.621745542010790894e-02
-1.307107324291513661e+00
-5.690147403376932811e-01
6.438578234812928347e-01
2.910963490847973678e-01
-2.002483086482885533e+00
-7.218693900694247434e-01
8.512354812710511975e-01
7.488074513470529547e-01
-3.425860910912124635e-01
-6.595908395145216874e-01
1.155568139757900292e+00
9.797960781755051807e-01
1.231859951096758499e+00
1.237311338153171542e-01
1.295109612915738673e+00
8.553382817679806571e-01
-2.812197650778588409e-01
2.213825864322815085e-01
1.611869010903488775e+00
-1.369284816120911241e+00
-1.174747683317675095e+00
-1.530388856880696424e-01
7.387694972125857795e-01
-2.160759322430014784e+00
-1.098642145315312568e+00
6.490297259533807095e-01
-1.582563049565992586e-01
1.085833022923791580e+00
-1.442948033724423818e-01
-5.303689013940585673e-01
1.178665341028741542e+00
-1.895213972816560455e+00
-1.128305504263318548e+00
-2.259537522193937054e-01
5.802841685134246807e-01
-8.500791491362253982e-01
-1.362490053240685839e-01
2.025595918825432579e-02
5.992655860343590879e-01
-1.851052870569862285e-01
1.710500497014744159e+00
4.513547238403526340e-01
3.762217231104492687e-01
-1.435658711357274409e-01
-3.899531523725766058e-01
-9.456572994217421479e-02
6.210824869633205791e-01
1.996983284320915430e+00
1.497956118614436061e-01
3.911221892821629131e-01
7.683411502525078207e-01
3.381621944475443065e-01
5.529370189837842231e-01
5.898128925376611154e-01
-2.276699487054730242e-01
2.076981200356551038e-01
-9.592614549764511001e-01
7.995605417975659712e-01
-2.591946357887591201e-01
-5.162247282016267924e-01
-1.418877184416394099e+00
-1.992967944690680726e+00
6.919796836200013956e-01
-6.003095840125711735e-01
1.015343235799637034e+00
-8.732522290761287609e-01
-1.439672840898901240e+00
-3.733579196239212861e-01
-5.157409860854322847e-01
-7.425702806198981598e-01
-3.781046458236179131e-01
-4.959258700626653082e-01
-6.821594855784646194e-01
-9.401960479798225911e-01
-2.162007810271007469e-01
2.235647162387236264e+00
-1.183463647222309456e+00
-5.223477398611059419e-01
3.743662011325942784e-01
-1.246558995761554600e+00
8.586189548067544308e-01
2.784926454177079624e-01
7.528957833016721723e-01
4.747797969593947620e-01
-4.000165712864437589e-02
8.687237962631066956e-01
-1.090779854241319846e+00
-1.127461754964069085e+00
-1.301989546032937817e-01
-4.793873873356681026e-01
1.596619923307942779e+00
2.275632941020463151e-01
-1.929703137762761367e+00
-4.067833661962171887e-01
5.597514986874263521e-01
1.090779900896344135e+00
-7.690913960568941388e-01
3.528209768304611527e-01
-9.235991377570027527e-01
1.084826345637096789e+00
8.828458207588547879e-02
-3.389393899142368882e-01
-5.156918582237235427e-01
1.047855171229795102e-01
8.524020707169014388e-01
1.761574625383495851e+00
8.868977913913801414e-01
5.241496589202107037e-01
-3.059474357141580003e-01
1.007836862995190375e+00
9.321401699493324366e-02
5.840688218885031757e-01
6.315509551189468773e-01
-2.051841439086498631e-01
-7.713654738317884396e-01
1.409277737187523138e+00
4.352831290375004936e-01
-8.486499967060729954e-01
-6.259766161953324026e-01
-4.034495178159827611e-01
2.239844960544997043e+00
5.239978741464492717e-01
-9.872046683853687166e-02
8.365494908035692179e-01
-7.292444376394510708e-02
-7.640371474703200327e-01
-1.446452454999745951e+00
1.846024374591457295e+00
1.069107372351974616e+00
5.544239379823941855e-02
1.591502896502916098e+00
-2.100612201597590101e+00
1.586334756335078949e-02
-1.458682195921985336e-01
2.509678945873049516e-01
-2.844552042999898833e-01
-9.999736733318795867e-01
-9.111663428196729031e-01
-1.993543829223230202e-01
-1.018632413606745279e+00
3.767003071888425647e-01
1.048860011393172087e+00
7.618209354400289346e-01
7.857608591811854337e-01
-1.527126874356194319e+00
1.504374063429747332e+00
-3.976386113227622365e-01
9.814550044784489113e-01
6.929158247469232590e-01
-1.552074664502441081e-01
1.133319077964633631e-01
-7.207912152953631635e-01
1.464180581675252002e+00
4.517043015362134373e-01
3.862445119903023527e-01
3.298252540682898859e-01
-5.170550179623403242e-01
1.101322619590712648e+00
-5.204924839125119052e-01
-1.304722095295510531e+00
-1.446247870607027197e+00
8.010242952430125518e-01
-5.250900918534497919e-01
2.422932636562966369e-01
-9.850587310869248769e-01
1.441168407459311851e+00
2.644269657974930854e-01
1.187474608051672265e+00
-8.357782889258562609e-01
-4.151476069687901616e-01
7.006463816368065090e-02
-1.367967228415332137e-01
7.217773358774307590e-01
9.577136066792218960e-02
-2.447713369507505676e-01
5.793143954436260623e-01
-3.206713949155212684e-02
-9.175172726291273007e-01
3.053535754494369203e-01
-3.594163944869555594e-01
7.326598055545861798e-02
-4.223628066288995925e-02
-5.953195369906446599e-01
-7.992478840199892520e-01
-1.138514517794964043e+00
1.855740824993662996e-01
4.102016242605797114e-01
2.532388173763136519e-01
1.083066950929957528e+00
-1.103215840114044388e+00
1.522268180805375293e+00
3.706678513788702056e-01
8.888471587220317938e-01
9.680411933542367731e-01
-1.961164397771684442e-01
-1.253217861790715704e+00
7.869272606258364000e-01
2.155027596502087917e-01
6.020240505159782929e-01
6.359695081669493044e-01
1.144832641592238298e+00
-6.814046056304839949e-01
9.875020624741497333e-01
-2.628303941607089134e-01
8.531288349081307398e-01
1.393704265850774116e+00
-1.319363058113963705e-01
4.284889422211646259e-01
4.513718720128756523e-01
1.558932341494594781e-02
-1.609120158319853999e+00
-1.936738138264025633e+00
-2.780373816346701221e-01
1.399995075359951324e-01
6.178849219763477008e-01
1.195179988529411430e+00
8.925666387808086633e-01
-2.120229432625883870e-01
2.178052594082509896e-01
-2.222950073365163870e-01
2.554142325443162220e-01
-1.286684525819884017e+00
5.304059532160030344e-01
-5.888764171085469901e-01
2.684314222144036644e-02
-1.174275874556593102e+00
5.084311871515891923e-01
1.945616684259235049e-02
1.542672745745558016e+00
-3.603690854738099414e-02
6.872967413737347542e-01
1.394200853675140017e+00
6.115308903937574092e-01
3.514929029516977721e-01
-4.939238755010381121e-01
-2.171088656397675454e+00
9.062320291334122757e-01
9.376124352819220631e-01
8.609151746551304552e-01
-3.361423030537650375e-02
-6.222261690319185190e-01
-2.468536649612465883e+00
1.195310812652766286e+00
7.751015630534197065e-01
8.587996458648756715e-01
3.457391032864142177e-01
-5.249870836653325323e-01
-4.472247659872871095e-01
1.212071960512055568e+00
-1.186150822509790093e+00
-1.156088821866686350e-01
-2.395687918679303696e-01
-1.704701928531807020e+00
1.048550231915403197e+00
8.438781112171910292e-01
-3.424690727748721519e-01
5.339872071751210481e-01
-7.065569562486730959e-01
-1.678198533864689423e+00
2.069942506920728342e-01
3.004599240258947271e-02
1.409274871227297332e-01
-8.218552815724862182e-01
-1.743509807151287505e-01
3.532318184833558861e-01
4.424318101130882974e-01
1.765135170687588850e+00
3.796660792590962896e-01
-1.135542269606772958e+00
7.674098457366124171e-01
2.012061473037083825e+00
2.638657104765192996e-01
2.767525974177047488e-01
-8.475181367110944386e-01
-5.368030824730335437e-01
1.542416193533741264e+00
9.925149171636477030e-01
-6.801529454434085409e-01
-5.824815516028347684e-01
-5.652578572414902469e-01
4.519414342303903487e-01
4.729558544551996091e-01
-4.845462962011011232e-01
-1.317915531963762765e+00
-1.231775704409952654e+00
1.789297488976081540e+00
-2.814574223881342041e-01
-1.033501423228467830e-01
5.798373155184077810e-01
1.316960562807788226e-01
1.379927090122111399e-01
-4.165028398130704579e-02
1.281539556122423651e+00
-1.358701556149976009e+00
3.394561740335995115e-01
-1.341410624284417485e+00
1.298913327786830607e-01
-1.296801346995859694e+00
3.609749113852143698e-01
-5.832134638722474840e-01
3.301059590478210848e-01
-4.565743247555110740e-01
8.545754051848598598e-01
9.368881348846632706e-01
1.205643261274395917e+00
5.910906780826625795e-01
1.122621982438250843e+00
-2.505239542745505976e-01
1.553567430783665992e+00
-6.913173118778920268e-02
-1.102187589733504558e-01
-1.079507848053371077e+00
-1.406908325833463869e-01
-2.618532350828307043e-01
8.840049762200568040e-01
3.905877143253799061e-02
6.145256765205975302e-02
