8.965468757204024808e-01
1.510660697964361088e+00
-6.344884313301688561e-01
8.483055688676524042e-01
-2.755041089546999000e-01
-1.263837287270336729e+00
1.473037798425001155e+00
-1.382005193313900371e+00
-7.224373913177318807e-01
7.931582885499435243e-01
-5.985218425700509215e-01
-1.705271087201716496e+00
-1.356838248273637193e+00
-5.347371257588183768e-01
3.081026202335775954e-01
6.007186924398375677e-02
-7.223301563459839647e-01
1.367552341644201475e+00
6.828333325631732453e-01
2.147928260372468368e-01
-8.154873712217970416e-01
-7.617960176488051127e-01
-3.627769801483412548e-01
1.372623760064179077e+00
1.309498567203124741e+00
-1.790622095500478572e+00
-5.726315524881190333e-01
1.106571613133742638e+00
5.573612892791717233e-01
1.168146362271909044e+00
-1.705912479490181988e-01
4.942997334573372981e-01
3.197951812024596996e-01
1.164891674320234438e+00
1.487942347235588381e+00
3.569080595255512689e-01
-5.700700976672558040e-01
1.164178701372840186e+00
1.341940904867950479e+00
-2.051865062054377020e+00
1.836744360362637662e+00
1.500677303570556731e+00
-2.118815476831869549e-01
1.491311810110198532e+00
-6.890183070411430577e-02
-8.217617039711997418e-01
-3.496816734555689976e-01
1.637770488806817415e+00
-1.539277137196261691e+00
8.049008710256790877e-01
-1.883795575640637709e+00
-6.910947038035045731e-01
1.731690937086322601e-01
-2.597162881461221762e+00
-3.675949364394531238e-01
1.028428175634749531e+00
-1.290714150087451106e-01
1.133417460137972899e-01
-4.092851732037152135e-01
9.409897582681558958e-02
1.370343388454667410e+00
2.175206930803058825e+00
1.389597247069708441e+00
-6.315568544689301733e-01
1.314672411577403111e+00
1.070831116182240583e+00
6.846545152267239365e-01
-1.365582687999318923e+00
-5.943040151763647749e-01
4.437179507555609193e-01
-7.337256484127493428e-01
5.746341993486699939e-01
-1.518597955186789639e+00
-1.335421267703123638e+00
8.440020593231641888e-01
3.515688295798884422e-01
-8.865880000888789469e-01
-1.416094232708134282e+00
6.996792112598915203e-01
2.497673370914726299e+00
1.231833861144747688e+00
8.847481954674837334e-01
-1.188343861081610636e-01
-6.294834881398519988e-01
-6.510391381137895506e-01
-1.410728590029954044e-01
-1.091132553465928412e+00
1.352784078089502851e+00
-2.124191944758345940e+00
-9.573230962185250159e-02
-8.306611477906024055e-01
5.447106213586961898e-01
5.876142498955436722e-01
-5.490005721891400708e-02
-4.169064378654978587e-01
-3.639040852357789957e-01
-5.357666081612244557e-01
-2.291551085695458401e+00
-3.914914280933607382e-01
-8.115434398511245373e-01
-1.556410126992641418e-01
-9.286923112850851147e-01
1.392801503393631846e+00
9.936852282541853709e-01
4.330587023181156625e-01
1.637821679235130778e+00
7.856777469235841638e-01
-3.300898246867329244e-01
-8.008271117873259903e-02
-4.262320832004589111e-01
7.282312269802205806e-01
1.875907577123401004e-01
1.220236957462365268e+00
1.239440717739670239e+00
9.735308517368644610e-02
-1.888722315796494744e+00
-3.379228946951232104e-01
1.779529368567025704e+00
-1.788462513249646502e-01
9.661449490490868486e-02
-1.864675265492554912e+00
-1.239438997934978692e+00
7.723745956439879157e-01
-1.551586690111691924e+00
4.165206891107704479e-01
8.859310152720817344e-01
2.686221423049267032e-01
-9.044746483283107319e-02
-3.427594674069673331e-01
3.912845893491352367e-01
-5.724967717368382170e-01
1.937846257142551709e-02
9.676829717260362340e-01
8.093661569985222126e-02
-1.231214686531004299e+00
-9.540995634757937216e-01
5.957896211389328567e-01
2.675826710827418631e-01
-5.580300691647700484e-01
-1.087982639511594130e+00
-1.657123004325626425e+00
-1.223438481799824923e-01
-9.502639126719740759e-01
-2.693310222060361636e-01
5.676544669911509633e-01
-2.712970032812337395e-01
1.194381356982559872e+00
-2.312714042666926539e-01
-6.885450112257824884e-01
8.058033533432992224e-01
-1.846686718192234455e-01
-6.062092212906785571e-01
-9.703509292979646261e-01
-3.187307735092781424e-01
-1.161180523292540734e+00
5.537375842298409845e-01
4.252065532845033524e-01
7.593618089316755970e-02
-1.573227388046787079e+00
-7.066434835880931464e-01
-4.875309883715843728e-01
1.830948582139601544e-01
5.160989814232357781e-02
1.785324697907490821e+00
1.406775244214843568e+00
-3.170169984237098948e-01
4.371266917418413223e-01
3.030995904780706129e-01
1.012340084482096225e+00
-2.923706351753578292e-01
-3.552749341196521637e-01
6.816859713710030633e-01
-1.434458358214425244e+00
-7.753184766026879338e-01
1.481809588733233207e+00
-8.008020982607508831e-01
1.274109958477291471e+00
3.826485086430472804e-02
-2.123102696917525289e+00
-1.261476561447372635e+00
-1.279112398450086729e+00
7.098240997104783290e-01
-1.537986808249839576e+00
1.079016805174498161e+00
2.450148631618900841e-01
-1.789234180652656825e-01
-4.910953301564383033e-01
2.078683220545596844e-01
-3.529363614072460464e-01
-2.759163200093215917e-01
-5.379465719386834488e-01
1.942046559379758119e-01
-8.800626670171171617e-02
-8.552020333450540690e-01
1.600495357035462529e+00
9.011961473910236331e-02
-6.590539211988752921e-01
3.823963414327916643e-01
6.699709945164346037e-01
3.687804639691364961e-01
-9.042587620870664589e-01
-1.292059314141872139e+00
4.683884885492871075e-01
3.502282953107595520e-01
1.002597193376536105e-01
-8.636178950264868925e-01
-6.313592104277104822e-01
-2.441180928079621781e-01
6.498132864730906677e-01
8.059654125998527707e-01
-3.447275303193478857e-01
-1.697971224430680492e-01
9.893933529391484294e-01
1.386658380785884548e+00
7.664797826717542617e-02
-3.218371070614743368e-01
-3.996223227108076648e-01
-8.745328608385392055e-01
8.636172222036078150e-01
-7.674742540665008272e-01
-1.279198101567520784e-01
2.498050614568683159e-01
2.664493773002557520e-01
1.292810006368540154e+00
5.421100513939705046e-01
8.072371752485868468e-01
3.659602262384958893e-01
6.518530102482829047e-01
-6.442224925042990824e-01
-4.578044629128374399e-01
1.073565178198411241e+00
2.565469384550982945e-01
5.725977799155219650e-01
-8.775652938689673110e-01
-3.425620197342134354e-02
-3.907299307763403284e-01
-7.108336082467064942e-01
-2.727775973138349963e-01
-4.020898122597075242e-01
7.626554166822138159e-01
-5.650222660756546444e-01
1.075451556050859736e+00
4.267933683563666647e-01
-2.706908405221433167e-01
2.739739166951949412e-01
-2.750114320490064101e-01
8.158319521595064350e-01
3.272858104982820371e-01
-3.494407043351268061e-01
1.022343877037908744e+00
-5.971131790460295630e-01
8.301124808969234659e-02
3.493601269903928719e-01
-8.098079005283784770e-01
-1.480927313138457324e-01
8.799562930357106294e-02
2.557731934161051046e-01
4.451313952013958436e-02
1.425033739430236202e-01
-7.402089611948465819e-01
7.410962558853048665e-02
-4.020902278881544611e-01
-5.945618847200466739e-01
6.687914731023855142e-01
1.820649888471879363e+00
-1.094126745885805330e-01
-2.568128842409795332e-01
-1.302265656321556664e+00
-3.815390848315380196e-02
-3.545238338943031420e-01
7.195613534760197938e-01
1.264421299673669896e+00
-6.040755685798422370e-01
1.131058241632257322e-01
1.849000197340652907e+00
4.023235442687602692e-01
2.050126211168880719e+00
4.398392086476176632e-01
-1.270687038665359259e+00
3.618661541386212210e-01
7.416693119989886673e-01
1.293891617863446031e-01
-1.779973070774039032e-02
-1.150383474900723152e-01
2.582182099007562792e-01
4.682811061837650612e-01
-2.011204677115353834e-01
-4.864592125218921148e-01
-1.783724130624996518e-01
-1.174486191602973184e+00
-1.192314445453388272e+00
2.164860611566162829e-01
3.682114417829495667e-01
-1.471970012184586063e-01
3.054560986158318947e-01
3.341366528588946005e-01
4.433979712621832214e-01
1.198618700703124151e+00
-1.887028291748642728e+00
-1.129942988974810825e-01
-1.007261080243246232e+00
-1.514893232566504599e-01
-7.012474570597252432e-01
-1.783712301197370786e+00
7.029000029397759475e-01
-1.596365190188331118e+00
1.335986096661079037e+00
6.485671722459235289e-01
2.222935641366691195e-01
7.491222733136718159e-02
-3.655186198308333356e-01
-5.510797912916461927e-01
-1.877709816670569687e-02
2.521029764386424343e-01
-2.119882351701239731e+00
7.189275626603751634e-01
-7.420682289482714022e-01
8.626269828009294205e-01
1.568333635610006382e-01
1.435340355447233041e+00
2.112348005378002214e-01
1.298745516401222266e+00
-5.859997139697441515e-01
7.953904807473697325e-01
7.005316661566657332e-02
3.627015781409063111e-01
1.900899174963140537e+00
-1.168296222422648301e+00
-1.397924057490441963e-02
-2.139237506407754452e+00
-6.810431149842809395e-01
2.260644609740471156e-01
1.102700053047589890e+00
3.468181493941732141e-01
7.101709097960153816e-01
6.762482237878769675e-01
-1.303491433104203394e-02
-6.920604812816649742e-02
9.198640964691174871e-01
6.899534661209115738e-01
7.818046955627261374e-01
-8.296477712928508330e-01
-2.222695391894268457e+00
5.687753741330364710e-01
-5.600794442665716355e-01
-5.991274449682594261e-01
-2.352098117158618953e-02
1.345962491808001316e+00
-9.726886933768735810e-02
-1.063147020111520763e-01
-5.025644008161371801e-01
-7.312925470360484015e-01
4.003853643579021737e-01
-6.725513979160739897e-01
-3.809981428802358128e+00
7.869142497397109137e-01
5.334941173865640485e-01
-4.211774456862528437e-02
1.785360444969919524e-01
-2.015052649813001417e-01
-2.594403904583832521e+00
7.500557985196122379e-01
1.006159381301606537e+00
5.775296693322311548e-01
4.712992024650678458e-01
-1.242167411561263979e+00
-1.056396966278858152e+00
1.812964918638387823e+00
-1.784801549038191215e+00
-8.753342564084731769e-01
-5.114103408655937821e-01
-1.115421974005489508e-01
-1.203323951329116737e+00
6.709084763063386525e-01
2.049252127464891438e-01
2.432471831088527658e-01
-3.573211144409241258e-01
-1.047979356074379753e+00
3.852152037317177480e-01
7.314859149318951870e-01
-5.666455727310627521e-01
1.347285686603719057e+00
-3.509333689167521420e-01
4.981726552837385524e-01
-1.248647416079334133e-01
1.963687507673445687e+00
8.170363612629447658e-01
8.891764744622125960e-01
-3.631664538357126104e-01
-5.783214231836281138e-01
1.269558486740214542e+00
-6.764230112056671684e-01
-5.690281910270102994e-01
-6.173902384689500256e-02
2.365931995886069839e+00
1.577100230020618943e+00
8.297822924368650765e-01
2.030596103564578370e-01
-1.375991386701747698e+00
1.153922466809689906e+00
-6.458999099560376322e-01
1.193673334688214682e+00
-6.040415937182743722e-01
2.269828472380949064e-02
8.108838285479237351e-01
3.908206723218586309e-01
-7.577241856978702561e-01
6.327120622388533733e-02
-1.327083927207325154e+00
2.780270864316324031e-02
3.717660176260160765e-01
6.506753675414919114e-01
-8.415089434792700773e-01
6.549087380496337873e-01
-1.344289111411096416e+00
-1.097971779401152759e+00
-3.118917845205421702e-01
1.208448990811634260e+00
-2.590820392088536983e-01
3.987797350988506184e-01
-1.402143835853274512e+00
3.367396881859210378e-01
2.069065433733220938e-01
6.832948026724168233e-01
-3.499923147805528156e-01
5.321588500462973714e-01
-8.876839518641316262e-01
1.444324243366375882e+00
-7.608206915100641510e-01
-3.537041510796019167e-02
1.004648031722292556e+00
6.763280533161230013e-01
3.131135031004673164e-01
4.742155330523940560e-01
1.931767851110357745e-02
3.140925837043345714e-01
