4.834845253645323471e-01
8.214260989564448057e-01
1.707719887075208165e+00
-6.832546758157692635e-02
-8.909603583644543079e-01
-1.475611020517502148e-01
1.408557391547797522e-01
3.982503174175872074e-01
6.202433119690475838e-01
-1.348863353593267922e+00
2.458796110011511882e+00
6.806485169870303276e-01
-2.351254600385042526e+00
-5.360673829419119324e-02
-2.449830970665864693e-01
4.339591062610684835e-01
6.321443835262352540e-02
-8.283537373137254134e-01
-4.263375045990966394e-01
-1.093368866361074110e+00
1.720684062300390782e-01
-2.886519911946733852e-01
1.041501614191217451e+00
1.407556849867632465e-01
2.261998359645846168e+00
9.013836286947173385e-04
-3.443235043300376663e+00
5.712602200141919662e-01
-2.758931891275127612e-01
-1.712453383543791341e-01
-1.567162118953528749e+00
-9.461976621985399571e-01
1.258428462488011101e+00
-3.225832350788761516e-01
3.669373349675227741e-02
3.005634269379487966e-01
3.051659055661871678e-01
7.633264421640653108e-01
-3.860835565593580543e-01
-7.013957366187713038e-01
7.689564667261160613e-01
-7.875997765305071951e-02
1.363449285773134623e+00
1.753348167240947608e-01
-1.240771416008854100e+00
-4.909605850950440331e-01
1.403220463110186556e+00
2.604514976089282174e-01
-8.588064954631552395e-01
-3.234649541198022504e+00
-1.143022248140717345e-01
2.935017647941737806e-01
1.540149624912402482e+00
-1.499705748200051758e+00
2.580100359118110420e-01
-8.898061205398262175e-01
1.633103983030763873e+00
6.379341260794813007e-01
5.242602442563494558e-02
2.865327977278665506e-01
-8.357465635160934436e-01
6.221755324974939105e-01
-6.626688432581090415e-01
-4.799434911649005375e-01
2.374591738228048143e+00
1.194531101415464924e+00
3.449664157219496929e-01
-9.680135031891820008e-01
-1.702819574662278734e+00
2.016741672490001414e-01
3.666418780282553747e-01
4.488202321378393367e-01
-7.143763709175281473e-01
-8.797877728775964634e-01
-9.226459702129585772e-01
8.768940297173364318e-01
-5.687217222190960042e-01
2.404936679577605041e-01
8.441070189153508929e-01
-3.219848413281605759e-01
6.606546839698272666e-02
2.735000437822188157e-01
-1.354247567750145043e-01
-6.299606567065399454e-02
2.350150676083231638e-01
-3.886306532469163133e-01
-1.412666301690860937e+00
-1.365694003394828104e-01
-8.659458985134500519e-01
-1.334007393973714872e-01
-2.385706037510028910e-01
-2.417223194384452434e-01
-1.140370820117882822e+00
-6.588570668348553427e-01
-3.317725407063837340e-01
-9.224906308600706595e-01
5.913708010754499256e-01
2.417748458800288852e-02
9.062073934379407669e-01
3.443581796509746495e-01
-6.190425780905074726e-02
9.847113195613462766e-01
9.368900478601821513e-01
4.960771793368289051e-02
8.285873321735701680e-01
-7.500947384880588542e-01
7.234726082830507110e-01
6.164695608125398962e-01
-1.489768034196465196e+00
5.009639581707614475e-01
-3.329055779487792299e-01
3.586470600185592827e-01
2.957729347548729640e-02
-1.497814112127766883e-01
-4.157780734858962934e-01
1.019650781578593346e+00
1.635495639068615503e+00
1.295578389282350251e+00
1.390865955829517775e-01
-1.013512862224104527e+00
-5.728313623946096333e-01
1.839816148092455972e+00
-7.104348575466039595e-01
-3.901855102124244801e-01
-8.270801999499960422e-02
1.147647004737727405e-01
1.246809838524562508e+00
-6.171848232297009185e-01
4.676574757427497814e-02
-1.103661675991130658e-01
1.479959994048435645e-01
6.964871080677571547e-01
-5.991183761559426557e-01
1.377651457197801022e-01
2.248047165236855272e-01
-1.299602447119679649e+00
4.858452900265369800e-01
-4.564715800119386047e-01
-1.423975022071995333e+00
6.971577518714102695e-01
3.509947365691508114e-01
5.143907802550853336e-01
-1.765260982280009827e+00
-1.352623518429400651e+00
1.091559174620524875e+00
-7.501636639616808822e-01
5.391222872917095232e-01
5.255847297708268195e-01
-3.946545257042211596e-01
1.545287677772270718e-01
8.920622942400737720e-01
-2.982648596677836550e-01
-7.367677676061274994e-01
1.465125594634338002e+00
-5.771021900362091062e-01
5.404067201177248370e-01
9.175430798644870212e-01
-7.977762794668995516e-01
3.154596600414576457e-01
6.908284233398463980e-01
-1.852973418363265123e-01
2.865525661118452638e-01
6.233174348575817314e-01
-9.453371446488530172e-02
5.366499296677529340e-01
1.599495363847342810e+00
-9.458515356030440524e-02
6.512933024606260002e-02
-3.524405386588141398e-01
-1.744169709529612700e+00
2.305957944966458284e-01
2.712988989706099918e-01
4.189563854335967563e-01
-6.884932125658368984e-02
-3.229905695682764311e-01
8.876204222892655760e-02
-1.084026017549684084e-01
9.604969018502849953e-03
-7.072117527510991541e-01
-7.666975292116235199e-03
-2.317060431479326180e-02
7.453672158689664262e-02
7.535064747222143706e-03
2.321643750421601982e-01
8.801728571897439179e-01
-5.495567681763804391e-01
-4.497909791759374110e-01
4.296238975266179483e-01
1.251882566385689621e+00
5.145986687360114553e-01
-7.461648325858352138e-01
6.104477654987329194e-01
-8.770746164317186344e-02
-1.031128302804200425e+00
2.946514848003093157e+00
-1.008652709012654247e+00
-1.616383431664629944e+00
3.715843174930523740e-01
-1.772143993049290156e+00
4.716670735378328261e-01
-1.304193872208159466e-01
4.217170202869465201e-01
-7.106149645237305190e-01
6.058668802018509630e-02
2.930124720912367087e-01
3.883449908910534543e-01
7.149877847433653288e-01
6.904987996104010595e-01
-1.385407836406885307e-01
4.749194677050664892e-01
2.283361567834583383e-01
1.751696823652650892e-01
1.324586259273468625e-01
-2.762706915154604370e-02
6.322394454226046845e-01
-7.039741672890112989e-01
6.397760400113984280e-01
8.326467621358029855e-03
-5.828380011761453705e-01
-1.212539429053114404e+00
4.702644173201263600e-01
7.564817983003074842e-01
-1.862143772434739220e-01
-4.969907863776650281e-01
2.497672134894026938e-02
6.511528556741017493e-01
1.119322776687539239e-01
-8.011724543467690918e-02
1.901761782744577911e-01
6.443402710267451816e-01
5.059233530274684920e-01
5.992384637119905211e-01
1.786021466271059399e-01
2.641510557554396788e-01
-6.318509478134584634e-02
-8.060301124938651363e-01
-1.100531317020851274e+00
4.927984931348023401e-01
2.569906036096789581e-01
-1.680061894279510637e-01
-7.662049976977173271e-01
6.103793441876533832e-01
2.140421664142102554e-01
-2.714853000662936222e-01
-1.068552306212677827e+00
5.436207861325961233e-01
2.190029766490034113e+00
1.821161994459755407e-01
8.948061872727172128e-01
-8.596509124577919048e-01
-1.085404341386135701e-01
-5.651432338388681087e-01
-3.479231630565237099e-01
2.587496164205208005e-01
6.234408889136915377e-01
-1.230129374866732794e+00
-8.428241567693465219e-01
4.491107786359656018e-01
-7.523833586777416427e-01
-1.084191776904317672e+00
4.957406705918438461e-01
6.253226401341104301e-01
-1.622602127495020308e-01
-3.457503812753177641e-01
-4.949449412761182665e-01
-7.789269575281307922e-01
-4.270897173752366549e-01
2.395586038185333055e-01
-1.828537420657319279e+00
1.231668431925514451e+00
1.540705869283602314e-01
-1.186959778349189337e-01
-1.580519967884763455e+00
6.103239834406015696e-01
3.698735408318587492e-01
1.254835055273777922e+00
3.023039145161988683e-01
-8.027321383265981769e-01
-2.638786407077097218e-01
4.319888484933032818e-02
-6.497811273914733121e-01
-6.127274618542348783e-01
-4.113564221783282959e-01
-1.477757428352844404e-01
1.415181055963646850e+00
-3.238948501581271899e-01
5.705408198564081435e-01
-1.149478518935615146e+00
-3.466302756209702161e-03
-1.316649713469138616e+00
3.376875072976021630e-01
-6.538770536813462986e-01
-1.495627433126895278e+00
7.556949552877839649e-01
1.452356682539858168e-01
7.667543850998679300e-01
-5.784112483987506881e-01
-3.446695214672132468e-01
-6.810992789813762327e-01
9.614733789045931678e-02
5.142453709689923658e-01
4.978111071720105474e-01
6.439093245505599361e-01
8.081419265169589305e-01
1.008804191080969193e-01
1.355222908188399022e-01
-7.055505396140324681e-01
4.452517195621981116e-01
2.018447922658960503e-01
7.797879160378433649e-01
3.037248651739032912e-01
6.964678754342544797e-01
5.973136883097169593e-03
2.856931522295326764e-01
-7.203033963542615492e-01
-1.168214159307799926e+00
-9.852525168236103692e-01
-8.669586139319269691e-01
-1.858837215580298352e+00
1.437540393594661348e+00
-8.530938400963845869e-02
4.158352829314943544e-01
6.584574545125360112e-01
1.832816223614315565e-01
-8.149146054774791814e-01
1.124588478302245731e+00
2.964400233372811444e-01
-1.078981277198666211e+00
-4.351695390249561424e-01
3.412786500662752798e-01
-2.213871788269845819e-01
-7.830831423402242475e-01
4.928519102345721437e-02
2.537540711425223527e-01
9.968955797826924980e-01
-6.121530983095798684e-01
1.862050098861723069e-01
-3.729978832520631782e-01
-2.100811288808916155e-01
-9.714022736319775225e-03
9.662927287111212626e-01
-3.528818335618767454e-01
-6.661199098965011611e-01
2.381809731401018648e-01
-1.266291014283872807e+00
-1.398837854990838458e+00
1.679558736370837746e+00
1.740756361414523612e+00
3.044000713797638813e-01
2.705326131842673565e+00
4.926364567786821747e-01
-1.127891743467332730e-01
7.213431621161737750e-01
-3.013935539931062446e-01
-1.656398507369533757e+00
6.073095895027738056e-01
8.920163967540553629e-02
-1.843523283096450832e-02
-6.094580302400817162e-01
2.345942211391565668e-01
-1.648444153681668745e+00
4.936785512435003520e-01
3.865324359325039705e-01
7.163356187450059531e-02
-3.971261617231556240e-01
4.866695826276740133e-01
-6.713573839110239527e-01
1.003375362335662047e+00
6.494077807546079217e-01
-4.148814217774902113e-01
4.712315993681764348e-01
9.566993231359984806e-01
3.164006742853159859e-01
2.998051181404065790e+00
-1.374367124885123581e-01
-7.935004756431658646e-02
-1.415057001224538369e-01
-2.903527297922462447e-01
1.459835388091594632e+00
-1.815676812242822125e-01
5.430784705661837464e-01
2.659559454777095100e-01
-1.391617204906284044e+00
-2.487990981516552680e-01
6.496458543429282917e-02
-4.712066174485813330e-01
2.197011406708342107e-01
2.004780345797685936e-01
5.370489663812578751e-01
4.891104645360865727e-02
7.110247951595490834e-01
-4.163953117754604638e-01
-1.467516559079490746e+00
-3.387927761505467927e+00
-4.861853143305369662e-01
7.465053413684977768e-01
1.937419045719714905e-01
-2.153924321555021670e+00
7.308180955073417806e-01
1.268712056473573491e-01
-6.563436391252904789e-01
-4.444837293969166048e-01
-3.675463935754899603e-01
-7.109106792788294493e-01
2.008347653596108895e+00
5.362776996720194367e-01
-4.411168915461291529e-01
-7.987390714087698740e-01
-6.109842341542600641e-01
8.814163144134010697e-01
1.731847646238585003e+00
1.494922187104581690e+00
3.420634390270851366e-01
6.431611757830517639e-01
-7.557853636058803337e-02
-1.422427352003183376e+00
-3.579193255233131254e-01
-1.764773401993033342e-01
7.188565180707959801e-01
-2.224619762664491462e-01
5.955306094152236496e-02
6.284039706038291317e-01
8.694507914225704237e-01
1.274671782240587026e-01
7.268100126215645274e-01
1.172460940675526642e+00
3.097749633819767423e-01
2.724740682624262056e-01
-3.192417976840489779e-01
4.194666290926657437e-01
-6.665050600077222498e-01
-3.715401292907449804e-01
3.697825457468751492e-02
1.013051666686456687e-01
-1.145492201656713727e-01
-5.199625309024612230e-02
