-9.550088759699539853e-01
1.215797015911771028e+00
4.426188749818727591e-02
-1.610345977101678983e-01
-7.312984854347377439e-01
-1.506556658732350618e-01
-9.243776156770451280e-01
8.199490197657430812e-01
7.271351160481402953e-01
-8.514855138240721988e-02
9.686676421111678481e-01
2.811713953158730406e-01
9.336613915024415400e-01
-1.456015510908964083e+00
2.284206602353097360e+00
-1.142810154509105613e+00
-1.985881186565693124e+00
-8.118466030366906505e-01
-4.002663417392683942e-01
-9.238403452251005288e-02
1.054989491899128023e-01
8.908183880965783175e-01
-7.618248981743283021e-01
2.450517911665354986e-01
1.470412192773892901e+00
-4.144936307640750828e-01
-3.940474446878080572e-01
1.653548778025158983e+00
-6.238365821096373276e-01
1.354565812739481956e+00
-9.817183124592119281e-01
-2.962031947056354975e-01
1.419245994217637641e+00
1.339052607178480736e+00
1.456787232640309737e-01
8.978330121651922902e-01
-8.877346948218388656e-01
-1.153341064958455675e+00
4.414015236355335881e-01
1.467554732878117552e+00
-1.772461979802510079e+00
-1.437025641069021642e+00
7.317514980058057450e-01
1.595458157257823029e-01
-1.220321531123001041e-02
9.029677968168482449e-01
1.455913218127378450e-01
-1.139839951153901909e+00
-5.892023299898879740e-01
-1.387515012302156903e+00
-5.720193995341983639e-02
-1.979644609897209667e-02
-1.072478245301577759e+00
-8.903471650505174750e-01
1.698742273439837192e+00
2.653984938553279438e+00
-1.240130048932422291e+00
9.053411358626379801e-01
-2.000650304533320600e+00
-2.267832964479745694e+00
6.728871440044248420e-01
-2.016102093166959985e+00
-2.157534297832869541e+00
-1.489953985984380891e+00
6.334997849960923855e-01
-5.324886133706845381e-01
7.403391267923799257e-02
9.768515539723950925e-01
7.206819866092646354e-01
3.325261852821808084e-01
1.325004725693877283e+00
5.593984902765763989e-01
1.332332620314895300e+00
3.123428274898416013e-01
-1.110580733705716527e+00
1.631284492300478339e+00
4.562469864557471000e-02
3.798663541261623422e+00
2.977582822998771361e-02
-7.196495114373233637e-01
1.138957801801562475e+00
-1.040843143569968321e+00
2.425217978507717032e+00
-9.384812563406271790e-01
1.073682316894542410e+00
-1.865725448622624905e+00
-5.688383121418006949e-01
6.834223667546482917e-01
-2.065192308992984671e+00
-1.266723837094495542e+00
-8.127671025859353193e-01
6.051787994250098501e-01
-3.419811870245103580e-01
1.971297009788598453e+00
-7.520727908017325880e-02
-7.317696259428932981e-01
4.400553624205471581e-01
-1.272693878792703348e+00
-8.826269378202084015e-02
-5.673896656460645227e-01
3.848419036618339062e-01
-3.232056459641122204e-02
6.423722651911298875e-01
5.683967988197942134e-01
6.014831425604468818e-01
4.075899350636734697e-01
-1.256590988278582177e+00
9.416128931181213524e-01
-5.030125723896317069e-01
5.119288135062540768e-01
9.447578939829008871e-01
1.989341270310857612e-01
7.292874914420192090e-01
-5.850662298172486508e-01
1.208605467349258333e+00
-7.405336083287874516e-01
-5.427973054922089480e-01
4.764000768361060789e-01
1.743546861464284337e-01
7.986947626322857263e-02
1.051136226160270387e-01
2.175638342469095932e+00
-6.944363563956706953e-01
-1.566972011645451524e+00
2.415393871000337811e-01
8.990898063255712280e-01
-4.498444699846856215e-02
7.854226396633720020e-01
-8.027565742439732865e-01
-1.914834454149652865e-01
-1.231230837128044264e+00
-7.420327035597340526e-01
-9.109518765912699712e-01
2.288879523170084695e+00
8.407664380547156258e-01
-1.031649138959855216e+00
-7.793110072905692354e-01
-1.287586346331548004e+00
-2.935596885123305938e-02
1.875947875346200666e+00
1.090694862164295786e+00
-4.137940086826528696e-01
4.179675335063000596e-01
-2.248320999637933859e+00
-1.244839098124654209e+00
-7.179143321321517224e-01
8.682458171286997484e-01
-6.975582972210609967e-01
7.375038005207693592e-01
5.648204863214882909e-01
-1.115807308690073496e+00
-1.644450140613543665e+00
2.467796966110827050e-01
1.997434902843351789e+00
-1.030795217578757361e+00
-3.800284124460396457e-02
3.466265469480057648e-01
-5.526187439686136571e-01
-2.372044288846942850e-01
-4.812321165537593592e-01
2.325675986476556822e+00
3.336732519381001572e-01
-8.304988046617687303e-01
1.259252903493278897e+00
1.903086083906760095e-01
2.012254318675507303e+00
8.272640664981989467e-01
2.480336860193358556e-02
-1.260568870300300626e+00
-6.883931379683049245e-01
-3.852185672597346899e-01
-2.690504570868016976e-01
-1.562751984625920354e+00
1.521125293576762738e-01
1.371781849178276502e+00
2.077193247347302457e-02
6.966589290266402834e-01
-1.548217817238208394e+00
-2.046855689236054765e+00
-1.040186540904435519e+00
-9.849802051680217607e-01
1.889186872957049346e+00
4.809402197935712664e-01
2.192528805801252645e+00
8.329249247499966868e-01
2.233384898001412600e-01
7.851080290977789922e-01
1.355352644863355438e-01
1.300781162517367084e-01
-9.269219661461882698e-01
-2.055655969517081516e+00
9.614062496507155275e-01
-1.392496142810545789e+00
7.697903587568657446e-01
1.180802271735578834e+00
1.010872654930626557e-01
-3.313151796140019201e-01
8.338233529976404323e-01
-9.417016267668205654e-01
-1.095253790909619246e-01
1.293658520573002901e+00
-5.557558432871008147e-01
4.574398399801921089e-01
-1.301240900708975134e+00
3.845815012176515779e+00
-1.042714842341190051e+00
7.870206949826663578e-01
-8.893257177479010345e-01
-3.936069456419060697e-01
-2.315222970733091579e+00
-8.835240194847613360e-01
-2.958958087898531653e-01
-1.796906219189751575e+00
-5.562193870761181769e-01
-2.559478111847012793e-01
1.168344240103730003e-01
1.456960880126429103e+00
-4.627829370008360033e-01
4.948012351455244873e-01
-5.085216891011441476e-01
1.002397150155964339e-01
-1.419986518249575891e+00
-1.810164539731057842e-01
-5.987259921512264604e-01
1.010571750414401282e-01
-1.442738361410688119e+00
4.159663106514663866e-01
-1.335439499478849601e-01
-5.091573019279459489e-01
1.357631354781999145e+00
-1.599291496356634312e-01
-2.988684745886271976e-02
-2.692560953692781367e-01
1.105773425140148536e-01
-2.386195399211745727e-01
2.455315276470816599e+00
-1.604196817245403972e+00
-9.020958187793809424e-02
9.296368334702312941e-01
2.698924409037886316e-02
-6.719213941243288302e-01
-7.688474809482285233e-01
1.357867098796681181e-02
3.100713391368380423e-01
-6.593712743744195581e-01
-2.902214914512711297e-01
2.898399814536256613e-01
-3.091140331925605333e-01
4.169343469154039306e-01
-1.238610164641263250e-01
-4.605039879017062132e-01
2.078188278070306705e+00
-7.753919802048062637e-01
-2.364188049830723837e-01
3.241222308989215595e-01
-4.437110668164296334e-01
-2.481047474441103531e-02
-8.453745284102238688e-01
4.395636800449909121e-01
5.093703327687254534e-01
-2.702933244896414400e-01
-9.246385308003783610e-02
1.175282720340070863e+00
-1.811173552718182478e+00
3.917926311040129117e-01
2.440445532012045504e+00
1.220956301784267728e+00
-5.688279223125184414e-01
1.357282900256285008e-01
-7.460376362763161406e-01
-2.135436818706708539e+00
9.211981093148168265e-01
-3.789803057941669717e-01
4.685061158908642165e-01
-9.396155095061592410e-01
-8.649473472759430237e-01
-3.995810548003995710e-01
-1.154368124382797012e+00
7.944469588881417632e-01
-6.915183057114641096e-01
8.522290150750458926e-01
1.230288311525209011e+00
5.131035264269639268e-02
-1.558181161989758534e+00
2.179768518446182135e+00
-8.755890528186442978e-01
3.085933103322742732e-01
-7.748495408220488212e-01
-1.303496888580196522e+00
-1.646226037449637802e+00
3.215519103017465685e-01
-8.830724234225089120e-01
1.518572850547859288e+00
3.394110309423158389e-01
-5.044990213687903235e-01
3.404200556280250201e-01
-1.687141697849416255e+00
1.490924961976741070e+00
3.014544462124825408e+00
-1.397714061545786146e-01
2.004703441166657107e+00
2.147588479437709530e-01
-2.193385695030251270e+00
-6.559948999240536871e-01
-3.541148991528935697e-01
1.548316136842041724e+00
-8.289741702522986089e-02
-5.803503586709999329e-01
-9.979303404309861070e-02
6.378123796615252639e-01
1.872575065081958645e-01
5.575794023609774719e-01
2.832163796217088136e-01
-3.897419451957258585e-01
5.821109891622942012e-01
3.345106255457185040e-02
-1.646610126519692852e+00
4.685843717403918585e-01
-5.059034941043311084e-01
-2.197612115482908135e-01
-2.831112775924612968e-01
-1.794200028445974926e+00
-1.517393144940917038e+00
-4.503384866502019301e-01
5.667641013943498507e-01
4.864078821866135716e-01
-1.318320831097927748e+00
-5.281593218931254219e-01
9.048075601168424631e-02
-7.556715003519017815e-01
-2.375025287629868032e-01
-1.125345755538817327e+00
-5.430042366250422692e-01
5.004972392089506172e-01
2.171344737894529420e-01
6.388405664297244213e-01
-1.063749722216000393e+00
-7.576470496145324418e-01
1.889228008434602479e-01
8.334911118036157918e-01
-1.075294299334356385e+00
-8.275685655312612354e-01
5.869239792376159531e-03
-3.362938393467920783e-01
-1.026438692616459258e+00
-3.612831490269601264e-01
3.373709915162310669e-01
-3.886635148097180026e-01
1.150284266075171979e+00
-3.534272396088811163e-01
-5.553688226290236507e-01
-4.138039049889576937e-01
2.680361871087900139e-01
2.087403076873284302e+00
3.854776385440309566e-02
6.996362840752193279e-02
7.425477077912839841e-01
-9.607019282404533067e-01
-8.546450046131456313e-01
-1.255800533561154952e-01
-9.108826092296955501e-01
-5.258293197179816358e-01
1.330008834554345265e+00
1.109680901799186964e-01
2.762390105233415369e-02
3.907406589860769608e-01
4.930677754298111448e-02
-1.690159568820709834e+00
-6.743315196809834822e-01
-7.071346761222883082e-01
1.096720029118040118e+00
-1.421595800238538709e+00
-2.271480148683568401e-01
1.729561670767608916e+00
-3.789310511822860383e-01
1.338271452506209380e+00
1.002340476327372887e+00
-1.665807586912657623e-01
7.410368511572816841e-01
9.602710995439019959e-01
3.841776936764880190e-01
3.571268006784865390e-02
-1.143002257866869043e+00
7.886245132540083136e-02
7.342347808441989088e-01
3.207144765884016202e+00
2.649084297342644834e-01
2.616858421524144163e-01
6.309309650684006288e-01
5.129726995532241096e-01
1.879972683119285337e-01
-8.546987909121136484e-01
1.632782944067045008e-02
4.906618843484802373e-01
-1.827527656038617332e+00
-2.070435299756604675e+00
7.038003221165236578e-01
2.788801059345482058e-01
-8.695465274139070333e-01
1.311713586359261052e+00
-5.438159100990319628e-01
-1.343371230462782284e+00
-8.145339629211247878e-01
3.664174726000526960e-01
2.721428246864188161e-01
-3.627569682998500467e-01
2.944251772971172576e-01
-9.329320756097068124e-01
2.078736683882409231e-01
-4.517592167479559384e-01
-8.028752002904278040e-01
1.097874687760469259e+00
7.206256243635714709e-01
-1.207845781072204305e+00
-2.271170835647313285e-02
-4.685410492415865713e-01
-6.881878419414432235e-01
1.502632558429652487e+00
-8.303104525564523053e-01
2.754038573831388836e-01
-4.759277647497551778e-01
1.212655394275274245e+00
-5.906457017115537139e-02
-9.814769380307775126e-02
-1.289928294965767552e-01
-1.035258836930539605e-01
-7.674964974362186165e-01
8.535454302191887166e-01
3.119931236570830935e-01
1.808694360262221579e-01
-5.872769226791303421e-01
-5.297439470798592787e-01
3.868846112200148846e-01
8.932866383509507902e-01
6.703030057556693677e-01
-3.772669603946204320e-01
