1.670182978323751510e-01
5.196297191324693587e-01
1.428913424836657231e-01
4.381837292374941017e-01
-1.009259672699188704e+00
-5.678562655005843229e-01
7.234159385069853787e-01
-3.124244773229093997e-01
-9.839438652508745164e-01
-4.159559206454836455e-01
1.002224361413977194e+00
-2.089730154922969374e-01
-1.474301081033872585e+00
3.706721354054876016e-02
1.317384251012024610e+00
-1.527051385622470170e-01
-1.041401655105335111e+00
-5.136789820022044095e-01
-1.494079654394697421e-01
3.314372591428608184e-01
1.126498357235098391e+00
-1.667269725865001329e+00
1.976320096881351018e-01
4.505399539175679591e-01
2.107470444282912858e+00
-4.031337518226234540e-01
-1.996539817894061111e-02
-1.712485589545116593e-02
-4.123283608312024867e-02
-8.139859631382232452e-01
1.472780677984745490e-01
-2.607455809512055911e-01
1.554838938919424152e+00
-9.426512687081303188e-01
-4.604986625595428595e-01
-1.378248975835450196e-01
-8.917379102126673507e-01
-6.700378602832575137e-01
1.086259161977953525e-01
-1.016022592435813943e+00
1.120176887193888859e-01
-4.988009533735561774e-01
1.158741888395993014e+00
-3.427355482321152724e-01
1.200492914842337111e+00
-3.907645216562584123e-01
7.696296999452967302e-01
7.792492874012502124e-01
1.347934477479285909e-01
5.303999935386333187e-01
-1.591772746181022713e+00
-9.616711599971380364e-01
5.875783882495714261e-01
-2.097047415015784289e+00
7.601489300309615116e-01
-4.477457842264414255e-03
5.753138560669396329e-01
-6.138921659576150880e-01
7.616641152094961731e-01
8.084428875386742153e-01
1.490168177102372260e+00
1.724124200590522848e+00
-9.996253662107891236e-01
-7.577879209041181729e-01
5.542225427451529240e-01
1.139410561083892270e+00
2.463587188086687474e-01
-1.694510053697866614e-01
-1.024887101141057355e-01
-4.124911821897608161e-02
-6.457747969211214967e-01
-1.549709083470918403e+00
-1.146821967865904623e+00
-1.521619707263915711e+00
-1.708465070466695657e-01
-1.393380106084476100e-01
-1.163064024754162151e+00
1.469834015656063197e+00
1.553455669225992930e-01
1.267428570991208758e+00
-1.319012169241365662e+00
6.878171388878548953e-01
2.351517703047898700e-01
3.313779304891723010e-01
8.599488766115280791e-01
1.026798972889895883e-01
-1.010613757823453085e+00
6.264091223636537586e-01
-1.669224183487856283e+00
1.287379037322525566e+00
7.366564882653385549e-02
1.228161472038107771e+00
-5.673792008876952231e-01
3.877651906607350596e-01
2.540030667293173283e-01
9.966226102301570799e-01
-7.628418513748802532e-01
-1.384869663115964322e-01
3.537937919683758481e-01
5.240959368020980946e-02
1.259256409113022612e-01
3.875570810940120459e-01
1.068168316866849210e+00
6.810323301378982119e-01
8.062305616659252161e-01
8.743392892051552456e-01
-1.265753782951276607e+00
-2.261459597978309755e-01
-1.181385032143520863e+00
2.510722470416080765e-01
1.116634791665516380e+00
-1.058852993938394160e+00
2.786546944188659537e-03
1.308123185321600768e-01
-1.026247882602705497e+00
-1.223009359818570729e+00
1.526746456126846507e-01
1.397817601856974568e+00
-5.844245465316038057e-01
-8.387536221228099054e-01
-3.128062089129686751e-01
1.230714160091532922e-01
9.206940437973080149e-01
-6.544418588493747801e-01
-3.791351277705346523e-01
1.768517206214060611e+00
1.325799308893981454e+00
7.181911967150192977e-01
-8.281629065933922007e-01
1.842165972444618882e+00
-6.232061330114673225e-01
1.767779439446280021e+00
-6.557011973080393297e-01
6.972547696038919884e-01
-1.651585203127806933e-01
-1.157452224102528904e+00
-5.219798363025972970e-02
1.555913103177090084e-01
3.225796102718748171e-01
9.265033129299599102e-02
2.598141243178025972e-02
4.132101067496791319e-02
2.341232287917853760e-01
2.886393896728819963e-02
-5.019952796739011180e-01
-8.898828736414204910e-01
9.717096132288023658e-02
-5.214780851398730377e-01
2.955783584434079625e-01
3.719852189105503082e-01
-6.000052690169495051e-01
-5.063122733971460177e-01
-1.182992116488654544e+00
1.514655117341612012e-01
-7.585977692217898971e-01
7.301427805079823141e-01
-1.895624535013261669e+00
4.505633901541021280e-01
-4.076357688663324041e-01
-1.055456796213164183e-01
-6.484654988507292106e-02
-2.742683855901763001e-01
-1.109386520805160758e+00
1.013669352542564406e-01
3.308897637064514563e-01
2.660305069531108679e-01
1.574457069104745921e+00
-8.608483471471118920e-01
7.970788511083617411e-01
-5.949881163103962756e-01
5.432548951940610049e-01
-1.969427582386746589e-01
5.498298641289161015e-01
-7.639372634164864895e-01
8.642716247928882156e-01
-1.103456255644804651e+00
1.426917947407512210e+00
-3.353668901720226470e-01
-1.533626060220603993e+00
7.476686326289945228e-01
-9.485211553664169015e-01
5.389143286862053683e-01
-1.322466172998581158e+00
-2.257135882043930647e-02
1.299805997900180254e-01
-1.237160931049022139e+00
-5.310481282735223241e-01
1.081939757531201307e+00
6.409643943753895456e-01
-3.488384878477648332e-01
3.659277983909819953e-01
1.825240253186951322e-01
5.008996028691642399e-01
-3.032849088229828682e-01
3.058621876550333241e+00
3.732574810393118891e-02
-9.364953370638096075e-01
2.628189788398085369e-01
-1.385242088059248200e+00
-1.900275016920515980e-01
9.727118145322321760e-03
6.697870844577461513e-01
3.839328545434600448e-01
6.634184527657573938e-01
2.986070021534440455e-01
-1.087587185013475954e+00
-1.636776469898717778e-01
-1.058252734278749690e-01
1.025548639774610082e+00
-8.071809881341129866e-01
6.448880539026758951e-01
-1.905216465777155088e+00
1.039171964095691458e-01
3.482202595493494313e-01
-5.042906087403908888e-02
-5.576946704259863052e-01
-6.738714351684855774e-01
-6.195440544514604353e-01
8.262859072167683117e-01
6.116708456628634494e-01
4.894882475043384473e-01
-4.419223525305124994e-02
-1.673225632699545939e-01
1.674455926309236675e+00
-2.512837423586367080e-01
7.398532314312045166e-01
3.448345289191538654e-02
-4.041199750610616204e-01
1.025262560905834563e+00
-6.787594060404567031e-01
8.698098173315784720e-01
4.115815574625323880e-01
-5.780727592022236183e-03
-5.634333037382154297e-01
-1.621366492150953520e-01
-1.103838574497857383e+00
9.366437301970896578e-02
-2.056601084841632954e+00
-6.049147716273807207e-01
3.595733227609094196e-01
-3.871416359658945150e-01
-1.173744743462554974e+00
8.879798685870859964e-01
4.713689114155558135e-01
-8.958139079194601395e-01
-6.627763890703148864e-01
1.141116165360511747e+00
-5.825177956704716831e-01
-1.117497022321589872e+00
1.821448733911733342e+00
-1.290115253409047202e+00
2.981581936796884880e-01
5.743810226179593137e-01
-2.998653379162781740e-01
-1.013085632413630588e+00
-1.774125671612143407e-01
-9.930357083675862839e-02
-1.256568073708196565e+00
-6.305298011234587996e-01
-4.041436188795067830e-01
-1.665882405885306117e-01
-2.969357125857929880e-01
-9.915098654347187512e-01
5.206765165349789282e-01
6.201542746017538743e-01
-8.661808145030617245e-01
2.220566963467577315e-01
5.166558648349561800e-01
-8.214120106385971454e-01
3.581582186933047196e-01
-4.223877176519071908e-01
4.079916352690926562e-01
1.864244333782733853e-01
3.212385684986402423e-01
2.076576151526333125e-01
9.567975509598450889e-01
1.177693737042482258e+00
2.782921036408113058e-01
-1.695080548545172539e+00
-9.583467773847081927e-01
-4.323559039731790787e-01
-4.942912774702295509e-01
-2.730860246845904712e-02
-4.598661881578586241e-01
7.378521719002377466e-02
-1.224240128203402250e-01
9.247639622516501401e-01
-2.388064086728776680e-01
5.229683590674560900e-01
3.069315616270328895e-01
-2.348938466948407300e-01
1.399266848355122717e+00
6.047724687455688364e-02
-9.001050715728182716e-01
1.313359773672307940e+00
-2.006952326393371511e+00
-1.050218398662283059e+00
8.852939888047880457e-01
9.567269765056423125e-01
-1.500957879334701373e+00
3.733086332297550491e-01
2.737300964990628804e-01
-4.381221786241337179e-01
1.022800971914952450e+00
-2.673544023401968617e-01
4.651580003265869401e-01
2.657020953720551915e-01
3.612888949014634310e-01
3.176708671127815298e-01
1.747344950573437083e+00
5.350661775065205239e-01
1.654416568021956468e+00
1.817681827061341293e+00
2.851892455032964749e-02
-3.033222881279548089e-01
9.411853844291201421e-02
9.665950055826273701e-02
1.413468985821807911e+00
1.190083333721177583e+00
-2.787489398154959774e-01
-6.675691879670659912e-01
-5.179411970872314086e-01
-6.455819787258770814e-01
1.678411109808320756e+00
5.088332954749722470e-01
-2.718563771576228971e-01
4.147695465894856159e-01
-4.145401265936265456e-01
1.071414577206935448e+00
4.109705029154924638e+00
-1.669828591341258273e+00
-1.041795934875620500e+00
-8.820351512239869851e-02
1.309999445262513662e+00
7.613358022234624212e-01
-6.877841223504036483e-01
-3.151272738881257807e-01
1.130424493505965966e+00
2.504807676608322708e-01
7.431671029417762364e-01
-2.503506475680003507e-02
-2.448332270799574023e-02
-1.941272778662095799e+00
4.112043705791986609e-02
-1.223826574122987898e+00
3.406002337483471365e-01
-1.938942699439065442e-01
6.072578182539987157e-01
2.126268340626714937e-01
5.095982638486702410e-01
8.203892038791580354e-01
6.491002092528785905e-01
2.838272841423167270e-01
4.053290012196070213e-01
-2.144642312635934633e+00
3.872791692469386149e-01
4.974353105487733934e-02
3.327253462679976015e-01
-9.103945567193004740e-01
-3.185024021306538944e-01
-2.225157254676760399e+00
1.312984958242980005e+00
-1.564817735335002902e-01
9.077320433359532537e-01
9.668192680652646365e-01
-5.706980677819611936e-01
2.534083824040104238e-01
1.301260204474663063e+00
8.872028486477001596e-01
-2.298801848541649206e-01
3.850869482651736453e-01
-4.506226562577640427e-01
-3.375690343710503472e-01
-6.481544205527871305e-02
2.618716525610059187e-01
1.038600815437660946e-01
-1.390537059967658085e+00
-1.160379221825713847e+00
2.073212345531982415e+00
1.245300097235423342e+00
7.294430243520100277e-02
-5.552034041437804435e-01
-9.138545235296148261e-01
-9.590405221198639030e-02
-9.791721692224843177e-03
2.250867660827405636e+00
3.567219511171337842e-02
-2.265512269543798196e-01
3.582984422980672323e-01
2.973303998732523823e-01
-3.952151506027688499e-01
1.154956986229908056e+00
-1.222259851654841301e+00
-8.393314394187307848e-01
1.069290739295081671e+00
1.013427042577093262e+00
-3.274603090179854514e-01
-1.206978488142804062e+00
2.117049212982550221e-01
-5.269695905872954222e-01
1.254569855627371222e+00
-2.386321966938884653e-01
-9.437797520916132443e-01
1.799006087586777491e-01
9.869403649904380238e-01
-2.361264020804109808e-03
-5.765965188510530082e-01
-3.821067730233563831e-01
-9.463516191176274406e-01
-5.558759766781300460e-01
4.012932401256790738e-01
3.374048997771453839e-01
-1.577605208243781365e-01
-4.577296565229010961e-01
-8.462492313856516679e-01
-5.715841183545927739e-01
-9.027362958179310226e-01
1.026572356558215438e+00
-4.519372100847906526e-01
1.532621490492275251e+00
4.551978370055398404e-01
5.746443711622121198e-01
-1.354965767441438373e-01
-1.731402898169339677e-01
-1.482426259836415183e-01
-6.275604174824093162e-01
-6.555642404158796843e-01
9.308148802123401566e-01
-4.713918781399422109e-01
2.298390805318222541e-01
-1.049546150091477781e+00
1.584281561142202310e+00
7.643705210159443819e-01
1.909896858206694192e+00
-3.797784826842883765e-01
5.212349893345256946e-02
