4.791255932690005603e-01
1.267667277284161953e+00
1.175058543056867189e+00
4.938755255332187288e-01
-5.698403477496835068e-01
-7.617828135315574123e-01
9.683698061552985514e-01
6.763320612230353523e-01
-2.000508968751071315e-01
5.106247779085070215e-01
8.921786948174256215e-01
-2.656902530421691999e-01
-2.070665141760490879e+00
-3.235995976346022207e-01
1.466597955271367493e+00
-1.430526508276630249e-01
1.354039435805090008e-01
4.406668156287716492e-02
-5.715965574325803100e-01
1.268510438152425923e-01
2.979096564129065650e-01
-8.596020573020449751e-01
4.573335982284792989e-01
2.862496164447353442e-01
1.166223402021502320e+00
-1.710702464868043282e-01
-1.355655305220895501e+00
1.182729565182116582e+00
8.578261437546637058e-01
1.172150643225328692e-01
1.716374752213443711e-01
-7.115061001951161757e-01
9.763365690891725457e-01
-2.160622231658091905e-02
6.288074713191506016e-01
-2.283724357564492213e-01
-1.071477295877403035e+00
3.807431221914702180e-01
1.174611432373025011e+00
-1.047881079674597427e+00
2.941622305464137721e-01
-2.656136637803731548e-01
3.352062877939146479e-01
7.560144573314696581e-01
6.971016464535412238e-01
-2.923376984801704520e-02
3.590946029262286898e-01
8.644281151549672026e-01
-1.948951859641604445e-01
1.130524203742230727e+00
-2.505137717753345594e+00
-5.055433618533977658e-01
8.810455707159520200e-01
-2.492231925600213671e+00
-1.293912763865958347e-02
-5.487636748816669963e-01
1.326013440652645592e+00
-1.806589616436763690e-01
-4.089420824457445230e-02
-6.675807473882560128e-01
1.342921317075548293e+00
2.935847458946404753e+00
-1.483286981485163747e-01
1.150787769311350378e-01
8.177804665432046871e-01
1.214000291407526966e+00
8.827967658764843684e-01
1.828737035232242680e-01
-1.113190080712094243e+00
6.120001039554071598e-01
-1.581394599224079656e-01
-1.358043049181149264e+00
-1.083626691613396531e+00
-1.127211144996757008e+00
6.793463057847001774e-02
7.208175337756366208e-01
-1.437568144238358769e+00
1.879942297808479879e+00
4.949472115041319009e-01
9.042178500984631162e-01
-2.366116148111803985e-01
1.376969451109111287e+00
3.193538955861602857e-01
-2.595050220119648476e-01
6.614395939080798259e-01
-7.321242951614027605e-01
-1.114103077622875970e+00
4.882447059356972985e-01
-9.964868569007759858e-01
4.221475515536934897e-01
7.050994691068275533e-02
6.166668171282752020e-01
-3.248407354223267762e-01
-1.407490829592425718e-01
-4.043502392964780645e-01
5.976068767073550864e-02
-1.896311171830756814e-01
-1.027941716879974043e+00
5.808767500998041067e-01
-5.765535095190787995e-01
-5.973344769835975399e-01
3.090641391050354403e-01
8.461517132238438599e-01
1.348377925507986186e+00
6.212881634226267158e-01
9.334169445785780450e-01
-8.512798588070094041e-01
8.580969408774002938e-01
-7.506940523864636949e-01
-4.805852081081468663e-01
1.196644306350499232e+00
-1.017581059023911605e+00
5.928282155609964493e-02
2.968761024266517445e-01
-7.081787091667869349e-01
-4.700774348955242821e-01
1.651494244244484100e-01
1.631144746099875364e+00
-1.173855404664846391e+00
-8.569791414002941865e-01
-8.015631975901302830e-01
6.555740590299993231e-01
4.972736291849016443e-01
-7.986860155357945468e-01
1.009951058490493186e-01
6.983168981669655162e-01
5.758891691476931696e-01
-3.314224326009634902e-01
-4.056501657756833024e-01
1.153002067588624557e+00
-5.660536568314475381e-02
1.289361339790402017e+00
-4.356035079775466556e-01
3.704149784944253676e-02
6.932449983676771676e-01
-1.714424977085065027e+00
2.487945431778791072e-01
5.815816462156110367e-01
-7.127469749415674682e-01
2.544451639810076382e-01
5.342915249924486965e-01
-1.397397383202091808e-02
-1.000412597990878893e+00
-5.898076215773201403e-01
5.236807358808186486e-01
-4.405900657200493287e-01
5.917136391744485246e-01
3.704186084564446979e-01
-9.992313081203516578e-01
6.488143041552028034e-01
-3.081093500677004604e-01
-1.049250781078498562e+00
-1.920584297571057142e-01
3.388143953359502580e-01
3.181244191675691724e-01
1.205372774348566212e-01
-2.905819258080563627e-01
2.610161285023183675e-01
-4.625166517293545776e-01
1.118933545148001474e-01
-6.578923807138428170e-01
-4.838077828298561478e-01
6.170875892702755161e-01
-1.659012630883379413e-01
6.426912843735936853e-01
4.619727853174659948e-01
1.793310950706457518e+00
-2.804716826490026294e-01
5.324396340708769104e-01
-2.024172830515713895e-01
5.257922137150489172e-02
3.129776727866014352e-01
7.540025565459687606e-02
-1.153760118087767683e+00
4.345358667517722484e-01
-8.991055146502247020e-01
1.077885380146907934e+00
-5.437462699333072136e-01
-8.510752852030203375e-01
1.009656261237399516e-01
-1.395964425387553165e+00
9.774422389845790690e-03
-7.625862519842184772e-01
1.564201310703051614e-02
-5.225770432498230006e-02
-1.377466467258746441e+00
-3.702946651550312329e-01
-1.802195630893609624e-01
2.202733162871149120e-01
6.419706112910593676e-01
-4.271295646198894347e-02
1.557926732485511445e-01
-5.887468647810955025e-01
-2.384025937640517068e-01
2.372901352710687473e+00
3.217866034388691121e-01
-3.268979805522825854e-01
-2.032277740338674643e-01
-1.198165757839410039e+00
7.968159652139765736e-01
-6.919065732472964858e-02
-1.178994271739378236e-01
7.336712233934317151e-01
5.190108386278659280e-02
3.763413038932005850e-01
-9.362756974423530609e-01
-5.439218678406440022e-01
2.836487530575308447e-01
-2.140226563996589504e-01
1.055342792739991653e+00
7.096416411615775743e-01
-1.639579860398100442e+00
5.168427869519316431e-01
4.496417675372454958e-01
5.952484210740620618e-01
-4.146561466709574040e-01
-4.532840311195617811e-01
-6.262739154724852320e-01
2.091835420261426992e-01
-2.284450138083085960e-02
-3.510780739939192707e-01
1.034416756191895367e-02
5.272067432029076128e-01
9.809847698742933941e-01
1.205071493050904330e+00
1.313173547354477666e+00
6.002881868818946698e-01
-6.338153971981286272e-01
6.159152069641208316e-01
-4.117608025368641594e-02
5.545815036836198031e-01
4.504286729926532673e-01
7.281399356573982178e-03
-1.433494668783618087e-01
-1.252996476661237361e-02
-1.599964473620566624e-02
6.488083828417885723e-02
-1.772824110263477859e+00
-3.676791476063220876e-01
6.692150435547045140e-01
-7.646001774586951294e-01
-1.786700480430635785e-01
5.173992974101720987e-01
2.081960445649513325e-01
-5.506984547298952037e-01
-8.367739035812693515e-01
2.063498481485332992e+00
2.242354966452880446e-02
-1.739425381730310902e-02
1.311446975182235519e+00
-1.420971533297437972e+00
-7.236754238322675725e-01
5.397344859510923021e-01
-2.193633512659275420e-01
2.206428565290562138e-02
-3.716116466434923882e-01
-6.767422211061849824e-01
4.570098814524561903e-01
-6.514756675286768051e-01
-1.685591765675233111e-01
4.700720657444425465e-01
5.316543885456685992e-01
-5.495954715049100603e-01
-7.345927432638195420e-02
4.968744156364413023e-01
6.024815025627347498e-02
4.140908248385695711e-01
-2.855153814723817018e-01
-4.072833731585755457e-01
6.321190477019151821e-01
-5.432672036108540659e-02
-1.639772235078063856e-01
3.736309264289156551e-01
7.105836343469995597e-01
7.093266731056895313e-01
1.963763386139588951e-01
1.924881751066418012e+00
-3.178410822768138466e-01
-1.912295388889611258e+00
-2.736076864497228867e-01
7.721433497146681368e-01
-2.839665431549381336e-01
-9.492478906985876708e-02
-5.420640933025552277e-01
-2.173198264089855336e-01
7.104424657109454921e-01
7.012521057920179102e-01
-5.776053996442904737e-01
-6.516675863355940734e-01
-3.020734134223916900e-01
-2.262787626922535267e-01
7.000707506685008852e-01
4.320788441093171839e-01
1.432173756209232929e-01
7.732609367171691117e-01
-8.585752373169821539e-01
-5.138617036946107053e-01
5.749534321040637996e-01
2.370106103863132280e-02
-7.870103138513636631e-01
-8.396101508812765790e-02
-5.303456101077307361e-01
7.507065495475505335e-02
-6.068999272304567150e-01
-8.732127165558083853e-03
3.608211612908870380e-01
1.045602194427347753e-01
8.966470424726956656e-01
4.617048563237086123e-01
6.748132723833998314e-01
-4.452915804085352119e-02
1.317032891163169905e+00
1.187135051627915994e+00
1.211773789452061795e-01
-1.147066011108990313e+00
7.808497452683396123e-01
4.285832528805785802e-01
-1.828457073147027323e-01
2.502530525948813978e-01
9.574966974572913792e-01
-5.958945377463016335e-01
1.937331549476512260e-01
-8.268249209816869172e-01
4.536252184703676305e-01
3.533606926004548288e-01
4.416556744800292922e-02
6.849016692014604502e-01
-9.128432755768628448e-01
3.717284995008368065e-01
-1.030432840020061969e+00
-1.589184049545479205e+00
-6.008143426758016936e-01
2.846767041370794060e-01
1.120124978569823737e+00
6.972644651648965963e-01
6.391848991029493166e-02
-4.372724759089793856e-01
1.070981754827055266e+00
-1.235732177650963187e-01
3.672446779079867052e-01
-9.123371503279582850e-02
-3.405675473426219430e-02
-1.322938688223018744e+00
1.486720338643685302e-01
-1.494023693504827444e+00
5.403734292273909556e-01
-7.953831251858364815e-02
1.029880272666278573e+00
-6.712883940677222272e-01
6.554246987411477265e-01
1.658109085306685104e+00
5.178340799977224629e-01
2.237886356427708223e-02
3.708277790516230632e-01
-1.922865493855235641e+00
3.052870826149202688e-01
5.389025584957628512e-01
6.921034263138146070e-01
-6.343639182090549111e-01
-7.080149339497329164e-01
-2.628170041248446331e+00
1.218083994346921495e+00
4.819575280257174521e-01
6.884282585924724751e-01
1.253823541835379141e+00
9.102011867895593022e-02
-6.288865985339534559e-01
2.097442608179990842e+00
-7.523114989282123632e-01
-4.733218840451305920e-01
6.684881061383097789e-01
-5.567994461450066490e-01
-4.964774374395206080e-01
8.281050173532045200e-02
-1.204919325559718618e-01
7.273236889341997413e-01
-7.052917579280633120e-01
-2.409127401073682950e+00
8.190169155971439574e-01
1.335465592989613093e+00
-1.068331845865246599e-01
1.896456407142060319e-01
-1.183765593829452678e+00
9.020881667961577755e-01
3.772446367835530223e-01
1.856053378378659913e+00
4.403658386030211425e-01
4.510703027384355135e-02
-9.814237603549733069e-02
9.477027533385133928e-01
-3.454351771421776962e-01
5.287823500267967436e-01
-3.407000156307068428e-01
-1.077631298587743203e+00
2.712270519760622833e-01
1.093052361460695066e+00
-1.911530667649076753e-01
-1.431813951884462144e+00
-9.635852107169537439e-02
2.656618074048546774e-01
8.148676654168210409e-02
1.304857473680871294e-01
-1.651038356176995014e+00
-3.544959368136585409e-02
1.896755978686857746e+00
-5.595320273187836396e-02
-5.184476847263277399e-01
-8.320452689804204438e-02
-9.332842403354176808e-01
-6.677117266582778543e-02
3.001616669163879036e-01
2.537445665161284225e-01
-1.972680656143121700e-02
9.147499284021870514e-01
-1.945300611542504887e+00
-7.724521575971523557e-01
-5.847897371140332590e-01
7.297519057676190579e-01
-5.588278414701604024e-01
1.602738005317662084e+00
-2.583828392601352636e-02
2.856651742313701114e-01
5.229767369851615610e-01
6.439500995918424620e-01
7.807330931039841992e-01
6.480104162929353206e-01
-5.984243793452266313e-01
1.164317894854712820e+00
-4.071311148067202068e-01
-2.426097989273077182e-01
-9.206804395099599247e-01
1.783889771815960479e-01
1.481529350584549209e-01
1.593597343944941347e-01
-9.013033015405783610e-01
-5.065862705620873679e-02
