-1.819690612198535951e-01
-2.537544042787331922e-01
4.956244866116433778e-01
7.857250034190517152e-01
-1.355618621838128535e+00
-1.218989777533646235e+00
9.927150296357968307e-01
2.578874575560365368e-01
-3.234763041897762981e-01
5.521506023066697910e-01
1.605040092389607986e+00
-3.198624426574729895e-01
-2.569199892594089984e+00
-4.216153775070196064e-01
3.555658982867704876e-01
4.115726065013018964e-01
3.299692570248706769e-01
-5.733237586594559093e-02
5.283176877785446951e-02
5.071320846072708832e-01
1.370360537027265790e+00
-1.256744378021179553e-01
1.081529651667739067e+00
2.297883262350933764e-01
1.167027239024258201e+00
-1.756629307362603254e-02
-6.127813450368717607e-01
5.924849395439694133e-01
3.648087693228344586e-01
6.677666385240961233e-01
-3.536032407153180124e-01
3.558078271997211495e-02
1.224120219880548532e+00
5.486965735748027262e-01
1.990775867338069605e-01
6.407141763407760982e-01
-1.191032425535287986e+00
9.224232784895395332e-01
7.492460457275041952e-01
-3.422224297766842532e-02
-5.179964158951968489e-01
-3.120788316711530230e-01
5.636638018116332249e-01
3.082806431401510228e-01
5.142276557747343935e-01
-5.716721897228114330e-02
6.521543578272757102e-01
1.734343175011206495e-01
-8.182312188272919951e-01
6.588327825414519445e-01
-1.683850867569394394e+00
-1.166155810882012922e+00
7.170579070868529081e-01
-3.629763024312648856e+00
-5.231121087832749650e-01
-1.784845992432429806e+00
8.737349959738502925e-01
2.853870984127400146e-01
-3.587569543616177525e-01
-5.516911556149732831e-01
4.738376152878858161e-01
2.068372556840040399e+00
-2.768384770496961633e-01
-6.098056283533482419e-02
2.146870534596831082e+00
1.266783532859366401e+00
3.268799499882992232e-01
1.930313937141375225e-01
-9.034480225183828817e-02
1.030783371724833142e+00
-5.505513137799400436e-01
-5.467617735599167306e-01
-6.498635807910735362e-02
-2.577099388564845217e-01
-2.090658722078795884e-01
8.191082285000748087e-01
-3.732130424215769349e-01
1.165653700695739925e+00
8.407401300880573691e-01
5.241421821522307400e-01
2.489469061880083059e-02
1.044095640192495011e+00
4.421294335972079659e-01
-6.849284168837126430e-01
-1.186082181895720539e-01
-9.147124120919767343e-01
-1.991895981622677780e+00
1.512607487701059350e+00
-1.400661763706362528e+00
7.431123751002475242e-01
1.492294943910418559e-01
2.778885218118939959e-01
-1.676883456027672692e-01
-3.025900117910714227e-01
-1.028125273310755317e+00
-4.734136928024977320e-01
1.383488950858302591e-01
-7.954329304443692461e-01
3.777214514745618201e-01
2.052188514603923153e-01
-2.487620736149664114e-01
3.791128005877023033e-01
7.147737779793436053e-01
9.308053845645556379e-01
9.598174548736436718e-01
2.433773936939512827e-01
-9.157522379857130357e-01
-2.014852013459545732e-01
-5.227804613461500827e-01
4.586471253236633627e-01
1.149850446687716854e+00
-4.462542789895905249e-01
-3.391194186612830341e-01
-2.605986713036346769e-01
-2.367646355839346239e-01
-1.057953333257975137e+00
5.715392488497672563e-01
1.400039295392465410e+00
-9.804409551165904624e-01
-1.274924995788185189e+00
-6.021655636091216568e-01
1.699685965905112672e+00
1.123340251317742622e+00
3.768024404459859034e-02
3.738716612662604799e-01
1.029159649504743479e+00
6.726831638082712006e-01
-1.343108415657272126e+00
-5.407030198964620782e-01
3.572290959928902110e-01
4.792915837373220578e-01
3.455045504578908022e-01
-2.402707496023057665e-01
4.900361712993423491e-01
5.112603591576313500e-01
-1.940231372064278981e+00
-3.217861304608308770e-01
2.858502269886603053e-01
-1.090933424433810028e+00
3.175623111316245861e-01
4.888054878102435774e-01
9.016776637811553530e-02
-6.883393885445063809e-01
-8.676128772992391935e-01
6.414302121447329474e-01
-1.244468477944580487e+00
5.493759539792872904e-01
4.970856831937874309e-01
-1.138285448840180347e+00
-6.632929720321323330e-02
-8.443290386340945863e-01
-2.107900725274961307e+00
9.523692723237579816e-02
1.141276976930889919e+00
-1.821870947946379882e-01
2.981076098378715455e-02
2.128080391712130759e-01
-1.707664266831072572e-02
-1.399653128418405945e+00
-3.044154216184014050e-01
-2.772255384189377114e-01
-1.027566283843974970e+00
-1.006375402042509970e+00
-4.549128805983821411e-01
-9.291405861131731836e-01
1.246624260588874211e+00
1.521781784895571477e+00
-5.774333724494818965e-01
-2.597355156872825366e-01
-1.792333118174650186e-01
-3.547516582983568090e-01
1.304188596642739784e+00
-3.052995465323790625e-01
-2.618003176655639974e-01
-1.118872043286110451e-01
-3.488070200005597421e-01
4.167607976742658815e-01
-5.311090258503791545e-02
-1.276507283997716735e+00
-1.379338191427946114e+00
-1.081316563736469893e+00
3.950293593781479262e-01
-9.160718745463966028e-01
-2.558216697907927939e-01
1.273800552451533896e-01
-1.377172159609822755e+00
-6.313942780884091999e-01
5.110915684799118841e-01
5.330842928779888634e-01
-1.453995668400553387e-01
-5.900968700885252938e-01
3.263988511037655416e-01
-8.349783490954099108e-01
-5.262544798119385137e-01
2.112213580669195956e+00
7.629186643452098293e-01
-2.435213173911401352e-01
9.300785834998682722e-01
-1.226957027617122664e+00
2.715239746902231577e-01
-6.859052074684797440e-02
-4.791037971340658674e-01
4.806038478543495640e-01
-8.551569510616949255e-02
3.295985090136557827e-01
-5.255644039605147366e-01
-8.516792558500807520e-01
-1.189189833258717660e-01
-6.689218628394499877e-02
6.039679074369423972e-01
5.301812401146025477e-01
-9.653181889339480515e-01
6.126835895047052366e-02
3.683596373283122283e-01
8.558133303849211337e-01
-3.213234027431045581e-01
4.543529833787453565e-01
2.880583746720455918e-01
2.040505860183627340e-01
-6.637085820642578404e-02
-3.575747313845930447e-02
2.021643784943993327e-01
4.575347571882878994e-01
1.604610605888642683e+00
-2.529182535698016876e-01
-4.436918289314356612e-01
2.187367633383630883e-01
-4.333261845851358873e-01
-2.385536180104518844e-01
1.580262037955477483e+00
3.475657584431728342e-01
4.223521081715796988e-01
5.505320664172459466e-01
-1.318901901774033412e-03
-8.446411839103463715e-01
-1.490598323894308797e-01
-7.423098151204661210e-01
-8.803324834970228663e-01
1.066696385767078870e-01
7.099402982757386793e-01
-9.840223847320721529e-01
4.803192439544796133e-01
5.697608616409580717e-01
5.529611629299195918e-01
-5.080987646856733875e-01
-1.447279845184663849e-01
1.822013470176675254e+00
7.277287321603661541e-01
9.309021428915218443e-01
6.067909224154212078e-01
-6.290075365920345662e-01
3.596207314581394421e-01
6.083831551904750334e-01
1.351902169430425349e-01
2.387978595406551607e-01
-8.398561393379256890e-01
-1.809314838885637267e+00
-1.144502828987771670e+00
-6.167063123641079031e-02
2.329321240312739461e-01
7.485445607237670718e-01
2.246725413089987328e-02
-6.501018780332250557e-01
-5.473764465854966677e-01
4.230060543854719524e-01
-9.036061246182741646e-01
3.843505327502125812e-01
-6.244250697182883725e-01
-1.071806154315983806e+00
1.232473520056285743e+00
-7.192731047170982661e-01
-2.295619550730521874e-01
-5.465823477746065695e-01
5.689724231011208389e-01
3.450022428113345141e-01
-4.349255700110115641e-01
1.415686550486360495e+00
5.220047516476261640e-01
-3.808698096629038465e-01
1.569965226936779479e-01
1.041778439944610390e+00
-1.108243720936612942e+00
-3.447395593202995934e-01
-7.582130855094417754e-01
2.986216928658600445e-01
-9.753943416233887276e-02
8.627585935695434305e-01
-8.028556132392036249e-01
-1.043900911458270686e+00
2.669231148236942963e-01
-3.738941532197020967e-01
2.027524794822185561e-01
1.134115907337295975e-01
3.422364579374903015e-01
7.260309201801902201e-01
-2.726107048789623288e-01
-3.046152624896826810e-01
5.134464386541121028e-01
1.472394366399858212e+00
-1.021119366364145797e+00
5.003931947183201112e-01
2.220316590608913676e-01
-5.031159527990811675e-01
4.016222954860847461e-01
-3.669144925508633914e-01
-1.170484392570538823e-01
-1.170968532138940005e-01
-3.025171581055219883e-01
1.005626809999196451e-02
8.249384264170528391e-02
1.254916555734738870e-01
7.939160541712811936e-01
1.138374421767212263e+00
-1.037546876789769007e-01
-4.579100136429239409e-01
8.462592938121422659e-01
-5.698263699595539772e-02
1.454604427079717321e-01
6.530347875713440331e-01
1.612699952611290621e+00
1.444543067220533106e-01
2.444145762006329492e-01
-1.034137560521377175e+00
-2.324930264711003169e-01
5.570286678500444566e-01
-2.369631197932537403e-01
4.642433821915951109e-01
-9.636276968047104985e-01
-2.563436762100887445e-01
-8.175970137369718005e-01
-2.020358106496006556e+00
-8.477343016817301402e-01
5.479776354687688755e-01
9.202423799854685393e-01
3.131202967342114341e-01
2.274671059274915308e-01
-1.715350410127422842e+00
-1.203805565686408806e-02
-4.243872731396559628e-01
4.754137303804114034e-01
5.023046400187272109e-01
6.038801527847573181e-02
-8.060611996241395794e-01
-5.395749896875201568e-01
-6.745926719907953117e-01
-4.033070049269676383e-01
3.395797525519214100e-01
7.680728550338014049e-01
-3.008985548759948725e-01
7.300058838508881598e-01
8.322699220178066959e-01
5.029849555773588943e-01
3.605993326485086303e-01
1.260054489825412016e+00
-3.594210442655258131e+00
4.060884834063043791e-01
4.543122972195498543e-01
5.765699973603655160e-01
-4.637161723746900943e-01
-1.829755549858459729e-01
-3.744909423671978210e+00
1.586352174676487259e+00
6.955867235567522178e-01
4.041399383818976565e-01
6.114342664979037778e-01
-1.072291893716029065e+00
-1.036836824947973801e+00
1.781561643910609449e+00
2.774678157774389531e-01
-9.084389970061707009e-01
9.814697589388244880e-01
-4.660511476542134046e-01
-1.401549337613909596e-01
-1.297759748355452603e-01
-6.450021496850777414e-01
1.232932517373354742e+00
-7.927540321938028600e-02
-1.111997389595902774e+00
3.495072833462664619e-01
1.268920511637010140e+00
-3.867643696552334753e-01
4.483745932807810530e-01
-8.404879731338446014e-01
3.549289939519549297e-01
7.110303369935129236e-01
7.117127154151587920e-01
3.792347601699701531e-01
1.730059603785796540e-01
-3.691057329680756394e-01
1.271801675217368199e+00
4.382821294002551271e-01
3.376352414511060718e-01
-1.348580426886520633e-01
-6.378475965487778732e-02
5.679076413197191586e-01
1.093716055910890494e+00
8.957980759815700189e-01
-1.329682064373526040e-01
-6.555841717741680563e-01
3.312836033020296611e-01
3.895639231356312071e-01
2.319028530328510473e-01
-5.317041275174745341e-01
-8.084222816545445500e-01
1.678738127329036489e+00
-4.930026798935503995e-01
-3.049615940308114670e-01
-1.733363467430160676e-01
-7.572805035630102433e-01
-2.634232090807149540e-02
7.067401408904347981e-01
6.813722442569480897e-01
-2.702925600113598725e-01
1.490677670015109202e+00
-1.625619181839453864e+00
3.228101334371615283e-01
-6.564637112243029149e-01
6.477554915387151446e-01
4.161541009104669508e-01
1.667994321271531188e-01
1.495467565714961658e-02
-1.608402656203425374e-01
1.410382534355441031e-01
4.079224635245169983e-01
9.519975352314248296e-01
9.345974617342652779e-01
-1.087951448324192549e+00
5.009022321273647327e-01
-2.108744108094811331e-01
1.977332165030536992e-01
-3.844591209806829668e-01
1.143680963809195344e-02
5.275468054059232470e-01
5.016391271669697893e-01
-5.639240186621362616e-01
-1.311274856140411671e-01
