1.881000000000000005e+00
1.899000000000000021e+00
1.883000000000000007e+00
1.868000000000000105e+00
2.031000000000000139e+00
1.913000000000000034e+00
1.963000000000000078e+00
1.883000000000000007e+00
1.874000000000000110e+00
1.780000000000000027e+00
1.870999999999999996e+00
1.766000000000000014e+00
1.949999999999999956e+00
1.941999999999999948e+00
1.794999999999999929e+00
2.080000000000000071e+00
2.100999999999999979e+00
2.084000000000000075e+00
1.969000000000000083e+00
1.969000000000000083e+00
1.558999999999999941e+00
1.860999999999999988e+00
2.008999999999999897e+00
1.895999999999999908e+00
1.616000000000000103e+00
1.957000000000000073e+00
2.012999999999999901e+00
2.032999999999999918e+00
2.044000000000000039e+00
1.983999999999999986e+00
1.959999999999999964e+00
2.136000000000000121e+00
1.790000000000000036e+00
1.983999999999999986e+00
2.068000000000000060e+00
1.840999999999999970e+00
2.000000000000000000e+00
1.870999999999999996e+00
2.025999999999999801e+00
1.985000000000000098e+00
1.856999999999999984e+00
1.814000000000000057e+00
1.600000000000000089e+00
2.068000000000000060e+00
1.780999999999999917e+00
1.955000000000000071e+00
2.173999999999999932e+00
1.993000000000000105e+00
2.029999999999999805e+00
1.794000000000000039e+00
1.604000000000000092e+00
2.161999999999999922e+00
1.921999999999999931e+00
2.355999999999999872e+00
1.836000000000000076e+00
1.606000000000000094e+00
2.156000000000000139e+00
1.860000000000000098e+00
1.991999999999999993e+00
1.717999999999999972e+00
1.977999999999999980e+00
1.850000000000000089e+00
2.000999999999999890e+00
1.943000000000000060e+00
2.193000000000000060e+00
1.844999999999999973e+00
2.121999999999999886e+00
1.872000000000000108e+00
2.225999999999999979e+00
1.796999999999999931e+00
1.963000000000000078e+00
1.754000000000000004e+00
1.806999999999999940e+00
2.107000000000000206e+00
1.715000000000000080e+00
2.016000000000000014e+00
1.887999999999999901e+00
2.072000000000000064e+00
2.130999999999999783e+00
1.816000000000000059e+00
1.864999999999999991e+00
1.997000000000000108e+00
1.784999999999999920e+00
1.725000000000000089e+00
2.000999999999999890e+00
1.840000000000000080e+00
2.061999999999999833e+00
1.778000000000000025e+00
1.850999999999999979e+00
2.201000000000000068e+00
1.887999999999999901e+00
2.298999999999999932e+00
1.965999999999999970e+00
1.834000000000000075e+00
2.013999999999999790e+00
1.784000000000000030e+00
1.893000000000000016e+00
1.836999999999999966e+00
1.792999999999999927e+00
2.005999999999999783e+00
1.770999999999999908e+00
1.945999999999999952e+00
2.009999999999999787e+00
2.019000000000000128e+00
2.048999999999999932e+00
1.798999999999999932e+00
1.651999999999999913e+00
1.653000000000000025e+00
2.052999999999999936e+00
1.596999999999999975e+00
1.901000000000000023e+00
1.570999999999999952e+00
1.971000000000000085e+00
1.760999999999999899e+00
1.935000000000000053e+00
2.103000000000000203e+00
1.856000000000000094e+00
1.828000000000000069e+00
2.120999999999999996e+00
1.975000000000000089e+00
1.784999999999999920e+00
1.931000000000000050e+00
1.925000000000000044e+00
1.887999999999999901e+00
1.917000000000000037e+00
1.866000000000000103e+00
1.697999999999999954e+00
2.092000000000000082e+00
2.156000000000000139e+00
2.170999999999999819e+00
1.637000000000000011e+00
1.949000000000000066e+00
1.901000000000000023e+00
1.790000000000000036e+00
2.011000000000000121e+00
1.895000000000000018e+00
1.794000000000000039e+00
2.059000000000000163e+00
1.556000000000000050e+00
2.158999999999999808e+00
2.025999999999999801e+00
1.911000000000000032e+00
1.661000000000000032e+00
1.737999999999999989e+00
1.953999999999999959e+00
2.031000000000000139e+00
1.806999999999999940e+00
1.971999999999999975e+00
1.810000000000000053e+00
1.848000000000000087e+00
2.121999999999999886e+00
1.776000000000000023e+00
2.115000000000000213e+00
2.396999999999999797e+00
1.798999999999999932e+00
2.040999999999999925e+00
1.635999999999999899e+00
1.901999999999999913e+00
1.983999999999999986e+00
2.173000000000000043e+00
1.796000000000000041e+00
1.995000000000000107e+00
2.176000000000000156e+00
1.729999999999999982e+00
1.977999999999999980e+00
2.396999999999999797e+00
1.935999999999999943e+00
1.802999999999999936e+00
1.701000000000000068e+00
1.868000000000000105e+00
1.772999999999999909e+00
2.124000000000000110e+00
2.028000000000000025e+00
2.000999999999999890e+00
1.794000000000000039e+00
1.754999999999999893e+00
1.804999999999999938e+00
1.945999999999999952e+00
1.850999999999999979e+00
2.048999999999999932e+00
1.931999999999999940e+00
1.941999999999999948e+00
1.685999999999999943e+00
1.887999999999999901e+00
1.995999999999999996e+00
2.024999999999999911e+00
1.885999999999999899e+00
1.975999999999999979e+00
2.173999999999999932e+00
1.875000000000000000e+00
1.812999999999999945e+00
1.814000000000000057e+00
2.041999999999999815e+00
1.919999999999999929e+00
1.798000000000000043e+00
2.024999999999999911e+00
1.707999999999999963e+00
1.782000000000000028e+00
2.107000000000000206e+00
1.939999999999999947e+00
1.786999999999999922e+00
1.877000000000000002e+00
1.951999999999999957e+00
1.832999999999999963e+00
1.808999999999999941e+00
2.079000000000000181e+00
1.806999999999999940e+00
2.012000000000000011e+00
2.140000000000000124e+00
1.711000000000000076e+00
1.975000000000000089e+00
1.840000000000000080e+00
1.909999999999999920e+00
1.997000000000000108e+00
1.893999999999999906e+00
1.939000000000000057e+00
2.185000000000000053e+00
1.961000000000000076e+00
1.766999999999999904e+00
1.971999999999999975e+00
2.004000000000000004e+00
1.723999999999999977e+00
1.838000000000000078e+00
1.665000000000000036e+00
1.997000000000000108e+00
1.889999999999999902e+00
1.629999999999999893e+00
2.027000000000000135e+00
1.963000000000000078e+00
1.616999999999999993e+00
2.052999999999999936e+00
2.080000000000000071e+00
2.108000000000000096e+00
1.762999999999999901e+00
1.864999999999999991e+00
1.895000000000000018e+00
1.806999999999999940e+00
1.612999999999999989e+00
2.182999999999999829e+00
1.887999999999999901e+00
2.099000000000000199e+00
2.025999999999999801e+00
1.770999999999999908e+00
1.903999999999999915e+00
1.899999999999999911e+00
2.028000000000000025e+00
2.113999999999999879e+00
2.121999999999999886e+00
2.080000000000000071e+00
2.012999999999999901e+00
1.659999999999999920e+00
2.012999999999999901e+00
1.826000000000000068e+00
1.832999999999999963e+00
2.274999999999999911e+00
1.824999999999999956e+00
1.798000000000000043e+00
2.176000000000000156e+00
1.770000000000000018e+00
1.832999999999999963e+00
1.893999999999999906e+00
2.076000000000000068e+00
1.969999999999999973e+00
1.826999999999999957e+00
1.983999999999999986e+00
1.745999999999999996e+00
1.931000000000000050e+00
1.877000000000000002e+00
2.113999999999999879e+00
2.008999999999999897e+00
1.868999999999999995e+00
2.092000000000000082e+00
1.963000000000000078e+00
2.093999999999999861e+00
2.236000000000000210e+00
1.965999999999999970e+00
1.842000000000000082e+00
2.012999999999999901e+00
1.514000000000000012e+00
1.987999999999999989e+00
1.735000000000000098e+00
1.790000000000000036e+00
2.096999999999999975e+00
1.739000000000000101e+00
1.903999999999999915e+00
1.897999999999999909e+00
1.792000000000000037e+00
1.939000000000000057e+00
1.798000000000000043e+00
2.023000000000000131e+00
1.977000000000000091e+00
1.820999999999999952e+00
1.776999999999999913e+00
2.274999999999999911e+00
1.975999999999999979e+00
2.154999999999999805e+00
1.824999999999999956e+00
1.891000000000000014e+00
1.895999999999999908e+00
1.808000000000000052e+00
1.840000000000000080e+00
2.061999999999999833e+00
1.939999999999999947e+00
1.818000000000000060e+00
2.036000000000000032e+00
1.949000000000000066e+00
1.858000000000000096e+00
2.093999999999999861e+00
1.780000000000000027e+00
1.790000000000000036e+00
1.709000000000000075e+00
1.981999999999999984e+00
1.983999999999999986e+00
2.323999999999999844e+00
1.768999999999999906e+00
2.013999999999999790e+00
1.977000000000000091e+00
1.879999999999999893e+00
1.907999999999999918e+00
2.101999999999999869e+00
1.582999999999999963e+00
1.917000000000000037e+00
1.951000000000000068e+00
2.063000000000000167e+00
1.885000000000000009e+00
2.024000000000000021e+00
1.875999999999999890e+00
1.887999999999999901e+00
1.935000000000000053e+00
2.177000000000000046e+00
2.185000000000000053e+00
1.911999999999999922e+00
2.012999999999999901e+00
1.842000000000000082e+00
2.140000000000000124e+00
1.947000000000000064e+00
1.881000000000000005e+00
2.031000000000000139e+00
2.016000000000000014e+00
1.909000000000000030e+00
2.000999999999999890e+00
1.887999999999999901e+00
1.758999999999999897e+00
2.158999999999999808e+00
2.354000000000000092e+00
1.963000000000000078e+00
2.052999999999999936e+00
2.072999999999999954e+00
1.568999999999999950e+00
1.895000000000000018e+00
1.875999999999999890e+00
1.830000000000000071e+00
2.080000000000000071e+00
1.963000000000000078e+00
2.125000000000000000e+00
2.020999999999999908e+00
1.881000000000000005e+00
1.838999999999999968e+00
1.802000000000000046e+00
1.870000000000000107e+00
2.355999999999999872e+00
1.901999999999999913e+00
1.671000000000000041e+00
1.929000000000000048e+00
1.877999999999999892e+00
1.820999999999999952e+00
2.032999999999999918e+00
1.947000000000000064e+00
1.818000000000000060e+00
2.020000000000000018e+00
1.941000000000000059e+00
1.768999999999999906e+00
1.756000000000000005e+00
1.727000000000000091e+00
1.800000000000000044e+00
1.762000000000000011e+00
1.943999999999999950e+00
1.860999999999999988e+00
1.600999999999999979e+00
1.901000000000000023e+00
1.933000000000000052e+00
2.103000000000000203e+00
1.774999999999999911e+00
2.009999999999999787e+00
1.913999999999999924e+00
1.891999999999999904e+00
1.905999999999999917e+00
1.830999999999999961e+00
1.810999999999999943e+00
1.941000000000000059e+00
1.891999999999999904e+00
1.741999999999999993e+00
1.572000000000000064e+00
1.790999999999999925e+00
1.788000000000000034e+00
2.000000000000000000e+00
1.832999999999999963e+00
1.891000000000000014e+00
1.737999999999999989e+00
1.850999999999999979e+00
1.875000000000000000e+00
1.834000000000000075e+00
1.812000000000000055e+00
1.959000000000000075e+00
2.113999999999999879e+00
1.735000000000000098e+00
1.776000000000000023e+00
1.558000000000000052e+00
1.772000000000000020e+00
1.625000000000000000e+00
1.939000000000000057e+00
1.800999999999999934e+00
1.885000000000000009e+00
1.832999999999999963e+00
1.677999999999999936e+00
1.957999999999999963e+00
1.893000000000000016e+00
1.891000000000000014e+00
1.727999999999999980e+00
1.913999999999999924e+00
2.269000000000000128e+00
1.883999999999999897e+00
1.953999999999999959e+00
1.879999999999999893e+00
2.230999999999999872e+00
1.723000000000000087e+00
2.193000000000000060e+00
1.987000000000000099e+00
1.776000000000000023e+00
1.806000000000000050e+00
1.733999999999999986e+00
1.782999999999999918e+00
2.180000000000000160e+00
1.971999999999999975e+00
1.788000000000000034e+00
1.955000000000000071e+00
