1.778000000000000025e+00
1.764000000000000012e+00
1.965999999999999970e+00
1.838000000000000078e+00
2.181000000000000050e+00
1.788000000000000034e+00
2.193000000000000060e+00
2.060000000000000053e+00
2.137000000000000011e+00
1.919999999999999929e+00
1.627999999999999892e+00
1.937000000000000055e+00
1.875999999999999890e+00
1.840000000000000080e+00
1.899000000000000021e+00
2.205000000000000071e+00
1.788000000000000034e+00
1.502999999999999892e+00
2.224000000000000199e+00
1.800999999999999934e+00
1.975999999999999979e+00
1.830999999999999961e+00
2.088999999999999968e+00
2.063000000000000167e+00
1.915000000000000036e+00
2.254999999999999893e+00
1.768000000000000016e+00
2.100000000000000089e+00
1.919999999999999929e+00
2.112000000000000099e+00
2.099000000000000199e+00
1.703000000000000069e+00
1.868999999999999995e+00
2.019000000000000128e+00
1.877999999999999892e+00
1.810999999999999943e+00
2.016999999999999904e+00
1.822000000000000064e+00
1.782999999999999918e+00
1.812000000000000055e+00
1.572999999999999954e+00
1.931999999999999940e+00
1.931000000000000050e+00
1.967999999999999972e+00
2.032999999999999918e+00
2.170999999999999819e+00
1.818000000000000060e+00
1.891999999999999904e+00
1.838999999999999968e+00
1.802999999999999936e+00
1.830999999999999961e+00
1.687000000000000055e+00
2.076000000000000068e+00
2.101999999999999869e+00
1.957999999999999963e+00
1.826000000000000068e+00
1.810000000000000053e+00
2.204000000000000181e+00
2.138999999999999790e+00
1.856999999999999984e+00
1.860000000000000098e+00
1.933999999999999941e+00
1.977999999999999980e+00
1.812000000000000055e+00
1.943000000000000060e+00
2.358000000000000096e+00
1.860000000000000098e+00
1.588000000000000078e+00
1.606999999999999984e+00
1.997999999999999998e+00
1.754000000000000004e+00
1.804999999999999938e+00
1.937999999999999945e+00
1.836999999999999966e+00
1.820999999999999952e+00
2.012000000000000011e+00
1.774999999999999911e+00
2.111000000000000210e+00
1.949000000000000066e+00
1.965000000000000080e+00
1.685999999999999943e+00
1.816000000000000059e+00
1.711000000000000076e+00
1.933000000000000052e+00
2.067000000000000171e+00
2.032999999999999918e+00
1.887999999999999901e+00
2.040999999999999925e+00
1.627999999999999892e+00
1.955999999999999961e+00
1.788000000000000034e+00
1.999000000000000110e+00
1.961000000000000076e+00
1.848999999999999977e+00
1.681000000000000050e+00
1.987000000000000099e+00
2.072999999999999954e+00
1.826999999999999957e+00
1.754000000000000004e+00
1.715000000000000080e+00
1.824000000000000066e+00
2.588999999999999968e+00
1.798000000000000043e+00
2.027000000000000135e+00
1.941000000000000059e+00
1.776999999999999913e+00
2.055000000000000160e+00
1.590999999999999970e+00
1.598000000000000087e+00
1.846000000000000085e+00
