1.080059775693428570e+01
1.066598450460279679e+01
1.047738803378085493e+01
1.092845674049371496e+01
1.073808820108585138e+01
1.065426222888737229e+01
9.762487003585524903e+00
1.005905415320176566e+01
1.055169078383420356e+01
1.064077324532634528e+01
1.003784386651362404e+01
1.066598450460279679e+01
9.761114086585415350e+00
1.109998371248256532e+01
1.109340277764428784e+01
1.109079728955339483e+01
1.109025844535751659e+01
1.002075173259380136e+01
1.093566192623202937e+01
1.068275026114559978e+01
1.063737776322743400e+01
1.002075173259380136e+01
1.074080467558795959e+01
1.002127270295310701e+01
1.033746507674844040e+01
1.108909467741989197e+01
1.092667750348200606e+01
1.046879651996481719e+01
1.108744970879545377e+01
1.047738803378085493e+01
1.058256154656970338e+01
1.093195559855941568e+01
1.065426222888737229e+01
1.044681310253505657e+01
1.044948819785591354e+01
1.003784386651362404e+01
1.093566192623202937e+01
1.076329229193651749e+01
1.076619891663777651e+01
9.763743405181102730e+00
1.056234630641829852e+01
1.064605134040375489e+01
1.068275026114559978e+01
1.047738803378085493e+01
1.109265819567956335e+01
1.080918687550147084e+01
1.076329229193651749e+01
1.093195559855941568e+01
9.761370619848770858e+00
1.092667750348200606e+01
1.065426222888737229e+01
1.064605134040375489e+01
1.080069379886223224e+01
1.046039587341766186e+01
9.761370619848770858e+00
9.762487003585524903e+00
1.002425059065950208e+01
9.776390518774869420e+00
1.033746507674844040e+01
1.111056938055067356e+01
1.108939198399412263e+01
1.004602462280101349e+01
1.109362876421022825e+01
1.030717696110876958e+01
1.030846108281850704e+01
1.002795691833211578e+01
1.111124708012846618e+01
9.780751762298809382e+00
1.095188876275845757e+01
1.055169078383420356e+01
1.064077324532634528e+01
1.064975766807636859e+01
1.111899885347972194e+01
1.082140445960533270e+01
1.082934170073395208e+01
1.087209457047881500e+01
1.075470077812047975e+01
1.005511666470554921e+01
1.030846108281850704e+01
1.057223325459980678e+01
1.033746507674844040e+01
9.785456839872841428e+00
1.080334159878851708e+01
9.782440172223340724e+00
1.055004161558318110e+01
1.073808820108585138e+01
1.046879651996481719e+01
1.055352798096200218e+01
1.072481517650448879e+01
1.083926614182393600e+01
1.046039587341766186e+01
1.053067787291164947e+01
1.086377105788691289e+01
1.001621083065246864e+01
1.085562106803825877e+01
1.034595899028690269e+01
1.064077324532634528e+01
1.065426222888737229e+01
9.760705459248175231e+00
1.006279219884455500e+01
1.064605134040375489e+01
1.079623104834406710e+01
9.761820071439451851e+00
1.108723896096145545e+01
1.083760781000281348e+01
1.049818924490575967e+01
1.093566192623202937e+01
9.772147856935347932e+00
1.004418375485854398e+01
1.065426222888737229e+01
1.044681310253505657e+01
1.004575957182159307e+01
1.064307345269735983e+01
1.082158871498196717e+01
1.064605134040375489e+01
1.076912706751101290e+01
1.003246147914311948e+01
1.055169078383420356e+01
1.063956672805158732e+01
1.082655725673772018e+01
1.080069969653817452e+01
1.077207682423064483e+01
1.001897249558209246e+01
1.109291640794323719e+01
1.108754711401195259e+01
1.083587065972502650e+01
1.048501829182376355e+01
9.771885957963865721e+00
1.064605134040375489e+01
1.076329229193651749e+01
1.092364162371250025e+01
1.004900670281626951e+01
1.108677585222717887e+01
1.065426222888737229e+01
1.092328202138309656e+01
9.763218924298813661e+00
1.065426222888737229e+01
1.033746507674844040e+01
9.766904044909349381e+00
1.064975766807636859e+01
9.794703208237759640e+00
1.119093033898816714e+01
1.001593661581258488e+01
1.080156184977369982e+01
1.110008973339689753e+01
1.076619891663777651e+01
1.006005473213124191e+01
1.108847551613197702e+01
1.055060021873865139e+01
1.083759504198986612e+01
9.770312078007185264e+00
1.094554887441353763e+01
1.083847453879944389e+01
1.073006283544885875e+01
9.767057560990403786e+00
1.041757104467094663e+01
1.045426287694289158e+01
1.109183571297467275e+01
9.764341233764318062e+00
1.093195559855941568e+01
1.094016648704303307e+01
1.063910214549227362e+01
1.048914400831542437e+01
1.003784386651362404e+01
1.094554887441353763e+01
1.075754330235228551e+01
1.110977166010982664e+01
1.083594587373884188e+01
1.083926614182393600e+01
1.084156634919495232e+01
1.049832281176593796e+01
1.047450285557716398e+01
1.093195559855941568e+01
1.092897771085302239e+01
1.004582290155185831e+01
1.049832281176593796e+01
1.111543437374387011e+01
1.082306998022133904e+01
1.075754330235228551e+01
1.076619891663777651e+01
1.045490041743229703e+01
9.760509540812916995e+00
1.074354195919231181e+01
1.003784386651362404e+01
1.032374812466928482e+01
1.063848321143103348e+01
1.056685086722930222e+01
1.079623104834406710e+01
1.073271736069071736e+01
1.092335723539691195e+01
1.080085359762806263e+01
1.064307345269735983e+01
1.112274401783449029e+01
1.003246147914311948e+01
1.001565222749699835e+01
1.077804147390675205e+01
1.072259386494114253e+01
1.006005473213124191e+01
1.057223325459980678e+01
1.064307345269735983e+01
9.793163095060691603e+00
1.078409350306142223e+01
1.081072679803137859e+01
1.080059846832788395e+01
9.760408973746846684e+00
1.109919721025552342e+01
1.030487675373775325e+01
1.064307345269735983e+01
1.033746507674844040e+01
1.065426222888737229e+01
1.004735789060525342e+01
1.065964461625787685e+01
1.111090644387401305e+01
1.002075173259380136e+01
1.047450285557716398e+01
1.074016713509855236e+01
1.093566192623202937e+01
1.113390997716561870e+01
1.048322280935535034e+01
1.108950660865153104e+01
1.083926614182393600e+01
1.080291957144636683e+01
1.061032438261016608e+01
9.790213385008806668e+00
1.064307345269735983e+01
9.767250767473663942e+00
1.093566192623202937e+01
1.058256154656970338e+01
1.003784386651362404e+01
1.094016648704303307e+01
1.055169078383420356e+01
1.063773736555683769e+01
1.092897771085302239e+01
1.092897771085302239e+01
9.774487817030561132e+00
9.760615621789582974e+00
1.080394002688977118e+01
1.065426222888737229e+01
1.005156081859277961e+01
1.056234630641829852e+01
9.760802745312481932e+00
1.033008801301420476e+01
1.083594587373884188e+01
9.763969964657329470e+00
1.048501829182376355e+01
1.094554887441353763e+01
1.076912706751101290e+01
1.064605134040375489e+01
1.065964461625787685e+01
1.081293260334977724e+01
1.065426222888737229e+01
1.108735996497762422e+01
1.083594587373884188e+01
1.055169078383420356e+01
1.072742880061158921e+01
1.080699567285618556e+01
9.773614041523549290e+00
1.045490041743229703e+01
1.087162225073201860e+01
9.772357479187396834e+00
1.044681310253505657e+01
1.095926582649269321e+01
1.065964461625787685e+01
1.108829946142478917e+01
1.083623026205443018e+01
9.780061277517788199e+00
1.076619891663777651e+01
1.074907927240541383e+01
1.080537386647827169e+01
1.077804147390675205e+01
9.759506053114931134e+00
1.064307345269735983e+01
1.073271736069071736e+01
1.108748255560024809e+01
1.083926614182393600e+01
1.006433793092435636e+01
1.001897249558209246e+01
1.080744251842991765e+01
1.065426222888737229e+01
1.074630013157332442e+01
9.759510157127058605e+00
9.766904044909349381e+00
1.108661444256910400e+01
1.080351737690530634e+01
1.030184087396824744e+01
1.001897249558209246e+01
1.074016713509855236e+01
1.033746507674844040e+01
1.121583743248645604e+01
1.004880579336950319e+01
1.068275026114559978e+01
9.772299182570613141e+00
1.005156081859277961e+01
1.075470077812047975e+01
1.043668960678548174e+01
1.063801158039672146e+01
1.083697610792862598e+01
1.046597520320733032e+01
9.766675060828069022e+00
1.064605134040375489e+01
1.081376393521193613e+01
1.030320565390368337e+01
9.769571433669224092e+00
1.075754330235228551e+01
1.080060563882405233e+01
9.759484756280686568e+00
1.056685086722930222e+01
1.064605134040375489e+01
9.759570488160042245e+00
1.047035204275253406e+01
1.077207682423064483e+01
1.004757285727578342e+01
1.004575957182159307e+01
1.064307345269735983e+01
1.091755404757827108e+01
1.003246147914311948e+01
1.109227473196871649e+01
1.049832281176593796e+01
1.031386117648777656e+01
1.030717696110876958e+01
1.092897771085302239e+01
1.064605134040375489e+01
1.111730149891773500e+01
1.056234630641829852e+01
1.055863997874568483e+01
1.001776597830733451e+01
1.055004161558318110e+01
9.767849961580767015e+00
1.083594587373884188e+01
1.064975766807636859e+01
1.093195559855941568e+01
1.055060021873865139e+01
1.031386117648777656e+01
1.003784386651362404e+01
1.004742091639361767e+01
1.048501829182376355e+01
1.095188876275845757e+01
1.004757285727578342e+01
1.056234630641829852e+01
1.002795691833211578e+01
1.109099624581071453e+01
1.043631762529748386e+01
1.030487675373775325e+01
1.064605134040375489e+01
1.074630013157332442e+01
1.076912706751101290e+01
1.041757104467094663e+01
1.002425059065950208e+01
1.064255248233805418e+01
1.032374812466928482e+01
1.002075173259380136e+01
1.110188278338638135e+01
1.111843297600080227e+01
1.063745297724125116e+01
1.112673197445294981e+01
1.063773736555683769e+01
1.112453612880196196e+01
1.075754330235228551e+01
1.083650447689431218e+01
1.063801158039672146e+01
1.042865893573384639e+01
1.074016713509855236e+01
1.064077324532634528e+01
1.045763770103664925e+01
1.030665599074946215e+01
1.004550469431787896e+01
9.762772313252362721e+00
1.030211508880812943e+01
1.072481517650448879e+01
1.108654660429604277e+01
1.001557701348318119e+01
1.033008801301420476e+01
1.064605134040375489e+01
1.003246147914311948e+01
9.770893372371579844e+00
1.111539649062249424e+01
1.112557820966098099e+01
1.065964461625787685e+01
9.772357479187396834e+00
1.047738803378085493e+01
1.109843857505998876e+01
1.065426222888737229e+01
1.078422706992159874e+01
1.082274933858658450e+01
1.001897249558209246e+01
1.005156081859277961e+01
1.004418375485854398e+01
1.063773736555683769e+01
1.064975766807636859e+01
1.048914400831542437e+01
1.002863808699206771e+01
9.761230435379770753e+00
1.001897249558209246e+01
1.065426222888737229e+01
9.777394220542932501e+00
1.004602462280101349e+01
1.074907927240541383e+01
1.064307345269735983e+01
1.006541377100313817e+01
1.047738803378085493e+01
9.759985479465141722e+00
1.074907927240541383e+01
1.065964461625787685e+01
1.006132618822484481e+01
1.073271736069071736e+01
1.092500640364793618e+01
1.071456319388950718e+01
1.055863997874568483e+01
9.777087430527107159e+00
1.047163904419662295e+01
1.033008801301420476e+01
1.004418375485854398e+01
1.080475919611923352e+01
1.108990334326893468e+01
1.094554887441353763e+01
1.045763770103664925e+01
1.109468025111968359e+01
1.049818924490575967e+01
1.094016648704303307e+01
1.034595899028690269e+01
9.790934697170031953e+00
1.030211508880812943e+01
1.077207682423064483e+01
1.039684600298993900e+01
1.074354195919231181e+01
1.047450285557716398e+01
1.096775974003115550e+01
1.004987422281299381e+01
1.074080467558795782e+01
1.085223957668319805e+01
1.110589752922235007e+01
1.081658213106731026e+01
1.056685086722930222e+01
1.003784386651362404e+01
1.110816307281814197e+01
9.759987147027466392e+00
