-5.537595928009197976e-01
-1.745551883688837569e-01
-1.111643909137761121e-01
-5.077175235524221675e-01
4.028162023029892014e-01
-9.171481359332375738e-02
7.438765703459692125e-01
1.266246226899075678e-01
-2.851378727218125131e-01
-7.823249761526677171e-01
1.059242502059194457e-01
-8.698770092103778051e-01
6.740707468144440107e-01
-3.402132019372327565e-01
-1.543385857565466646e+00
8.677996602455545494e-01
1.056077052180943499e+00
1.730777140001149128e+00
3.386888280129819045e-02
2.372223371148161064e-01
-1.858899852275804676e+00
4.843498512357662100e-02
3.030296400001633583e-01
3.027106721047916893e-01
-1.912294556008163005e+00
-2.020446193773964005e-01
2.841610276705049398e-01
5.488617803017070695e-01
5.525190936854179613e-01
3.262386031485562388e-01
2.548290842359817177e-01
9.854358956449453810e-01
-7.396671486282505592e-01
3.418002336773242056e-01
7.169812928322812917e-01
-1.104859634874488794e-01
2.057500733115329439e-01
-3.075258777230676643e-01
3.660748221365052180e-01
8.634734259345160368e-01
-4.026571950424284174e-01
-6.104841446864975874e-01
-2.057258684734732945e+00
7.027811974997087985e-01
-1.654183943066546814e+00
5.856057154591037817e-02
1.048764938298354821e+00
1.691342672046276530e-01
1.114309392274152044e+00
-8.932280766654031590e-01
-1.658571990804129426e+00
1.321073826414137065e+00
-2.120580312880359364e-01
2.088710647693321043e+00
6.905357725717325978e-02
-1.069180847099518772e+00
2.300634142201240628e+00
1.846432426663353055e-01
7.430062371836614332e-01
-2.165880767849542643e+00
-2.281120153846382531e-02
-3.840653649156916538e-02
1.712322112270397712e-01
4.004638141928138495e-01
2.352294848689358009e+00
-7.314179987348505552e-02
1.224392118999114043e+00
2.448808927029554050e-01
1.507703326148396972e+00
-7.741198018120958313e-01
1.893281247066866124e-01
-9.204051042048427833e-01
-1.472659346595504015e+00
1.376638868946137961e+00
-1.910135796884281589e+00
5.211636763431639618e-01
-2.310510424329036416e-01
1.164680622096980089e+00
1.851756678054814698e+00
-6.707984625649220378e-01
-1.993511100369686762e-01
9.158062603898512455e-01
-1.335420397118228353e+00
-5.072324480246478418e-01
5.554309019880626641e-01
-4.249382295007834154e-01
6.798766629823551622e-01
-8.938715240534466089e-01
-3.721519604388746072e-01
1.734207820645550013e+00
-8.125956283901597521e-02
2.696718864580538888e+00
9.821249418272577636e-02
-1.417090013232636669e-01
5.201015727438162983e-01
-7.837488443382986114e-01
-1.906064590595072938e-01
-4.958230939296739415e-01
-1.516660907220452603e-01
7.899072171703027667e-01
-8.316700198273868638e-01
-3.939730283288098503e-03
1.002700989833393397e+00
3.338967074754560227e-01
8.443318397889976179e-01
-4.726218226195404992e-01
-1.608414375314839662e+00
-8.519683329985935361e-01
1.468066961948807370e+00
-1.691701952964692612e+00
-1.888544753823770753e-02
-1.411828221343594647e+00
2.319254361325571723e-01
-1.543542028501433627e+00
3.276007372623555153e-02
7.145771991953849822e-01
2.099625029773040299e-03
-5.790752234652611907e-01
1.084755261980848484e+00
2.121506552654331690e-01
-1.332799999803932156e+00
-5.537800161728732157e-02
5.184282267505057051e-01
-7.857281257972685840e-01
-5.385496466414971817e-01
-5.570248474277456063e-01
-1.328760916693569660e+00
1.457905351145014849e+00
1.285671934327420773e+00
1.034605818885638628e+00
-1.673150583744338782e+00
4.863060277519408725e-01
-6.715568997746608204e-01
-7.396671486282505592e-01
2.751291827888576180e-01
3.775691652904564211e-01
-7.190958593214504813e-01
1.258494566133859349e+00
-1.304357423468114563e+00
1.300994660552811766e+00
1.070867747805356096e+00
-6.913527991800039185e-01
-1.335197822814634394e+00
-1.704003811240803801e+00
-2.384816268661716365e-01
3.885087762027762959e-01
-3.720338211672335471e-01
-7.334019652580119064e-02
-6.917803951175601762e-01
-6.736561728951691030e-01
1.631165120835060822e+00
-9.975952769520415320e-01
1.431745808379400353e+00
2.158215426042962015e+00
-1.250643566761829584e-01
9.308701413982097828e-01
-1.671703656107450753e+00
-6.682390362661511096e-01
8.576009243578668340e-01
1.203411168508765616e+00
-8.915521283741379976e-01
3.674591632579709000e-01
1.197744791261087682e+00
-8.886626944996097732e-01
7.724587395717699700e-02
2.144228775696269018e+00
-4.006662446782340847e-01
-9.570004105106451053e-01
-1.585477578471467863e+00
-5.485805741932335833e-01
-8.820446590949495569e-01
9.616514058022124223e-01
3.650660666604070848e-01
2.156002398901628314e-01
-3.271519538972915697e-01
-9.930569670025756190e-01
-1.485175670065264075e+00
-3.165936863900099818e-02
-3.888094959292421882e-01
4.696085414690129300e-01
1.103818265546269439e-01
6.311333713392698330e-01
-1.050764551110317191e+00
2.296994715798033049e-01
7.854129593366557804e-01
5.357656285280718578e-01
-2.193311786503742977e-01
1.960947249142491744e-01
1.064326568827123731e+00
-4.672881092453871066e-01
-1.108869874166640512e+00
-6.085806310524420892e-01
4.999324762372803210e-01
4.696257835211745668e-01
-3.967772026723379031e-01
3.555654573454426481e-01
-1.452903160883646683e+00
-5.479536996505268709e-01
1.269574149823051501e+00
6.190059787110794437e-02
-2.027733636623555713e-01
-2.927201308273012503e-01
3.152099588907638500e-02
-9.469874009681884530e-01
-6.964439075144603086e-02
8.505627054218496408e-01
-5.859414429823722736e-01
4.598431176724342984e-01
1.898416042134080772e+00
-1.138996112889085754e+00
6.289939504275292581e-01
-4.835412147010978989e-01
-6.203459069065239140e-01
1.057761598250946289e+00
-6.287706321004676857e-02
-6.811876579125886698e-03
1.272329245154771193e+00
-2.124082610799582493e-01
-5.955560063137527171e-01
-7.436289601011401851e-02
3.514527077117244325e-01
-1.814258735462788596e+00
-5.611042539604881307e-01
-8.056332297005717180e-01
3.760571401265309088e-01
3.484912416595348783e-01
-1.714463950003124237e+00
7.070194346446605493e-01
7.855831711422690544e-01
-1.779517799795032440e+00
9.094486049846113307e-01
8.488670299682522513e-01
8.242249294154454509e-01
-1.053240276399570075e+00
2.120620350110395957e-01
3.792180186023118016e-01
-1.160165081171957047e+00
-1.615820272662787938e+00
2.495307709889318382e+00
-2.028752110561390098e-01
1.504957857550418998e+00
1.009470617747284749e+00
-1.156246601753253112e+00
4.249673057820820832e-01
-6.491876140394695072e-02
3.563770264846367608e-01
7.653608774929940850e-01
1.086434705895630293e+00
8.348635635834897872e-01
5.537465784799807667e-01
-1.389717098684653207e+00
2.815530401741048738e-01
-8.121721661960518146e-01
-5.473864906408345554e-01
1.552094441049809426e+00
-7.960463252260784328e-01
-1.343264264508653993e-01
1.215173648419180186e+00
-1.522131603079298845e+00
4.654122152636709642e-02
-4.878389312864817029e-02
6.203963080438249511e-01
2.158171982077353168e-01
-1.280972496642444503e+00
2.187987751719923657e-01
-4.012083851585409033e-01
-5.238634072009309278e-02
-2.748990434685932294e-01
1.455561268281434062e+00
2.840773390823672639e-01
2.425593095712940128e-01
9.144852554050224569e-01
1.039533935517019669e-01
9.960947546656543361e-01
1.989824150923181545e+00
5.690521689669909566e-01
-8.682542318982974794e-02
5.591919744167126449e-01
-2.076397170811643988e+00
2.070402033689925092e-01
-4.430551569061042527e-01
-1.708763066191324176e-01
1.023823564432452038e+00
-1.698139471434083614e+00
1.162855704637568155e-01
3.193820600660483011e-01
-9.515113291129403406e-01
3.441769738321072136e-01
-1.640839567227554419e+00
8.932008213414307507e-01
2.908055341020835960e-01
-1.544877141015188818e-02
-5.754995548906728375e-01
1.538213904921357900e+00
4.749184651773040722e-01
1.284917822650699648e+00
-8.192960986190278572e-01
-7.132548814749345434e-02
3.806912066144822471e-01
-6.415817078023543507e-01
-9.031670017759585445e-01
1.311803345677118759e+00
6.145843010465018574e-01
-5.262944238049768186e-01
7.667860726642546920e-01
6.696804987200036807e-01
-3.997439722082681834e-01
9.241150780049759428e-01
-2.170426514804834617e-01
-7.547436476167143082e-01
-9.747860175727736110e-01
6.672289717072533710e-01
6.793590346515129275e-01
2.306093256365732813e+00
-1.575595645363722319e+00
1.177372972774186621e+00
-3.425148895427580775e-02
-2.050150712651664653e-01
1.352088857166699465e-01
1.622401021964292145e+00
-1.933245385323269838e+00
-6.486356289807036768e-02
-2.810558444156803226e-01
9.702813759320720877e-01
-2.194411952601008076e-01
1.266969786008190102e+00
-2.709570762617242168e-01
3.375164888760372461e-01
-1.075182814950828014e-01
1.407526829854769401e+00
1.274698389310860991e+00
-3.742470062352575705e-02
9.238461817367290552e-01
-1.033138503740610309e-01
1.559878119628874016e+00
2.440366287073076901e-01
-4.535846213343474598e-01
9.386250488464623620e-01
6.476875638502266330e-01
3.923747270767093953e-01
1.738433010745262242e-01
-6.900452952384855676e-02
-9.221109910212772487e-01
1.303363804708901563e+00
1.933176513177540912e+00
8.542205489902503224e-02
1.013458221107016444e+00
1.641458457313528907e+00
-1.815672608726688564e+00
3.110317214969594152e-02
1.571769030844662463e-01
-1.270146948115265406e+00
8.403889267348321201e-01
1.914504933759696992e-01
1.236165503625408668e+00
5.137474939197297363e-01
-8.750611245019779272e-01
-4.390148177208489377e-01
-9.636997925847776703e-01
-3.114508490860180001e-01
2.104863701133725673e+00
-2.497527052787223700e-01
-1.327489601419000520e+00
9.601106958171576333e-02
-7.807786107857296598e-02
-1.884889045734471913e-01
1.130190264068936745e+00
4.347551195370386035e-01
-5.096368883146092932e-01
3.432985167357668899e-01
6.403252619026780224e-01
-8.746533058514298631e-01
-9.079070972070611978e-01
-9.044960495768470388e-01
-1.223823590585889076e-01
-1.827078425793057681e+00
-3.486587092615508476e-01
-3.729557009850625326e-01
-1.098912563045221225e+00
-3.444707806700568475e-02
-4.147543558725497737e-01
9.708671606213449268e-01
-1.091376747800362423e+00
5.179409403432810866e-01
4.370851155862602311e-01
2.469580546705965052e-01
3.561147617604890625e-01
-5.166481794514246051e-01
-6.284115570081735269e-01
1.319748750438539120e-01
2.669862652459338848e-01
-4.092612817608742848e-01
-1.917814522489033946e+00
-7.345274966302990372e-01
-1.876994736840204292e-01
7.673377455888367171e-01
-4.597192824616763707e-01
-2.027823446361649296e-01
-6.218678882203877434e-01
-2.462197139556366321e-01
2.738302540101184013e-01
-4.555547359940273489e-01
-6.295474714018951534e-01
5.328176804587102522e-01
7.838922161456710613e-01
-1.192148613114019984e+00
-6.767574191970875397e-01
-2.199791103086573774e+00
-2.686353084918011724e-01
-1.148021013452702244e+00
3.506225139392193935e-01
-4.005522511729384116e-01
-5.247805039628929968e-01
-1.233937350463868876e+00
-1.488059375539435347e+00
2.220831763405866077e-01
-7.459728423379343720e-01
-8.772137177906082217e-02
-1.236940263895186076e+00
1.513881713775692139e-01
2.488184145658546509e+00
-3.039925772104758520e-02
4.457233777287703674e-02
-1.263199888562240580e-01
1.330575590750462833e+00
-7.678017226874522816e-01
1.299497485916952799e+00
6.932406297598571188e-01
-6.901134669813269173e-01
-1.216099006273243077e+00
-2.037044975634824340e+00
-1.066820678398543221e+00
1.793526236109755700e+00
8.533600920462197648e-01
-1.613874696534682629e+00
7.019263640159060236e-01
