5.257999999999999545e+02
7.212999999999999545e+02
7.990000000000000000e+02
2.530699999999999818e+03
8.332000000000000455e+02
9.822000000000000455e+02
1.107000000000000000e+03
7.691000000000000227e+02
6.122000000000000455e+02
7.028999999999999773e+02
7.107000000000000455e+02
1.230900000000000091e+03
1.055900000000000091e+03
8.283999999999999773e+02
9.803999999999999773e+02
8.456000000000000227e+02
5.903999999999999773e+02
7.687999999999999545e+02
1.063299999999999955e+03
8.707999999999999545e+02
1.002899999999999977e+03
9.761000000000000227e+02
1.111700000000000045e+03
8.382000000000000455e+02
1.636200000000000045e+03
2.249500000000000000e+03
9.812000000000000455e+02
6.642999999999999545e+02
7.580000000000000000e+02
9.757999999999999545e+02
8.255000000000000000e+02
5.886000000000000227e+02
4.796999999999999886e+02
9.951000000000000227e+02
1.063200000000000045e+03
8.055000000000000000e+02
1.020700000000000045e+03
6.896000000000000227e+02
1.029200000000000045e+03
9.077999999999999545e+02
1.245500000000000000e+03
5.778999999999999773e+02
1.801000000000000000e+03
9.367000000000000455e+02
7.403999999999999773e+02
6.703999999999999773e+02
8.322000000000000455e+02
1.060400000000000091e+03
1.077700000000000045e+03
6.416000000000000227e+02
8.440000000000000000e+02
5.897000000000000455e+02
1.248200000000000045e+03
8.287999999999999545e+02
6.686000000000000227e+02
1.142700000000000045e+03
1.288099999999999909e+03
8.470000000000000000e+02
1.019799999999999955e+03
1.248599999999999909e+03
6.491000000000000227e+02
9.672000000000000455e+02
8.727000000000000455e+02
1.078500000000000000e+03
7.517999999999999545e+02
6.943999999999999773e+02
1.512700000000000045e+03
9.230000000000000000e+02
6.423999999999999773e+02
2.015900000000000091e+03
2.409400000000000091e+03
1.525700000000000045e+03
6.578999999999999773e+02
8.392999999999999545e+02
9.382000000000000455e+02
8.172000000000000455e+02
1.624799999999999955e+03
1.608200000000000045e+03
1.069299999999999955e+03
1.043099999999999909e+03
1.369700000000000045e+03
6.887000000000000455e+02
7.917999999999999545e+02
9.716000000000000227e+02
9.151000000000000227e+02
6.972000000000000455e+02
7.922000000000000455e+02
2.530199999999999818e+03
7.543999999999999773e+02
8.077000000000000455e+02
7.906000000000000227e+02
9.542999999999999545e+02
6.071000000000000227e+02
7.937999999999999545e+02
7.388999999999999773e+02
9.567000000000000455e+02
8.528999999999999773e+02
1.125200000000000045e+03
8.467000000000000455e+02
6.856000000000000227e+02
1.293099999999999909e+03
8.357000000000000455e+02
7.136000000000000227e+02
6.527000000000000455e+02
1.205599999999999909e+03
7.491000000000000227e+02
1.295000000000000000e+03
7.425000000000000000e+02
6.267000000000000455e+02
1.222799999999999955e+03
