-3.590492083643521681e-01
-1.155720770145377108e+00
1.517443502577712211e-01
8.520158027176439886e-01
2.909834463184827746e-01
-6.988356177594902130e-01
-3.650685345281124983e-01
6.265834340817941772e+00
2.230963798469861870e-01
-2.789336362815262871e-01
2.261037809804535836e+00
1.015587153150004085e-01
-9.698611782650118363e-01
-7.324024063293976816e-01
-1.622112774287918002e+00
-1.375965670461619217e+00
4.612362309884702749e-01
-4.171353570246560949e-01
-5.176017366168589318e-01
2.108327119217898726e-01
-7.119480910762309156e-01
9.221070646164211126e-01
1.003756455936066105e+00
-1.265932250712594298e+00
7.806083832121565313e-01
-9.560090899365123462e-01
-1.681389051188479922e+00
1.389572130032644959e-01
-1.045462937957711454e-02
7.312176453521215258e-01
-5.760734363125697977e-01
2.243744216182727916e-02
1.090820826639469887e+00
6.880828236604807913e-01
-5.058876236418993200e-01
-7.303601848144517517e-01
7.153743431867914428e-03
-1.730343184509826326e-01
5.319063408739412857e-01
8.996952820938785012e-01
-4.088040337691728476e-01
-1.673546545987898704e-01
1.228512232711061136e+00
-4.665659804260636201e-01
-6.289060158121049238e-01
4.426782499427208140e-01
1.163433480722164681e+00
-1.420417198248149493e+00
7.187307277173654585e-01
-2.047843825556598496e+00
-3.929353442578050609e-02
-1.282241207860149168e-01
-5.022884887282359490e-01
9.602998764690867661e-01
2.468889839960020371e-01
1.001956234096703424e+00
5.648273956863485157e-02
1.210182765982375175e+00
-1.021418151765331128e+00
-1.331732881451370698e-01
-7.513477409091297021e-01
-5.899449260667637418e-01
-1.016879665684416567e+00
-1.706581479586503747e+00
2.102870702561596250e+00
-8.767043383762413988e-01
-1.298838861498895048e+00
1.701577820787395945e+00
5.250333344344283032e-02
-1.605179510748664939e-01
3.131547464452479057e-02
1.002119265110341217e+00
-3.909289082734590526e-01
-2.959892367975320293e-01
-8.294695375119311986e-01
3.637399474504086992e-03
-1.670439269006066541e-01
6.203800003624651893e+00
-7.682842339518809460e-01
-4.177960493826911037e-01
6.916037459555353095e-01
5.361984723394181973e-01
7.953966251664540410e-01
-7.564794227180032804e-01
2.230946010203841701e-01
-6.751195456110145598e-02
9.481395369695874153e-01
1.657128910613618888e-01
1.258418582834079480e+00
-5.929560620237478430e-01
-5.736970211718351864e-01
-6.237746818085874168e-01
-5.944878535218927063e-01
2.750113158027694960e-01
-1.128739747450469011e+00
-7.380247454919847128e-01
-2.074327132626498371e-01
-8.118727768830561464e-01
-1.707970034669910320e-01
-8.389222731440840186e-02
6.141718274812102418e-02
-3.897854972612961322e-01
-2.045610404231060220e-01
8.687877625000878234e-01
1.706904810705382580e+00
-8.064192531280963694e-01
-2.222042750937758271e-01
7.531431131483711239e-01
-1.218518924579810925e+00
3.454692913347957584e-01
-5.738221856342486937e-01
-2.872734815063722191e-01
-9.315897361299168011e-01
-2.445683620702457095e-01
3.631080048233689683e-01
-1.742968536804447299e-01
-8.497634428243460158e-01
8.220972276483431637e-03
-1.292306001155329787e+00
-4.071301910368546051e-01
8.938399003256968234e-01
2.345328380623556086e+00
-5.415744803919179118e-01
-5.640510039040932261e-02
-8.097199928762276455e-01
1.501365981220943668e+00
5.049168921157475287e-01
-9.622221536048196355e-02
-1.013023064102885451e+00
-6.030089093204358264e-01
3.586723884525786499e-01
6.934271713102561074e-01
-1.339009587160351900e-01
1.211206801512947129e+00
2.364806442737977132e+00
-1.562485398402659431e+00
1.003656682344532758e+00
-2.497018621974730901e-01
-6.523580589106385830e-01
2.887022031035702874e+00
1.807197159811369636e+00
1.295154077506966539e+00
8.650903446658066986e-01
-5.093638483296658581e-01
-7.313868030390513475e-01
3.305231850959128304e-01
1.448295368749460632e+00
4.873840890755158362e-01
-2.272760211465090635e-02
4.225597055680738873e-02
-4.890545573187591311e-01
-7.363412029614621046e-01
-5.840767090477888557e-01
1.449546161024576341e+00
-1.118884879859642023e+00
-2.741654374746952949e-01
1.008120352193367930e+00
-1.133320077437820039e+00
3.016245721239242394e-01
6.862764280038198272e-01
-6.644968443051740836e-02
-7.436171183103760240e-01
-1.662240545713401241e-01
2.238420139881921733e-01
-7.171039162769750064e-01
1.488433722309436380e+00
2.184954806540723993e-01
-5.143078787937068741e-01
-1.154521680428099994e+00
-1.980906294115402158e-02
-6.331150170840791347e-01
6.026449067169289409e-01
-7.633298858137106402e-01
-5.115703654743993800e-01
3.635301102901374037e-02
-6.042380449355568839e-01
-4.878786830034140820e-01
-1.563569139443054645e+00
1.304826019473615872e+00
1.062615938025824436e+00
-3.678612023935591835e-01
8.011643455861786611e-01
1.420155172858200254e+00
3.384075963852783420e-01
-7.225823352910755171e-01
-1.800556416191654019e-01
2.169442330466804514e-02
5.344718282591537362e-01
1.120298659030522614e+00
-6.080792775880818901e-01
-1.443983673773062026e+00
7.180345721136081050e-01
-1.004244852772663288e+00
-8.331137978556636681e-02
8.572723449442278820e-01
-1.185865973217487435e+00
4.821878197739092320e-01
2.173566137446286461e+00
-1.116775295819540270e+00
-6.127823491710977510e-01
8.859168798272646361e-01
-4.981175006618047130e-01
3.700513650136668109e-01
-2.261819318838937387e-01
8.282866775361840128e-01
-1.175216843435206604e+00
-7.269165591361383960e-01
-3.375278148711925996e-01
-7.317313854487412783e-01
-6.354796050959241605e-01
4.784930008685760461e-01
-1.290997779973726001e+00
-5.758900150969304965e-01
-3.424223167955159908e-01
1.200604543214547126e+00
5.809146374737409468e-01
1.470698804351524114e+00
9.397532586804947519e-01
1.977381853812658907e-01
7.318778872714499784e-01
-4.653770682817618964e-01
-2.740669283181830784e-01
5.835831003168540088e-01
3.233947240535451906e-01
-1.604701726360368078e-02
-1.969530548775301648e+00
-1.041539302823298208e+00
1.184193118115094284e-01
-3.457663001319539742e-01
9.470210974088283384e-01
-4.484809623982929233e-02
4.720975756220656128e-01
-1.058489937625301108e-01
1.904701357940522977e+00
1.704200590231183865e+00
2.088175542658978312e+00
-1.107851717351253429e+00
5.590079471314749610e-02
1.124667924793503193e+00
7.230994339060660137e-01
-1.518321536912020431e+00
8.652539502635210253e-03
-8.080244746484890328e-01
2.123623063395585042e+00
-1.564575367661247829e-01
-5.934352496775451291e-01
-4.399717352235336942e-02
-5.325919940048379209e-02
1.699629167657921380e+00
-3.521546636208847114e-01
-1.013542919464480718e+00
-1.903123900686899961e-01
-6.396703771733854849e-01
3.134394849930790539e-01
1.180203776004466132e+00
-8.810646399350741120e-01
-1.355830799460131963e+00
-2.141992482237107254e-01
9.372440305285525963e-02
2.342961604135551379e-01
1.161500292496235209e+00
8.209445301891767910e-01
1.469180121270617922e+00
-1.248761443472712118e+00
2.399720433403961239e-01
-2.621207634138752463e-01
6.239811713557439354e-01
-5.468879624585660792e-01
1.015409923051771995e-01
1.055873553300800349e+00
-1.806366032992705373e+00
3.344877837342543070e-01
4.584560493723099373e-01
1.469874534408537325e-01
-5.352690471144124773e-01
-9.525491798920957542e-01
1.083333473389571852e-02
-5.485963719672520833e-01
1.140287822639986626e+00
-6.782441094735454090e-01
6.979323815632999528e-01
1.584511150711692462e+00
5.810859208296097478e-01
-1.767599582377857637e+00
1.728591224842747520e+00
-1.374239081099903226e+00
1.154843685459756353e+00
1.284970486310123561e-01
-8.341732477670020796e-01
-4.537223585908062851e-01
1.199817811650927268e+00
-1.185449679650840027e+00
8.817687058955532287e-01
1.218875350919946365e+00
8.734135357360905960e-02
-4.224011817776879840e-01
-6.977695768257751174e-01
2.782566230700423970e-01
1.054083731112868128e+00
-5.799683523991625567e-01
-7.740241018306402709e-02
-8.950043689159004057e-02
-3.168048698189786516e-01
-2.579552498287626672e-01
-3.488303105958529549e-01
1.027298210803296641e+00
-2.456762998734614289e-01
9.350950279829846057e-01
1.319680428002657280e+00
-5.938020772308717499e-01
-2.877193300906550899e-01
-6.658844612628134207e-01
-1.333255876562050357e+00
4.225540771179145394e-01
1.208735069855929600e+00
7.831247981434349414e-01
-1.392833612155691903e+00
-1.732906083479328896e-01
-1.245080246943198077e+00
-6.628829111717086942e-02
3.280054625053082651e-01
7.112516423252039643e-02
-4.227933395775468894e-01
8.659181240060939699e-02
5.314178309327353966e-02
5.912206599404783436e-01
-7.471674211752069583e-01
3.014300212576261906e-01
-6.805551600610668661e-01
-1.100886265094775052e+00
-2.848738080372371084e-01
1.457019140240054800e-01
-1.234655625837982829e+00
1.319064394135538443e+00
-6.453135555147935243e-01
-5.589279648608380668e-01
-1.467542176907413953e+00
-2.405360380014044619e+00
6.314684098433144543e-02
1.382004938738889521e+00
-1.207343975840168560e-01
-6.080177366462962141e-01
2.323825522121669429e-01
6.528506911692846248e-01
-1.496747536702105252e+00
5.097184611219938155e-01
2.568039261070731438e-01
-4.939892134524176415e-01
1.419009152721797395e-01
-1.632323790996039303e+00
4.561774345746243964e-01
-3.811702483857880575e-01
-5.335425695313687246e-03
1.688399455398059912e+00
8.518114688631786002e-01
-4.062171245364540328e-01
-1.265400070997825477e+00
7.116848792220229480e-01
-4.131316619553611624e-01
3.940855434551377989e-01
9.149207376337018527e-01
4.981731869082227093e-01
6.167902390294855985e-01
1.139278764744232841e+00
2.287384359680146306e-01
-7.759726613041434407e-01
4.266856491283153863e-02
-1.376551464691966098e+00
-3.043626864682990041e-01
-6.137224508699098413e-01
1.366128791518022467e+00
-8.620617185810780514e-01
-1.965306520189820938e-01
1.436168614833255086e+00
-1.278873846085481825e+00
-4.050113233199681417e-01
4.927263711665046952e-01
3.214815327764200537e-01
-4.565133685521499118e-01
-5.306873639426079592e-01
6.347237397579886808e-01
-6.456076962282939480e-01
-2.216018732555372073e-01
-4.932672538365096560e-01
1.400076587370905901e-01
1.530701779668262041e-01
3.283006395072554651e-01
-1.242538302587172128e+00
5.348983788611036960e-01
2.142307800040127164e-01
-7.664495684128423969e-01
6.152860922513700981e-01
7.159934653119253145e-01
7.003287915472989900e-01
-3.467861105727628734e-01
-1.298026595062603983e+00
-3.775606950203221901e-01
-1.328508699782333657e+00
-2.298430983607662459e-01
7.406002545529538628e-01
-3.807221524423546333e-01
7.511762700053814523e-01
-7.126645568515603824e-01
-4.779226465279934888e-01
-9.525958527203721993e-02
-3.166397605726471998e-01
-6.691049440528815673e-01
-6.368158104619336957e-01
-4.727107840788059012e-01
1.218753621472168196e-02
4.359711791358940602e-01
2.604279963941547038e-01
-3.375764072345138200e-01
-5.680292485963496230e-01
-1.377769246438703687e-01
1.258073183036667077e-02
-1.098950060058163092e-01
3.230843145693720331e-01
-6.191113154336633784e-01
-7.222280544968459060e-01
-7.516648042693664378e-01
-1.730184850949710029e-01
-6.581302712478229733e-01
2.716286806060060344e-01
-4.336226494104671314e-01
8.148999108288247362e-01
-7.096250586583685571e-02
3.812585581922448563e-01
-6.315027550232104048e-01
-8.646341904055099975e-03
-9.687194195570543176e-01
-1.072607222731212451e+00
-4.688069715971678320e-01
-6.393306897766127816e-01
-1.051547915047135406e+00
-1.110918617976357492e+00
