2.826000000000000068e+00
2.745000000000000107e+00
3.208000000000000185e+00
2.330999999999999961e+00
2.652000000000000135e+00
2.652000000000000135e+00
2.845000000000000195e+00
2.952999999999999847e+00
2.995000000000000107e+00
2.310999999999999943e+00
2.615000000000000213e+00
2.730999999999999872e+00
2.968999999999999861e+00
2.883999999999999897e+00
2.693999999999999950e+00
2.693000000000000060e+00
2.633999999999999897e+00
2.782000000000000028e+00
2.616999999999999993e+00
2.537999999999999812e+00
2.633000000000000007e+00
2.611000000000000210e+00
3.396999999999999797e+00
2.745000000000000107e+00
2.935000000000000053e+00
2.657999999999999918e+00
2.584000000000000075e+00
3.472999999999999865e+00
2.778999999999999915e+00
3.238999999999999879e+00
2.608999999999999986e+00
2.404999999999999805e+00
2.964999999999999858e+00
3.238999999999999879e+00
3.271999999999999797e+00
2.714999999999999858e+00
2.876999999999999780e+00
3.083000000000000185e+00
3.216000000000000192e+00
3.012999999999999901e+00
2.890000000000000124e+00
2.585999999999999854e+00
2.403000000000000025e+00
3.271999999999999797e+00
2.967000000000000082e+00
2.991999999999999993e+00
3.374000000000000110e+00
2.709999999999999964e+00
2.794000000000000039e+00
2.492999999999999883e+00
2.595000000000000195e+00
2.794999999999999929e+00
2.769000000000000128e+00
3.033999999999999808e+00
2.694999999999999840e+00
2.950000000000000178e+00
3.004999999999999893e+00
2.928999999999999826e+00
2.830000000000000071e+00
2.532000000000000028e+00
2.968999999999999861e+00
2.754999999999999893e+00
3.003000000000000114e+00
2.573999999999999844e+00
2.621999999999999886e+00
2.604000000000000092e+00
2.861000000000000210e+00
2.805000000000000160e+00
2.573999999999999844e+00
3.029999999999999805e+00
2.630999999999999783e+00
2.798999999999999932e+00
2.516999999999999904e+00
2.845000000000000195e+00
2.810999999999999943e+00
3.060999999999999943e+00
3.028999999999999915e+00
2.991999999999999993e+00
2.754000000000000004e+00
2.846999999999999975e+00
2.802999999999999936e+00
3.115000000000000213e+00
2.712000000000000188e+00
2.615000000000000213e+00
2.786999999999999922e+00
3.674999999999999822e+00
2.986000000000000210e+00
2.560000000000000053e+00
3.084000000000000075e+00
2.928999999999999826e+00
3.584999999999999964e+00
2.855999999999999872e+00
2.880999999999999783e+00
2.634999999999999787e+00
2.963999999999999968e+00
2.709999999999999964e+00
2.790000000000000036e+00
2.767999999999999794e+00
3.033999999999999808e+00
2.564999999999999947e+00
2.693000000000000060e+00
2.694999999999999840e+00
2.835999999999999854e+00
2.879999999999999893e+00
2.886000000000000121e+00
3.396999999999999797e+00
2.416999999999999815e+00
2.794999999999999929e+00
2.875000000000000000e+00
2.750999999999999890e+00
2.974000000000000199e+00
2.741999999999999993e+00
2.547000000000000153e+00
2.861000000000000210e+00
2.599000000000000199e+00
3.166999999999999815e+00
2.685999999999999943e+00
2.511000000000000121e+00
2.519000000000000128e+00
2.551000000000000156e+00
2.708000000000000185e+00
3.137000000000000011e+00
2.619000000000000217e+00
2.767999999999999794e+00
2.742999999999999883e+00
2.557999999999999829e+00
2.569999999999999840e+00
2.709000000000000075e+00
2.693999999999999950e+00
3.319999999999999840e+00
2.584000000000000075e+00
2.829000000000000181e+00
2.615000000000000213e+00
2.564000000000000057e+00
2.516999999999999904e+00
2.740000000000000213e+00
2.740000000000000213e+00
2.870999999999999996e+00
2.387999999999999901e+00
2.769000000000000128e+00
3.051000000000000156e+00
2.938000000000000167e+00
2.442000000000000171e+00
2.649999999999999911e+00
2.657999999999999918e+00
2.652000000000000135e+00
2.733000000000000096e+00
2.947999999999999954e+00
2.479000000000000092e+00
2.876999999999999780e+00
2.899000000000000021e+00
2.625999999999999890e+00
2.875000000000000000e+00
3.273000000000000131e+00
2.592999999999999972e+00
2.603000000000000203e+00
2.644000000000000128e+00
2.878000000000000114e+00
2.854999999999999982e+00
2.394000000000000128e+00
2.689999999999999947e+00
2.544000000000000039e+00
3.216000000000000192e+00
2.912999999999999812e+00
2.669000000000000039e+00
3.273000000000000131e+00
2.729999999999999982e+00
2.717000000000000082e+00
2.890000000000000124e+00
2.875000000000000000e+00
2.615000000000000213e+00
3.172000000000000153e+00
2.919000000000000039e+00
3.033999999999999808e+00
2.870000000000000107e+00
2.560000000000000053e+00
2.849000000000000199e+00
2.833000000000000185e+00
3.084000000000000075e+00
3.411000000000000032e+00
3.032999999999999918e+00
2.668000000000000149e+00
2.995999999999999996e+00
2.770999999999999908e+00
2.733999999999999986e+00
2.657999999999999918e+00
2.668000000000000149e+00
2.428999999999999826e+00
3.374000000000000110e+00
2.588000000000000078e+00
2.503000000000000114e+00
2.487999999999999989e+00
2.835999999999999854e+00
2.648000000000000131e+00
2.638999999999999790e+00
3.145999999999999908e+00
2.650999999999999801e+00
2.861000000000000210e+00
2.799999999999999822e+00
2.686999999999999833e+00
2.975000000000000089e+00
3.255999999999999783e+00
2.638999999999999790e+00
2.592000000000000082e+00
2.793000000000000149e+00
3.012999999999999901e+00
2.757000000000000117e+00
2.983000000000000096e+00
2.838000000000000078e+00
2.818000000000000060e+00
2.745000000000000107e+00
2.766000000000000014e+00
2.813000000000000167e+00
2.734999999999999876e+00
3.068999999999999950e+00
3.036000000000000032e+00
2.697999999999999954e+00
2.702999999999999847e+00
3.157000000000000028e+00
2.644000000000000128e+00
3.091000000000000192e+00
2.888999999999999790e+00
2.782000000000000028e+00
2.741000000000000103e+00
2.757000000000000117e+00
2.713999999999999968e+00
2.579000000000000181e+00
2.972999999999999865e+00
2.798000000000000043e+00
2.777000000000000135e+00
2.867999999999999883e+00
2.713000000000000078e+00
2.661000000000000032e+00
2.379000000000000004e+00
3.129000000000000004e+00
2.882000000000000117e+00
2.693999999999999950e+00
2.482000000000000206e+00
2.809000000000000163e+00
2.613999999999999879e+00
2.826999999999999957e+00
2.758000000000000007e+00
2.778000000000000025e+00
2.980999999999999872e+00
2.475999999999999979e+00
2.757000000000000117e+00
3.125000000000000000e+00
2.576999999999999957e+00
2.750000000000000000e+00
2.765000000000000124e+00
2.495000000000000107e+00
2.907000000000000028e+00
2.910000000000000142e+00
2.709999999999999964e+00
3.250999999999999890e+00
2.575000000000000178e+00
2.843999999999999861e+00
3.216000000000000192e+00
2.964999999999999858e+00
3.108000000000000096e+00
3.068999999999999950e+00
2.729999999999999982e+00
2.435000000000000053e+00
2.738999999999999879e+00
2.781000000000000139e+00
2.944999999999999840e+00
3.399999999999999911e+00
3.255999999999999783e+00
2.966000000000000192e+00
3.396999999999999797e+00
3.080999999999999961e+00
2.677000000000000046e+00
3.116999999999999993e+00
2.851999999999999869e+00
3.064000000000000057e+00
3.077999999999999847e+00
2.592999999999999972e+00
2.720000000000000195e+00
2.831999999999999851e+00
3.234999999999999876e+00
2.666999999999999815e+00
2.887000000000000011e+00
2.853000000000000203e+00
2.757000000000000117e+00
2.750000000000000000e+00
2.646999999999999797e+00
2.988999999999999879e+00
2.649999999999999911e+00
3.080999999999999961e+00
2.829000000000000181e+00
2.746999999999999886e+00
2.916999999999999815e+00
2.560999999999999943e+00
3.250999999999999890e+00
2.593999999999999861e+00
2.641999999999999904e+00
2.803999999999999826e+00
3.071000000000000174e+00
2.737000000000000099e+00
2.758999999999999897e+00
2.787999999999999812e+00
2.717999999999999972e+00
2.802000000000000046e+00
2.549999999999999822e+00
2.854999999999999982e+00
2.762999999999999901e+00
2.902000000000000135e+00
2.676000000000000156e+00
2.839999999999999858e+00
2.789000000000000146e+00
3.275999999999999801e+00
2.998000000000000220e+00
2.845000000000000195e+00
2.951999999999999957e+00
3.064999999999999947e+00
2.766000000000000014e+00
2.612999999999999989e+00
2.705000000000000071e+00
2.803999999999999826e+00
2.729999999999999982e+00
2.775999999999999801e+00
2.783999999999999808e+00
2.519000000000000128e+00
2.681000000000000050e+00
2.883999999999999897e+00
2.774999999999999911e+00
2.770999999999999908e+00
2.843999999999999861e+00
2.927000000000000046e+00
2.895999999999999908e+00
2.773000000000000131e+00
2.545999999999999819e+00
2.544999999999999929e+00
2.559000000000000163e+00
2.673999999999999932e+00
2.724000000000000199e+00
2.916999999999999815e+00
2.849000000000000199e+00
2.818000000000000060e+00
2.713000000000000078e+00
2.759999999999999787e+00
3.584999999999999964e+00
2.721000000000000085e+00
2.774999999999999911e+00
2.974000000000000199e+00
3.116999999999999993e+00
2.451999999999999957e+00
2.779999999999999805e+00
2.762000000000000011e+00
2.633999999999999897e+00
2.599000000000000199e+00
2.835999999999999854e+00
3.099000000000000199e+00
2.479999999999999982e+00
2.279999999999999805e+00
2.924999999999999822e+00
3.068000000000000060e+00
3.378000000000000114e+00
2.915999999999999925e+00
2.471999999999999975e+00
3.033999999999999808e+00
2.726999999999999869e+00
2.755999999999999783e+00
3.137000000000000011e+00
2.668000000000000149e+00
2.846999999999999975e+00
2.975000000000000089e+00
2.672000000000000153e+00
2.549999999999999822e+00
2.829000000000000181e+00
2.745999999999999996e+00
2.694999999999999840e+00
2.641000000000000014e+00
2.670999999999999819e+00
3.092000000000000082e+00
2.620999999999999996e+00
2.888999999999999790e+00
2.970000000000000195e+00
2.963000000000000078e+00
2.974000000000000199e+00
3.100000000000000089e+00
2.646999999999999797e+00
2.580000000000000071e+00
2.771999999999999797e+00
2.564000000000000057e+00
2.563000000000000167e+00
2.911000000000000032e+00
2.935999999999999943e+00
2.806000000000000050e+00
3.435999999999999943e+00
2.552000000000000046e+00
2.700000000000000178e+00
2.975999999999999979e+00
2.314000000000000057e+00
2.891999999999999904e+00
2.734999999999999876e+00
3.103000000000000203e+00
2.495999999999999996e+00
3.044000000000000039e+00
3.184000000000000163e+00
2.660000000000000142e+00
3.019000000000000128e+00
2.688000000000000167e+00
2.902000000000000135e+00
3.125000000000000000e+00
2.670999999999999819e+00
3.144000000000000128e+00
3.120999999999999996e+00
2.898000000000000131e+00
3.315999999999999837e+00
2.617999999999999883e+00
2.830000000000000071e+00
2.664000000000000146e+00
2.926000000000000156e+00
2.682999999999999829e+00
3.379000000000000004e+00
2.608000000000000096e+00
3.071000000000000174e+00
2.619000000000000217e+00
2.777000000000000135e+00
2.884999999999999787e+00
2.673000000000000043e+00
3.334000000000000075e+00
2.543000000000000149e+00
3.333000000000000185e+00
3.096000000000000085e+00
2.657000000000000028e+00
3.011000000000000121e+00
3.144000000000000128e+00
2.970000000000000195e+00
2.738999999999999879e+00
2.576000000000000068e+00
2.726999999999999869e+00
2.750000000000000000e+00
2.813000000000000167e+00
2.906000000000000139e+00
