2.982000000000000206e+00
2.898000000000000131e+00
2.575000000000000178e+00
2.805000000000000160e+00
2.419999999999999929e+00
2.516000000000000014e+00
3.069999999999999840e+00
2.701999999999999957e+00
3.613999999999999879e+00
2.774999999999999911e+00
2.790000000000000036e+00
3.105999999999999872e+00
2.422000000000000153e+00
3.674999999999999822e+00
2.657999999999999918e+00
2.705999999999999961e+00
3.540000000000000036e+00
2.532999999999999918e+00
2.826999999999999957e+00
2.733999999999999986e+00
2.724000000000000199e+00
2.648000000000000131e+00
2.959999999999999964e+00
2.553999999999999826e+00
2.862999999999999989e+00
2.661999999999999922e+00
2.762999999999999901e+00
2.733000000000000096e+00
2.741000000000000103e+00
2.959999999999999964e+00
2.814000000000000057e+00
2.936999999999999833e+00
3.166999999999999815e+00
2.669000000000000039e+00
2.625999999999999890e+00
2.774000000000000021e+00
2.951999999999999957e+00
3.117999999999999883e+00
2.934000000000000163e+00
2.882000000000000117e+00
2.857000000000000206e+00
3.032999999999999918e+00
3.137000000000000011e+00
2.736000000000000210e+00
2.700000000000000178e+00
3.319999999999999840e+00
2.601999999999999869e+00
2.927999999999999936e+00
3.378000000000000114e+00
2.669000000000000039e+00
2.689999999999999947e+00
3.404999999999999805e+00
2.661999999999999922e+00
2.672000000000000153e+00
3.379000000000000004e+00
2.793000000000000149e+00
3.092999999999999972e+00
3.161999999999999922e+00
2.979000000000000092e+00
2.942000000000000171e+00
3.005999999999999783e+00
2.794000000000000039e+00
2.963999999999999968e+00
2.805000000000000160e+00
2.753000000000000114e+00
3.099000000000000199e+00
2.857000000000000206e+00
2.451999999999999957e+00
2.696000000000000174e+00
2.736000000000000210e+00
2.689000000000000057e+00
2.629000000000000004e+00
2.920999999999999819e+00
2.931999999999999940e+00
2.902000000000000135e+00
2.854999999999999982e+00
2.564000000000000057e+00
2.736000000000000210e+00
2.713000000000000078e+00
2.642999999999999794e+00
2.995999999999999996e+00
2.903999999999999915e+00
3.141999999999999904e+00
2.629000000000000004e+00
2.693999999999999950e+00
3.472999999999999865e+00
3.028999999999999915e+00
2.826000000000000068e+00
2.498000000000000220e+00
2.498000000000000220e+00
2.705999999999999961e+00
2.758000000000000007e+00
2.758000000000000007e+00
2.596000000000000085e+00
2.653999999999999915e+00
2.638999999999999790e+00
2.968999999999999861e+00
2.584000000000000075e+00
2.883000000000000007e+00
2.633999999999999897e+00
2.979000000000000092e+00
3.722999999999999865e+00
2.677000000000000046e+00
2.778999999999999915e+00
2.972999999999999865e+00
3.373000000000000220e+00
2.718999999999999861e+00
2.794000000000000039e+00
2.604000000000000092e+00
3.016999999999999904e+00
