1.496165155597637586e+01
1.516607659590897050e+01
2.063755282377778855e+01
1.399578013328637205e+01
2.053655432284132232e+01
1.491726184398849320e+01
1.581606752533537374e+01
1.662681185284559504e+01
1.579745019568733255e+01
1.450666691909099981e+01
1.541279942237424017e+01
1.516607659590897050e+01
1.586337011385489859e+01
1.557198493443324772e+01
1.537884480750541627e+01
1.528389345930169796e+01
1.526169203112486272e+01
1.435884810623400121e+01
1.481385063104454147e+01
1.458042138640761820e+01
1.421536937954234858e+01
1.435884810623400121e+01
2.054924613010538792e+01
1.497153538159899533e+01
1.568396064601333073e+01
1.520882116783418248e+01
1.451775339032212031e+01
2.060073904418872459e+01
1.511157131008009635e+01
2.063755282377778855e+01
1.440908660280982545e+01
1.470707222686492344e+01
1.491726184398849320e+01
2.049991500261309696e+01
2.051271935386763801e+01
1.541279942237424017e+01
1.481385063104454147e+01
2.064863929500890904e+01
2.066078322447283711e+01
1.632141383703497439e+01
1.617673812810843259e+01
1.469598575563380471e+01
1.458042138640761820e+01
2.063755282377778855e+01
1.535336133000861558e+01
1.542205832822952338e+01
2.064863929500890904e+01
1.470707222686492344e+01
1.621085190816169330e+01
1.451775339032212031e+01
1.491726184398849320e+01
1.469598575563380471e+01
1.500678383892596024e+01
2.056336985410080231e+01
1.621085190816169330e+01
1.581606752533537374e+01
1.507014019981255082e+01
1.669664653229864371e+01
1.568396064601333073e+01
1.581635523550806433e+01
1.522311260904975327e+01
1.592797222168791293e+01
1.538637415201590741e+01
1.498262185283011583e+01
1.433791752902351924e+01
1.517691860399216708e+01
1.583021999143506697e+01
1.559273024251254647e+01
1.517716306714008745e+01
1.579745019568733255e+01
1.450666691909099981e+01
1.480276415981342097e+01
1.597792152411559918e+01
1.573598948859788571e+01
1.589765823430876246e+01
1.652549669642397490e+01
2.061182551541984864e+01
1.651763197877551548e+01
1.433791752902351924e+01
1.641261894649050745e+01
1.568396064601333073e+01
1.689381638497058091e+01
1.520508106197077147e+01
1.558034522199882055e+01
1.565216889916674070e+01
2.053655432284132232e+01
2.060073904418872459e+01
1.539490074613882697e+01
2.047226166867401886e+01
1.589172735861713370e+01
2.056336985410080231e+01
1.489948180192096139e+01
1.642412660936507862e+01
1.472159583324921961e+01
1.631712512451407449e+01
1.582097833116339380e+01
1.450666691909099981e+01
1.491726184398849320e+01
1.588208575715135495e+01
1.671957528164669782e+01
1.469598575563380471e+01
1.484602098732031372e+01
1.583682972458952953e+01
1.509476050912476630e+01
1.604511156311124864e+01
2.072116477317810634e+01
1.481385063104454147e+01
1.566171511223737767e+01
1.554023104008771661e+01
1.491726184398849320e+01
2.049991500261309696e+01
1.610941993821968055e+01
1.459738093742024923e+01
1.574002560536144735e+01
1.469598575563380471e+01
2.067286209379301809e+01
1.529141628816723930e+01
1.579745019568733255e+01
1.406174343423306716e+01
1.584355768822057620e+01
1.500805013529537213e+01
2.068487506600292036e+01
1.488082136326974592e+01
1.536232253239743528e+01
1.511877381059752068e+01
1.560042981906848247e+01
1.476477788872603014e+01
1.658214884812356971e+01
1.469598575563380471e+01
2.064863929500890904e+01
1.416968373305972229e+01
1.630586486745813346e+01
1.491072769786088337e+01
1.491726184398849320e+01
1.422645585077346908e+01
1.579648795855676369e+01
1.491726184398849320e+01
1.568396064601333073e+01
1.643495810238417576e+01
1.480276415981342097e+01
1.706462944072599441e+01
1.687857552028943786e+01
1.453275170600734789e+01
1.510171952663261941e+01
1.557476038016927866e+01
2.066078322447283711e+01
1.580989185993227686e+01
1.517667550583397862e+01
1.572141535736548690e+01
1.580853666691845305e+01
1.653846518096418450e+01
1.504973144942661456e+01
1.605959477191472118e+01
2.049814210604423437e+01
1.572322338327255054e+01
1.461037304464101005e+01
1.468969602864034485e+01
1.532382162693689942e+01
1.577097592899123946e+01
1.470707222686492344e+01
1.492834831521961370e+01
1.442347622739231916e+01
2.068573483290489179e+01
1.541279942237424017e+01
1.504973144942661456e+01
2.062415960351588851e+01
1.579980942888690087e+01
1.566325537039786120e+01
1.589172735861713370e+01
1.598244137694638312e+01
1.480051461329848195e+01
2.062534467113662373e+01
1.470707222686492344e+01
1.460846740865136972e+01
1.611644255127223957e+01
1.480051461329848195e+01
1.591231583883543088e+01
1.577192992413620765e+01
2.062415960351588851e+01
2.066078322447283711e+01
2.053815965887426742e+01
1.615640482859237892e+01
2.056188040992443078e+01
1.541279942237424017e+01
1.542388589360536066e+01
1.410751110447675316e+01
1.629123581228350659e+01
1.484602098732031372e+01
2.051100147384421746e+01
1.428928140210284781e+01
1.490175528074006728e+01
1.459738093742024923e+01
1.604322224156267751e+01
1.529141628816723930e+01
1.465234937505047341e+01
2.070869997122577999e+01
1.466160839156044915e+01
1.580989185993227686e+01
1.641261894649050745e+01
1.459738093742024923e+01
1.703781406873052617e+01
2.073225124440922329e+01
1.546829936450703968e+01
1.496030762625549393e+01
1.614890702893120533e+01
1.555112551673518873e+01
1.489190783450086641e+01
1.459738093742024923e+01
1.568396064601333073e+01
1.491726184398849320e+01
1.586096028757060239e+01
1.503864497819549406e+01
1.582327265765840174e+01
1.435884810623400121e+01
2.062534467113662373e+01
1.470078249987146535e+01
1.481385063104454147e+01
1.621999275937703544e+01
2.066177562256189759e+01
1.522846087898050271e+01
1.589172735861713370e+01
1.518411636722606062e+01
1.445282661136801750e+01
1.698474509732136895e+01
1.459738093742024923e+01
1.572035266739547943e+01
1.481385063104454147e+01
1.440908660280982545e+01
1.541279942237424017e+01
1.492834831521961370e+01
1.579745019568733255e+01
1.415859726182860179e+01
1.460846740865136972e+01
1.460846740865136972e+01
1.664997433449935826e+01
1.616397198194779961e+01
1.523266930442477118e+01
1.491726184398849320e+01
1.567287417478221023e+01
1.617673812810843259e+01
1.587732853891363405e+01
1.555131751131883355e+01
1.566325537039786120e+01
1.633044523365859746e+01
1.476477788872603014e+01
1.504973144942661456e+01
2.067286209379301809e+01
1.469598575563380471e+01
1.503864497819549406e+01
1.553031705796645134e+01
1.491726184398849320e+01
1.510463986392848668e+01
1.566325537039786120e+01
1.579745019568733255e+01
2.048522855866532666e+01
1.487903855472817760e+01
1.564789776763474549e+01
2.053815965887426742e+01
1.651993677382774806e+01
1.565965955558212030e+01
2.049991500261309696e+01
1.530980620183458463e+01
1.503864497819549406e+01
1.516678944469885870e+01
1.554365770135473568e+01
1.678094155349845806e+01
2.066078322447283711e+01
2.058697303936133949e+01
1.529171177293759420e+01
2.070869997122577999e+01
1.599475406785249909e+01
1.459738093742024923e+01
2.051100147384421746e+01
1.511403506744632175e+01
1.589172735861713370e+01
1.675550687333415922e+01
1.488082136326974592e+01
1.536587849257389315e+01
1.491726184398849320e+01
2.057445632533192281e+01
1.603807447859482593e+01
1.643495810238417576e+01
1.502130534193723932e+01
1.521341776626377928e+01
1.454383817723846839e+01
1.488082136326974592e+01
1.470078249987146535e+01
1.568396064601333073e+01
1.709135196105615506e+01
1.629713807863226904e+01
1.458042138640761820e+01
1.659326491774366374e+01
1.567287417478221023e+01
2.061182551541984864e+01
1.465052192032932865e+01
1.434744138907047351e+01
1.549257154400288705e+01
2.058834324381503578e+01
1.572907733306346145e+01
1.469598575563380471e+01
1.555258821810762093e+01
1.480871714280218576e+01
1.651710343170844197e+01
2.062415960351588851e+01
1.497766333358767454e+01
1.600682314428500419e+01
1.629123581228350659e+01
1.469598575563380471e+01
1.597710354204177818e+01
1.472780985597294823e+01
2.068487506600292036e+01
1.623813650980558165e+01
1.610941993821968055e+01
1.459738093742024923e+01
1.697856685191754167e+01
1.529141628816723930e+01
1.533978803719345585e+01
1.480051461329848195e+01
1.518800507522328758e+01
1.498262185283011583e+01
1.460846740865136972e+01
1.469598575563380471e+01
1.594713114179510249e+01
1.617673812810843259e+01
1.606995972392881811e+01
1.443589787841181327e+01
1.565216889916674070e+01
1.646514440314007288e+01
1.566325537039786120e+01
1.480276415981342097e+01
1.470707222686492344e+01
1.572141535736548690e+01
1.518800507522328758e+01
1.541279942237424017e+01
1.623000129785905798e+01
1.476477788872603014e+01
1.517716306714008745e+01
1.623813650980558165e+01
1.617673812810843259e+01
1.517691860399216708e+01
1.529181075316546234e+01
2.044815580180572212e+01
1.489190783450086641e+01
1.469598575563380471e+01
2.057445632533192281e+01
2.067286209379301809e+01
1.461037304464101005e+01
1.507014019981255082e+01
1.398469366205525510e+01
1.542388589360536066e+01
1.435884810623400121e+01
1.562048172683407010e+01
1.596774375846964666e+01
1.427819493087172731e+01
1.610918569663694200e+01
1.415859726182860179e+01
1.607329248837671898e+01
2.062415960351588851e+01
1.573250182859660740e+01
1.434744138907047351e+01
2.040879095068422089e+01
1.470078249987146535e+01
1.450666691909099981e+01
2.055079393869331028e+01
1.436993457746511815e+01
1.598242585846645269e+01
1.580809635503964117e+01
1.473268230448034011e+01
2.047226166867401886e+01
1.500465190037810714e+01
1.458952382372109469e+01
1.555131751131883355e+01
1.469598575563380471e+01
1.529141628816723930e+01
1.567465344421919227e+01
1.591159869330107846e+01
1.609045295000991871e+01
1.503864497819549406e+01
1.565965955558212030e+01
2.063755282377778855e+01
1.553053179284819940e+01
1.491726184398849320e+01
1.481160108452960067e+01
1.576510363469000886e+01
1.488082136326974592e+01
1.567287417478221023e+01
1.554023104008771661e+01
1.415859726182860179e+01
1.480276415981342097e+01
2.068573483290489179e+01
1.425240158401203416e+01
1.620286091570246967e+01
1.488082136326974592e+01
1.491726184398849320e+01
1.672039910606630286e+01
1.592797222168791293e+01
2.058697303936133949e+01
1.459738093742024923e+01
1.677979019590776133e+01
2.063755282377778855e+01
1.592732160098355187e+01
2.058697303936133949e+01
1.503864497819549406e+01
1.668425584776338155e+01
2.051100147384421746e+01
1.443456269862343966e+01
2.041987742191534139e+01
1.606995972392881811e+01
1.561931885042004353e+01
2.061307313228476801e+01
1.555131751131883355e+01
1.554023104008771661e+01
1.526740027071542194e+01
1.524636561978394056e+01
1.504973144942661456e+01
2.055079393869331028e+01
1.542031771912371063e+01
2.072116477317810634e+01
1.492834831521961370e+01
1.582097833116339380e+01
1.699794002618462230e+01
1.473268230448034011e+01
2.068487506600292036e+01
1.456933491517649948e+01
2.056188040992443078e+01
2.062534467113662728e+01
1.544682388698465125e+01
1.634153170488971796e+01
2.054924613010538792e+01
1.627014441774927889e+01
1.571563863971754493e+01
1.491056827315208189e+01
1.629123581228350659e+01
1.541279942237424017e+01
1.576566276635823094e+01
1.611244547447514464e+01
