5.436058260107856643e-01
-1.345291028215452045e-02
-4.987175020035297668e-01
-1.715968914031596348e+00
-2.617937369960031901e+00
-4.321426463907360183e-01
1.588483358861309536e-01
2.845142982944359744e-01
1.018023028841450239e+00
-2.215486035362143280e+00
-1.103002019780962017e+00
-1.054631453751259107e-01
9.351358870677407564e-01
4.920016378222270559e-01
-4.057177362027450940e-01
-3.539586748001763428e-01
-6.453617998112316512e-01
8.865308284386075321e-01
-5.785849820541105748e-01
-7.570748961708025915e-01
-2.840321351413345810e-02
-2.928682669973472485e-01
3.381607791044262679e-01
1.402465783994373549e-01
9.335208715033255222e-01
-4.902612066353738696e-01
-5.660429224126177772e-01
6.469291840752448008e-01
2.020698397076739761e-01
-3.697770099054644155e-01
-2.741445350978603535e-01
-1.809475510090392758e+00
1.661834996728352554e+00
-3.116265131646153153e-01
-1.788220164510796184e-01
-4.189603874780012394e-01
1.133988061210005061e+00
-1.014450804154291008e+00
-4.753404791820152742e-01
9.015600934080579831e-01
1.697939646859509821e-01
-6.868681449257585392e-01
-1.450205576735540403e+00
-2.315628127215548226e-01
1.081090091796193864e+00
1.179592234715137522e+00
1.971540048793947730e-01
1.008136352567248067e-01
-4.489227566878097875e-01
-1.133078267263998740e+00
-7.956565561658659469e-01
6.698235586118339580e-01
2.117885320839720809e-01
-1.174851033829543034e+00
-1.070004298777919471e+00
8.431949655158038626e-01
1.937817961667461564e+00
7.661394714236086090e-02
1.745131186533036005e-01
-1.493665508711104373e+00
1.170377968029655547e+00
-4.936299351703237193e-01
1.262736307974624994e+00
-1.036541286247296245e+00
-2.019650738875544416e-01
-9.897884016437514809e-01
2.118013186363933986e-01
6.210474941405976640e-02
-1.122774104357237901e+00
1.224648394171789167e+00
-2.592906426845530410e-01
6.165612758151238770e-01
-1.665197315068955852e+00
1.816017416745030755e-01
-9.855679983983457737e-02
9.074788736949455092e-01
-1.215242025261733305e+00
6.212137548293644729e-01
7.064404779493327347e-01
-2.238031572296629024e-01
-1.750855555902711483e-02
1.184555855964119386e+00
-2.075355524829099185e-01
-1.110428764578342609e+00
-8.347890559203419159e-02
1.577291764111437233e+00
-1.380907042762306247e+00
-1.153792707626415615e+00
-9.359014697155896290e-01
5.737030291277768201e-01
1.159109024993374426e+00
7.788659275072172816e-01
-3.560936924273259280e-02
-4.186408415585395337e-01
4.861827181038350654e-01
-7.777939477420752201e-01
7.782526686165535112e-01
3.247199784005861956e-01
1.356061346361378650e+00
-2.224444155820737290e+00
-1.561916399012625457e-03
-8.474806056653101660e-02
8.618885987084616562e-02
7.564681358714129278e-01
2.190826758000104790e-01
2.655270043970430205e-01
-1.817315451638442436e+00
-5.074418745977724021e-02
6.115803974589861802e-01
2.123766012300825623e-01
-1.385543373015378332e+00
-7.047387893327197173e-01
-8.579422182068545677e-01
2.659122024243490423e-01
-6.046522240860302544e-01
-6.828301369684711686e-01
-5.227807302201015194e-01
-1.663171768751418256e+00
-6.311018257241398643e-01
-1.415041153296979992e+00
-1.102420432751101131e-01
-8.107369484730091447e-01
-6.534553162794652925e-01
-6.819321599785773715e-03
7.050826117756909747e-03
-1.293568125247139378e+00
-7.048141909492361412e-01
-1.248063968847570093e+00
4.934881779246041295e-03
-3.345622108003702688e-02
-3.054324784352285271e-01
-2.933825025211096449e-01
-5.319230544307770314e-01
-9.910167954548581015e-01
-7.668185464902809167e-01
-4.939889007281584865e-01
1.399435334791432894e-01
4.685728312468139256e-01
-3.054234743618833292e+00
4.170715065770980168e-01
6.269520685884379940e-01
5.022026782690073958e-03
-1.544350476586457077e+00
-4.672217312662693134e-01
-7.098014136717402112e-01
-2.670422742645485847e+00
-6.093161993217824923e-01
1.081457871213777011e+00
-1.780804797254189387e+00
3.269192207580531861e-01
-6.831171418007618568e-03
-6.978298390486812330e-01
1.503618640092061753e-01
-1.684596360638361823e-01
-1.345383382056699606e+00
-4.327127136799052698e-01
-2.629825256305910464e-01
6.081351841595804553e-01
2.554458739568981063e-01
-1.875352445162514536e+00
-1.950191081584901620e-01
-7.464644063662086992e-01
-4.858822649537545280e-01
9.882567319645296777e-01
-4.218354997781505467e-01
-2.217006712241286204e-01
-4.699598090982486376e-01
-4.782346664934640224e-01
3.490254460955112270e-01
2.061292440831283546e-01
-4.882581081855075222e-01
-6.422028669854338290e-01
1.501217757356334781e+00
2.376560422295826314e+00
1.058785907693162165e-01
-7.800078597470900821e-01
9.746805993653201439e-02
9.521553450700950827e-02
-1.000076710868199381e+00
3.515379008099889235e-01
-1.168185643904992466e+00
-1.197796321778551443e+00
-1.325026458000089447e+00
-2.803571424108390955e-02
-2.957605961848354115e-01
2.127303122093690269e-01
-1.140451152370415278e+00
-1.485817074595793486e+00
2.553045016202439288e-01
-3.697264012398429056e-01
-1.088913003512364197e+00
-1.223437790592055263e+00
-5.135457838338159525e-02
-7.828567128724630564e-01
-3.364813721212841502e-01
-7.840394922523555854e-01
-2.075831746191419691e-01
2.965537449190649988e-01
-4.889145936898814937e-01
3.332141485419505555e-02
1.369468917801018593e-01
-3.387076162443274363e-01
-7.436735615260803289e-01
-6.785678897130217324e-01
-4.110755543029663839e-01
1.220157571202309166e+00
2.874338446912471645e-01
2.026721658071192866e+00
2.316569176963229615e-01
6.579581683417876636e-01
-5.086397059785600083e-01
2.205945581062494498e-01
-4.319853377776580045e-02
5.571293699628043772e-01
-1.060956211982323483e+00
1.949888078119978552e+00
-5.731000241350355656e-02
-8.634404364311386582e-01
-7.191812428834984949e-01
-5.741120557471750541e-01
1.529501255170739649e+00
7.520252066614104836e-01
6.428090529240476636e-01
-1.335577008103322472e+00
4.914762497434816413e-01
-6.020456605060627853e-01
-8.192669825484338864e-01
1.762093305503195984e+00
1.624484905680140534e-01
3.760921374389104010e-01
2.825068230930578572e-01
5.310556735115117277e-01
-1.430341888314523857e-01
-1.891012844793197534e+00
1.454704358513715823e+00
1.497684062858738174e-01
-3.180217497431599982e-01
-1.499772953199253411e+00
3.385660676899243660e-02
-1.359051622817842642e+00
-4.242744011844463785e-04
-2.293067315559312591e-01
-1.406971335398771172e-01
6.815413679048865081e-01
-1.194649127493400576e+00
1.527875266454295500e-01
-8.545641108007002718e-01
-7.436166701465771744e-01
1.149000580935343740e-01
-1.235191220766910375e-01
-1.419894372018188466e+00
8.983591837574452788e-01
6.076567843011452252e-01
-6.010202615621583755e-01
-2.552757267577471234e-01
-7.502535684509729075e-01
2.724086518018089542e-01
-4.235333436770240545e-01
3.700775045955279619e-01
2.017195381401940768e+00
-1.007963528220236826e+00
-2.196374025880670211e-01
-1.876989587925885772e+00
-4.283606489028105035e-02
-4.875101208203209274e-02
1.217471849471717660e-01
3.039872251314889029e-01
-2.773291396187431146e-01
1.112504405281680819e+00
2.707932489450207147e-01
1.593792941774633043e+00
-3.145117478559095875e-02
-8.187082580396425335e-01
5.926378572873205464e-01
1.367695684790068533e+00
1.030565814361750654e+00
-8.285266423294084248e-01
-2.621136291738362933e-01
7.520159049956939290e-01
-3.598057937836267040e-01
-1.119513461545053712e+00
-1.110246256395637336e-02
6.536898586301064240e-01
2.422286820049683598e-02
5.148967625633604772e-01
-4.635435597891657267e-01
1.672420006471209142e+00
-1.081018616598202087e+00
6.821756841783810366e-01
-2.871556902542858336e-01
3.680578392347415573e-01
7.168436296035607391e-02
-1.671408857217401733e+00
-3.087615772228353705e-01
-5.058445842001685344e-01
-6.967690901037731921e-02
1.121068851621881829e-01
-1.037284948744228608e+00
-4.646814102644771238e-01
4.308596100115177352e-01
-1.456459870433203518e-02
8.164210969347322766e-02
-6.165665020701391885e-01
-3.019785878510258037e+00
6.907164422461418152e-01
-4.995168637050936833e-01
1.666970726776975942e-01
-1.117475371602283662e-01
1.179249570849565457e-02
5.089936468293680960e-01
-2.347359413169362030e-01
8.606682175192337247e-01
-5.046696204299309929e-02
1.811117969095983771e+00
6.584586377917633904e-01
3.324276171225745702e-02
-7.995259960373911623e-01
-1.471751762295416769e-03
3.835014008705012190e-01
2.687642764729004582e-02
6.089597412325653547e-01
5.965756013697528504e-01
-1.636796117219527558e+00
-9.978643717968802562e-01
2.025648245000649383e-01
7.760227997051273308e-01
-1.727267572413694885e-01
-3.107200885090331544e-01
7.058062030471460302e-01
1.271886827881320015e+00
5.152302080212054491e-01
-1.432689287227287389e+00
-1.392481696209119324e+00
-1.478139238316469095e+00
-1.213380146189386943e+00
1.252463591364130491e-01
1.135499896934877517e+00
-1.165596193980552309e-01
-2.394137269039803839e-01
-2.454656365552050912e-01
-6.926532790779731628e-03
1.207785720946505048e+00
3.638252769594651354e-02
5.367966919373178269e-01
-1.417036278868872179e+00
-8.870926263270642043e-01
-1.220548187156099029e+00
3.074775160695036869e-01
9.832562127917460204e-01
-9.832319539815648213e-01
-3.736486382207103718e-01
2.022627902882007389e-01
1.459471712080449679e+00
-1.033546832534347093e+00
-2.880797667312928301e+00
1.953156773035118476e+00
1.218674024242494491e+00
2.246823787848755971e-01
5.987056201214693285e-01
-1.134375732310269891e+00
-1.109543112334808734e+00
1.819970348707908303e-01
5.527932418297898387e-01
-7.540891165715041256e-01
8.560271636790063587e-02
5.301888882148077242e-02
1.014385488855635620e+00
-1.751176889178610308e-01
-2.955610637357648063e+00
5.339682175467400649e-01
4.506510550580105079e-01
-6.672330584813259691e-01
-3.370510255473450623e-01
-6.257539014361707119e-01
1.897143879910081710e+00
-1.101766680513387664e+00
2.082810154901337529e-01
1.605726538077163257e+00
1.040735477336153902e+00
-1.443693869756227377e+00
1.727516890871478639e+00
-4.642521545065856903e-01
-6.813943558323557470e-01
-2.272250417157693492e-01
-1.022344960414855786e+00
-1.658102364161198494e+00
8.724806537792731964e-01
2.028989570392690123e+00
6.633263408835062824e-01
4.494660489946173398e-01
-6.029629872283102099e-01
-1.033313418883903489e+00
1.873063028304876365e+00
-2.505406318417727096e+00
-1.822477146952400651e-01
-6.191184656902829486e-01
-9.075893339631670997e-01
-1.174233030851906001e+00
7.829216887235691535e-01
-5.979438364113999205e-01
-1.083487168190887751e+00
-1.244510830922447742e+00
-2.905799192348516580e-01
-9.128973396226511272e-02
-7.861797425132786010e-01
5.167392832224292770e-02
-6.701910726598355739e-01
1.598370135746288945e+00
6.424866553540918845e-01
-3.540820835739275085e-02
-1.192764529870551593e+00
2.886728021539214928e-01
-4.944365437429743548e-01
9.179335975358278166e-01
-3.312967447338530658e-01
2.599773052504995019e-01
-8.732998405086938032e-01
-1.093400614082319589e+00
-6.515768220174371628e-01
-3.100212682399184905e-01
-4.258050212720906891e-01
-1.682636381158781613e-01
1.077166649368790745e-02
-7.239205156551341558e-01
5.847710505156458044e-02
-9.521255305339603181e-01
-7.964898552365429207e-01
8.738100818467369191e-01
-7.248479582477848071e-01
5.478010592600389694e-01
-3.721106051541069881e-01
-7.647940796548974296e-01
-8.181732527472524996e-01
-1.752904822993486822e-01
-8.636270327845122288e-03
3.428250165694895490e-01
