2.959999999999999964e+00
3.255999999999999783e+00
3.434000000000000163e+00
2.632000000000000117e+00
3.132000000000000117e+00
2.759999999999999787e+00
2.652000000000000135e+00
2.805000000000000160e+00
3.088000000000000078e+00
2.741000000000000103e+00
2.708000000000000185e+00
3.044000000000000039e+00
2.839999999999999858e+00
3.121999999999999886e+00
3.056999999999999940e+00
2.962000000000000188e+00
2.990000000000000213e+00
3.104000000000000092e+00
2.960999999999999854e+00
2.392999999999999794e+00
2.642999999999999794e+00
2.990000000000000213e+00
3.298000000000000043e+00
2.782000000000000028e+00
2.968999999999999861e+00
2.774999999999999911e+00
2.758999999999999897e+00
3.257000000000000117e+00
2.918000000000000149e+00
3.322999999999999954e+00
2.446000000000000174e+00
2.641999999999999904e+00
3.153999999999999915e+00
3.322999999999999954e+00
3.467999999999999972e+00
2.991000000000000103e+00
3.119000000000000217e+00
3.383000000000000007e+00
3.202999999999999847e+00
3.182999999999999829e+00
2.753000000000000114e+00
2.649000000000000021e+00
2.291999999999999815e+00
3.467999999999999972e+00
3.085999999999999854e+00
3.025999999999999801e+00
3.625999999999999890e+00
2.771999999999999797e+00
2.879999999999999893e+00
2.875000000000000000e+00
2.936999999999999833e+00
3.130999999999999783e+00
2.822000000000000064e+00
2.854000000000000092e+00
2.970000000000000195e+00
2.676000000000000156e+00
2.791999999999999815e+00
3.185999999999999943e+00
2.968999999999999861e+00
2.790000000000000036e+00
2.963999999999999968e+00
2.927000000000000046e+00
2.943000000000000060e+00
2.646999999999999797e+00
2.959999999999999964e+00
2.806999999999999940e+00
3.000000000000000000e+00
2.775999999999999801e+00
2.809000000000000163e+00
2.991000000000000103e+00
2.873000000000000220e+00
2.835999999999999854e+00
2.427999999999999936e+00
2.689999999999999947e+00
2.943000000000000060e+00
3.200000000000000178e+00
3.500000000000000000e+00
2.946000000000000174e+00
2.621999999999999886e+00
3.345000000000000195e+00
2.911999999999999922e+00
3.363999999999999879e+00
2.783999999999999808e+00
2.888999999999999790e+00
3.266999999999999904e+00
3.463000000000000078e+00
3.298000000000000043e+00
2.720000000000000195e+00
3.388999999999999790e+00
2.976999999999999869e+00
3.919000000000000039e+00
2.988999999999999879e+00
3.076999999999999957e+00
3.009999999999999787e+00
2.999000000000000110e+00
3.116999999999999993e+00
2.979999999999999982e+00
2.923999999999999932e+00
2.899999999999999911e+00
2.396999999999999797e+00
2.850000000000000089e+00
2.524000000000000021e+00
2.690999999999999837e+00
3.032000000000000028e+00
3.123000000000000220e+00
3.361000000000000210e+00
2.995999999999999996e+00
2.778999999999999915e+00
3.012999999999999901e+00
2.633000000000000007e+00
3.107000000000000206e+00
2.920999999999999819e+00
2.892999999999999794e+00
2.964999999999999858e+00
2.416999999999999815e+00
2.818999999999999950e+00
3.129000000000000004e+00
3.037999999999999812e+00
2.653999999999999915e+00
2.797000000000000153e+00
2.744000000000000217e+00
3.310000000000000053e+00
2.814999999999999947e+00
2.908999999999999808e+00
2.895000000000000018e+00
2.584999999999999964e+00
2.587000000000000188e+00
2.628000000000000114e+00
2.919000000000000039e+00
3.520000000000000018e+00
2.737999999999999989e+00
3.205000000000000071e+00
2.464999999999999858e+00
2.459999999999999964e+00
2.850000000000000089e+00
2.623000000000000220e+00
3.133999999999999897e+00
3.016999999999999904e+00
2.516000000000000014e+00
2.774000000000000021e+00
3.011000000000000121e+00
3.176000000000000156e+00
2.504000000000000004e+00
2.625999999999999890e+00
2.902000000000000135e+00
3.132000000000000117e+00
2.758999999999999897e+00
2.951000000000000068e+00
3.089999999999999858e+00
3.089999999999999858e+00
2.876999999999999780e+00
2.843999999999999861e+00
2.895999999999999908e+00
3.434000000000000163e+00
2.778999999999999915e+00
2.797000000000000153e+00
2.697999999999999954e+00
2.923999999999999932e+00
2.918000000000000149e+00
2.753000000000000114e+00
3.031000000000000139e+00
2.698999999999999844e+00
2.794999999999999929e+00
2.815999999999999837e+00
2.847999999999999865e+00
3.434000000000000163e+00
2.794999999999999929e+00
2.805000000000000160e+00
3.197999999999999954e+00
2.954000000000000181e+00
2.998000000000000220e+00
3.399999999999999911e+00
3.003000000000000114e+00
3.408999999999999808e+00
2.849000000000000199e+00
2.783999999999999808e+00
2.754999999999999893e+00
3.079000000000000181e+00
3.388999999999999790e+00
3.408999999999999808e+00
3.600999999999999979e+00
3.039000000000000146e+00
2.987999999999999989e+00
3.081999999999999851e+00
2.934000000000000163e+00
2.623000000000000220e+00
2.878000000000000114e+00
2.970000000000000195e+00
3.625999999999999890e+00
2.811999999999999833e+00
2.774999999999999911e+00
3.189000000000000057e+00
3.156000000000000139e+00
2.878000000000000114e+00
2.765000000000000124e+00
3.325000000000000178e+00
2.992999999999999883e+00
2.940999999999999837e+00
3.068000000000000060e+00
2.758000000000000007e+00
3.314000000000000057e+00
3.361000000000000210e+00
2.787999999999999812e+00
2.374000000000000110e+00
2.975000000000000089e+00
2.996999999999999886e+00
3.048999999999999932e+00
3.246999999999999886e+00
2.814000000000000057e+00
2.716000000000000192e+00
3.032000000000000028e+00
2.926000000000000156e+00
2.920999999999999819e+00
2.982000000000000206e+00
3.221999999999999975e+00
2.759999999999999787e+00
2.912999999999999812e+00
2.873000000000000220e+00
3.250000000000000000e+00
2.761000000000000121e+00
2.928999999999999826e+00
3.060000000000000053e+00
2.742999999999999883e+00
2.865000000000000213e+00
2.935999999999999943e+00
2.587000000000000188e+00
2.899000000000000021e+00
2.568999999999999950e+00
2.954000000000000181e+00
2.975999999999999979e+00
3.083000000000000185e+00
2.750999999999999890e+00
2.713000000000000078e+00
2.762000000000000011e+00
3.085999999999999854e+00
2.797000000000000153e+00
2.572000000000000064e+00
3.115000000000000213e+00
2.999000000000000110e+00
2.927999999999999936e+00
3.065999999999999837e+00
3.104000000000000092e+00
2.567000000000000171e+00
2.903000000000000025e+00
2.545999999999999819e+00
3.092000000000000082e+00
3.068999999999999950e+00
2.646999999999999797e+00
3.012000000000000011e+00
2.854000000000000092e+00
2.684000000000000163e+00
3.258999999999999897e+00
3.041999999999999815e+00
2.257000000000000117e+00
3.069999999999999840e+00
3.184000000000000163e+00
2.931999999999999940e+00
2.794999999999999929e+00
2.858000000000000096e+00
2.956999999999999851e+00
3.221999999999999975e+00
2.834000000000000075e+00
2.744000000000000217e+00
2.846999999999999975e+00
2.894000000000000128e+00
2.970000000000000195e+00
3.536999999999999922e+00
3.361000000000000210e+00
3.045999999999999819e+00
3.298000000000000043e+00
2.891000000000000014e+00
2.858999999999999986e+00
3.730999999999999872e+00
2.943999999999999950e+00
3.423000000000000043e+00
3.059000000000000163e+00
2.551000000000000156e+00
2.883999999999999897e+00
2.875999999999999890e+00
3.306999999999999940e+00
2.971000000000000085e+00
2.874000000000000110e+00
2.887000000000000011e+00
3.007000000000000117e+00
2.785000000000000142e+00
2.955999999999999961e+00
2.773000000000000131e+00
2.661999999999999922e+00
3.012999999999999901e+00
2.688000000000000167e+00
3.036000000000000032e+00
2.766000000000000014e+00
2.923000000000000043e+00
3.069999999999999840e+00
2.568999999999999950e+00
2.907999999999999918e+00
2.817000000000000171e+00
2.983999999999999986e+00
2.847999999999999865e+00
3.108999999999999986e+00
2.833000000000000185e+00
2.661000000000000032e+00
2.890000000000000124e+00
3.359999999999999876e+00
3.017999999999999794e+00
2.903000000000000025e+00
3.262999999999999901e+00
2.806000000000000050e+00
2.646999999999999797e+00
2.802999999999999936e+00
3.314999999999999947e+00
2.858999999999999986e+00
2.967000000000000082e+00
3.248000000000000220e+00
2.741999999999999993e+00
2.924999999999999822e+00
2.766999999999999904e+00
2.650999999999999801e+00
2.790999999999999925e+00
3.048999999999999932e+00
2.725000000000000089e+00
3.009999999999999787e+00
2.936999999999999833e+00
2.994000000000000217e+00
3.149000000000000021e+00
2.791999999999999815e+00
3.128000000000000114e+00
2.939000000000000057e+00
2.962000000000000188e+00
3.049999999999999822e+00
2.782999999999999918e+00
2.814000000000000057e+00
2.984999999999999876e+00
2.902000000000000135e+00
2.798000000000000043e+00
2.483999999999999986e+00
3.104999999999999982e+00
2.839999999999999858e+00
3.330000000000000071e+00
2.750999999999999890e+00
2.661000000000000032e+00
3.919000000000000039e+00
2.962000000000000188e+00
2.817000000000000171e+00
2.914000000000000146e+00
3.730999999999999872e+00
2.851999999999999869e+00
2.416999999999999815e+00
2.899999999999999911e+00
2.706999999999999851e+00
2.765000000000000124e+00
2.790000000000000036e+00
3.208000000000000185e+00
2.728000000000000203e+00
2.416999999999999815e+00
3.311999999999999833e+00
3.027000000000000135e+00
3.415000000000000036e+00
2.918000000000000149e+00
2.685999999999999943e+00
2.854000000000000092e+00
2.696000000000000174e+00
2.761000000000000121e+00
3.233000000000000096e+00
2.478000000000000203e+00
2.944999999999999840e+00
2.814999999999999947e+00
3.291999999999999815e+00
3.359999999999999876e+00
2.702999999999999847e+00
2.767999999999999794e+00
2.980999999999999872e+00
3.029999999999999805e+00
2.794000000000000039e+00
2.940999999999999837e+00
2.943999999999999950e+00
2.958000000000000185e+00
2.730999999999999872e+00
2.873000000000000220e+00
3.107000000000000206e+00
3.337000000000000188e+00
2.863999999999999879e+00
2.423999999999999932e+00
3.079000000000000181e+00
2.914000000000000146e+00
3.084000000000000075e+00
3.076000000000000068e+00
2.958000000000000185e+00
2.948999999999999844e+00
3.383999999999999897e+00
3.152000000000000135e+00
2.920999999999999819e+00
2.853000000000000203e+00
2.799999999999999822e+00
3.213000000000000078e+00
2.709999999999999964e+00
2.983999999999999986e+00
2.879000000000000004e+00
3.173000000000000043e+00
3.399999999999999911e+00
2.750000000000000000e+00
2.762000000000000011e+00
2.830000000000000071e+00
3.020999999999999908e+00
3.068999999999999950e+00
2.846000000000000085e+00
3.470000000000000195e+00
2.846999999999999975e+00
2.782000000000000028e+00
3.560000000000000053e+00
2.971999999999999975e+00
2.958000000000000185e+00
2.895999999999999908e+00
2.842000000000000082e+00
3.104000000000000092e+00
3.414000000000000146e+00
2.607000000000000206e+00
2.983999999999999986e+00
2.825000000000000178e+00
2.896999999999999797e+00
3.149999999999999911e+00
2.355999999999999872e+00
3.906000000000000139e+00
2.508999999999999897e+00
3.403000000000000025e+00
2.724000000000000199e+00
2.596000000000000085e+00
3.120000000000000107e+00
3.470000000000000195e+00
3.009999999999999787e+00
2.991000000000000103e+00
2.873000000000000220e+00
3.126999999999999780e+00
3.076999999999999957e+00
3.076999999999999957e+00
2.891999999999999904e+00
