3.020999999999999908e+00
3.049999999999999822e+00
2.829000000000000181e+00
2.912999999999999812e+00
2.662999999999999812e+00
2.843999999999999861e+00
3.129000000000000004e+00
2.846000000000000085e+00
3.345000000000000195e+00
2.810000000000000053e+00
2.714999999999999858e+00
3.282000000000000028e+00
2.286000000000000032e+00
3.463000000000000078e+00
2.822000000000000064e+00
2.825000000000000178e+00
3.403999999999999915e+00
2.638999999999999790e+00
3.059000000000000163e+00
2.771999999999999797e+00
3.221000000000000085e+00
2.741999999999999993e+00
3.193999999999999950e+00
2.927000000000000046e+00
2.803999999999999826e+00
2.749000000000000110e+00
3.024999999999999911e+00
2.874000000000000110e+00
3.080000000000000071e+00
3.269000000000000128e+00
3.004000000000000004e+00
3.222999999999999865e+00
3.257000000000000117e+00
2.778000000000000025e+00
2.857000000000000206e+00
2.729000000000000092e+00
2.883000000000000007e+00
3.017999999999999794e+00
2.869000000000000217e+00
2.841000000000000192e+00
2.912999999999999812e+00
3.600999999999999979e+00
3.310000000000000053e+00
3.097999999999999865e+00
2.581999999999999851e+00
3.520000000000000018e+00
2.842000000000000082e+00
3.149999999999999911e+00
3.415000000000000036e+00
2.666999999999999815e+00
2.818999999999999950e+00
3.359999999999999876e+00
2.950000000000000178e+00
3.103000000000000203e+00
3.414000000000000146e+00
2.990000000000000213e+00
2.895999999999999908e+00
3.330000000000000071e+00
3.209000000000000075e+00
2.854999999999999982e+00
3.297000000000000153e+00
2.947000000000000064e+00
2.733000000000000096e+00
2.922000000000000153e+00
2.746999999999999886e+00
3.202999999999999847e+00
2.866999999999999993e+00
2.132000000000000117e+00
2.834000000000000075e+00
3.177000000000000046e+00
2.466000000000000192e+00
2.612999999999999989e+00
3.483000000000000096e+00
2.883000000000000007e+00
2.843999999999999861e+00
2.725999999999999979e+00
2.335999999999999854e+00
2.503000000000000114e+00
2.867999999999999883e+00
3.112999999999999989e+00
2.987999999999999989e+00
2.588999999999999968e+00
3.257000000000000117e+00
2.774000000000000021e+00
2.974000000000000199e+00
3.257000000000000117e+00
3.500000000000000000e+00
2.588999999999999968e+00
2.531000000000000139e+00
2.604999999999999982e+00
2.874000000000000110e+00
2.717000000000000082e+00
3.125000000000000000e+00
2.548999999999999932e+00
2.716000000000000192e+00
2.798000000000000043e+00
2.612000000000000099e+00
2.670999999999999819e+00
3.028000000000000025e+00
3.025999999999999801e+00
2.838999999999999968e+00
3.908999999999999808e+00
2.940999999999999837e+00
2.987000000000000099e+00
3.319999999999999840e+00
3.273000000000000131e+00
2.608000000000000096e+00
3.133999999999999897e+00
2.443000000000000060e+00
2.890000000000000124e+00
