1.838999999999999968e+00
2.040000000000000036e+00
2.032000000000000028e+00
1.877999999999999892e+00
2.270999999999999908e+00
1.836999999999999966e+00
2.108999999999999986e+00
2.115000000000000213e+00
2.174999999999999822e+00
1.875999999999999890e+00
1.703999999999999959e+00
2.210999999999999854e+00
1.881000000000000005e+00
1.981000000000000094e+00
1.987000000000000099e+00
2.092999999999999972e+00
2.020000000000000018e+00
1.866999999999999993e+00
2.334999999999999964e+00
2.137000000000000011e+00
1.901000000000000023e+00
1.921000000000000041e+00
2.117999999999999883e+00
1.889000000000000012e+00
1.705000000000000071e+00
2.092999999999999972e+00
1.856999999999999984e+00
1.925000000000000044e+00
1.877999999999999892e+00
2.015000000000000124e+00
2.130999999999999783e+00
1.862999999999999989e+00
2.173000000000000043e+00
1.925999999999999934e+00
2.120999999999999996e+00
1.939999999999999947e+00
2.017999999999999794e+00
1.977000000000000091e+00
1.816999999999999948e+00
2.028000000000000025e+00
1.699999999999999956e+00
1.987999999999999989e+00
2.349000000000000199e+00
1.895999999999999908e+00
2.083000000000000185e+00
2.262999999999999901e+00
1.943000000000000060e+00
2.059000000000000163e+00
2.056999999999999940e+00
2.161000000000000032e+00
1.901000000000000023e+00
1.959999999999999964e+00
2.113999999999999879e+00
1.941000000000000059e+00
1.935000000000000053e+00
2.025999999999999801e+00
2.040999999999999925e+00
2.278999999999999915e+00
2.020999999999999908e+00
1.814000000000000057e+00
1.881999999999999895e+00
1.858999999999999986e+00
1.979999999999999982e+00
2.019000000000000128e+00
1.927000000000000046e+00
2.202999999999999847e+00
2.063000000000000167e+00
1.881000000000000005e+00
1.570999999999999952e+00
1.969000000000000083e+00
2.015000000000000124e+00
1.915999999999999925e+00
1.927999999999999936e+00
1.834999999999999964e+00
1.895999999999999908e+00
2.048000000000000043e+00
1.826000000000000068e+00
1.955000000000000071e+00
2.124000000000000110e+00
1.935000000000000053e+00
1.929999999999999938e+00
1.675000000000000044e+00
1.997000000000000108e+00
1.933999999999999941e+00
2.133999999999999897e+00
2.150999999999999801e+00
1.933000000000000052e+00
1.822999999999999954e+00
1.921000000000000041e+00
1.935999999999999943e+00
2.000999999999999890e+00
2.000999999999999890e+00
2.049999999999999822e+00
1.808999999999999941e+00
1.772999999999999909e+00
2.096000000000000085e+00
1.812000000000000055e+00
1.961000000000000076e+00
1.745000000000000107e+00
2.112000000000000099e+00
1.969999999999999973e+00
2.426000000000000156e+00
1.949999999999999956e+00
2.101999999999999869e+00
1.784999999999999920e+00
1.870000000000000107e+00
1.983000000000000096e+00
1.721999999999999975e+00
1.614000000000000101e+00
1.917000000000000037e+00
