1.217113552055348258e+01
1.245630381981522028e+01
1.274130762671812711e+01
1.253461865440539924e+01
1.295215980928061761e+01
1.240981766179747403e+01
1.087509319607534231e+01
1.131474134815713306e+01
1.126465570407030548e+01
1.233733259207691191e+01
1.152790680956160863e+01
1.245630381981522028e+01
1.088413710550609181e+01
1.257293415779584578e+01
1.253906445340274978e+01
1.252220692657261480e+01
1.251823870566046892e+01
1.133621128541870426e+01
1.268397188622084570e+01
1.141389328487393229e+01
1.228406208371677621e+01
1.133621128541870426e+01
1.296114673842992993e+01
1.144948039326243716e+01
1.187362587745900910e+01
1.250874539894725146e+01
1.263171084513308884e+01
1.271279934524926247e+01
1.249111310237197969e+01
1.274130762671812711e+01
1.134921503545121801e+01
1.266528751956628263e+01
1.240981766179747403e+01
1.264002409758707479e+01
1.264886687876073523e+01
1.152790680956160863e+01
1.268397188622084570e+01
1.303568587977430404e+01
1.304533906689458611e+01
1.096853915206502528e+01
1.133191038416834928e+01
1.237090926651010570e+01
1.141389328487393229e+01
1.274130762671812711e+01
1.253455765066040151e+01
1.225424872361164574e+01
1.303568587977430404e+01
1.266528751956628263e+01
1.094866619896433768e+01
1.263171084513308884e+01
1.240981766179747403e+01
1.237090926651010570e+01
1.217951643721130139e+01
1.268496052031146526e+01
1.094866619896433768e+01
1.087509319607534231e+01
1.146688015057958765e+01
1.103469766378920092e+01
1.187362587745900910e+01
1.261721800709371522e+01
1.251131767984360366e+01
1.118867987862103064e+01
1.254039366755162277e+01
1.174385864631861409e+01
1.162446510812552347e+01
1.148556451723415073e+01
1.261984555737975278e+01
1.083573810929671311e+01
1.275068207287139721e+01
1.126465570407030548e+01
1.233733259207691191e+01
1.238959363316466877e+01
1.264888987536694742e+01
1.230992846454801004e+01
1.234065596938683385e+01
1.248842351322215016e+01
1.300717759830543940e+01
1.129563182370548979e+01
1.162446510812552347e+01
1.137425267649580718e+01
1.187362587745900910e+01
1.107114396308603510e+01
1.221568998003795770e+01
1.083484737447816038e+01
1.123806001198559024e+01
1.295215980928061761e+01
1.271279934524926247e+01
1.118950880194983988e+01
1.290830183090684713e+01
1.157402759613676935e+01
1.268496052031146526e+01
1.116912078266697073e+01
1.246066515317511225e+01
1.140445991413622373e+01
1.243320837088089803e+01
1.190355921973877962e+01
1.233733259207691191e+01
1.240981766179747403e+01
1.088770086784365887e+01
1.133119663861021209e+01
1.237090926651010570e+01
1.146088261676014497e+01
1.087906850810362158e+01
1.248804126494544597e+01
1.237078962754049805e+01
1.281048429387167786e+01
1.268397188622084570e+01
1.084591162185487967e+01
1.155227470388470223e+01
1.240981766179747403e+01
1.264002409758707479e+01
1.122251869448824557e+01
1.235350950919295521e+01
1.231067130894333239e+01
1.237090926651010570e+01
1.305506805965613992e+01
1.150578854586695599e+01
1.126465570407030548e+01
1.225501048188602837e+01
1.233013425051913003e+01
1.217975073981705947e+01
1.306487321345453623e+01
1.143330347614639386e+01
1.253614387800563890e+01
1.249242698556471431e+01
1.152075708777663365e+01
1.115988144709199048e+01
1.101447363515639566e+01
1.237090926651010570e+01
1.303568587977430404e+01
1.256778418923216378e+01
1.125815463854708831e+01
1.245390074942262792e+01
1.240981766179747403e+01
1.257844033677295315e+01
1.087133853559233287e+01
1.240981766179747403e+01
1.187362587745900910e+01
1.098868009277673607e+01
1.238959363316466877e+01
1.110533209532083987e+01
1.289120661167733850e+01
1.136937682024546881e+01
1.219696017592023907e+01
1.257342178370589814e+01
1.304533906689458611e+01
1.160918096668260269e+01
1.250294234295439111e+01
1.125080578107042228e+01
1.155903395712648241e+01
1.100683480091367095e+01
1.272631417854830360e+01
1.237387631109307762e+01
1.292563111036406376e+01
1.085731403710680709e+01
1.113078788684566511e+01
1.114829497431217753e+01
1.252931767101922311e+01
1.086644328973347839e+01
1.266528751956628263e+01
1.270419591485365096e+01
1.232233895306662497e+01
1.278037663062915996e+01
1.152790680956160863e+01
1.272631417854830360e+01
1.301660550087529877e+01
1.261410217810310286e+01
1.153243826504176717e+01
1.157402759613676935e+01
1.159020451325281265e+01
1.116375353376152724e+01
1.273172988984355314e+01
1.266528751956628263e+01
1.264788776224913214e+01
1.122380941830345336e+01
1.116375353376152724e+01
1.263573812181845746e+01
1.231658283245642416e+01
1.301660550087529877e+01
1.304533906689458611e+01
1.266676848537375299e+01
1.093877428731127566e+01
1.297020627466041631e+01
1.152790680956160863e+01
1.182228506261778556e+01
1.226373525626418903e+01
1.135213441280115454e+01
1.146088261676014497e+01
1.293440235064325172e+01
1.259012151403808666e+01
1.215992030182047401e+01
1.235350950919295521e+01
1.266242283067395924e+01
1.150578854586695599e+01
1.139171414505139168e+01
1.308471342574411445e+01
1.143471957662836580e+01
1.160918096668260269e+01
1.137425267649580718e+01
1.235350950919295521e+01
1.109977019238294815e+01
1.310486254692785479e+01
1.226235079160350416e+01
1.217088504782611302e+01
1.093740627272201316e+01
1.256927488093237066e+01
1.172768172920257079e+01
1.235350950919295521e+01
1.187362587745900910e+01
1.240981766179747403e+01
1.117593991834744926e+01
1.243193592549212667e+01
1.261852702370608981e+01
1.133621128541870426e+01
1.273172988984355314e+01
1.144267322736835446e+01
1.268397188622084570e+01
1.270157016717914189e+01
1.276068980659996299e+01
1.251227911295346296e+01
1.157402759613676935e+01
1.221191165930982692e+01
1.136856188683326963e+01
1.108898599971362664e+01
1.235350950919295521e+01
1.085676896033181293e+01
1.268397188622084570e+01
1.134921503545121801e+01
1.152790680956160863e+01
1.270419591485365096e+01
1.126465570407030548e+01
1.227340593617598685e+01
1.264788776224913214e+01
1.264788776224913214e+01
1.102640064628038630e+01
1.094015350168806755e+01
1.222064682609009623e+01
1.240981766179747403e+01
1.157924762440283217e+01
1.133191038416834928e+01
1.088679589692464411e+01
1.184665295694087916e+01
1.153243826504176717e+01
1.097015067023247958e+01
1.115988144709199048e+01
1.272631417854830360e+01
1.305506805965613992e+01
1.237090926651010570e+01
1.243193592549212667e+01
1.227319397263921807e+01
1.240981766179747403e+01
1.248984740683344263e+01
1.153243826504176717e+01
1.126465570407030548e+01
1.291693105558378285e+01
1.146263182229033717e+01
1.084350364059188720e+01
1.266676848537375299e+01
1.248685432010844387e+01
1.084554763452980097e+01
1.264002409758707479e+01
1.277765499338952715e+01
1.243193592549212667e+01
1.250115276868868541e+01
1.151010094023584429e+01
1.104996040765774978e+01
1.304533906689458611e+01
1.298854458994717831e+01
1.223119948247210687e+01
1.308471342574411445e+01
1.090894208570850310e+01
1.235350950919295521e+01
1.293440235064325172e+01
1.249156269143804110e+01
1.157402759613676935e+01
1.133767601196408847e+01
1.143330347614639386e+01
1.224435416996096748e+01
1.240981766179747403e+01
1.297933877336764219e+01
1.091700892772836795e+01
1.098868009277673607e+01
1.247453016807077297e+01
1.221718965516099331e+01
1.166375507330164574e+01
1.143330347614639386e+01
1.144267322736835446e+01
1.187362587745900910e+01
1.297264942883737682e+01
1.125659084712481572e+01
1.141389328487393229e+01
1.101642092621553992e+01
1.157924762440283217e+01
1.300717759830543940e+01
1.114034132357218887e+01
1.230848903006674178e+01
1.150043026032404647e+01
1.270344582673841316e+01
1.085842750387460320e+01
1.237090926651010570e+01
1.227709695629436659e+01
1.171268809019228385e+01
1.100310060625069042e+01
1.301660550087529877e+01
1.217411561370618323e+01
1.091119505279652913e+01
1.135213441280115454e+01
1.237090926651010570e+01
1.090563941340054654e+01
1.115476847138049443e+01
1.306487321345453623e+01
1.124597340956118430e+01
1.122251869448824557e+01
1.235350950919295521e+01
1.263781028679084351e+01
1.150578854586695599e+01
1.253215205624269402e+01
1.116375353376152724e+01
1.177994277029032766e+01
1.174385864631861409e+01
1.264788776224913214e+01
1.237090926651010570e+01
1.264266438789657698e+01
1.133191038416834928e+01
1.131322601751378620e+01
1.135098136595551033e+01
1.123806001198559024e+01
1.099399313744135043e+01
1.153243826504176717e+01
1.238959363316466877e+01
1.266528751956628263e+01
1.125080578107042228e+01
1.177994277029032766e+01
1.152790680956160863e+01
1.124450317264870236e+01
1.115988144709199048e+01
1.275068207287139721e+01
1.124597340956118430e+01
1.133191038416834928e+01
1.148556451723415073e+01
1.252361952112597088e+01
1.260536482788150536e+01
1.172768172920257079e+01
1.237090926651010570e+01
1.297933877336764219e+01
1.305506805965613992e+01
1.113078788684566511e+01
1.146688015057958765e+01
1.224024040134922231e+01
1.182228506261778556e+01
1.133621128541870426e+01
1.258148744697717447e+01
1.264682138089385788e+01
1.229574326098190973e+01
1.267658034248165499e+01
1.227340593617598685e+01
1.266881365882727373e+01
1.301660550087529877e+01
1.154518403412659922e+01
1.230848903006674178e+01
1.258010787226500149e+01
1.144267322736835446e+01
1.233733259207691191e+01
1.267582802160423938e+01
1.163058953847488119e+01
1.119893709165878093e+01
1.087356513063137342e+01
1.169883816719240066e+01
1.290830183090684713e+01
1.247144616336054490e+01
1.138003296778625817e+01
1.184665295694087916e+01
1.237090926651010570e+01
1.150578854586695599e+01
1.084823907596859272e+01
1.263559667055774760e+01
1.267250777722760624e+01
1.243193592549212667e+01
1.084554763452980097e+01
1.274130762671812711e+01
1.256566982499258955e+01
1.240981766179747403e+01
1.145813178681770417e+01
1.231531193597223961e+01
1.143330347614639386e+01
1.157924762440283217e+01
1.155227470388470223e+01
1.227340593617598685e+01
1.238959363316466877e+01
1.278037663062915996e+01
1.131628125855323219e+01
1.094721895505835185e+01
1.143330347614639386e+01
1.240981766179747403e+01
1.103895840506505266e+01
1.118867987862103064e+01
1.298854458994717831e+01
1.235350950919295521e+01
1.134209682153848675e+01
1.274130762671812711e+01
1.089627423076208679e+01
1.298854458994717831e+01
1.243193592549212667e+01
1.132489094497199922e+01
1.293440235064325172e+01
1.261671720612280190e+01
1.287448612532117842e+01
1.131322601751378620e+01
1.083895313110093106e+01
1.272222724781912184e+01
1.184665295694087916e+01
1.155227470388470223e+01
1.222686325665625517e+01
1.251549312000192593e+01
1.272631417854830360e+01
1.267582802160423938e+01
1.254637291703052959e+01
1.281048429387167786e+01
1.270419591485365096e+01
1.190355921973877962e+01
1.109164048471906483e+01
1.169883816719240066e+01
1.306487321345453623e+01
1.111951503181775536e+01
1.297020627466041631e+01
1.273172988984355314e+01
1.280758833566929766e+01
1.126452892328865651e+01
1.296114673842992993e+01
1.242170749444440325e+01
1.259855678487173591e+01
1.146349903572314766e+01
1.135213441280115454e+01
1.152790680956160863e+01
1.260773679042501882e+01
1.093073281191534996e+01
