2.688000000000000167e+00
2.374000000000000110e+00
2.255999999999999783e+00
2.222999999999999865e+00
2.475000000000000089e+00
2.254000000000000004e+00
2.576000000000000068e+00
2.241999999999999993e+00
2.732000000000000206e+00
2.208000000000000185e+00
2.395999999999999908e+00
2.544000000000000039e+00
2.012999999999999901e+00
3.222999999999999865e+00
2.330000000000000071e+00
2.202999999999999847e+00
3.033999999999999808e+00
2.314999999999999947e+00
2.269000000000000128e+00
2.266000000000000014e+00
2.274000000000000021e+00
2.451999999999999957e+00
2.404999999999999805e+00
2.193000000000000060e+00
2.080000000000000071e+00
1.891999999999999904e+00
2.353000000000000203e+00
2.636000000000000121e+00
2.384999999999999787e+00
2.290000000000000036e+00
2.471000000000000085e+00
2.379000000000000004e+00
2.568999999999999950e+00
2.346000000000000085e+00
2.419000000000000039e+00
2.439000000000000057e+00
2.283999999999999808e+00
2.451000000000000068e+00
2.258000000000000007e+00
2.341000000000000192e+00
2.234999999999999876e+00
2.697000000000000064e+00
2.303999999999999826e+00
2.491999999999999993e+00
2.220000000000000195e+00
2.818000000000000060e+00
2.321000000000000174e+00
2.476999999999999869e+00
2.641000000000000014e+00
2.298000000000000043e+00
2.556000000000000050e+00
2.745999999999999996e+00
2.394000000000000128e+00
2.283999999999999808e+00
2.710999999999999854e+00
2.504000000000000004e+00
2.298999999999999932e+00
2.337000000000000188e+00
2.633000000000000007e+00
2.552000000000000046e+00
2.415999999999999925e+00
2.347999999999999865e+00
2.291999999999999815e+00
2.314999999999999947e+00
2.306000000000000050e+00
2.398000000000000131e+00
2.318999999999999950e+00
2.399999999999999911e+00
2.341000000000000192e+00
2.266000000000000014e+00
2.016999999999999904e+00
2.387000000000000011e+00
2.313000000000000167e+00
2.391000000000000014e+00
2.431000000000000050e+00
2.365000000000000213e+00
2.020999999999999908e+00
2.024000000000000021e+00
2.190999999999999837e+00
2.495000000000000107e+00
2.553999999999999826e+00
2.371999999999999886e+00
2.414000000000000146e+00
2.388999999999999790e+00
2.197000000000000064e+00
2.915999999999999925e+00
2.858000000000000096e+00
2.234999999999999876e+00
2.379000000000000004e+00
2.220000000000000195e+00
2.378000000000000114e+00
2.374000000000000110e+00
2.154999999999999805e+00
2.375999999999999890e+00
2.459999999999999964e+00
2.265000000000000124e+00
2.213000000000000078e+00
2.428999999999999826e+00
2.454000000000000181e+00
2.350000000000000089e+00
2.399000000000000021e+00
2.766000000000000014e+00
2.346999999999999975e+00
2.568000000000000060e+00
2.367999999999999883e+00
2.545999999999999819e+00
2.345000000000000195e+00
2.177999999999999936e+00
2.487000000000000099e+00
2.383000000000000007e+00
