2.412999999999999812e+00
2.745999999999999996e+00
2.831999999999999851e+00
2.447000000000000064e+00
2.471000000000000085e+00
2.555000000000000160e+00
2.559000000000000163e+00
2.650999999999999801e+00
2.491000000000000103e+00
2.466000000000000192e+00
2.540000000000000036e+00
2.553999999999999826e+00
2.620999999999999996e+00
2.443000000000000060e+00
2.221000000000000085e+00
2.386000000000000121e+00
2.459999999999999964e+00
2.540000000000000036e+00
2.501999999999999780e+00
2.281000000000000139e+00
2.341000000000000192e+00
2.426000000000000156e+00
2.806999999999999940e+00
2.782999999999999918e+00
2.645000000000000018e+00
2.515000000000000124e+00
2.504999999999999893e+00
2.692000000000000171e+00
2.472999999999999865e+00
2.669999999999999929e+00
2.423000000000000043e+00
2.446000000000000174e+00
2.561999999999999833e+00
2.669999999999999929e+00
2.783999999999999808e+00
2.552000000000000046e+00
2.616000000000000103e+00
2.918000000000000149e+00
2.790000000000000036e+00
2.746999999999999886e+00
2.657999999999999918e+00
2.479000000000000092e+00
2.262000000000000011e+00
2.783999999999999808e+00
2.450000000000000178e+00
2.431999999999999940e+00
2.815999999999999837e+00
2.408999999999999808e+00
2.455000000000000071e+00
2.544999999999999929e+00
2.384999999999999787e+00
2.657999999999999918e+00
2.420999999999999819e+00
2.104999999999999982e+00
2.685000000000000053e+00
2.334000000000000075e+00
2.831999999999999851e+00
2.452999999999999847e+00
2.391000000000000014e+00
2.297000000000000153e+00
2.468999999999999861e+00
2.689999999999999947e+00
2.600000000000000089e+00
2.595000000000000195e+00
2.468999999999999861e+00
2.500000000000000000e+00
2.656000000000000139e+00
2.525999999999999801e+00
2.599000000000000199e+00
2.462000000000000188e+00
2.426000000000000156e+00
2.537999999999999812e+00
2.275999999999999801e+00
2.467000000000000082e+00
2.407999999999999918e+00
2.704000000000000181e+00
2.759999999999999787e+00
2.714999999999999858e+00
2.612000000000000099e+00
2.677000000000000046e+00
2.620000000000000107e+00
2.700000000000000178e+00
2.455999999999999961e+00
2.400999999999999801e+00
2.615000000000000213e+00
2.330999999999999961e+00
2.544000000000000039e+00
2.294000000000000039e+00
2.599000000000000199e+00
2.556999999999999940e+00
3.169000000000000039e+00
2.599000000000000199e+00
2.544999999999999929e+00
2.322999999999999954e+00
2.704000000000000181e+00
2.531000000000000139e+00
2.584000000000000075e+00
2.435999999999999943e+00
2.476999999999999869e+00
2.532000000000000028e+00
2.565999999999999837e+00
2.399000000000000021e+00
2.527000000000000135e+00
2.515000000000000124e+00
2.516000000000000014e+00
2.854000000000000092e+00
2.511000000000000121e+00
2.443999999999999950e+00
2.541999999999999815e+00
2.391999999999999904e+00
2.918000000000000149e+00
2.357000000000000206e+00
2.480999999999999872e+00
2.447000000000000064e+00
2.498000000000000220e+00
2.487999999999999989e+00
2.729000000000000092e+00
2.387000000000000011e+00
2.406000000000000139e+00
2.496999999999999886e+00
2.415999999999999925e+00
2.867999999999999883e+00
2.478000000000000203e+00
2.472999999999999865e+00
2.572999999999999954e+00
2.579000000000000181e+00
2.107000000000000206e+00
2.500000000000000000e+00
2.516999999999999904e+00
2.771999999999999797e+00
2.521999999999999797e+00
2.628000000000000114e+00
2.487999999999999989e+00
2.557999999999999829e+00
2.394000000000000128e+00
2.503000000000000114e+00
2.528000000000000025e+00
2.544999999999999929e+00
2.249000000000000110e+00
2.528999999999999915e+00
2.664000000000000146e+00
2.608000000000000096e+00
2.361000000000000210e+00
2.267999999999999794e+00
2.463000000000000078e+00
2.471000000000000085e+00
2.504000000000000004e+00
2.573999999999999844e+00
2.532999999999999918e+00
2.642999999999999794e+00
2.573999999999999844e+00
2.460999999999999854e+00
2.443999999999999950e+00
2.744000000000000217e+00
2.322999999999999954e+00
2.318000000000000060e+00
2.137999999999999901e+00
2.576999999999999957e+00
2.504000000000000004e+00
2.346000000000000085e+00
2.411000000000000032e+00
2.298999999999999932e+00
2.305000000000000160e+00
2.548999999999999932e+00
2.463000000000000078e+00
2.744000000000000217e+00
2.491999999999999993e+00
2.467000000000000082e+00
2.407000000000000028e+00
2.500000000000000000e+00
2.463000000000000078e+00
2.641000000000000014e+00
2.672000000000000153e+00
2.637999999999999901e+00
2.525999999999999801e+00
2.097999999999999865e+00
2.398000000000000131e+00
2.612000000000000099e+00
2.599000000000000199e+00
2.399999999999999911e+00
2.801000000000000156e+00
2.422000000000000153e+00
2.862000000000000099e+00
2.552000000000000046e+00
2.508000000000000007e+00
2.290000000000000036e+00
2.512000000000000011e+00
2.349000000000000199e+00
2.815999999999999837e+00
2.459999999999999964e+00
2.265000000000000124e+00
2.512999999999999901e+00
2.475000000000000089e+00
2.587000000000000188e+00
2.640000000000000124e+00
2.725999999999999979e+00
2.383999999999999897e+00
2.770999999999999908e+00
2.404999999999999805e+00
2.528000000000000025e+00
2.661999999999999922e+00
2.851999999999999869e+00
2.440999999999999837e+00
2.244000000000000217e+00
2.608999999999999986e+00
2.608000000000000096e+00
2.588000000000000078e+00
2.620000000000000107e+00
2.624000000000000110e+00
2.528000000000000025e+00
2.541999999999999815e+00
2.564000000000000057e+00
2.548000000000000043e+00
2.446000000000000174e+00
2.775999999999999801e+00
2.507000000000000117e+00
2.544999999999999929e+00
2.613999999999999879e+00
2.580000000000000071e+00
2.339999999999999858e+00
2.468999999999999861e+00
2.448999999999999844e+00
2.415999999999999925e+00
2.451000000000000068e+00
2.396999999999999797e+00
2.439999999999999947e+00
2.547000000000000153e+00
2.547000000000000153e+00
2.528999999999999915e+00
2.597999999999999865e+00
2.560999999999999943e+00
2.487999999999999989e+00
2.422000000000000153e+00
2.338000000000000078e+00
2.533999999999999808e+00
2.535000000000000142e+00
2.486000000000000210e+00
2.608000000000000096e+00
2.741999999999999993e+00
2.452999999999999847e+00
2.442000000000000171e+00
2.576000000000000068e+00
2.359999999999999876e+00
2.588000000000000078e+00
2.432999999999999829e+00
2.521999999999999797e+00
2.584999999999999964e+00
2.520999999999999908e+00
2.642999999999999794e+00
2.403000000000000025e+00
2.604000000000000092e+00
2.419999999999999929e+00
2.600999999999999979e+00
2.380999999999999783e+00
2.798000000000000043e+00
2.418000000000000149e+00
2.410000000000000142e+00
2.305000000000000160e+00
2.581999999999999851e+00
2.560000000000000053e+00
2.775999999999999801e+00
2.516999999999999904e+00
2.532999999999999918e+00
2.303999999999999826e+00
2.513999999999999790e+00
2.519000000000000128e+00
2.741000000000000103e+00
2.851999999999999869e+00
2.511000000000000121e+00
2.806999999999999940e+00
2.644000000000000128e+00
2.418000000000000149e+00
2.645000000000000018e+00
2.472999999999999865e+00
2.705999999999999961e+00
2.673999999999999932e+00
2.455000000000000071e+00
2.394000000000000128e+00
2.532999999999999918e+00
2.718999999999999861e+00
2.378000000000000114e+00
2.443000000000000060e+00
2.392999999999999794e+00
2.298999999999999932e+00
2.487999999999999989e+00
2.656000000000000139e+00
2.515000000000000124e+00
2.705999999999999961e+00
2.470000000000000195e+00
2.649999999999999911e+00
2.298000000000000043e+00
2.630999999999999783e+00
2.408999999999999808e+00
2.798000000000000043e+00
2.354000000000000092e+00
2.460999999999999854e+00
2.536000000000000032e+00
2.778000000000000025e+00
2.479000000000000092e+00
2.721999999999999975e+00
2.501999999999999780e+00
2.444999999999999840e+00
2.470000000000000195e+00
2.568000000000000060e+00
2.358999999999999986e+00
2.491999999999999993e+00
2.716000000000000192e+00
2.516999999999999904e+00
2.434000000000000163e+00
2.383000000000000007e+00
2.612000000000000099e+00
2.637000000000000011e+00
2.486000000000000210e+00
2.773000000000000131e+00
2.625999999999999890e+00
2.508999999999999897e+00
2.576000000000000068e+00
2.504999999999999893e+00
2.484999999999999876e+00
2.668000000000000149e+00
2.604999999999999982e+00
2.593999999999999861e+00
2.452999999999999847e+00
2.795999999999999819e+00
2.394000000000000128e+00
2.420999999999999819e+00
2.605999999999999872e+00
2.625999999999999890e+00
2.293000000000000149e+00
2.496999999999999886e+00
2.479999999999999982e+00
2.430000000000000160e+00
2.524000000000000021e+00
2.717000000000000082e+00
2.490000000000000213e+00
2.245000000000000107e+00
2.633000000000000007e+00
2.560000000000000053e+00
2.576000000000000068e+00
2.467000000000000082e+00
2.475999999999999979e+00
3.169000000000000039e+00
2.529999999999999805e+00
2.447999999999999954e+00
2.884999999999999787e+00
2.645000000000000018e+00
2.333000000000000185e+00
2.604999999999999982e+00
2.459999999999999964e+00
2.604999999999999982e+00
2.540999999999999925e+00
2.388999999999999790e+00
2.609999999999999876e+00
2.498000000000000220e+00
2.299999999999999822e+00
2.641999999999999904e+00
2.592000000000000082e+00
2.987000000000000099e+00
2.523000000000000131e+00
2.569999999999999840e+00
2.104999999999999982e+00
2.406000000000000139e+00
2.528000000000000025e+00
2.922000000000000153e+00
2.387999999999999901e+00
2.589999999999999858e+00
2.444999999999999840e+00
2.660000000000000142e+00
2.568000000000000060e+00
2.331999999999999851e+00
2.450000000000000178e+00
2.470000000000000195e+00
2.496999999999999886e+00
2.508999999999999897e+00
2.512999999999999901e+00
2.479999999999999982e+00
2.491999999999999993e+00
2.512000000000000011e+00
2.391999999999999904e+00
2.918000000000000149e+00
2.705999999999999961e+00
2.551000000000000156e+00
2.156000000000000139e+00
2.577999999999999847e+00
2.552000000000000046e+00
2.471999999999999975e+00
2.641999999999999904e+00
2.536999999999999922e+00
2.513999999999999790e+00
2.855999999999999872e+00
2.349000000000000199e+00
2.455000000000000071e+00
2.612000000000000099e+00
2.371999999999999886e+00
2.545999999999999819e+00
2.424999999999999822e+00
2.819999999999999840e+00
2.584000000000000075e+00
2.656000000000000139e+00
2.814000000000000057e+00
2.384999999999999787e+00
2.620999999999999996e+00
2.577999999999999847e+00
2.564000000000000057e+00
2.584999999999999964e+00
2.499000000000000110e+00
2.765000000000000124e+00
2.552999999999999936e+00
2.294999999999999929e+00
2.803999999999999826e+00
2.519000000000000128e+00
2.625000000000000000e+00
2.483000000000000096e+00
2.464999999999999858e+00
2.548999999999999932e+00
2.899999999999999911e+00
2.495999999999999996e+00
2.778000000000000025e+00
2.607000000000000206e+00
2.603000000000000203e+00
2.644000000000000128e+00
2.432999999999999829e+00
2.922000000000000153e+00
2.329000000000000181e+00
2.646999999999999797e+00
2.746999999999999886e+00
2.402000000000000135e+00
2.729999999999999982e+00
2.765000000000000124e+00
2.576999999999999957e+00
2.547000000000000153e+00
2.249000000000000110e+00
2.782999999999999918e+00
2.577999999999999847e+00
2.499000000000000110e+00
2.499000000000000110e+00
