2.834999999999999964e+00
2.588000000000000078e+00
2.573999999999999844e+00
2.620999999999999996e+00
2.470000000000000195e+00
2.395999999999999908e+00
2.661000000000000032e+00
2.548999999999999932e+00
2.849000000000000199e+00
2.527000000000000135e+00
2.536000000000000032e+00
2.762999999999999901e+00
2.270000000000000018e+00
2.330999999999999961e+00
2.443999999999999950e+00
2.600000000000000089e+00
2.805000000000000160e+00
2.714999999999999858e+00
2.455000000000000071e+00
2.452999999999999847e+00
2.539000000000000146e+00
2.317000000000000171e+00
2.471000000000000085e+00
2.524999999999999911e+00
2.387000000000000011e+00
2.459000000000000075e+00
2.628000000000000114e+00
2.580999999999999961e+00
2.442000000000000171e+00
2.673999999999999932e+00
2.688000000000000167e+00
2.681000000000000050e+00
2.766000000000000014e+00
2.609999999999999876e+00
2.592000000000000082e+00
2.548000000000000043e+00
2.612999999999999989e+00
2.579000000000000181e+00
2.706999999999999851e+00
2.595000000000000195e+00
2.387000000000000011e+00
2.801000000000000156e+00
2.867999999999999883e+00
2.515000000000000124e+00
2.431000000000000050e+00
2.771999999999999797e+00
2.521999999999999797e+00
2.616999999999999993e+00
2.987000000000000099e+00
2.483000000000000096e+00
2.588999999999999968e+00
2.814999999999999947e+00
2.619000000000000217e+00
2.446000000000000174e+00
2.899999999999999911e+00
2.564000000000000057e+00
2.475999999999999979e+00
2.738999999999999879e+00
2.697000000000000064e+00
2.549999999999999822e+00
2.419999999999999929e+00
2.383999999999999897e+00
2.563000000000000167e+00
2.520000000000000018e+00
2.491999999999999993e+00
2.700000000000000178e+00
2.615000000000000213e+00
2.479000000000000092e+00
2.471000000000000085e+00
2.503000000000000114e+00
2.513999999999999790e+00
2.466000000000000192e+00
2.549999999999999822e+00
2.470000000000000195e+00
2.609999999999999876e+00
2.278000000000000025e+00
2.383000000000000007e+00
2.217999999999999972e+00
2.486000000000000210e+00
2.346000000000000085e+00
2.862000000000000099e+00
2.491000000000000103e+00
2.653000000000000025e+00
2.609999999999999876e+00
2.476999999999999869e+00
2.692000000000000171e+00
2.759999999999999787e+00
2.500999999999999890e+00
2.608000000000000096e+00
2.342999999999999972e+00
2.376999999999999780e+00
2.374000000000000110e+00
2.595000000000000195e+00
2.611000000000000210e+00
2.523000000000000131e+00
2.314000000000000057e+00
2.470000000000000195e+00
2.259999999999999787e+00
2.589999999999999858e+00
2.630999999999999783e+00
2.411000000000000032e+00
2.798999999999999932e+00
2.419999999999999929e+00
2.644000000000000128e+00
2.440999999999999837e+00
2.737000000000000099e+00
2.422000000000000153e+00
2.593999999999999861e+00
2.350000000000000089e+00
2.545999999999999819e+00
