1.624810144082383090e+01
1.810721399343159632e+01
2.072770045669383521e+01
1.652592456177672986e+01
2.054686780275714852e+01
1.777655411938344443e+01
1.706631986990042193e+01
1.813503277852468543e+01
1.757248524551527424e+01
1.723172750630203964e+01
1.826837041095811642e+01
1.810721399343159632e+01
1.713105172177141355e+01
1.704492740612953838e+01
1.678885102468603563e+01
1.666265953886189521e+01
1.663311540186895243e+01
1.685810893697058432e+01
1.762337551107217593e+01
1.579182730471847229e+01
1.684188375444277241e+01
1.685810893697058432e+01
2.056694780488458107e+01
1.768312555265960739e+01
1.861372728197229875e+01
1.656269156892045658e+01
1.723027885976604523e+01
2.066825256829072543e+01
1.643286671941068988e+01
2.072770045669383521e+01
1.552977555023670497e+01
1.748184453436395103e+01
1.777655411938344443e+01
2.050805448110829232e+01
2.052820217523807145e+01
1.826837041095811642e+01
1.762337551107217593e+01
2.072625181015784435e+01
2.074598503155482376e+01
1.774596502156079580e+01
1.807648341897488820e+01
1.748329318089994544e+01
1.579182730471847229e+01
2.072770045669383521e+01
1.675500733807026066e+01
1.686236063874636315e+01
2.072625181015784435e+01
1.748184453436395103e+01
1.759866136479735843e+01
1.723027885976604523e+01
1.777655411938344443e+01
1.748329318089994544e+01
1.630877561757600702e+01
2.060845023248081631e+01
1.759866136479735843e+01
1.706631986990042193e+01
1.781402890955780549e+01
1.824372489667238995e+01
1.861372728197229875e+01
1.736914364423258661e+01
1.658173751930815953e+01
1.720236837339226099e+01
1.679884733811561404e+01
1.768167690612361298e+01
1.681199496384511605e+01
1.795555988626603039e+01
1.738758380590464725e+01
1.674536036120591831e+01
1.810576534689560191e+01
1.757248524551527424e+01
1.723172750630203964e+01
1.762482415760817034e+01
1.758448704574264809e+01
1.727854179022850190e+01
1.749360326529543741e+01
1.834185723460614525e+01
2.066680392175473102e+01
1.799035509004006528e+01
1.681199496384511605e+01
1.838929394366697423e+01
1.861372728197229875e+01
1.850558771506958777e+01
1.657393152948531068e+01
1.672542247235297097e+01
1.737804361323791014e+01
2.054686780275714852e+01
2.066825256829072543e+01
1.702913639894473619e+01
2.044597075026396737e+01
1.768193812113276309e+01
2.060845023248081631e+01
1.628526051004649489e+01
1.820305030900618704e+01
1.734994074254688812e+01
1.805741568916933204e+01
1.879774853075162255e+01
1.723172750630203964e+01
1.777655411938344443e+01
1.715654872348351745e+01
1.825797758495000522e+01
1.748329318089994544e+01
1.618840820720046381e+01
1.709478837787215966e+01
1.641038048745756228e+01
1.769068531503202735e+01
2.086490459202519077e+01
1.762337551107217593e+01
1.684966127682896087e+01
1.843794972208945637e+01
1.777655411938344443e+01
2.050805448110829232e+01
1.744676973649036711e+01
1.735238982400174734e+01
1.728390070434619119e+01
1.748329318089994544e+01
2.076567546249489737e+01
1.810728984804130448e+01
1.757248524551527424e+01
1.663349991317140564e+01
1.742153302866814002e+01
1.631047582194811696e+01
2.078532225112513387e+01
1.756246323495989969e+01
1.676691028951479723e+01
1.644249644459755189e+01
1.729209436927349586e+01
1.608591253825018796e+01
1.809199493489711585e+01
1.748329318089994544e+01
2.072625181015784435e+01
1.676377433141552586e+01
1.770906870900511976e+01
1.616300461757664664e+01
1.777655411938344443e+01
1.684043510790677800e+01
1.703937909787593341e+01
1.777655411938344443e+01
1.861372728197229875e+01
1.789684295513205115e+01
1.762482415760817034e+01
1.873356852401797212e+01
1.881583595882953830e+01
1.709595870660938033e+01
1.643596632364340593e+01
1.704860472060889265e+01
2.074598503155482376e+01
1.879919717728761697e+01
1.651982299954408973e+01
1.747086427525574592e+01
1.757103659897927983e+01
1.803411193356228992e+01
1.793618603576426196e+01
1.771010104876853219e+01
2.048642557222073535e+01
1.693746779213112674e+01
1.585519939145773449e+01
1.597412692901488462e+01
1.671575522726504914e+01
1.700411431544378615e+01
1.748184453436395103e+01
1.777510547284745002e+01
1.712082598414855639e+01
2.080637319212860348e+01
1.826837041095811642e+01
1.793618603576426196e+01
2.068666040340487200e+01
1.734714606326085828e+01
1.737659496670191572e+01
1.768193812113276309e+01
1.780260043883247079e+01
1.613890856805114993e+01
2.070792529669287774e+01
1.748184453436395103e+01
1.735094117746575293e+01
1.745617876475742847e+01
1.613890856805114993e+01
1.749691603987504251e+01
1.732627735467732322e+01
2.068666040340487200e+01
2.074598503155482376e+01
2.056839645142057549e+01
1.752594124864825531e+01
2.058699268323145048e+01
1.826837041095811642e+01
1.826692176442212201e+01
1.669592177874514860e+01
1.822821338075016229e+01
1.618840820720046381e+01
2.050660583457229791e+01
1.692493570533519787e+01
1.616731127508439414e+01
1.735238982400174734e+01
1.767185110855239216e+01
1.810728984804130448e+01
1.725712008052905233e+01
2.082448149404439519e+01
1.591406354440134763e+01
1.879919717728761697e+01
1.838929394366697423e+01
1.735238982400174734e+01
1.869769087645769545e+01
2.086345594548919635e+01
1.692367486970202251e+01
1.624629226851341102e+01
1.751591619880427686e+01
1.701729026126209021e+01
1.756101458842390528e+01
1.735238982400174734e+01
1.861372728197229875e+01
1.777655411938344443e+01
1.711117912204380431e+01
1.793763468230025637e+01
1.737834301545564131e+01
1.685810893697058432e+01
2.070792529669287774e+01
1.597267828247889021e+01
1.762337551107217593e+01
1.790950935887809337e+01
2.076712410903089179e+01
1.658886314341869905e+01
1.768193812113276309e+01
1.654598414802834583e+01
1.559726734655065172e+01
1.862678846794917931e+01
1.735238982400174734e+01
1.693342776254753090e+01
1.762337551107217593e+01
1.552977555023670497e+01
1.826837041095811642e+01
1.777510547284745002e+01
1.757248524551527424e+01
1.676522297795152028e+01
1.735094117746575293e+01
1.735094117746575293e+01
1.818186313606138071e+01
1.753605622254925933e+01
1.661068393912474406e+01
1.777655411938344443e+01
1.861517592850829317e+01
1.807648341897488820e+01
1.715007320402560964e+01
1.843650107555346196e+01
1.737659496670191572e+01
1.775797932776929500e+01
1.608591253825018796e+01
1.793618603576426196e+01
2.076567546249489737e+01
1.748329318089994544e+01
1.793763468230025637e+01
1.700585798131666238e+01
1.777655411938344443e+01
1.642359693601730797e+01
1.737659496670191572e+01
1.757248524551527424e+01
2.046621359350031710e+01
1.623722132809171015e+01
1.682944549429155146e+01
2.056839645142057549e+01
1.833422151913995535e+01
1.684666873954034472e+01
2.050805448110829232e+01
1.828299155331443870e+01
1.793763468230025637e+01
1.650663082748653920e+01
1.721543359278224372e+01
1.835555016284345342e+01
2.074598503155482376e+01
2.062697366117177822e+01
1.668925327813176906e+01
2.082448149404439519e+01
1.730905453173171793e+01
1.735238982400174734e+01
2.050660583457229791e+01
1.643616104677860434e+01
1.768193812113276309e+01
1.830563410693005011e+01
1.756246323495989969e+01
1.678780368253954691e+01
1.777655411938344443e+01
2.060700158594482190e+01
1.736735319423589630e+01
1.789684295513205115e+01
1.631193879096140620e+01
1.658504036397201631e+01
1.709451006007338592e+01
1.756246323495989969e+01
1.597267828247889021e+01
1.861372728197229875e+01
1.911844672992670624e+01
1.769744963705499075e+01
1.579182730471847229e+01
1.810672287621485310e+01
1.861517592850829317e+01
2.066680392175473102e+01
1.591551219093734204e+01
1.701920501388902807e+01
1.714613239357587204e+01
2.064835670359538611e+01
1.694569276011980463e+01
1.748329318089994544e+01
1.703536554847280371e+01
1.745011306627042202e+01
1.800579961719752831e+01
2.068666040340487200e+01
1.626964489665444091e+01
1.732531209774555592e+01
1.822821338075016229e+01
1.748329318089994544e+01
1.728525496867212041e+01
1.603095618501196640e+01
2.078532225112513387e+01
1.761882226251250927e+01
1.744676973649036711e+01
1.735238982400174734e+01
1.897450973905066363e+01
1.810728984804130448e+01
1.673697421140373010e+01
1.613890856805114993e+01
1.795411123973003598e+01
1.768167690612361298e+01
1.735094117746575293e+01
1.748329318089994544e+01
1.754336400546238650e+01
1.807648341897488820e+01
1.793495244226666330e+01
1.696423564182926569e+01
1.737804361323791014e+01
1.793689908879105133e+01
1.737659496670191572e+01
1.762482415760817034e+01
1.748184453436395103e+01
1.747086427525574592e+01
1.795411123973003598e+01
1.826837041095811642e+01
1.760797060738381603e+01
1.608591253825018796e+01
1.810576534689560191e+01
1.761882226251250927e+01
1.807648341897488820e+01
1.795555988626603039e+01
1.667319158477991792e+01
2.042714654090061188e+01
1.756101458842390528e+01
1.748329318089994544e+01
2.060700158594482190e+01
2.076567546249489737e+01
1.585519939145773449e+01
1.781402890955780549e+01
1.652737320831272427e+01
1.826692176442212201e+01
1.685810893697058432e+01
1.710918938650759458e+01
1.757088901287404781e+01
1.692638435187119228e+01
1.776032556689157360e+01
1.676522297795152028e+01
1.771215414643741326e+01
2.068666040340487200e+01
1.746941562871975151e+01
1.701920501388902807e+01
2.036615641575381730e+01
1.597267828247889021e+01
1.723172750630203964e+01
2.058844132976744135e+01
1.685666029043458991e+01
1.727602768973129344e+01
1.705536359448252171e+01
1.734849209601089370e+01
2.044597075026396737e+01
1.628957241094263253e+01
1.717261948310063246e+01
1.843650107555346196e+01
1.748329318089994544e+01
1.810728984804130448e+01
1.686839218121588146e+01
1.749595982131223337e+01
1.773517593946139570e+01
1.793763468230025637e+01
1.684666873954034472e+01
2.072770045669383521e+01
1.699000475781111774e+01
1.777655411938344443e+01
1.613745992151515551e+01
1.731720791649582836e+01
1.756246323495989969e+01
1.861517592850829317e+01
1.843794972208945637e+01
1.676522297795152028e+01
1.762482415760817034e+01
2.080637319212860348e+01
1.670727681014496824e+01
1.758799676143750190e+01
1.756246323495989969e+01
1.777655411938344443e+01
1.827522022045809180e+01
1.720236837339226099e+01
2.062697366117177822e+01
1.735238982400174734e+01
1.833785703433683167e+01
2.072770045669383521e+01
1.721796011701326989e+01
2.062697366117177822e+01
1.793763468230025637e+01
1.821115495039635235e+01
2.050660583457229791e+01
1.711937733761256197e+01
2.036470776921782289e+01
1.793495244226666330e+01
1.678670956946232806e+01
2.068810904994086641e+01
1.843650107555346196e+01
1.843794972208945637e+01
1.665691473891499541e+01
1.661271068192493772e+01
1.793618603576426196e+01
2.058844132976744135e+01
1.684389549350105852e+01
2.086490459202519077e+01
1.777510547284745002e+01
1.879774853075162255e+01
1.864440532961748787e+01
1.734849209601089370e+01
2.078532225112513387e+01
1.579327595125446670e+01
2.058699268323145048e+01
2.070792529669287774e+01
1.846701280209376250e+01
1.775653068123330058e+01
2.056694780488458107e+01
1.799373668014703753e+01
1.723536679083403556e+01
1.628381186351050047e+01
1.822821338075016229e+01
1.826837041095811642e+01
1.730177528673984355e+01
1.746712300191194345e+01
