3.140000000000000124e+00
2.837000000000000188e+00
2.918000000000000149e+00
3.213000000000000078e+00
2.427000000000000046e+00
2.822000000000000064e+00
3.277000000000000135e+00
2.974000000000000199e+00
3.286999999999999922e+00
3.028000000000000025e+00
2.924999999999999822e+00
3.326000000000000068e+00
2.875000000000000000e+00
3.021999999999999797e+00
2.932999999999999829e+00
3.028999999999999915e+00
3.390000000000000124e+00
3.246999999999999886e+00
3.060000000000000053e+00
2.870999999999999996e+00
3.100000000000000089e+00
3.005999999999999783e+00
2.935000000000000053e+00
3.007000000000000117e+00
2.842000000000000082e+00
2.948999999999999844e+00
2.975999999999999979e+00
2.876999999999999780e+00
3.173999999999999932e+00
3.108999999999999986e+00
3.169999999999999929e+00
3.185000000000000053e+00
3.532000000000000028e+00
2.962000000000000188e+00
3.013999999999999790e+00
3.021999999999999797e+00
3.012999999999999901e+00
2.911999999999999922e+00
3.190999999999999837e+00
3.016999999999999904e+00
3.103000000000000203e+00
3.218999999999999861e+00
3.209000000000000075e+00
3.262999999999999901e+00
2.887999999999999901e+00
3.188000000000000167e+00
2.670999999999999819e+00
3.109999999999999876e+00
3.126999999999999780e+00
2.732000000000000206e+00
3.120999999999999996e+00
3.059000000000000163e+00
2.927000000000000046e+00
2.638999999999999790e+00
3.303999999999999826e+00
3.099000000000000199e+00
2.846000000000000085e+00
3.201000000000000068e+00
3.495999999999999996e+00
2.580000000000000071e+00
2.912999999999999812e+00
2.983999999999999986e+00
3.097999999999999865e+00
3.008999999999999897e+00
2.964999999999999858e+00
3.217999999999999972e+00
3.067000000000000171e+00
2.577999999999999847e+00
2.838000000000000078e+00
3.028000000000000025e+00
2.755999999999999783e+00
2.444999999999999840e+00
2.926000000000000156e+00
2.842000000000000082e+00
2.915000000000000036e+00
2.951999999999999957e+00
2.883000000000000007e+00
2.311999999999999833e+00
2.879999999999999893e+00
2.959000000000000075e+00
3.084999999999999964e+00
2.999000000000000110e+00
3.124000000000000110e+00
2.995999999999999996e+00
2.762000000000000011e+00
3.373000000000000220e+00
2.460999999999999854e+00
2.907000000000000028e+00
2.923999999999999932e+00
2.920999999999999819e+00
2.825000000000000178e+00
2.806999999999999940e+00
3.125999999999999890e+00
2.846000000000000085e+00
2.984999999999999876e+00
2.818000000000000060e+00
3.180000000000000160e+00
2.778000000000000025e+00
3.189999999999999947e+00
2.970000000000000195e+00
2.794999999999999929e+00
3.354999999999999982e+00
2.730999999999999872e+00
3.297000000000000153e+00
3.087000000000000188e+00
3.317000000000000171e+00
3.197000000000000064e+00
2.835999999999999854e+00
2.704000000000000181e+00
2.843999999999999861e+00
