2.576999999999999957e+00
2.362999999999999989e+00
2.266999999999999904e+00
2.204000000000000181e+00
2.629999999999999893e+00
2.460999999999999854e+00
2.584999999999999964e+00
2.180000000000000160e+00
2.279999999999999805e+00
2.343999999999999861e+00
2.250999999999999890e+00
2.495000000000000107e+00
2.104000000000000092e+00
2.105999999999999872e+00
2.423999999999999932e+00
2.225999999999999979e+00
2.705999999999999961e+00
2.262000000000000011e+00
2.501999999999999780e+00
2.382000000000000117e+00
2.073999999999999844e+00
3.201000000000000068e+00
2.488999999999999879e+00
2.186999999999999833e+00
2.365000000000000213e+00
1.862000000000000099e+00
2.142999999999999794e+00
2.450000000000000178e+00
2.540000000000000036e+00
2.285000000000000142e+00
2.355999999999999872e+00
2.157000000000000028e+00
2.646999999999999797e+00
2.327999999999999847e+00
2.593999999999999861e+00
2.394000000000000128e+00
2.439000000000000057e+00
2.327999999999999847e+00
2.415999999999999925e+00
2.186999999999999833e+00
3.072000000000000064e+00
2.411999999999999922e+00
2.516999999999999904e+00
2.853000000000000203e+00
2.275999999999999801e+00
2.524999999999999911e+00
2.000000000000000000e+00
2.713000000000000078e+00
2.456999999999999851e+00
2.536999999999999922e+00
2.736000000000000210e+00
2.277000000000000135e+00
2.181999999999999940e+00
2.165999999999999925e+00
2.831999999999999851e+00
2.394000000000000128e+00
2.208000000000000185e+00
2.537999999999999812e+00
2.434000000000000163e+00
2.305000000000000160e+00
2.379999999999999893e+00
2.305000000000000160e+00
2.186999999999999833e+00
2.314000000000000057e+00
2.523000000000000131e+00
2.258000000000000007e+00
2.302999999999999936e+00
2.596000000000000085e+00
2.511000000000000121e+00
2.224000000000000199e+00
2.379999999999999893e+00
2.346000000000000085e+00
2.241000000000000103e+00
2.350000000000000089e+00
2.517999999999999794e+00
2.472999999999999865e+00
2.254000000000000004e+00
2.334999999999999964e+00
2.213000000000000078e+00
2.181999999999999940e+00
2.536999999999999922e+00
2.120999999999999996e+00
2.470000000000000195e+00
2.495999999999999996e+00
2.597999999999999865e+00
2.305000000000000160e+00
3.306999999999999940e+00
2.229000000000000092e+00
2.322999999999999954e+00
2.286000000000000032e+00
2.408999999999999808e+00
2.198999999999999844e+00
2.225000000000000089e+00
2.607000000000000206e+00
2.455000000000000071e+00
2.184000000000000163e+00
2.423999999999999932e+00
2.350000000000000089e+00
2.430000000000000160e+00
2.204000000000000181e+00
2.479000000000000092e+00
3.595000000000000195e+00
2.408999999999999808e+00
2.472999999999999865e+00
2.145000000000000018e+00
2.512999999999999901e+00
2.575000000000000178e+00
2.488999999999999879e+00
2.380999999999999783e+00
2.056000000000000050e+00
