2.490000000000000213e+00
2.350999999999999979e+00
2.000999999999999890e+00
2.275999999999999801e+00
1.806000000000000050e+00
2.092000000000000082e+00
2.290000000000000036e+00
2.088999999999999968e+00
2.123000000000000220e+00
2.216000000000000192e+00
2.153999999999999915e+00
2.431999999999999940e+00
2.531000000000000139e+00
2.561999999999999833e+00
2.411999999999999922e+00
2.443999999999999950e+00
2.637999999999999901e+00
2.487999999999999989e+00
2.423000000000000043e+00
1.943999999999999950e+00
2.138999999999999790e+00
2.380999999999999783e+00
2.791999999999999815e+00
2.399000000000000021e+00
2.528000000000000025e+00
2.396999999999999797e+00
2.327999999999999847e+00
2.305000000000000160e+00
2.398000000000000131e+00
2.645999999999999908e+00
2.236000000000000210e+00
2.564000000000000057e+00
2.237000000000000099e+00
2.645999999999999908e+00
2.677000000000000046e+00
2.314000000000000057e+00
2.593999999999999861e+00
2.771999999999999797e+00
2.380999999999999783e+00
2.367999999999999883e+00
2.487999999999999989e+00
2.096000000000000085e+00
1.729000000000000092e+00
2.677000000000000046e+00
2.448999999999999844e+00
2.645000000000000018e+00
2.791999999999999815e+00
2.255999999999999783e+00
2.395999999999999908e+00
2.279999999999999805e+00
2.267999999999999794e+00
2.545999999999999819e+00
2.333000000000000185e+00
2.279999999999999805e+00
2.524000000000000021e+00
2.446000000000000174e+00
2.549999999999999822e+00
2.237000000000000099e+00
2.495999999999999996e+00
2.043000000000000149e+00
2.384999999999999787e+00
2.411999999999999922e+00
2.633999999999999897e+00
2.160000000000000142e+00
2.244000000000000217e+00
2.339999999999999858e+00
2.525999999999999801e+00
2.325000000000000178e+00
2.334999999999999964e+00
2.140000000000000124e+00
2.375000000000000000e+00
2.657999999999999918e+00
2.384999999999999787e+00
2.442000000000000171e+00
2.245999999999999996e+00
2.625999999999999890e+00
3.306999999999999940e+00
2.262000000000000011e+00
2.278999999999999915e+00
2.878000000000000114e+00
2.109999999999999876e+00
2.402000000000000135e+00
2.338000000000000078e+00
2.245000000000000107e+00
2.353000000000000203e+00
2.105999999999999872e+00
2.685000000000000053e+00
2.188000000000000167e+00
3.443999999999999950e+00
2.205999999999999961e+00
2.254999999999999893e+00
2.669999999999999929e+00
2.126999999999999780e+00
2.319999999999999840e+00
2.338999999999999968e+00
2.101999999999999869e+00
2.471999999999999975e+00
2.460999999999999854e+00
2.450000000000000178e+00
2.105999999999999872e+00
2.567000000000000171e+00
2.434000000000000163e+00
2.359999999999999876e+00
2.447000000000000064e+00
2.349000000000000199e+00
2.347999999999999865e+00
2.532000000000000028e+00
2.278000000000000025e+00
2.354000000000000092e+00
2.206999999999999851e+00
2.630999999999999783e+00
2.241999999999999993e+00
2.309000000000000163e+00
2.294999999999999929e+00
2.333000000000000185e+00
2.607000000000000206e+00
2.498000000000000220e+00
2.168000000000000149e+00
2.373000000000000220e+00
3.125999999999999890e+00
2.220000000000000195e+00
2.516999999999999904e+00
2.326999999999999957e+00
2.435000000000000053e+00
2.290000000000000036e+00
2.237000000000000099e+00
2.361000000000000210e+00
2.346999999999999975e+00
2.297000000000000153e+00
2.524999999999999911e+00
2.156000000000000139e+00
2.422000000000000153e+00
2.254000000000000004e+00
2.261000000000000121e+00
2.575000000000000178e+00
2.380999999999999783e+00
2.592000000000000082e+00
2.577999999999999847e+00
2.200000000000000178e+00
2.229000000000000092e+00
2.498000000000000220e+00
2.269000000000000128e+00
1.969000000000000083e+00
2.144000000000000128e+00
2.329000000000000181e+00
1.806000000000000050e+00
1.991000000000000103e+00
2.290000000000000036e+00
2.628000000000000114e+00
2.424999999999999822e+00
2.442000000000000171e+00
2.479999999999999982e+00
2.353000000000000203e+00
2.369000000000000217e+00
2.108000000000000096e+00
2.282999999999999918e+00
2.093999999999999861e+00
2.475000000000000089e+00
2.407000000000000028e+00
2.341000000000000192e+00
2.620000000000000107e+00
2.290000000000000036e+00
3.041999999999999815e+00
2.442000000000000171e+00
2.560000000000000053e+00
2.369000000000000217e+00
2.329000000000000181e+00
2.290000000000000036e+00
2.380999999999999783e+00
2.858000000000000096e+00
2.019000000000000128e+00
2.440999999999999837e+00
2.446000000000000174e+00
2.198999999999999844e+00
2.232000000000000206e+00
2.051000000000000156e+00
1.955999999999999961e+00
2.696000000000000174e+00
3.443999999999999950e+00
2.069999999999999840e+00
2.411999999999999922e+00
2.246999999999999886e+00
2.536999999999999922e+00
2.315999999999999837e+00
2.301000000000000156e+00
1.901999999999999913e+00
2.410000000000000142e+00
2.455000000000000071e+00
2.791999999999999815e+00
2.349000000000000199e+00
2.204000000000000181e+00
2.375000000000000000e+00
2.619000000000000217e+00
2.232000000000000206e+00
2.021999999999999797e+00
2.327999999999999847e+00
2.125999999999999890e+00
2.158999999999999808e+00
2.109999999999999876e+00
2.420999999999999819e+00
2.551000000000000156e+00
2.031000000000000139e+00
2.492999999999999883e+00
1.969999999999999973e+00
2.476999999999999869e+00
2.657000000000000028e+00
2.612999999999999989e+00
2.589999999999999858e+00
2.333000000000000185e+00
2.430000000000000160e+00
2.379000000000000004e+00
2.620999999999999996e+00
2.928999999999999826e+00
2.113999999999999879e+00
2.350999999999999979e+00
2.350000000000000089e+00
2.063000000000000167e+00
2.407999999999999918e+00
1.969999999999999973e+00
2.084000000000000075e+00
2.544999999999999929e+00
2.314000000000000057e+00
2.075000000000000178e+00
2.362999999999999989e+00
2.349000000000000199e+00
2.416999999999999815e+00
2.350000000000000089e+00
2.048000000000000043e+00
2.412999999999999812e+00
2.435000000000000053e+00
2.544000000000000039e+00
2.113999999999999879e+00
2.524000000000000021e+00
2.115000000000000213e+00
2.455999999999999961e+00
2.395999999999999908e+00
2.435999999999999943e+00
2.866000000000000103e+00
2.605999999999999872e+00
2.700000000000000178e+00
2.370999999999999996e+00
2.330999999999999961e+00
2.338000000000000078e+00
2.306999999999999940e+00
2.866999999999999993e+00
2.575000000000000178e+00
2.177999999999999936e+00
2.245000000000000107e+00
2.350000000000000089e+00
2.270999999999999908e+00
2.298999999999999932e+00
2.000000000000000000e+00
2.213999999999999968e+00
2.435999999999999943e+00
2.653000000000000025e+00
2.541999999999999815e+00
2.427999999999999936e+00
3.041999999999999815e+00
2.447000000000000064e+00
2.440999999999999837e+00
2.350999999999999979e+00
2.646999999999999797e+00
2.357000000000000206e+00
2.443000000000000060e+00
2.285000000000000142e+00
2.172000000000000153e+00
2.209000000000000075e+00
2.031000000000000139e+00
2.318000000000000060e+00
2.791999999999999815e+00
2.928999999999999826e+00
2.250999999999999890e+00
2.330000000000000071e+00
2.172000000000000153e+00
2.669999999999999929e+00
2.516000000000000014e+00
2.056999999999999940e+00
2.318999999999999950e+00
2.331999999999999851e+00
2.721000000000000085e+00
2.362000000000000099e+00
2.581999999999999851e+00
2.221000000000000085e+00
2.037999999999999812e+00
2.226999999999999869e+00
1.836999999999999966e+00
2.185000000000000053e+00
2.138999999999999790e+00
2.208000000000000185e+00
2.384999999999999787e+00
1.891000000000000014e+00
2.351999999999999869e+00
2.822999999999999954e+00
2.653000000000000025e+00
2.394000000000000128e+00
2.278000000000000025e+00
2.325000000000000178e+00
2.475999999999999979e+00
2.108000000000000096e+00
2.773000000000000131e+00
2.386000000000000121e+00
2.369000000000000217e+00
2.842000000000000082e+00
2.443000000000000060e+00
2.475999999999999979e+00
2.124000000000000110e+00
2.607000000000000206e+00
2.274000000000000021e+00
2.281000000000000139e+00
2.201000000000000068e+00
2.822000000000000064e+00
2.633000000000000007e+00
2.278999999999999915e+00
2.440999999999999837e+00
2.482000000000000206e+00
2.221999999999999975e+00
2.777000000000000135e+00
1.903999999999999915e+00
2.290999999999999925e+00
2.181000000000000050e+00
2.303999999999999826e+00
2.428999999999999826e+00
2.012999999999999901e+00
2.545999999999999819e+00
2.099000000000000199e+00
2.104000000000000092e+00
2.418000000000000149e+00
2.399000000000000021e+00
2.346000000000000085e+00
2.604000000000000092e+00
2.246999999999999886e+00
2.580000000000000071e+00
2.378000000000000114e+00
2.274999999999999911e+00
2.374000000000000110e+00
2.491000000000000103e+00
2.728000000000000203e+00
2.468999999999999861e+00
2.746999999999999886e+00
2.057999999999999829e+00
2.358999999999999986e+00
2.254999999999999893e+00
2.286000000000000032e+00
2.136000000000000121e+00
2.196000000000000174e+00
2.330000000000000071e+00
2.220000000000000195e+00
2.028999999999999915e+00
2.160000000000000142e+00
2.176000000000000156e+00
2.246999999999999886e+00
2.447999999999999954e+00
2.919000000000000039e+00
2.120000000000000107e+00
2.283999999999999808e+00
2.254000000000000004e+00
2.549999999999999822e+00
2.456999999999999851e+00
2.531000000000000139e+00
2.028000000000000025e+00
2.279999999999999805e+00
2.462000000000000188e+00
2.811999999999999833e+00
2.693000000000000060e+00
2.029999999999999805e+00
2.068000000000000060e+00
2.343999999999999861e+00
2.382000000000000117e+00
2.443000000000000060e+00
2.483999999999999986e+00
2.109999999999999876e+00
2.282999999999999918e+00
2.290999999999999925e+00
2.399000000000000021e+00
2.525999999999999801e+00
2.193000000000000060e+00
2.692000000000000171e+00
2.330999999999999961e+00
2.689999999999999947e+00
2.630999999999999783e+00
2.181000000000000050e+00
2.299999999999999822e+00
2.971000000000000085e+00
2.362000000000000099e+00
2.544999999999999929e+00
2.217999999999999972e+00
2.391999999999999904e+00
2.160000000000000142e+00
2.157000000000000028e+00
2.398000000000000131e+00
2.228000000000000203e+00
2.306999999999999940e+00
2.142999999999999794e+00
2.382000000000000117e+00
2.783999999999999808e+00
2.152000000000000135e+00
2.338999999999999968e+00
2.361000000000000210e+00
2.212000000000000188e+00
2.498000000000000220e+00
2.248000000000000220e+00
2.286000000000000032e+00
2.209999999999999964e+00
2.443000000000000060e+00
2.177999999999999936e+00
2.517999999999999794e+00
2.027000000000000135e+00
2.194999999999999840e+00
2.434000000000000163e+00
2.435000000000000053e+00
2.314000000000000057e+00
2.225000000000000089e+00
2.200000000000000178e+00
2.265000000000000124e+00
2.337000000000000188e+00
2.831999999999999851e+00
2.482000000000000206e+00
2.475999999999999979e+00
2.601999999999999869e+00
2.192000000000000171e+00
2.668000000000000149e+00
2.246999999999999886e+00
2.597999999999999865e+00
2.142999999999999794e+00
2.656000000000000139e+00
2.625999999999999890e+00
2.648000000000000131e+00
2.589999999999999858e+00
2.027000000000000135e+00
2.470000000000000195e+00
2.362000000000000099e+00
2.075000000000000178e+00
2.494000000000000217e+00
2.407000000000000028e+00
2.322000000000000064e+00
2.439999999999999947e+00
