9.056434899629145718e+00
9.256696831172703810e+00
1.048585391373063125e+01
8.483622796723889081e+00
1.030088532137336266e+01
9.111285270736056319e+00
9.052767980232248490e+00
9.366817622705164936e+00
9.289213876966794459e+00
8.877186730496472222e+00
8.926637822062220451e+00
9.256696831172703810e+00
9.076024210781678647e+00
9.268552571089847092e+00
9.158029283803999832e+00
9.104611747072372196e+00
9.092224220104192511e+00
8.349150803197179727e+00
8.924113041429148296e+00
8.195382398490796305e+00
8.719735109083263325e+00
8.349150803197179727e+00
1.030816555992984362e+01
8.672555503726355752e+00
8.958428683280379445e+00
9.062895623097492859e+00
8.756269419844780799e+00
1.046487958913245109e+01
9.009646092842054088e+00
1.048585391373063125e+01
8.003096741141520809e+00
8.862901964108298003e+00
9.111285270736056319e+00
1.040712573276517006e+01
1.041448339972379067e+01
8.926637822062220451e+00
8.924113041429148296e+00
1.036493660307893983e+01
1.037184073899840797e+01
9.320226360736382887e+00
9.502978346824972888e+00
8.983819274759989426e+00
8.195382398490796305e+00
1.048585391373063125e+01
9.143626303845302061e+00
9.309787649384988484e+00
1.036493660307893983e+01
8.862901964108298003e+00
9.258980747558128499e+00
8.756269419844780799e+00
9.111285270736056319e+00
8.983819274759989426e+00
9.080255034800812197e+00
1.044352413011046288e+01
9.258980747558128499e+00
9.052767980232248490e+00
8.728429970581588648e+00
9.534617770486288890e+00
8.958428683280379445e+00
9.410748490167245350e+00
9.070798779149068736e+00
8.982020582074474291e+00
9.162293661102586029e+00
8.551638193074664329e+00
8.213285492420331124e+00
8.789641047902438942e+00
9.418867200894172953e+00
8.948654873561292078e+00
9.135779520521014163e+00
9.289213876966794459e+00
8.877186730496472222e+00
9.045030352080839720e+00
9.505592684828709338e+00
9.491167803560944805e+00
9.585841971181821464e+00
9.956659267136418023e+00
1.034396227848075966e+01
9.304036216860479769e+00
8.213285492420331124e+00
9.639975120984754398e+00
8.958428683280379445e+00
9.649725888613799540e+00
9.187873131019111739e+00
8.941589940638776213e+00
9.210767226572670552e+00
1.030088532137336266e+01
1.046487958913245109e+01
9.079760888567024679e+00
1.026391040416767986e+01
9.214217414588913968e+00
1.044352413011046288e+01
8.687167394470918680e+00
9.896640616684972969e+00
8.534513798592442413e+00
9.833309915524074185e+00
9.039276824802003674e+00
8.877186730496472222e+00
9.111285270736056319e+00
9.085368286799692328e+00
9.420581958169295334e+00
8.983819274759989426e+00
8.493830281756867606e+00
9.062909319679409492e+00
9.000542685764919781e+00
9.672614044710650560e+00
1.053322702010814815e+01
8.924113041429148296e+00
8.981061857304238671e+00
9.001307526994303032e+00
9.111285270736056319e+00
1.040712573276517006e+01
9.076986907448818087e+00
8.927944807904756530e+00
9.493523760721293669e+00
8.983819274759989426e+00
1.037870029029887498e+01
8.855895966557655541e+00
9.289213876966794459e+00
8.641689626904835109e+00
9.554096714710222926e+00
9.080927493236961467e+00
1.038551469789292092e+01
8.621797426318071444e+00
9.148685727913363763e+00
9.013556083691643295e+00
9.056765793175705070e+00
8.535940029406528851e+00
9.468362851831072291e+00
8.983819274759989426e+00
1.036493660307893983e+01
8.569454263570849051e+00
9.184455445879635249e+00
8.903298909607682887e+00
9.111285270736056319e+00
8.598817798431571902e+00
9.043305543474991381e+00
9.111285270736056319e+00
8.958428683280379445e+00
9.384170154774496453e+00
9.045030352080839720e+00
9.750128290868195435e+00
1.003808694574621718e+01
8.434982270044139696e+00
9.131233265610241290e+00
9.270155561852540416e+00
1.037184073899840797e+01
9.160194135453693320e+00
9.045189088395725108e+00
9.247851097514976360e+00
9.168296566315103036e+00
9.443242462269290982e+00
9.061109815588929806e+00
9.681153165338779232e+00
1.027881287958492074e+01
9.008851805829213077e+00
8.362407360074259444e+00
8.451556140337530110e+00
9.126990640570241453e+00
9.031132248379504901e+00
8.862901964108298003e+00
8.990367960084364896e+00
8.831265882222661290e+00
1.051320071334481732e+01
8.926637822062220451e+00
9.061109815588929806e+00
1.035099681373269576e+01
9.401065645705022789e+00
9.089849915920979129e+00
9.214217414588913968e+00
9.264975491997198276e+00
8.576091566345457551e+00
1.047890575227958720e+01
8.862901964108298003e+00
8.807027497253065107e+00
9.080756546987412747e+00
8.576091566345457551e+00
9.467022086584631069e+00
9.512162146795805739e+00
1.035099681373269576e+01
1.037184073899840797e+01
1.042908287058153505e+01
9.229251612303160712e+00
1.031540624565412045e+01
8.926637822062220451e+00
8.805720511410529028e+00
8.664449466933890065e+00
9.569233265480189488e+00
8.493830281756867606e+00
1.028620842211347863e+01
8.631901921176845960e+00
9.025304032588698178e+00
8.927944807904756530e+00
9.544048524256123045e+00
8.855895966557655541e+00
8.497429927650136605e+00
1.039900584561206109e+01
8.286609336273944137e+00
9.160194135453693320e+00
9.639975120984754398e+00
8.927944807904756530e+00
9.734335803470376192e+00
1.041230970945645673e+01
9.336204427259559679e+00
9.055730147436841904e+00
9.225182449168904952e+00
9.256516169673503214e+00
8.500880115666380021e+00
8.927944807904756530e+00
8.958428683280379445e+00
9.111285270736056319e+00
8.948417202323421193e+00
9.182027126240621229e+00
9.414798545606538838e+00
8.349150803197179727e+00
1.047890575227958720e+01
8.330638829685840463e+00
8.924113041429148296e+00
9.648392690743001765e+00
1.049961760095056640e+01
9.073761145919622351e+00
9.214217414588913968e+00
9.176299633685317758e+00
8.052143554803993908e+00
9.703112589471365013e+00
8.927944807904756530e+00
9.007533815210800654e+00
8.924113041429148296e+00
8.003096741141520809e+00
8.926637822062220451e+00
8.990367960084364896e+00
9.289213876966794459e+00
8.690371574222540474e+00
8.807027497253065107e+00
8.807027497253065107e+00
9.507546061706658946e+00
9.233364681163765297e+00
9.203164262182838229e+00
9.111285270736056319e+00
9.079345993932070868e+00
9.502978346824972888e+00
9.082985950427545419e+00
8.880390216342613385e+00
9.089849915920979129e+00
9.325276167789507298e+00
8.535940029406528851e+00
9.061109815588929806e+00
1.037870029029887498e+01
8.983819274759989426e+00
9.182027126240621229e+00
9.371830633507503450e+00
9.111285270736056319e+00
9.005888696893785905e+00
9.089849915920979129e+00
9.289213876966794459e+00
1.027138002057384725e+01
8.530889367585048788e+00
8.974883921838127776e+00
1.042908287058153505e+01
9.953367237860474503e+00
8.980143609063251375e+00
1.040712573276517006e+01
9.213817987458780223e+00
9.182027126240621229e+00
9.039763777164182557e+00
9.027402258314982220e+00
9.583699206671903781e+00
1.037184073899840797e+01
1.032976672225637671e+01
9.236109030679765297e+00
1.039900584561206109e+01
9.143067608833495896e+00
8.927944807904756530e+00
1.028620842211347863e+01
9.010982937031108975e+00
9.214217414588913968e+00
9.441490078510124562e+00
8.621797426318071444e+00
9.277882536087641796e+00
9.111285270736056319e+00
1.032260681945877145e+01
9.165819222988716319e+00
9.384170154774496453e+00
8.961162379287543445e+00
9.192486654216857289e+00
8.314064959392448273e+00
8.621797426318071444e+00
8.330638829685840463e+00
8.958428683280379445e+00
1.016360455388164219e+01
9.179601919595013371e+00
8.195382398490796305e+00
9.474770497546849413e+00
9.079345993932070868e+00
1.034396227848075966e+01
8.407526646925635561e+00
8.789903102770843191e+00
9.001480151026333587e+00
1.045780270561120595e+01
9.011546922563828943e+00
8.983819274759989426e+00
9.384672269710268466e+00
8.454959267392569089e+00
9.430996210693107784e+00
1.035099681373269576e+01
9.064852146824238233e+00
9.149377853221785983e+00
9.569233265480189488e+00
8.983819274759989426e+00
9.133880588441618542e+00
8.494394410950858898e+00
1.038551469789292092e+01
9.146966026782820336e+00
9.076986907448818087e+00
8.927944807904756530e+00
1.022458358831739389e+01
8.855895966557655541e+00
9.135974193695458823e+00
8.576091566345457551e+00
8.668723737250747519e+00
8.551638193074664329e+00
8.807027497253065107e+00
8.983819274759989426e+00
9.487481740347497805e+00
9.502978346824972888e+00
9.441767269504122595e+00
8.386300322726434331e+00
9.210767226572670552e+00
9.401326134230680864e+00
9.089849915920979129e+00
9.045030352080839720e+00
8.862901964108298003e+00
9.247851097514976360e+00
8.668723737250747519e+00
8.926637822062220451e+00
9.142491662340207270e+00
8.535940029406528851e+00
9.135779520521014163e+00
9.146966026782820336e+00
9.502978346824972888e+00
8.789641047902438942e+00
9.109039115398585906e+00
1.037732190010553168e+01
8.500880115666380021e+00
8.983819274759989426e+00
1.032260681945877145e+01
1.037870029029887498e+01
8.362407360074259444e+00
8.728429970581588648e+00
8.604540107375580504e+00
8.805720511410529028e+00
8.349150803197179727e+00
9.296609524415906378e+00
9.499604469940720719e+00
8.752819231828537383e+00
9.582949191880642204e+00
8.690371574222540474e+00
9.561775675048091117e+00
1.035099681373269576e+01
9.126933786863284936e+00
8.789903102770843191e+00
1.035459285699219656e+01
8.330638829685840463e+00
8.877186730496472222e+00
1.043632355630581188e+01
8.228233492545488303e+00
9.009974046668869363e+00
9.048903491328745829e+00
8.413596487940750990e+00
1.026391040416767986e+01
8.952331289410913939e+00
8.464345804904862547e+00
8.880390216342613385e+00
8.983819274759989426e+00
8.855895966557655541e+00
8.986846552559386581e+00
9.466600868627647714e+00
9.571896925523700972e+00
9.182027126240621229e+00
8.980143609063251375e+00
1.048585391373063125e+01
9.244653349580504553e+00
9.111285270736056319e+00
8.455174255693766128e+00
9.508172035881868212e+00
8.621797426318071444e+00
9.079345993932070868e+00
9.001307526994303032e+00
8.690371574222540474e+00
9.045030352080839720e+00
1.051320071334481732e+01
8.300515917504666774e+00
9.254598381972893861e+00
8.621797426318071444e+00
9.111285270736056319e+00
9.548425077436752062e+00
8.982020582074474291e+00
1.032976672225637671e+01
8.927944807904756530e+00
9.455642922310412146e+00
1.048585391373063125e+01
9.108253271439277654e+00
1.032976672225637671e+01
9.182027126240621229e+00
9.400072630358106807e+00
1.028620842211347863e+01
8.710348571570969867e+00
1.023367554634050514e+01
9.441767269504122595e+00
8.961870407693718121e+00
1.047191412438438540e+01
8.880390216342613385e+00
9.001307526994303032e+00
9.222508551778858532e+00
9.083696982723759916e+00
9.061109815588929806e+00
1.043632355630581188e+01
9.181566877429670370e+00
1.053322702010814815e+01
8.990367960084364896e+00
9.039276824802003674e+00
9.710871775152984497e+00
8.413596487940750990e+00
1.038551469789292092e+01
8.316299709142487728e+00
1.031540624565412045e+01
1.047890575227958720e+01
9.294666128980402675e+00
9.204358857137817651e+00
1.030816555992984185e+01
9.805517705441797460e+00
9.351915655557224483e+00
8.566250083819227257e+00
9.569233265480189488e+00
8.926637822062220451e+00
9.381103608640326996e+00
9.205485448781852043e+00
