7.442968260513324052e-01
-3.380559374452192234e-01
-1.532528008027121524e+00
4.328424779826326591e-02
-1.877367368216480648e+00
-1.629018340856770664e+00
-3.893292283253975694e-01
-1.573411765586350652e+00
-9.399456926312633742e-01
-7.052612290644442172e-01
-8.949008284590385109e-01
1.331974852401058562e-01
7.492888546921563364e-01
9.725808927644320478e-01
1.294095591433942205e-01
3.938831648819464126e-01
1.676562437326756250e+00
1.151586208071585071e+00
4.285580930295744828e-01
-8.270628738955555503e-01
-9.645540149476213854e-01
6.394933587767264171e-01
5.337179692098473760e-01
4.490828282813653094e-01
8.270853367132484646e-01
1.424825883242688274e-01
5.373006800731786742e-02
-8.053777929140315539e-01
2.092908516508760752e-01
5.848300988866513006e-02
1.833449114713386063e-01
1.333159951243896524e+00
-8.331519052017370974e-01
9.404930241634903987e-02
1.735547307735888778e-01
-1.666266195372713144e-01
1.451462460302190616e+00
4.532405587068169539e-01
-5.748083803326919927e-01
-2.520792756048268468e-01
1.178406766336270173e-01
-1.474039539615316308e+00
-1.438481841042881682e+00
1.413123424967395736e-01
3.815507680528434920e-01
1.476253249442148086e+00
5.080710470660685374e-01
-4.665395504807816618e-01
-6.563572503789441570e-02
-2.195272881026460177e-01
-6.589861463056391200e-01
1.097735142764583616e+00
-2.786271203200086366e-01
-8.569664846755086218e-01
5.571265001204777079e-01
3.529732586474271794e-01
1.131014178674804693e+00
-1.049948048157177238e+00
6.711119080236375156e-01
-2.391789037235451776e+00
5.776260682610973723e-02
2.496933554055222049e-01
1.570247212486176824e+00
-5.485313458113918461e-01
1.189966815830214436e-01
7.133775117818096090e-02
5.662499183413405301e-01
-1.356126377639568226e-01
-3.034506215031290144e-01
-8.871924379662252669e-01
1.979112972433526851e-01
1.718067256538009291e+00
-4.361216374277487318e-01
-5.799059599163017970e-02
-1.388331294134101057e+00
6.145486147234830998e-01
2.006123256894845497e+00
-7.359171032268682078e-01
2.794571402906481650e-01
1.419660316945991818e+00
-1.116887128856719480e+00
-3.733782722099153739e-01
-3.697407976146697139e-01
-5.023665736420575012e-01
-1.588373302456339564e-01
-1.207803986679642838e+00
1.722539313928223847e-01
-6.118369117845158245e-01
2.462333181165902385e+00
-6.352796589474803968e-01
-9.178120522827731831e-01
1.236166943246884919e+00
-2.454271437022947921e+00
1.954796991320518484e-01
-1.096664483156308600e+00
-1.220975518479055832e+00
7.666385033607734378e-01
4.564013364260543493e-01
3.443042634113654410e-01
-1.544350121427708888e+00
1.224754895510232755e+00
5.382597260380677096e-01
-6.850783869252013991e-02
5.312817257551903927e-01
-8.517369378951149539e-01
-7.300196571258454892e-01
1.075899343109739892e+00
-3.834877937185748320e-01
-4.347585175694721610e-02
-1.000362955978209234e+00
5.417224179847737048e-02
-6.328038050066840947e-01
-2.345577578233557225e-01
-9.833763377948137041e-01
-1.558360371862156091e-01
3.485069784494348316e-03
7.682148122849157268e-01
-7.997699592501048560e-01
4.328660486392354456e-01
4.584381566425759225e+00
-9.724881208606178662e-01
-2.347931146959687798e-01
1.536907547071235114e-01
2.863434610657862311e-01
-4.689734638803007005e-01
-4.427017520721722721e-01
2.704876131437289333e-01
-4.793262891586110297e-01
-3.613498657057336305e-01
-2.047852089959282529e-01
-7.143416799712640763e-01
1.235129412955656425e-01
-5.642919049054333502e-01
-6.984361590705502332e-01
1.676359550466550496e+00
4.836643800044539143e-02
1.243315221276612537e+00
1.073100740610287263e+00
-1.089873301829628716e+00
-8.085083466539617625e-01
6.125250833919781805e-03
-1.761650416313771617e+00
-1.279275697394217870e+00
-1.484390569066578847e+00
-5.192120717072974401e-01
-1.909422232290928001e+00
-1.804051797932241463e+00
-5.049055282852359383e-01
7.533936229684990993e-01
1.053317512965643438e-01
-2.693003908814205986e-03
6.215856131430542719e-01
-8.364361422661955592e-01
-5.627880173718957657e-01
-1.180876649195969019e+00
1.196698935958524640e-01
-5.291286202414445805e-01
5.673790882402609537e-01
1.833631025390305147e-01
1.667442030775146550e-02
1.541162720151163956e+00
-2.413864015991630807e-01
1.145512718673423080e+00
4.376362229177505614e-01
1.101432343550554860e+00
-5.953978768429935009e-01
-6.679133919974911127e-01
-2.921187805767010426e-01
-6.852756425456456302e-02
1.569832915258227768e+00
-8.314082825178015224e-01
-4.718256378421040176e-01
6.278511608292048907e-01
-7.262031992188822116e-01
-6.820815344436425010e-01
-7.347620149771817433e-01
-2.950371130966884969e+00
1.589677704930677837e+00
2.422990970031443592e+00
-1.323354618745151701e+00
-5.227444745453496688e-01
-7.408741111911019139e-01
-1.512703708923784918e-01
-1.573314413037096848e-01
-1.238733165234115197e-01
-2.156068861398353853e+00
-1.841995901539846825e-01
6.088507396214709599e-01
5.436373395937523778e-01
3.045217242692791482e-01
-1.005812061201027507e+00
1.447728510251499456e-01
1.036608979561016053e+00
-4.833799076897102309e-01
-1.106654671343769714e+00
-7.189378406513625697e-01
-3.319110576593964912e-01
-1.071665346394296892e+00
-1.189590550545291281e+00
4.128243244720814498e-01
2.815106847926192590e-01
-1.431137094301323076e+00
4.459009067622596856e-01
-2.404434093984242793e+00
3.553721655166293680e-01
1.617198566798016879e+00
1.636942017680833583e+00
1.423061842305509250e+00
-1.052287629142055481e-01
2.736806455903434410e-01
1.205394295191518500e-01
1.346651627850382615e+00
3.316480545627325860e+00
-5.799803827913168064e-01
-6.980250324628523018e-01
3.569055641452276162e-01
-1.588477205305052875e+00
-4.529606722023577503e-01
-1.608559305620776536e+00
-1.771548609329324897e+00
4.851553933626338022e-01
-5.056641988018690803e-01
-3.488003173216633335e-01
-6.056006673541870500e-01
-5.404494727050192758e-03
2.517853982025732851e-01
4.365178987294917635e-03
-4.016748572528153760e-01
2.990747267333577764e-01
4.296482758102934674e-01
4.369275411631814432e-01
-1.069624976641719627e+00
1.150401960140010393e+00
-1.186337108252502714e+00
9.867443502722103577e-03
-4.357506378165255240e-02
2.308411687458748474e-01
2.964551819375163877e+00
1.109032698702858255e+00
8.554784158557396934e-01
-3.348587625499506448e-02
-4.805163380981219284e-02
-1.358484256016585512e-01
-5.445124091837275637e-01
2.038364677572888084e+00
1.192387722825747343e+00
-1.073456521950792553e+00
-6.548962599626307890e-01
-2.656441362677109952e-01
-9.925999711364521527e-01
-4.834250889539035145e-01
-2.177968094466687710e+00
-5.356536563035424470e-01
6.997413789439428655e-02
1.740282323401748099e-01
8.829102097158504359e-01
3.329468916931677125e-01
1.183513848203256114e+00
-5.510357301039191524e-01
3.912855039457421857e-01
-6.655976457204528796e-01
1.473388038104235687e+00
-2.252966492820323297e-01
4.611519399222213100e-01
-2.709949923287122697e-01
-1.388871460035699945e+00
-9.963570402662358383e-01
-1.393847422510800405e+00
-5.488193321026018090e-01
4.926799046406999394e-01
2.748458918888041058e+00
-5.627312539458297902e-01
-6.630361364578206684e-01
-1.181331983681089604e+00
9.214191468888280889e-01
3.604748535179895796e-01
-1.061594514534911937e+00
-5.900704790983931636e-01
-2.950135944538141985e-01
3.335847107548919888e-01
-1.476335430885482303e-01
7.376722001797790806e-01
-8.304012103133614486e-01
-2.172633347989373132e+00
-4.431115927916837866e-02
-1.985553337954550468e+00
-1.739194533614621119e-01
-9.887002319868058997e-01
-2.274723976363526301e+00
-4.990805962566947224e-02
-9.816590950264563187e-01
-4.611603109365296493e-01
2.215431009812292906e+00
1.412384258772315659e-01
4.563206448404975024e-01
-2.660517763818326387e-01
-1.255849439105327370e-01
-3.729944535231561331e-01
-1.183197694762179397e+00
2.502553124032271814e+00
-2.924641957225670996e-01
4.927032523813112408e-01
2.036077755950887358e+00
-4.089586618586256717e-01
6.444034128128446337e-01
-1.230602639459348335e+00
4.880107165489170340e-01
-4.916715348781517392e-01
-5.011339451625547170e-01
-2.212300029438179216e-01
5.814484495343503756e-01
1.198646093598556117e+00
-4.614460429145400555e-01
5.303009617424621069e-01
-6.342629711355159960e-01
-5.288161723143161019e-01
2.570021415270752119e+00
-1.171325740260017678e+00
-5.336407583378217911e-02
-4.545369065048230350e-01
-1.364523242080235288e-01
4.012526083852426817e-01
-2.650944194771818196e+00
3.161525857994969546e-01
-1.105104310428068004e+00
-6.556565174326052237e-01
5.656771014667412445e-02
-1.738450139382035076e-01
-1.096198464781493742e-01
1.385943172936221046e+00
-5.170907887097901945e-01
5.859955916023071865e-01
3.529537544602501242e-01
-3.469436590386077990e-01
-7.044091129193053025e-02
7.055362436639870394e-01
2.059460147409012620e+00
3.836890052417850638e-01
1.023719692894461852e+00
-1.200309184550534924e+00
-1.490222393266286416e-01
-8.879044912358162733e-01
6.660645847757790117e-02
-1.257369394653670591e+00
-1.005221976709824272e+00
-7.048203209769189348e-01
-8.218229560620726737e-02
-1.273445369128034299e+00
-7.291554979034676753e-01
-6.935187023833283559e-01
1.689576723275589692e-02
2.013765505718936033e-01
3.149197237039869091e+00
-1.102491583255386987e+00
-1.152651082863257903e+00
-2.971619170222253858e-01
5.607626967555199293e-01
-3.733115330549102717e-01
4.891793710845213639e-01
-1.633840584465567458e+00
-8.167908368224071625e-01
7.299154454326222119e-01
2.862500149499715540e+00
2.066578330119034079e-01
-8.428250648424749913e-01
-1.358698942686460853e+00
-1.322826156140723408e-01
5.892913969002117058e-01
-3.696164507241669894e-01
8.237984272199357916e-01
-6.957810145568841254e-01
-2.706847149197461611e-01
-3.954205948994962139e-01
2.928220200731045941e-01
8.013694437871298204e-01
-1.573194671990565618e+00
1.494761495959085584e+00
-3.748054215914573550e-01
1.632645304845813161e+00
1.860594927079345720e-02
-1.392984720633352547e+00
-4.777386922495848176e-01
2.474148853955389527e+00
-5.836045515023523533e-01
1.197326156063321489e+00
-7.374034275903673663e-01
1.356997327296383116e-01
-8.190121476774449016e-01
-1.206743423244337032e+00
-5.960096882895763448e-01
-2.821910755035266297e-02
-4.836444106691459299e-01
-6.840287871941385101e-01
-6.568732326606863819e-03
1.629871013887497444e+00
-9.609501005436401622e-01
-6.604342159223355324e-01
6.378832130825475011e-02
-1.096636745915871014e+00
-3.291587556457608588e-01
-6.320541097226350935e-01
-7.909142263293567066e-01
-1.057760620705850751e+00
3.933030861282288404e-02
-1.031672337431694286e+00
1.215617565952314516e+00
-1.359560338975945637e+00
-8.059454972090259739e-01
3.731460012521011782e-01
-4.839007964611096169e-01
-1.272098528517175697e-01
-6.391318656175897228e-01
-1.253880470870740726e+00
-7.020300408513560075e-01
-2.138014028407103917e-01
5.861667105496232155e-01
5.505041409878996816e-01
-4.070681892579515737e-01
1.430944379649942144e+00
-8.207036527219054856e-01
8.908535292005429485e-01
-3.803119557758354030e-02
-2.332928051837514227e-02
-2.968451450231957001e-01
1.621424104450174819e-01
8.481810478157872021e-03
1.394921282360864989e+00
9.325986696564325662e-01
-1.393211994345346261e+00
-2.355446749157660835e-01
-4.061122653907308089e-01
-6.558184198247378749e-01
9.866553504955420661e-02
2.705274241685492465e-01
-6.887117092180088385e-01
1.923772246328956936e-01
