2.490000000000000213e+00
2.181999999999999940e+00
2.249000000000000110e+00
2.685000000000000053e+00
2.353000000000000203e+00
2.301000000000000156e+00
2.661999999999999922e+00
2.306999999999999940e+00
2.306999999999999940e+00
2.358999999999999986e+00
2.365000000000000213e+00
2.325000000000000178e+00
2.353000000000000203e+00
2.382000000000000117e+00
2.374000000000000110e+00
2.168000000000000149e+00
2.826999999999999957e+00
2.145000000000000018e+00
2.330000000000000071e+00
2.346000000000000085e+00
2.265000000000000124e+00
2.435000000000000053e+00
2.248000000000000220e+00
2.342999999999999972e+00
2.456999999999999851e+00
2.400999999999999801e+00
2.549999999999999822e+00
2.293000000000000149e+00
2.242999999999999883e+00
2.463999999999999968e+00
2.358000000000000096e+00
2.309000000000000163e+00
2.689999999999999947e+00
2.189000000000000057e+00
2.258999999999999897e+00
2.259999999999999787e+00
2.455999999999999961e+00
2.505999999999999783e+00
2.365000000000000213e+00
2.346000000000000085e+00
2.337000000000000188e+00
2.658999999999999808e+00
2.677999999999999936e+00
2.419999999999999929e+00
2.331999999999999851e+00
2.520000000000000018e+00
2.407000000000000028e+00
2.411000000000000032e+00
2.638999999999999790e+00
2.161999999999999922e+00
2.384999999999999787e+00
2.585999999999999854e+00
2.322999999999999954e+00
2.418000000000000149e+00
2.680000000000000160e+00
2.552999999999999936e+00
2.107000000000000206e+00
2.604000000000000092e+00
2.484999999999999876e+00
2.370999999999999996e+00
2.399000000000000021e+00
2.490000000000000213e+00
2.577999999999999847e+00
2.262999999999999901e+00
2.325000000000000178e+00
2.748000000000000220e+00
2.535000000000000142e+00
2.192000000000000171e+00
2.188000000000000167e+00
2.329000000000000181e+00
2.411000000000000032e+00
2.255999999999999783e+00
2.475999999999999979e+00
2.386000000000000121e+00
2.443999999999999950e+00
2.508999999999999897e+00
2.373000000000000220e+00
2.273000000000000131e+00
2.306999999999999940e+00
2.447999999999999954e+00
2.608000000000000096e+00
2.424999999999999822e+00
2.535000000000000142e+00
2.455999999999999961e+00
2.124000000000000110e+00
2.524999999999999911e+00
2.649000000000000021e+00
2.366999999999999993e+00
2.240000000000000213e+00
2.255999999999999783e+00
2.173999999999999932e+00
2.361000000000000210e+00
2.512999999999999901e+00
2.232000000000000206e+00
2.285000000000000142e+00
2.144000000000000128e+00
2.371999999999999886e+00
2.334000000000000075e+00
2.653999999999999915e+00
2.426000000000000156e+00
2.361000000000000210e+00
2.648000000000000131e+00
2.448999999999999844e+00
2.315999999999999837e+00
2.696000000000000174e+00
2.431999999999999940e+00
2.330000000000000071e+00
2.455999999999999961e+00
2.259999999999999787e+00
2.205000000000000071e+00
