4.036356635278703364e-01
8.769933602804811379e-01
-1.170929481992006166e-01
1.584818566148911811e+00
-1.902913983434497691e+00
2.517960543429680342e-01
5.250508054321845197e-01
6.674718033911282433e-02
4.473883066441542433e-01
-2.340311503009306904e-01
1.147257148252563974e+00
1.191913682850931577e+00
4.073794804744367837e-01
-1.210271217522654458e-01
-6.092584050692543274e-01
-1.240238484808765751e+00
-4.016160879899703939e-01
2.632061473817473018e+00
-1.483354808156459592e+00
-1.146976621170912702e+00
-2.097277699666380557e-01
-6.228237965709403356e-01
1.396787398446867945e+00
-1.013180464361598254e+00
1.339008721507700450e+00
-2.804196263625476360e-01
1.415321225900378010e+00
-5.008024474328862663e-01
2.177063693470643546e+00
4.027106513049397707e-01
-1.565412689924082335e+00
-7.931264516330657210e-01
-2.215877454835410543e+00
4.371929987761775660e-01
9.917908386031147605e-02
-4.324518822999752765e-01
1.946370915563180315e+00
9.451696933858516614e-01
-1.434684988312627807e+00
1.851499766824227233e+00
-1.385370354667567083e+00
-2.122980609182840983e-01
-2.320773704957640238e+00
6.857545107803331152e-02
-1.597468503332360179e-01
4.321443561529704769e-01
1.790874174534657248e+00
3.340039379501089201e+00
-1.152690195840119225e+00
-9.327038012554300650e-01
-1.288659418617898345e+00
1.279178293320069715e+00
-8.776223551092177111e-01
6.911314747872887576e-01
7.694324515181274471e-01
-7.226652466959490040e-01
3.577793344768952277e+00
4.508202851501730973e-02
1.219044289229794353e+00
-6.411330102358573368e-01
6.006558758389327624e-01
-1.530607866502630560e-02
1.293218779774324423e-01
-4.046564238265247804e-01
1.430059975298878072e+00
1.229600939848819463e+00
-5.071347776195561652e-01
1.769253020172467383e-01
-1.322656025385628542e+00
6.643589677899742751e-01
4.270459176264919110e-01
1.956354895244755587e+00
-2.502826384320975706e+00
-3.899342063926721225e-01
-1.176976335196777246e+00
2.249165867798306184e-01
5.635121331029560032e-01
-1.235498640533435388e+00
1.376860940405623124e+00
2.236141487794995442e+00
5.273471559137937748e-01
9.221009617402254888e-01
4.069042192647986944e-01
-2.219127904758437519e-01
1.524632693420103491e-01
-1.527148217396602448e+00
-4.452599536311141470e-01
-1.238776221929012378e+00
1.067280411510662663e+00
-1.889852146782618758e-01
1.676005003917973468e+00
3.025763542453035471e-01
-8.052692090143230841e-01
1.691447392886389900e-01
6.168613309477868345e-01
2.148014388345815817e-01
-9.840204883290047944e-01
-2.880891600361675242e-01
1.268153308417339531e+00
-1.349963099927271371e+00
1.001925733165869969e+00
-7.100910562182839447e-01
3.013952443668139747e-01
-6.263954377501761150e-02
-4.216892101326860098e-01
1.724483208800365208e+00
-2.325055649042093719e-01
-1.159899499272110113e+00
2.808318168675060789e-01
-1.485962350515235564e-01
5.028613443269874805e-01
-1.535468840586456496e+00
-1.462338305090216339e+00
1.787110903476448520e+00
6.831493305274951577e-01
2.331583167191480399e+00
1.416509265776976778e-01
-1.580275200966578586e+00
1.461747194891161561e+00
-7.407137526841890418e-01
-1.657996585455688565e-01
7.893198771089823262e-01
7.949639307842411018e-01
8.232267249369010775e-01
9.590482348338165153e-01
-1.002733880114960119e+00
3.880288249247327292e-01
1.050982735468955376e+00
1.874416452582450265e+00
-4.850958457384894063e-01
1.453050085626092836e+00
7.790771472137163478e-01
2.304723542719464002e-01
-6.499944234484537064e-01
1.139991648744942410e+00
8.233226374844131445e-01
1.168060228388163813e+00
4.196404901192595238e-01
-1.401666254392115674e+00
-1.969326547710086861e-01
-6.937110078208795771e-01
-1.507395767813068943e+00
-2.428841140103409568e+00
-1.430500135677810758e-01
-1.532942442142299022e+00
-1.931995466196536837e+00
-8.328412427727743816e-01
5.767671986762260561e-01
-1.847888998261278282e+00
-4.802254490135509646e-01
-6.219965972311894964e-01
5.741811792687588900e-01
-1.167793142120928440e+00
3.243074965771990392e-01
-7.776937875542151435e-01
4.149623708824218826e-01
9.375304808216315677e-02
-9.804056170466209919e-01
8.347005545747827882e-02
1.842466277350981008e+00
2.909011549115942952e+00
1.943590646411698653e-01
-1.342763040979078282e+00
2.574119297435974452e-01
7.176936977695137498e-01
2.907006497916797549e-01
-1.937583023863425735e+00
2.270750777732522263e-01
1.078579978037952802e+00
-1.336574705516888395e+00
2.470366008769451227e-01
2.301514823275596644e+00
1.561422484642446706e+00
-2.626580964771636495e-01
-1.205135705919811340e+00
-1.455368595444483937e+00
-1.129746876599203809e+00
6.736805959595765225e-01
1.025205048349079773e+00
-3.120991142129696527e+00
5.986992623700392313e-01
9.975377061674525203e-01
2.405528580970043573e-01
1.877388620620023207e+00
-3.127252736415120794e-03
8.501234350035561382e-01
-1.886768092282306020e+00
-2.982797530182160761e-01
1.825356522005894933e+00
2.411316979121780779e+00
1.267830642208028324e+00
1.874965215379526540e-01
3.453302054838906093e-02
3.617665518643207179e-01
1.789413278325010959e+00
-2.228042849566097772e+00
-4.568113915650409140e-01
7.463561486198942996e-01
-9.682073422299972143e-02
1.401175080250242067e+00
-7.365128184654541610e-02
-7.883315644058978000e-01
-6.502453039546064739e-02
-1.522688942544910384e+00
-4.744924490723661514e-01
1.399980539677824487e-01
-4.599980986182224396e-01
2.395035394555648622e+00
1.108734315136497894e+00
1.460205206367794828e+00
6.648305174179733879e-01
6.252716303926967312e-01
-1.387357793176288379e+00
2.846329085660229907e+00
7.349577101147365399e-01
3.199415170083884097e-01
1.115419840882616587e+00
4.295579867819446784e-01
1.578275708405922018e+00
-8.761088493560188484e-01
8.365776807641810420e-01
8.859765391880132512e-02
3.444247744832685809e-01
-1.227878016865091348e+00
-4.708563614879205383e-01
1.552256035200312578e-01
-5.817714604068512374e-01
9.847101745751693502e-02
3.726577982516252052e-01
6.285548393044874116e-01
-4.885196953518528701e-02
3.136485711376790775e+00
4.413101038769988715e-01
-1.319117874481725128e+00
4.605411530517485308e-01
-3.018007237336297055e-01
-5.199634529731956833e-01
-8.609004322632376471e-01
9.435788983221871096e-01
-6.663891610658853049e-01
5.929995487056419212e-02
8.751215682173041355e-01
-6.792770252760086391e-01
-1.646169400423824480e-01
1.676476013247024666e-01
9.619545272408497327e-01
-6.864511372328518934e-01
3.349415629877239842e-01
1.093170043851512674e-01
9.106032727989009368e-02
-3.676805571449413446e+00
1.083040909355450498e+00
1.859836153616247489e-01
5.451288436579614372e-01
7.470448040328483419e-01
-5.684234345451020243e-01
1.695900657943273937e-01
-1.311597854718526968e+00
-2.219464899654168377e+00
2.933949124964111976e-01
7.670697975715062844e-01
6.816858020347841274e-01
1.340701287849988210e+00
-2.220315542614302584e-01
5.181453972900214033e-01
-1.106511578779622473e+00
5.537198153681714974e-01
-7.628433311969377018e-01
-3.451868427006871132e-02
1.364057537055642033e+00
9.433402143427684905e-01
2.098495970431554003e+00
-1.595181328370551821e+00
5.200968812852087286e-02
2.092582287033301292e+00
1.208868955921975852e+00
1.998798468779993398e-01
4.339264459078103764e-01
1.100988351191251269e+00
9.617189883766819047e-01
-5.685095375180313493e-01
-1.051398708001855420e+00
9.909080800056077054e-01
-2.063392644623531502e-01
6.359673560435057382e-01
1.480139283709927811e-01
6.549528242494087049e-01
-4.231295807956712146e-02
-2.266279923226810045e+00
1.078427463996826541e+00
7.561849199624154361e-01
-6.181113730512721033e-02
-2.698918242734099415e+00
7.119568932643320913e-01
7.940840619109305054e-01
1.148366911542201718e+00
-2.120490431947863463e-01
1.729829654267243333e+00
1.174813867149729907e+00
6.940908166107745414e-01
-9.741332309116291777e-01
2.060039969406975147e-01
-1.254846903602222286e+00
-5.182206907800989804e+00
-7.284674451237821424e-01
-1.155708413461559170e-01
5.900839385928070557e-01
1.407135777225346773e-01
-7.316750211876631160e-02
-1.995507997611031641e-03
-1.635818710301234713e+00
1.442636757508828804e+00
-6.301155158602337325e-01
1.445975302276754082e-01
-5.479796811691795000e-02
7.535353032055167599e-01
-4.387227035221620830e-01
1.195926931077406774e+00
3.215249250928171043e-01
1.325723105575846050e+00
8.756961100023921141e-01
-4.031698874499747842e-01
1.508004890792482566e-01
-3.622883032415622484e-01
-2.975706889715473147e-01
6.515568794893500382e-01
1.317877037063121870e+00
5.492051926565502118e-01
-1.265566648823414908e-01
-5.898898245893182679e-01
1.072265324120056817e+00
-1.464664158671743710e+00
1.206769777702123986e-01
-4.582935640514162468e-01
8.833029194592990907e-02
-9.375177036438501199e-01
-2.511128432944879640e-01
-1.451493881654923213e+00
4.833679252513431446e-01
-5.122009573646055802e-01
-5.109053006714012746e-01
1.710872350081357851e+00
3.340653069646948858e-01
-9.506996236175650761e-02
2.597891889027556609e-03
-1.633927692613318827e+00
-9.508875037876863834e-01
1.536910419711409737e-01
-4.791675590301550658e-01
5.084579190444135088e-01
2.553303907506929149e-01
-1.339131363033611910e+00
-1.134062653767012457e-01
-1.335869159985116683e+00
1.782506159785762767e+00
9.339632017303131639e-03
3.543279298174914320e-04
4.786957798778652129e-01
-6.929684682648888927e-01
1.878651758883817247e-01
7.401516009183166656e-01
-9.611074199394150641e-01
4.055014978814897031e-01
-4.885418208359292858e-01
7.669975682218561630e-01
-2.655020915876326604e-01
1.539465316865392119e-01
2.369167689731764614e+00
-5.140131544639406691e+00
-5.416287860798745246e-01
9.059927934130991289e-01
2.744344826951278238e-01
-4.163811782405368173e-02
4.237213781772833365e-01
6.706948274549658917e-01
-1.862951374635753554e+00
5.721327979482498244e-02
-3.986036655432829701e-01
-2.464619161570247019e-01
4.683789968557496297e-01
1.160638522552670526e+00
4.089408568765863450e+00
-4.275712938223971138e-01
1.815415415262058740e+00
3.213055758573093446e-01
-2.259644894954512484e+00
-5.512161585461674562e-01
1.602498405653952407e+00
9.343492563632880277e-01
6.005505800534171046e-01
3.510176194510691849e-01
-1.132958622683675198e+00
-1.753006587845231223e+00
7.804133524065609562e-02
6.965536419948370472e-01
-4.872850876383268415e-01
9.419063695017696469e-01
-2.604999434497096811e+00
4.909791796883378190e-01
3.453769458992289598e-01
-6.922865350499989301e-01
-6.058755016213596134e-01
-5.365994727206686854e-02
-6.856674746746782567e-01
-6.477047729900848871e-01
5.760037451981235845e-01
2.862812169939771834e-01
8.653120776853659435e-02
-1.348690544690883897e+00
-4.638242720729143787e-01
6.494805687957265761e-01
1.313486512568640574e+00
-7.607050230537201196e-01
-1.518517269774705136e-01
8.174069925365307077e-01
7.690229915718675979e-01
-9.682283118237614561e-01
1.707331497357440941e+00
1.881351733292067507e+00
-2.869020954595354223e+00
6.174754053589626146e-02
1.330330354497999190e+00
1.214029222796279839e-02
-8.677394941875771206e-01
3.781688602143560729e+00
-1.447248952790754828e+00
-1.160925105701539062e+00
6.918312492405137570e-01
2.439934164966457431e-01
-1.155932906425747170e-01
-1.527410064129859357e+00
8.895914540796799608e-02
7.041650445967034821e-01
-8.088445077853175791e-01
-5.343593297970605782e-01
4.424986781336216063e-02
