3.339999999999999858e+00
3.423999999999999932e+00
3.565999999999999837e+00
2.987999999999999989e+00
2.383000000000000007e+00
3.278999999999999915e+00
3.467000000000000082e+00
3.527000000000000135e+00
3.529999999999999805e+00
3.255999999999999783e+00
3.201000000000000068e+00
3.463000000000000078e+00
3.669000000000000039e+00
3.568999999999999950e+00
2.753000000000000114e+00
3.361000000000000210e+00
3.749000000000000110e+00
3.630999999999999783e+00
3.403999999999999915e+00
3.210999999999999854e+00
2.952999999999999847e+00
3.424999999999999822e+00
3.690999999999999837e+00
3.487999999999999989e+00
3.137000000000000011e+00
3.681999999999999940e+00
3.436999999999999833e+00
3.664000000000000146e+00
3.846999999999999975e+00
3.636000000000000121e+00
2.697999999999999954e+00
3.149999999999999911e+00
3.337000000000000188e+00
3.636000000000000121e+00
3.517999999999999794e+00
3.404999999999999805e+00
3.569999999999999840e+00
3.769000000000000128e+00
2.745000000000000107e+00
3.507000000000000117e+00
3.400999999999999801e+00
3.119000000000000217e+00
3.173000000000000043e+00
3.517999999999999794e+00
3.611000000000000210e+00
3.681000000000000050e+00
3.680000000000000160e+00
3.603000000000000203e+00
3.318000000000000060e+00
3.073999999999999844e+00
3.032000000000000028e+00
3.500000000000000000e+00
3.612999999999999989e+00
3.392999999999999794e+00
3.462000000000000188e+00
3.017999999999999794e+00
3.575000000000000178e+00
3.237000000000000099e+00
3.607000000000000206e+00
3.314999999999999947e+00
3.209000000000000075e+00
3.544000000000000039e+00
3.544000000000000039e+00
3.287999999999999812e+00
3.778999999999999915e+00
2.975000000000000089e+00
3.681999999999999940e+00
3.484999999999999876e+00
3.662999999999999812e+00
3.744000000000000217e+00
3.079000000000000181e+00
3.456999999999999851e+00
3.794999999999999929e+00
3.258999999999999897e+00
3.092000000000000082e+00
3.426000000000000156e+00
3.468999999999999861e+00
3.491000000000000103e+00
3.777000000000000135e+00
3.452999999999999847e+00
2.995000000000000107e+00
3.536999999999999922e+00
3.483999999999999986e+00
3.512000000000000011e+00
3.519000000000000128e+00
3.311999999999999833e+00
2.556999999999999940e+00
3.498000000000000220e+00
3.241000000000000103e+00
4.062000000000000277e+00
3.705000000000000071e+00
3.382000000000000117e+00
3.331999999999999851e+00
2.870000000000000107e+00
3.609999999999999876e+00
3.025999999999999801e+00
3.232000000000000206e+00
2.938000000000000167e+00
3.633999999999999897e+00
3.559000000000000163e+00
3.290000000000000036e+00
3.454000000000000181e+00
3.220000000000000195e+00
3.177000000000000046e+00
3.494000000000000217e+00
3.331999999999999851e+00
3.283999999999999808e+00
2.948999999999999844e+00
3.246999999999999886e+00
3.181000000000000050e+00
3.761000000000000121e+00
3.248000000000000220e+00
3.228000000000000203e+00
3.410000000000000142e+00
2.944999999999999840e+00
3.365000000000000213e+00
3.556999999999999940e+00
3.455000000000000071e+00
3.395000000000000018e+00
3.500999999999999890e+00
3.455000000000000071e+00
3.617999999999999883e+00
3.486000000000000210e+00
3.729000000000000092e+00
3.646999999999999797e+00
3.045999999999999819e+00
3.093999999999999861e+00
3.677999999999999936e+00
3.398000000000000131e+00
3.322000000000000064e+00
3.214999999999999858e+00
3.339999999999999858e+00
3.375999999999999890e+00
3.638999999999999790e+00
3.213000000000000078e+00
3.604999999999999982e+00
3.161999999999999922e+00
3.161999999999999922e+00
3.073999999999999844e+00
3.061999999999999833e+00
3.439000000000000057e+00
3.843999999999999861e+00
2.722999999999999865e+00
3.434000000000000163e+00
3.367999999999999883e+00
2.383000000000000007e+00
2.988999999999999879e+00
3.343999999999999861e+00
3.193000000000000060e+00
3.251999999999999780e+00
3.688000000000000167e+00
3.450000000000000178e+00
3.565999999999999837e+00
3.698999999999999844e+00
3.668000000000000149e+00
3.088999999999999968e+00
3.137000000000000011e+00
3.365000000000000213e+00
3.648000000000000131e+00
2.817000000000000171e+00
3.282000000000000028e+00
3.263999999999999790e+00
2.843999999999999861e+00
3.556000000000000050e+00
3.394000000000000128e+00
3.698999999999999844e+00
3.213000000000000078e+00
3.186999999999999833e+00
3.447999999999999954e+00
3.357000000000000206e+00
3.366999999999999993e+00
3.528999999999999915e+00
3.858000000000000096e+00
3.259999999999999787e+00
3.702999999999999847e+00
3.020999999999999908e+00
3.329000000000000181e+00
3.693000000000000060e+00
3.241000000000000103e+00
3.109999999999999876e+00
3.129000000000000004e+00
3.528999999999999915e+00
3.681999999999999940e+00
3.355999999999999872e+00
2.887000000000000011e+00
3.322000000000000064e+00
3.257000000000000117e+00
3.407999999999999918e+00
3.680000000000000160e+00
3.520000000000000018e+00
3.583000000000000185e+00
3.321000000000000174e+00
3.442000000000000171e+00
3.374000000000000110e+00
3.369000000000000217e+00
3.386000000000000121e+00
3.258000000000000007e+00
2.858000000000000096e+00
3.625999999999999890e+00
3.331999999999999851e+00
3.471000000000000085e+00
3.814999999999999947e+00
3.152000000000000135e+00
3.071000000000000174e+00
3.023000000000000131e+00
3.470000000000000195e+00
3.439000000000000057e+00
3.685999999999999943e+00
3.718999999999999861e+00
3.071000000000000174e+00
3.266999999999999904e+00
3.474000000000000199e+00
3.782000000000000028e+00
2.781000000000000139e+00
3.435999999999999943e+00
3.230999999999999872e+00
3.333000000000000185e+00
3.342000000000000082e+00
3.398000000000000131e+00
3.362999999999999989e+00
3.646999999999999797e+00
3.564999999999999947e+00
3.121999999999999886e+00
3.507000000000000117e+00
3.313000000000000167e+00
3.527000000000000135e+00
3.505999999999999783e+00
2.934000000000000163e+00
3.097999999999999865e+00
3.557999999999999829e+00
3.642999999999999794e+00
3.289000000000000146e+00
3.529999999999999805e+00
3.463000000000000078e+00
3.172000000000000153e+00
3.407999999999999918e+00
3.282000000000000028e+00
2.968999999999999861e+00
3.371999999999999886e+00
3.801000000000000156e+00
3.420999999999999819e+00
3.354999999999999982e+00
3.491000000000000103e+00
3.862000000000000099e+00
3.024000000000000021e+00
3.224000000000000199e+00
3.378000000000000114e+00
3.150999999999999801e+00
3.245999999999999996e+00
3.795999999999999819e+00
2.939000000000000057e+00
3.604000000000000092e+00
3.587000000000000188e+00
3.637999999999999901e+00
3.737000000000000099e+00
3.361000000000000210e+00
3.357000000000000206e+00
2.843999999999999861e+00
3.798000000000000043e+00
3.649000000000000021e+00
3.435999999999999943e+00
3.415999999999999925e+00
3.047000000000000153e+00
3.290999999999999925e+00
3.270999999999999908e+00
3.478000000000000203e+00
3.225000000000000089e+00
3.814999999999999947e+00
3.459000000000000075e+00
3.690999999999999837e+00
3.487999999999999989e+00
3.085999999999999854e+00
3.774999999999999911e+00
3.879999999999999893e+00
4.076999999999999957e+00
3.326999999999999957e+00
3.520000000000000018e+00
3.677000000000000046e+00
3.543000000000000149e+00
3.334999999999999964e+00
3.383999999999999897e+00
3.665000000000000036e+00
3.331999999999999851e+00
3.321000000000000174e+00
3.234999999999999876e+00
3.509999999999999787e+00
3.282000000000000028e+00
3.229999999999999982e+00
3.350000000000000089e+00
3.620000000000000107e+00
2.870000000000000107e+00
3.016000000000000014e+00
3.028999999999999915e+00
3.737000000000000099e+00
2.738999999999999879e+00
3.712000000000000188e+00
3.234999999999999876e+00
3.626999999999999780e+00
3.044999999999999929e+00
3.532999999999999918e+00
3.600999999999999979e+00
3.178999999999999826e+00
3.081999999999999851e+00
3.253000000000000114e+00
3.386000000000000121e+00
3.617999999999999883e+00
3.446000000000000174e+00
3.399999999999999911e+00
3.483000000000000096e+00
3.053999999999999826e+00
3.378000000000000114e+00
3.850999999999999979e+00
3.500000000000000000e+00
3.876999999999999780e+00
3.338000000000000078e+00
3.454000000000000181e+00
3.245000000000000107e+00
2.935000000000000053e+00
2.960999999999999854e+00
3.165999999999999925e+00
3.537999999999999812e+00
3.415000000000000036e+00
3.446000000000000174e+00
3.729999999999999982e+00
3.432999999999999829e+00
3.271999999999999797e+00
3.402000000000000135e+00
3.568999999999999950e+00
3.553999999999999826e+00
3.124000000000000110e+00
3.238999999999999879e+00
3.282000000000000028e+00
3.302999999999999936e+00
3.233999999999999986e+00
3.498000000000000220e+00
3.460999999999999854e+00
3.902000000000000135e+00
3.431000000000000050e+00
3.210999999999999854e+00
3.508999999999999897e+00
3.948999999999999844e+00
3.705000000000000071e+00
2.826000000000000068e+00
3.326000000000000068e+00
3.734999999999999876e+00
3.774999999999999911e+00
3.603000000000000203e+00
3.728000000000000203e+00
2.831999999999999851e+00
3.040999999999999925e+00
3.447000000000000064e+00
3.509999999999999787e+00
3.823999999999999844e+00
3.528999999999999915e+00
2.845000000000000195e+00
3.537999999999999812e+00
3.548000000000000043e+00
3.399000000000000021e+00
3.008000000000000007e+00
3.111000000000000210e+00
3.392999999999999794e+00
3.357000000000000206e+00
3.338999999999999968e+00
3.322999999999999954e+00
2.976999999999999869e+00
3.206999999999999851e+00
3.386000000000000121e+00
3.633000000000000007e+00
3.253000000000000114e+00
3.311999999999999833e+00
3.108000000000000096e+00
3.293000000000000149e+00
3.365000000000000213e+00
3.472999999999999865e+00
3.645999999999999908e+00
3.455000000000000071e+00
3.737000000000000099e+00
3.307999999999999829e+00
3.125000000000000000e+00
3.761000000000000121e+00
3.821000000000000174e+00
3.166999999999999815e+00
3.115000000000000213e+00
3.225000000000000089e+00
2.863999999999999879e+00
3.129000000000000004e+00
3.500999999999999890e+00
3.402000000000000135e+00
3.325000000000000178e+00
3.487000000000000099e+00
3.134999999999999787e+00
3.314000000000000057e+00
3.350999999999999979e+00
2.818000000000000060e+00
3.428999999999999826e+00
3.476999999999999869e+00
3.246999999999999886e+00
3.160000000000000142e+00
3.475000000000000089e+00
3.883000000000000007e+00
3.263999999999999790e+00
3.383999999999999897e+00
3.293000000000000149e+00
3.680000000000000160e+00
3.378000000000000114e+00
3.136000000000000121e+00
3.523000000000000131e+00
3.137000000000000011e+00
3.435999999999999943e+00
3.487000000000000099e+00
2.908999999999999808e+00
2.983000000000000096e+00
3.644000000000000128e+00
3.557999999999999829e+00
3.281000000000000139e+00
3.690999999999999837e+00
3.847999999999999865e+00
3.626999999999999780e+00
3.416999999999999815e+00
3.216000000000000192e+00
3.557999999999999829e+00
3.544000000000000039e+00
3.778999999999999915e+00
2.681000000000000050e+00
3.778000000000000025e+00
3.549999999999999822e+00
3.512000000000000011e+00
3.682999999999999829e+00
3.523000000000000131e+00
3.713999999999999968e+00
3.568000000000000060e+00
3.048000000000000043e+00
3.423000000000000043e+00
3.198999999999999844e+00
3.484999999999999876e+00
2.972999999999999865e+00
