3.696000000000000174e+00
3.084999999999999964e+00
3.435000000000000053e+00
3.463000000000000078e+00
3.384999999999999787e+00
3.129000000000000004e+00
3.539000000000000146e+00
3.454000000000000181e+00
3.608999999999999986e+00
3.516999999999999904e+00
3.009999999999999787e+00
3.553999999999999826e+00
3.093999999999999861e+00
3.311999999999999833e+00
3.544000000000000039e+00
3.440999999999999837e+00
3.496999999999999886e+00
3.367999999999999883e+00
3.644000000000000128e+00
3.704000000000000181e+00
3.549999999999999822e+00
2.894000000000000128e+00
3.666999999999999815e+00
3.478000000000000203e+00
3.435000000000000053e+00
3.748000000000000220e+00
4.121999999999999886e+00
2.895999999999999908e+00
3.440999999999999837e+00
3.766000000000000014e+00
3.626999999999999780e+00
3.561999999999999833e+00
4.121999999999999886e+00
3.101999999999999869e+00
3.775999999999999801e+00
3.241000000000000103e+00
3.334000000000000075e+00
3.673999999999999932e+00
3.468999999999999861e+00
3.684000000000000163e+00
3.545999999999999819e+00
3.129000000000000004e+00
3.617999999999999883e+00
3.616999999999999993e+00
3.543000000000000149e+00
3.322000000000000064e+00
3.125999999999999890e+00
2.842999999999999972e+00
3.399000000000000021e+00
3.325000000000000178e+00
3.145999999999999908e+00
3.454000000000000181e+00
3.803999999999999826e+00
3.177000000000000046e+00
3.690999999999999837e+00
3.740000000000000213e+00
3.241999999999999993e+00
3.705000000000000071e+00
3.857000000000000206e+00
3.306999999999999940e+00
3.299999999999999822e+00
3.263999999999999790e+00
3.081999999999999851e+00
3.257000000000000117e+00
3.001999999999999780e+00
3.693999999999999950e+00
3.357000000000000206e+00
2.987000000000000099e+00
3.496999999999999886e+00
3.173000000000000043e+00
3.588999999999999968e+00
3.072999999999999954e+00
3.729000000000000092e+00
3.266000000000000014e+00
3.729000000000000092e+00
3.652000000000000135e+00
3.129999999999999893e+00
2.846000000000000085e+00
3.278000000000000025e+00
3.467999999999999972e+00
3.681999999999999940e+00
3.366999999999999993e+00
3.451000000000000068e+00
3.479999999999999982e+00
3.446000000000000174e+00
3.664000000000000146e+00
3.468999999999999861e+00
3.847999999999999865e+00
3.299999999999999822e+00
3.450000000000000178e+00
3.898000000000000131e+00
3.508999999999999897e+00
3.306000000000000050e+00
3.181999999999999940e+00
3.335999999999999854e+00
3.705999999999999961e+00
3.443000000000000060e+00
3.242999999999999883e+00
3.399000000000000021e+00
3.642999999999999794e+00
3.879999999999999893e+00
3.383999999999999897e+00
3.435999999999999943e+00
3.525999999999999801e+00
3.387000000000000011e+00
3.745999999999999996e+00
3.495000000000000107e+00
3.569999999999999840e+00
3.000999999999999890e+00
3.201999999999999957e+00
