1.040186044096011564e+01
1.000220905897061208e+01
1.039003397824852648e+01
1.001467488182898613e+01
1.067902550283398888e+01
9.963536904088977408e+00
1.017706942740844944e+01
1.053550646535301283e+01
1.027756076379160177e+01
9.892341644184996952e+00
9.334808623963729346e+00
1.000220905897061208e+01
1.018629351693198259e+01
1.072327094634933431e+01
1.068956569658058520e+01
1.067306832279381545e+01
1.066922004032733717e+01
9.149110049010252155e+00
1.016105160556372766e+01
9.731506090734185932e+00
9.841639939315548702e+00
9.149110049010252155e+00
1.067155631724452292e+01
9.259638898063993651e+00
9.588262222088207665e+00
1.066006427221138075e+01
1.010946781628800650e+01
1.041516247903091674e+01
1.064322447439153052e+01
1.039003397824852648e+01
9.552555263975246902e+00
1.014238406733236175e+01
9.963536904088977408e+00
1.047646013440734869e+01
1.046924237798083723e+01
9.334808623963729346e+00
1.016105160556372766e+01
1.060716015035153603e+01
1.059851758147383372e+01
1.026710195801282310e+01
1.034354615905911245e+01
9.925257895229352201e+00
9.731506090734185932e+00
1.039003397824852648e+01
1.068513083846507961e+01
1.048191003201884008e+01
1.060716015035153603e+01
1.014238406733236175e+01
1.024795552449733727e+01
1.010946781628800650e+01
9.963536904088977408e+00
9.925257895229352201e+00
1.040979082241558906e+01
1.043910996887871256e+01
1.024795552449733727e+01
1.017706942740844944e+01
9.276819234513627777e+00
1.033216913545337867e+01
9.588262222088207665e+00
1.076335147313798046e+01
1.066253829312252321e+01
1.041339225124119849e+01
1.069087716274144206e+01
9.476765070167001426e+00
9.358888296208450086e+00
9.295486772744995463e+00
1.076544968822082815e+01
1.010609352556584284e+01
1.021933523107362163e+01
1.027756076379160177e+01
9.892341644184996952e+00
9.943925433460719887e+00
1.078624281958432185e+01
1.053541364200771824e+01
1.055975054264371771e+01
1.061286049637306483e+01
1.063228865113392452e+01
1.051646850387391829e+01
9.358888296208450086e+00
1.038286801027784634e+01
9.588262222088207665e+00
1.036340065441520686e+01
1.044420979067244915e+01
1.009650343939788542e+01
1.025232002460886171e+01
1.067902550283398888e+01
1.041516247903091674e+01
1.020486064956423355e+01
1.071449630601243186e+01
1.050908854188639907e+01
1.043910996887871256e+01
9.839099218475716668e+00
1.060990109575842766e+01
9.216323966836636572e+00
1.060413292173288191e+01
9.603184234996140489e+00
9.892341644184996952e+00
9.963536904088977408e+00
1.018982559511604435e+01
1.055127587868545014e+01
9.925257895229352201e+00
9.993824884441341538e+00
1.018117876913035857e+01
1.064030838800256618e+01
1.057883726880994679e+01
1.032667944948876659e+01
1.016105160556372766e+01
1.013914784171366534e+01
9.353770398254887652e+00
9.963536904088977408e+00
1.047646013440734869e+01
1.044556817609324995e+01
9.908077558779718075e+00
1.053605764314440840e+01
9.925257895229352201e+00
1.058974039909390541e+01
9.315098243373252984e+00
1.027756076379160177e+01
9.813384540792744914e+00
1.055196272759581255e+01
1.041001238236586346e+01
1.058082775569549483e+01
9.243902983469272527e+00
1.068668968022352850e+01
1.064447307191049852e+01
1.045838683701694904e+01
9.708608306313843528e+00
1.031255766482512115e+01
9.925257895229352201e+00
1.060716015035153603e+01
1.004860060731862070e+01
1.047961177835609092e+01
1.060793694330082637e+01
9.963536904088977408e+00
1.005876611141855648e+01
1.017308444765849806e+01
9.963536904088977408e+00
9.588262222088207665e+00
1.028683761414318276e+01
9.943925433460719887e+00
1.038656635662098537e+01
1.081887452456538057e+01
9.183035774499888504e+00
1.042631237317959680e+01
1.072375073033247084e+01
1.059851758147383372e+01
9.386058062893132714e+00
1.065450029986087976e+01
1.026438335315075356e+01
1.049468693589460955e+01
1.030493061500582286e+01
1.020037345678246155e+01
1.058052682087832608e+01
1.070067961962978309e+01
1.015667911820328762e+01
9.555900843371333053e+00
9.634963762594194847e+00
1.067999707263978237e+01
1.016768819716748418e+01
1.014238406733236175e+01
1.018066307619198696e+01
9.877940038193209205e+00
1.035465263165932726e+01
9.334808623963729346e+00
1.020037345678246155e+01
1.062404483766532337e+01
1.076081788883420565e+01
1.046944619671187127e+01
1.050908854188639907e+01
1.052482445648111842e+01
9.743356261674978924e+00
1.039854278114026975e+01
1.014238406733236175e+01
1.012520373088272585e+01
1.044679006398977883e+01
9.743356261674978924e+00
1.077737694317528039e+01
1.054108832474692825e+01
1.062404483766532337e+01
1.059851758147383372e+01
1.045443014514151514e+01
1.023852596697911466e+01
1.066396014579918905e+01
9.334808623963729346e+00
9.551934796066737121e+00
9.822092673458673318e+00
1.036315762968736998e+01
9.993824884441341538e+00
1.069358630651035824e+01
1.006982547111347870e+01
1.039119147777489438e+01
9.908077558779718075e+00
1.079442010212732939e+01
9.315098243373252984e+00
9.204260638294744723e+00
1.056259269577817328e+01
9.813227286886677447e+00
9.386058062893132714e+00
1.038286801027784634e+01
9.908077558779718075e+00
1.038321526663268202e+01
1.054380562159177437e+01
1.048999875763684209e+01
1.040162311897987735e+01
1.023722609333566069e+01
1.071965461103175521e+01
9.461029155572282079e+00
9.908077558779718075e+00
9.588262222088207665e+00
9.963536904088977408e+00
1.040083596590215542e+01
9.983247284679453770e+00
1.076440119061022571e+01
9.149110049010252155e+00
1.039854278114026975e+01
9.852089934697202622e+00
1.016105160556372766e+01
1.081290475515947413e+01
1.037261422699089586e+01
1.066346426924090807e+01
1.050908854188639907e+01
1.044058090663027194e+01
9.599189099286743243e+00
1.037625714071289451e+01
9.908077558779718075e+00
1.015596530186901170e+01
1.016105160556372766e+01
9.552555263975246902e+00
9.334808623963729346e+00
1.018066307619198696e+01
1.027756076379160177e+01
9.831474435215612928e+00
1.012520373088272585e+01
1.012520373088272585e+01
1.032426521709596479e+01
1.023983742189656709e+01
1.044898669083585041e+01
9.963536904088977408e+00
9.371136049985199890e+00
1.034354615905911245e+01
1.018893291158667225e+01
9.570896570357897204e+00
1.046944619671187127e+01
1.026866816219314416e+01
9.708608306313843528e+00
1.020037345678246155e+01
1.058974039909390541e+01
9.925257895229352201e+00
9.983247284679453770e+00
1.050083739041928332e+01
9.963536904088977408e+00
1.064202244511467832e+01
1.046944619671187127e+01
1.027756076379160177e+01
1.070764933695839005e+01
1.002574486013291910e+01
1.013422892245670859e+01
1.045443014514151514e+01
1.061276508410274388e+01
1.013844827409936222e+01
1.047646013440734869e+01
1.023670088280393209e+01
9.983247284679453770e+00
1.065278906747048815e+01
1.044822133291701327e+01
1.034600644353823995e+01
1.059851758147383372e+01
1.064838345527586405e+01
1.045922133520454089e+01
1.056259269577817328e+01
1.021027217067994997e+01
9.908077558779718075e+00
1.069358630651035824e+01
1.064365162933552078e+01
1.050908854188639907e+01
1.055721505150775741e+01
9.243902983469272527e+00
1.047211217528189131e+01
9.963536904088977408e+00
1.065623614098172034e+01
1.021791331589042784e+01
1.028683761414318276e+01
1.062751790990980005e+01
1.044565305389435572e+01
9.400161946602896279e+00
9.243902983469272527e+00
9.852089934697202622e+00
9.588262222088207665e+00
1.079200336438437624e+01
1.047810004765240777e+01
9.731506090734185932e+00
1.031449020672619454e+01
9.371136049985199890e+00
1.063228865113392452e+01
9.596101114783667896e+00
9.864762627552360996e+00
1.043883957116007544e+01
1.042327506906234369e+01
1.015811286524831303e+01
9.925257895229352201e+00
1.050470617541842877e+01
9.446627549580492555e+00
1.030119082599482638e+01
1.062404483766532337e+01
1.040468221927262782e+01
1.021240901054727246e+01
1.036315762968736998e+01
9.925257895229352201e+00
1.020713367476546196e+01
9.672471816528915411e+00
1.058082775569549483e+01
1.046788537279334008e+01
1.044556817609324995e+01
9.908077558779718075e+00
1.058990563304617893e+01
9.315098243373252984e+00
1.068277101917726135e+01
9.743356261674978924e+00
9.512612944848003238e+00
9.476765070167001426e+00
1.012520373088272585e+01
9.925257895229352201e+00
1.078215970420218284e+01
1.034354615905911245e+01
1.032487862082774477e+01
9.164945880077020490e+00
1.025232002460886171e+01
1.029210395573763748e+01
1.046944619671187127e+01
9.943925433460719887e+00
1.014238406733236175e+01
1.026438335315075356e+01
9.512612944848003238e+00
9.334808623963729346e+00
1.046647730360683681e+01
9.708608306313843528e+00
1.021933523107362163e+01
1.046788537279334008e+01
1.034354615905911245e+01
9.295486772744995463e+00
1.067444135962197826e+01
1.050409520220516413e+01
9.461029155572282079e+00
9.925257895229352201e+00
1.065623614098172034e+01
1.058974039909390541e+01
9.555900843371333053e+00
9.276819234513627777e+00
9.797548709725976579e+00
9.551934796066737121e+00
9.149110049010252155e+00
1.073159729671269602e+01
1.078490876293506417e+01
9.852699299010469147e+00
1.080197093255464047e+01
9.831474435215612928e+00
1.079795385609569003e+01
1.062404483766532337e+01
1.048150952525376312e+01
9.864762627552360996e+00
1.052354747770520760e+01
9.852089934697202622e+00
9.892341644184996952e+00
1.044683397369617950e+01
9.366236221113261706e+00
1.042323104481369711e+01
1.017546128286459783e+01
9.433450138939646124e+00
1.071449630601243186e+01
1.062460144956291508e+01
9.193201278599824278e+00
9.570896570357897204e+00
9.925257895229352201e+00
9.315098243373252984e+00
1.014333332174857460e+01
1.077727663016167803e+01
1.079990216304835293e+01
9.983247284679453770e+00
1.013844827409936222e+01
1.039003397824852648e+01
1.071606901717257720e+01
9.963536904088977408e+00
9.960482433777988476e+00
1.054002111261478980e+01
9.243902983469272527e+00
9.371136049985199890e+00
9.353770398254887652e+00
9.831474435215612928e+00
9.943925433460719887e+00
1.035465263165932726e+01
9.120676952881455080e+00
1.024657226955761047e+01
9.243902983469272527e+00
9.963536904088977408e+00
1.033613041929486620e+01
1.041339225124119849e+01
1.064838345527586405e+01
9.908077558779718075e+00
1.056116390775594560e+01
1.039003397824852648e+01
1.019817113846524848e+01
1.064838345527586405e+01
9.983247284679453770e+00
1.054533798011338952e+01
1.069358630651035824e+01
1.009506621029621698e+01
1.074067364980821715e+01
1.032487862082774477e+01
1.012189756926873940e+01
1.040691866556231382e+01
9.570896570357897204e+00
9.353770398254887652e+00
1.045500472343734799e+01
1.066656489134399699e+01
1.020037345678246155e+01
1.044683397369617950e+01
1.069679633885823833e+01
1.032667944948876659e+01
1.018066307619198518e+01
9.603184234996140489e+00
1.037802654664508673e+01
9.433450138939646124e+00
1.058082775569549483e+01
9.514379918631176380e+00
1.066396014579918905e+01
1.039854278114026798e+01
1.025162289571186491e+01
1.048579433429615193e+01
1.067155631724452292e+01
1.060080340284001288e+01
1.074746859718508318e+01
1.005622539057872622e+01
1.036315762968736998e+01
9.334808623963729346e+00
1.075549157189711558e+01
1.023089659026453191e+01
