-8.839085685508132340e-01
1.187654159719401248e-01
2.878122581546955772e-01
-1.829035368777811588e+00
-5.077524297617362237e+00
-4.862459415319198008e-01
1.104083544292770586e-01
-6.945418206168167685e-02
1.663880071684083473e-01
-5.019664403851102907e-01
-6.001290337507204919e-02
2.957397461894546997e-01
1.116289417382348326e+00
-1.181140682788054674e-01
-4.322332599122571395e+00
-1.163438502592574197e+00
9.443193498113157114e-01
1.915986091512485112e+00
-1.655798187971856406e-01
-3.172424559055057602e-01
-1.769205443586893800e+00
1.059062188845355301e+00
5.170734338882996273e-01
1.196722033565302157e+00
-5.984377708652014460e-01
5.892570816904159070e-01
4.679217498459955354e-02
7.015120501417919652e-01
1.524291948986998158e+00
6.044354764357937615e-01
-1.568673717014987146e+00
-1.276896050685174311e+00
-2.264672294435814137e-01
5.008170586004245806e-01
-2.310922343217441943e-02
7.706158279460059157e-01
5.907519104914387142e-01
9.511174330273989286e-01
-3.516998223731098605e+00
1.898965134219249007e-01
-2.520652503155716428e-01
-1.148352740682800910e+00
-4.227667996303139386e-01
7.185565091039143593e-02
1.652031239736260759e-01
8.407244117265022521e-01
5.441503445758708590e-01
7.652668721750370828e-01
-7.234967031807640891e-01
-1.570397369833271162e+00
-1.575554420753380480e+00
5.581439918606105888e-01
5.732128024287246326e-01
-5.448755186124446537e-01
-9.555116702533204137e-03
-2.083270967797743012e+00
1.539683812594526247e+00
-1.233563886990654890e+00
1.327873553160918041e+00
-1.537869755252072146e+00
-1.951019112269960276e+00
1.796399465017678443e-01
-2.068799921565954436e-01
1.346105611509117450e-01
2.308616864583184825e+00
-9.165248170593977006e-01
4.372622097931618823e-01
2.954996054776486414e-01
9.483905391302374088e-01
7.863757256919361449e-01
-1.283559510735659659e+00
3.395965895902094411e-01
1.029612797609383401e+00
-1.504941492185001950e+00
-2.412311936916528676e+00
-7.296562577759860835e-01
-4.380628144553480596e-01
-2.244385201253155659e-01
2.300111023178057046e+00
-1.343823748046610866e-01
-1.162717116487892222e+00
2.114374410092260681e-01
-1.750217947228891180e-01
4.435939175682040436e-01
1.541618001638619395e-01
-1.190496352218574305e+00
-4.066144711892866859e+00
1.303526837830721041e-01
-1.544473475934306395e+00
1.551575791523267522e+00
8.596295176808541605e-01
8.026415434578854091e-02
-1.226425137861347769e+00
-1.239374129379344547e+00
2.765785479007624170e-01
-1.056827365783100658e+00
-6.087785989874351378e-01
-1.982637548769867308e+00
9.337984053257067929e-01
7.035693062727664537e-02
-3.903782822879545145e-01
1.662720536114002945e-01
-1.114171059145101728e+00
-2.086404471020560702e+00
-3.153323337412766714e-01
-6.799320005652071952e-01
-7.049452879014909135e-01
-2.360549806447380217e+00
1.047721353697219637e-01
-9.217760511278989544e-01
1.071107704718988307e+00
-1.331781646972681310e+00
-6.457587094105948777e-01
-7.044875479701978582e-01
-1.905755400785367204e+00
-8.495342507273782040e-01
1.422055557139298321e+00
-4.807315079322123375e-02
2.180228413566231982e-01
-2.388404564661336105e-01
-2.816084686223890299e-01
2.940810382841007042e-01
1.205899996061280621e+00
8.089688809805396508e-01
4.202203944860091744e-01
-1.328837029872910858e+00
-6.232930688334646918e-01
9.928747207651663631e-01
9.505188763150229647e-02
-1.060292780626312048e+00
-8.749701410223195142e-01
-9.255160993253407353e-01
-9.896285749907142160e-01
1.149562625549037875e+00
-8.962495805732075826e-01
8.093671606163467258e-01
-1.005713282008021681e+00
-4.982112687890600244e-01
-1.962269631632832745e+00
-1.420818546731492216e+00
-3.100053770665961439e-01
1.254282950553365472e+00
-1.769093750555630118e+00
-4.177524991410805355e-01
-1.199277096303171142e+00
-4.981001395230917339e+00
-9.619282314429572489e-01
-1.227040339442684092e+00
-7.751865788003854396e-01
-7.871295519635802540e-01
1.054024930918785685e+00
-5.152288372515898864e-03
7.148771630123140763e-02
5.186446893859341101e-01
1.150890649514914932e+00
-5.201383810163534571e-01
-4.484551947281070206e-01
-1.152143655644965792e+00
1.034502765387403933e+00
-2.718593362604512009e+00
-7.378137830688449306e-01
-4.487302619260829517e-01
-2.812496715638729050e+00
1.396006723188790488e+00
-2.587527489839602790e-01
6.105239908756744383e-01
-2.071796027932268913e+00
-9.488167454953778668e-01
-2.452433548063702173e-01
-5.153059151156055284e-01
1.111371146299063861e-01
1.110605542252746797e-01
1.952691808273495644e+00
-7.683107631635619494e-01
9.403892159876144907e-01
-8.497684894403467748e-01
-1.483887192065671545e+00
8.211680083669403718e-01
-1.436029013545050192e+00
-1.974216391876016274e+00
-1.719447702610958695e+00
3.385885031746725393e-01
4.851622639995001873e-01
5.695825891362499283e-01
-1.545727942788743592e+00
-1.211831550376564481e-01
-6.724732565844120380e-01
3.549132478256879220e-02
4.405319267405016781e-01
4.730428594399153641e-01
4.368431194617664604e-01
-2.305990315986401196e-01
-9.057832291527792012e-01
6.651994053344335578e-01
7.677304254442949283e-01
-7.239693417230999017e-01
-2.487162890994745190e-01
-1.474401743049069013e+00
3.624445391493579249e-01
-1.812409191552929455e-01
-1.458763578945087847e-01
1.238637917944418243e+00
-2.000051341987292730e+00
-2.292863433674164675e+00
-2.140017616767845077e+00
-6.476083592924251064e-01
7.705610327177457863e-01
1.434816612016534876e+00
1.799475273752660254e+00
-1.405427930060263009e+00
-1.178846836176617119e+00
3.689127752687218487e-01
9.892103159413793145e-01
-1.509036074602045030e+00
-3.050632785958613535e-01
-3.538435395262257699e-01
-4.854660543795396022e-01
-1.466126677533674316e+00
-4.429627052021213873e-01
-1.138943825977328572e+00
3.266644261679362282e-01
2.679044667068593011e-01
-4.624559714541642275e-01
4.361254811528868236e-02
-2.664624219735621247e-01
4.391866815067473895e-01
2.977735330333720620e-01
-9.398531836744506984e-01
-4.729416760638102679e-01
5.117552759976546906e-01
4.922974698439716579e-01
-2.804011596280964747e-01
4.511859381006538827e-01
1.456441743177190884e-01
-1.539384102512025176e+00
-2.675573981316758942e-01
-1.258990964857432671e+00
-1.848854071488516215e+00
5.947993511164466618e-01
9.029662360544301603e-01
-1.347326303461327535e-01
3.034382155746980225e-01
-9.220284912103794694e-02
1.995835921488027687e+00
-8.149864494769604173e-01
-1.020229407034979774e+00
-7.919745636422327317e-01
-1.007519696225863237e+00
-6.574388315054614518e-01
1.446780614586854918e+00
-1.978329190324003228e+00
1.892659940074106206e-01
1.834851400780637964e-01
4.778067579700495671e-01
6.839528229302382911e-01
-1.219755580408019568e-01
-3.787030140336170581e-01
-2.932122400061999201e+00
1.296420126172689313e+00
1.078765997419547151e+00
-3.984802859728591717e-01
-2.036166796976147941e-01
-1.534259149475013961e+00
-1.505389821818056806e+00
-6.984262104447515052e-01
-6.102641326226805607e-02
-1.475304597838525300e+00
1.113257013035463538e+00
-3.311018536596110340e-01
6.477125662963963970e-01
1.708951259687649382e-01
-1.272125599582367705e+00
8.750473440422289473e-01
1.707355387893180643e+00
1.596631967615991687e+00
-1.093618709082849971e+00
1.347013511240718442e+00
8.329393039282056987e-01
7.079780257577696911e-01
-1.061811417092707099e+00
-3.572367365852372467e-01
9.612026205346022589e-01
-1.251833448722269315e+00
-1.047868591659466331e+00
4.717332679572937282e-03
1.305463494237810052e+00
-2.112903065378296252e-01
-2.242856932989077678e-01
-1.393475213438070126e+00
4.765196430820810569e-01
-1.249083139055582103e+00
-2.276980184651900441e+00
-7.873876007070556016e-01
7.743045796110467061e-01
-1.494026691926428230e+00
1.608421775386169594e+00
-7.918352778488627619e-01
5.237620039281173367e-01
-1.928802871249657214e+00
7.089134871351188139e-01
3.709878621993627501e-01
-2.726979487375339462e-01
-1.943072223512915198e+00
-1.383544386262106629e+00
-6.431666267859479369e-01
8.224563254873269447e-01
-1.392306596076906267e-01
1.040892526341228447e-01
1.500865058677776920e-01
-7.053468629547600122e-01
-7.812889789914813088e-01
1.671997730283769856e+00
-8.435345104056087007e-02
2.328137241780185107e+00
-1.165740895162852286e+00
9.944692159548104149e-01
-1.791169178838680764e+00
-1.083206541983635418e+00
-1.212572236725609320e+00
-3.583919168424984369e-01
4.877949495441668559e-01
1.719245018399566949e-01
-8.666470775730931164e-01
6.949473973904395363e-01
-1.469183184189424562e-01
4.157201151483544965e-01
-1.793982273995353705e-01
4.680767857611611849e-01
8.844464961591629037e-02
-1.149159435726602840e+00
-8.827890003717364653e-01
-5.268933022074760997e-01
1.558531912466713243e-01
7.321370696561936564e-02
-1.223931607297819163e-01
4.045512815379307958e-01
2.066289157606409077e+00
-4.588192248114104088e-01
-7.857478221995436440e-01
1.244053922076793661e+00
2.048624363333928944e+00
7.817171430106790719e-01
-1.681639568584217148e+00
-2.291360023251956812e-01
7.364388839425149991e-01
9.995507247710579968e-01
9.289694950900205805e-01
2.183266589777207223e+00
-2.233991096367956786e+00
-9.405418725428685844e-01
1.149800923997462032e+00
-4.493754282984490089e-01
1.192223770624040835e+00
7.791603197605320164e-01
-4.023482774987320099e+00
8.462451646895859936e-01
-3.396569994122109470e-01
-7.399698068109651361e-01
-1.450240459967995443e+00
-1.109662340442860273e+00
-6.461096988585637302e-01
-3.400658867739042709e-04
-1.306003662840714286e-01
-8.636672100805240504e-01
-9.871846211637876900e-01
-1.501897460143230445e+00
-2.904334953557161092e-01
1.608774386048710703e+00
-1.491988848651362609e+00
-1.353643035617141166e+00
-2.758655144847824703e-01
5.046124047668363449e-02
-5.381451595335192545e-02
1.073037458702602143e+00
1.056988333503874111e+00
-8.113049333700531607e-01
6.897242115133427331e-01
-3.805955018627740771e-01
-1.517837289271822598e+00
1.174726122554357488e+00
1.274868686005726115e+00
-9.836404972991461548e-01
-7.583103611817957335e-01
-1.690386734926879075e+00
-1.293307779178012096e+00
-3.894506746710310607e-01
1.146151247788460559e+00
2.275762464232688187e-01
-2.564034468075716000e-01
-2.469132952989109425e-02
-8.743701959522762190e-02
-7.413331098218390869e-01
6.500253014205851221e-01
-2.496089796639689773e+00
-2.922021498629288616e-01
-1.563324933051426502e-01
-1.438974774736069051e+00
-9.468598263834517859e-01
-3.643652179009308489e-01
1.737247137456889412e+00
-9.219401546837938666e-01
-8.356928182630375401e-01
-4.477301800593952441e-01
6.910971339714401251e-01
-9.164779443710617812e-01
-1.280818056548605144e+00
-3.260835446432494567e-01
-9.765722741426026143e-01
2.974820240027851656e-02
-8.735434707292467904e-02
-1.480957674040474403e+00
-9.497266456275322843e-01
6.770972762253050226e-01
-9.598038586659710103e-02
-7.663344201685841073e-01
7.864985098797038221e-01
1.452585162028360299e+00
6.395728384589040028e-01
-1.307051597856953851e-01
-2.974007237018756467e-01
2.974998355564365538e-01
1.236496972988573084e+00
1.028609692843629020e+00
-1.584064014626858974e+00
9.243463183220769208e-01
2.055201260119428608e-01
2.146392860431317051e-01
7.861710056008920366e-01
-2.432170958324287036e-01
8.503495413929748059e-01
-1.584391423850945724e-01
-1.015519956381996103e+00
-2.046427634865750356e-01
-6.807287206101361732e-02
-6.185923892712870131e-01
-2.369668869896480956e+00
