2.960999999999999854e+00
2.767999999999999794e+00
2.834000000000000075e+00
2.616000000000000103e+00
3.001999999999999780e+00
2.826999999999999957e+00
3.370000000000000107e+00
2.980999999999999872e+00
3.068000000000000060e+00
2.742999999999999883e+00
2.838999999999999968e+00
3.173000000000000043e+00
2.387000000000000011e+00
2.761000000000000121e+00
2.822999999999999954e+00
2.874000000000000110e+00
3.274999999999999911e+00
2.841000000000000192e+00
3.049999999999999822e+00
3.028999999999999915e+00
2.886000000000000121e+00
2.766000000000000014e+00
3.067000000000000171e+00
2.794000000000000039e+00
2.411000000000000032e+00
2.994000000000000217e+00
2.821000000000000174e+00
2.607000000000000206e+00
2.803999999999999826e+00
3.265000000000000124e+00
2.998000000000000220e+00
3.061999999999999833e+00
3.213999999999999968e+00
3.020000000000000018e+00
3.028000000000000025e+00
2.793000000000000149e+00
2.837000000000000188e+00
2.826000000000000068e+00
2.991000000000000103e+00
3.164000000000000146e+00
2.871999999999999886e+00
3.012000000000000011e+00
3.217999999999999972e+00
3.039000000000000146e+00
2.806999999999999940e+00
3.310000000000000053e+00
2.967000000000000082e+00
2.817000000000000171e+00
3.031000000000000139e+00
2.834999999999999964e+00
2.920999999999999819e+00
3.041999999999999815e+00
3.100999999999999979e+00
2.914000000000000146e+00
3.051000000000000156e+00
2.794000000000000039e+00
2.984999999999999876e+00
3.263999999999999790e+00
3.088999999999999968e+00
2.891999999999999904e+00
3.012000000000000011e+00
2.794999999999999929e+00
3.008999999999999897e+00
2.987000000000000099e+00
2.729999999999999982e+00
3.112000000000000099e+00
2.774000000000000021e+00
2.759999999999999787e+00
2.862000000000000099e+00
2.769000000000000128e+00
2.467999999999999972e+00
2.705000000000000071e+00
2.795999999999999819e+00
3.081999999999999851e+00
2.732000000000000206e+00
2.919999999999999929e+00
2.737000000000000099e+00
2.459999999999999964e+00
2.793000000000000149e+00
3.069999999999999840e+00
2.900999999999999801e+00
2.947999999999999954e+00
2.999000000000000110e+00
3.057999999999999829e+00
3.003000000000000114e+00
3.177999999999999936e+00
3.036999999999999922e+00
2.649999999999999911e+00
2.826000000000000068e+00
2.666999999999999815e+00
3.023000000000000131e+00
3.048999999999999932e+00
3.029999999999999805e+00
2.757000000000000117e+00
2.802000000000000046e+00
2.887000000000000011e+00
2.774000000000000021e+00
2.669000000000000039e+00
3.107000000000000206e+00
2.915999999999999925e+00
2.919000000000000039e+00
3.188000000000000167e+00
3.044000000000000039e+00
3.217000000000000082e+00
2.918000000000000149e+00
2.990000000000000213e+00
2.944999999999999840e+00
2.705999999999999961e+00
2.733999999999999986e+00
2.863999999999999879e+00
