1.342013072824657982e+01
1.348425245028572128e+01
1.440655599446078483e+01
1.298259337302130589e+01
1.437402286425539621e+01
1.333710520751405149e+01
1.302973512766920727e+01
1.339941694601334099e+01
1.236307021245825233e+01
1.311742449547844380e+01
1.293381651186947323e+01
1.348425245028572128e+01
1.303760574087501034e+01
1.373821623901956279e+01
1.363327489834394868e+01
1.358528109206084977e+01
1.357447128210872300e+01
1.247543541134275102e+01
1.330492288667644374e+01
1.164070559666306615e+01
1.299731164846050113e+01
1.247543541134275102e+01
1.438150126792485040e+01
1.268789983475111249e+01
1.312349333751768654e+01
1.354943007270415478e+01
1.315031231725197358e+01
1.438523108494033131e+01
1.350629060448329000e+01
1.440655599446078483e+01
1.141831650286682098e+01
1.324648806111661870e+01
1.333710520751405149e+01
1.432602917481049509e+01
1.433360670971912576e+01
1.293381651186947323e+01
1.330492288667644374e+01
1.443944381623431461e+01
1.444644014543125010e+01
1.321018300159863479e+01
1.255614041482114196e+01
1.321360023934309069e+01
1.164070559666306615e+01
1.440655599446078483e+01
1.362012918364105474e+01
1.362899177609292956e+01
1.443944381623431461e+01
1.324648806111661870e+01
1.315817628911923620e+01
1.315031231725197358e+01
1.333710520751405149e+01
1.321360023934309069e+01
1.343618375020774636e+01
1.436341755842077106e+01
1.315817628911923620e+01
1.302973512766920727e+01
1.273933009943806560e+01
1.341274216411099651e+01
1.312349333751768654e+01
1.388023628249042218e+01
1.355609739125334201e+01
1.308283239244539686e+01
1.363719391085413690e+01
1.272078765652464227e+01
1.250848394918180517e+01
1.279776492499788887e+01
1.388850025663336396e+01
1.307011320108111363e+01
1.351714027205924928e+01
1.236307021245825233e+01
1.311742449547844380e+01
1.327203506490291396e+01
1.397753336508715272e+01
1.380634086497234492e+01
1.390273480683888430e+01
1.429144869433384635e+01
1.441811890671386109e+01
1.333891724825884850e+01
1.250848394918180517e+01
1.269219200169272632e+01
1.312349333751768654e+01
1.352884748960159023e+01
1.351995982001270669e+01
1.307800260953519533e+01
1.230341272821926957e+01
1.437402286425539621e+01
1.438523108494033131e+01
1.223634557790984978e+01
1.433589644845679167e+01
1.243441766717020158e+01
1.436341755842077106e+01
1.205310806388433953e+01
1.422782164235895408e+01
1.257212199666585839e+01
1.416088603016764935e+01
1.320784700233485331e+01
1.311742449547844380e+01
1.333710520751405149e+01
1.304154767858715935e+01
1.345247411636842827e+01
1.321360023934309069e+01
1.199942084589249980e+01
1.303279267781668693e+01
1.349926876229840822e+01
1.399244978441520360e+01
1.445430368576765723e+01
1.330492288667644374e+01
1.303689694757342643e+01
1.300998231038069619e+01
1.333710520751405149e+01
1.432602917481049509e+01
1.314344679610862521e+01
1.316216997465613758e+01
1.380871602730847059e+01
1.321360023934309069e+01
1.445337927606091100e+01
1.286283506760902640e+01
1.236307021245825233e+01
1.295786923681482961e+01
1.387021296232554057e+01
1.343665331423809306e+01
1.446026048117590257e+01
1.264315435557341871e+01
1.362473071326734875e+01
1.350934122173883978e+01
1.231430482015226069e+01
1.187138152803756164e+01
1.334767202149985899e+01
1.321360023934309069e+01
1.443944381623431461e+01
1.301289382955280871e+01
1.323013437618796395e+01
1.343339924552367748e+01
1.333710520751405149e+01
1.303019947023403269e+01
1.302749105446856781e+01
1.333710520751405149e+01
1.312349333751768654e+01
1.326783738369086407e+01
1.327203506490291396e+01
1.363227042640228959e+01
1.453957589541926154e+01
1.250573586787425562e+01
1.347392396590511332e+01
1.373978157503469433e+01
1.444644014543125010e+01
1.317495918056132354e+01
1.353472521724006583e+01
1.233049748648911148e+01
1.239595803423178033e+01
1.332346196513448433e+01
1.344097447354802810e+01
1.400133406326282959e+01
1.435129098647690427e+01
1.302601739890686794e+01
1.166256409016513196e+01
1.176945730644974297e+01
1.360512837173774336e+01
1.302562104571210178e+01
1.324648806111661870e+01
1.336999302928757949e+01
1.307896486254002433e+01
1.443419521205529499e+01
1.293381651186947323e+01
1.344097447354802810e+01
1.442528246992822183e+01
1.387039824073014138e+01
1.233630054999279935e+01
1.243441766717020158e+01
1.247916314634789536e+01
1.191991659994216946e+01
1.439950319364397835e+01
1.324648806111661870e+01
1.319505779642966736e+01
1.314623340258876460e+01
1.191991659994216946e+01
1.393777762424748268e+01
1.382755300731358084e+01
1.442528246992822183e+01
1.444644014543125010e+01
1.434861344615132062e+01
1.313437728683244821e+01
1.438892901555361803e+01
1.293381651186947323e+01
1.296670433364300301e+01
1.296699151698738639e+01
1.262121055743227949e+01
1.199942084589249980e+01
1.435891699658402487e+01
1.305219520007457135e+01
1.340112805767418003e+01
1.316216997465613758e+01
1.401738790944188295e+01
1.286283506760902640e+01
1.254503723839601648e+01
1.447384620707227754e+01
1.174940691124246506e+01
1.317495918056132354e+01
1.269219200169272632e+01
1.316216997465613758e+01
1.361590087628781554e+01
1.448719150754118701e+01
1.365394533452996306e+01
1.341967410366924085e+01
1.313120652261335941e+01
1.372649543034232522e+01
1.267604217734694849e+01
1.316216997465613758e+01
1.312349333751768654e+01
1.333710520751405149e+01
1.306792624345522569e+01
1.340808665177449832e+01
1.388435710842303550e+01
1.247543541134275102e+01
1.439950319364397835e+01
1.180234512822327275e+01
1.330492288667644374e+01
1.412640876341694884e+01
1.442049145428738122e+01
1.355861228393508711e+01
1.243441766717020158e+01
1.351026228037576971e+01
1.147397341851755748e+01
1.358364141687885152e+01
1.316216997465613758e+01
1.302623285792660290e+01
1.330492288667644374e+01
1.141831650286682098e+01
1.293381651186947323e+01
1.336999302928757949e+01
1.236307021245825233e+01
1.298000600777928071e+01
1.319505779642966736e+01
1.319505779642966736e+01
1.338596404181430621e+01
1.313760452648561028e+01
1.353297456385466901e+01
1.333710520751405149e+01
1.309060551574415676e+01
1.255614041482114196e+01
1.304050540675691217e+01
1.304287013215422419e+01
1.233630054999279935e+01
1.321462352717995259e+01
1.187138152803756164e+01
1.344097447354802810e+01
1.445337927606091100e+01
1.321360023934309069e+01
1.340808665177449832e+01
1.368817212267873806e+01
1.333710520751405149e+01
1.350337846669020081e+01
1.233630054999279935e+01
1.236307021245825233e+01
1.434361722811869555e+01
1.204389315599029153e+01
1.304153226280291911e+01
1.434861344615132062e+01
1.428795479427724224e+01
1.303752694427000947e+01
1.432602917481049509e+01
1.359776347742271163e+01
1.340808665177449832e+01
1.353028756729608517e+01
1.229699917947103671e+01
1.346185174179034405e+01
1.444644014543125010e+01
1.440362963489950232e+01
1.356172694976887705e+01
1.447384620707227754e+01
1.307294860505744616e+01
1.316216997465613758e+01
1.435891699658402487e+01
1.350733132897668298e+01
1.243441766717020158e+01
1.347335391644510594e+01
1.264315435557341871e+01
1.359941107619188649e+01
1.333710520751405149e+01
1.439630538019430084e+01
1.308782941969753111e+01
1.326783738369086407e+01
1.347034765147188295e+01
1.352386292263679124e+01
1.253862368964778362e+01
1.264315435557341871e+01
1.180234512822327275e+01
1.312349333751768654e+01
1.467310422787307544e+01
1.322594927384891861e+01
1.164070559666306615e+01
1.335389230918589654e+01
1.309060551574415676e+01
1.441811890671386109e+01
1.171651908946893528e+01
1.304639213657088348e+01
1.228398468867914417e+01
1.437801323094829087e+01
1.302565218295942095e+01
1.321360023934309069e+01
1.370064957075874723e+01
1.263758254440852724e+01
1.331176977084263946e+01
1.442528246992822183e+01
1.342566911602449053e+01
1.307695977783617103e+01
1.262121055743227949e+01
1.321360023934309069e+01
1.306728260522813834e+01
1.182115327475635347e+01
1.446026048117590257e+01
1.319839125382346445e+01
1.314344679610862521e+01
1.316216997465613758e+01
1.457648805936202763e+01
1.286283506760902640e+01
1.361320403149629499e+01
1.191991659994216946e+01
1.283065274677141865e+01
1.272078765652464227e+01
1.319505779642966736e+01
1.321360023934309069e+01
1.395883687967330289e+01
1.255614041482114196e+01
1.249770558926131869e+01
1.248359909690980452e+01
1.230341272821926957e+01
1.328378198435423130e+01
1.233630054999279935e+01
1.327203506490291396e+01
1.324648806111661870e+01
1.233049748648911148e+01
1.283065274677141865e+01
1.293381651186947323e+01
1.319469784888399744e+01
1.187138152803756164e+01
1.351714027205924928e+01
1.319839125382346445e+01
1.255614041482114196e+01
1.279776492499788887e+01
1.358917586112544740e+01
1.429524155266506291e+01
1.267604217734694849e+01
1.321360023934309069e+01
1.439630538019430084e+01
1.445337927606091100e+01
1.166256409016513196e+01
1.273933009943806560e+01
1.294970555124777611e+01
1.296670433364300301e+01
1.247543541134275102e+01
1.376575295562783197e+01
1.397134607857471167e+01
1.301930737830104157e+01
1.405789524243840738e+01
1.298000600777928071e+01
1.403582488621392343e+01
1.442528246992822183e+01
1.236338530826264126e+01
1.304639213657088348e+01
1.427166983394668343e+01
1.180234512822327275e+01
1.311742449547844380e+01
1.435604119378009003e+01
1.250832323311628080e+01
1.309837370045848992e+01
1.302874267373022121e+01
1.260500981843938817e+01
1.433589644845679167e+01
1.346423037072939799e+01
1.252304150855547604e+01
1.304287013215422419e+01
1.321360023934309069e+01
1.286283506760902640e+01
1.303337860922088254e+01
1.393734478512108232e+01
1.404636840253960628e+01
1.340808665177449832e+01
1.303752694427000947e+01
1.440655599446078483e+01
1.371500299582758231e+01
1.333710520751405149e+01
1.195280442171569923e+01
1.382351357267473801e+01
1.264315435557341871e+01
1.309060551574415676e+01
1.300998231038069619e+01
1.298000600777928071e+01
1.327203506490291396e+01
1.443419521205529499e+01
1.248826123976119007e+01
1.315460181913696935e+01
1.264315435557341871e+01
1.333710520751405149e+01
1.342648881114789639e+01
1.308283239244539686e+01
1.440362963489950232e+01
1.316216997465613758e+01
1.348755602087638472e+01
1.440655599446078483e+01
1.305270954028333996e+01
1.440362963489950232e+01
1.340808665177449832e+01
1.343211979091360142e+01
1.435891699658402487e+01
1.311185268431355233e+01
1.430455765572021498e+01
1.249770558926131869e+01
1.305435451706071071e+01
1.439239464815469205e+01
1.304287013215422419e+01
1.300998231038069619e+01
1.354974544481722631e+01
1.356710796144379927e+01
1.344097447354802810e+01
1.435604119378009003e+01
1.365505219720534136e+01
1.445430368576765723e+01
1.336999302928757949e+01
1.320784700233485331e+01
1.359164450926009948e+01
1.260500981843938817e+01
1.446026048117590257e+01
1.160781777488953637e+01
1.438892901555361803e+01
1.439950319364397657e+01
1.368211714223987840e+01
1.324751134895348237e+01
1.438150126792485040e+01
1.413159385169505633e+01
1.382079216011544354e+01
1.208599588565786931e+01
1.262121055743227949e+01
1.293381651186947323e+01
1.385018142317801981e+01
1.311618587015455795e+01
