-1.138672412419282187e+00
2.545939894797314973e-01
1.555225067399853334e+00
-1.991817873921098103e+00
-1.118842070326346860e+00
5.480533320261553598e-01
-7.764953647473377130e-01
-1.019300427341555570e+00
5.374318245732218058e-01
1.148673700905445072e+00
-1.789850961405086371e+00
-1.155540526984715211e+00
1.749325742444477194e-01
2.143986932158135350e-01
-1.009975536664252216e+00
7.616064896323806455e-01
-4.984745475032771878e-01
-4.745228202573509302e-01
1.463194907059668370e+00
-8.178250808480178602e-01
-1.978320700515878050e+00
-8.993210135285964468e-02
1.289267359561519222e-01
6.177379093773929242e-01
6.649714110933198086e-01
-5.602995691842541648e-01
-4.233863977011522728e-01
7.660219019989601419e-01
-4.006596806431926838e-01
-4.112850657867225812e-01
-9.801238747259000128e-01
6.899700378280145818e-01
1.287367194935259640e+00
-3.295858092696294928e-01
2.117625901550652223e+00
-1.008524620784161385e+00
2.043328960657722071e+00
8.897518696542797700e-01
8.155314025670482581e-01
-3.172312563349719561e-01
-1.523005072201810250e+00
-5.316202960312662595e-01
-1.826500929548942054e+00
2.043614505686146110e+00
-1.775962049194781955e-01
-7.914769993412573701e-01
1.879950183046085410e+00
-6.361205033253188867e-01
1.307845857021603608e+00
-8.778786179713534921e+00
-8.338335566403114463e-01
9.320443354262684110e-01
-1.199287044126701313e-01
-2.283523244163929711e+00
5.143675208999595183e-01
-2.846083678756603508e+00
2.024069527801872326e+00
-3.276271544738245112e-01
4.004856516412059197e-01
-8.718268724204212283e-01
6.990994371661807261e-01
-7.180429401406451806e-02
3.109146321022322051e-02
-2.239478689720387494e-01
3.028111908519117268e+00
-1.368284784152910216e+00
-5.616026915141443254e-01
6.081379387975908157e-01
1.428500885430931434e-02
-4.132478397881076543e-02
6.758668515380077402e-01
8.622617195093971176e-01
-1.712979646756369823e+00
3.922753568279366831e-01
-8.244736417815352603e-01
1.600575926902517487e+00
-3.004333682764231961e-01
-1.385298882991734815e-01
1.286021956984198189e+00
8.993973244194191086e-01
2.013057115078236592e+00
-4.880074233124506167e-01
-1.478150875873826542e-01
3.019855295858326349e-01
1.118477962158580086e+00
-2.192340770691901142e+00
-3.464339252899797938e-01
7.441263396447965472e-02
-6.406116643255123089e-01
4.329013061109333038e-01
4.258394111983899166e-01
9.135930717284416192e-01
-4.442057315348763025e-02
-9.969670264183978503e-01
-1.267709329435073418e+00
5.964591527047672370e-01
7.851368872854798120e-01
1.090636963591745445e+00
1.432033116315515553e+00
-8.373406441144906065e-01
4.436702750185552158e-01
7.501500661216491395e-01
4.912444343430770188e-01
1.007775081756777213e+00
-3.233831750078955403e-01
1.039245274339757108e+00
-3.046040774952407104e-01
-1.041045181719486123e+00
-5.431973238415408467e-01
-2.058568025033668397e-02
3.944328999731181590e-02
-1.069091505980382273e+00
1.487701555497506156e+00
9.352899803425186454e-01
-3.270536868777184081e-01
-1.261098910511558313e-01
1.603435229189593469e+00
-1.157638424865799990e-03
1.288294188019984521e+00
-5.305906759565950370e-01
-1.283566950232487569e+00
9.882498078166480626e-01
4.618821165945389828e-01
-9.066345365828948344e-01
-6.044903176592369975e-01
-1.759861923315908239e-01
-7.981277578793137817e-01
-2.730446750679423884e-01
6.955424307807377415e-01
1.704319888457883625e+00
9.356805146013617847e-02
4.376635714404614186e-02
1.454103387837024641e+00
4.329665883924183750e-03
-3.778296036749211328e-01
1.792285537887256863e+00
1.545346737232627055e+00
7.506566449428770937e-01
-3.312318385771637175e+00
9.895217871834758316e-01
1.156019033200949231e+00
1.868139644807366384e+00
-1.648463048472719628e+00
-1.940199763255902710e+00
1.681219027034658586e-01
-1.192313716875289753e+00
-1.524128783952009847e-01
-1.097927289944288370e-01
6.658592421950554341e-02
2.947617992460498382e+00
-1.074923735795429103e+00
2.178195825852576650e+00
-3.390330061364465325e-02
1.151254835439452728e+00
-1.319515128574190177e+00
2.285771870792978888e-01
-1.478311339809108560e+00
5.654877041881374578e-02
-8.865610451905903133e-01
-2.104454200244526341e+00
-3.411214213310091448e-01
-1.005762387673834607e-01
-1.821467874000364473e+00
-7.551436861982059323e-01
-1.289546846484530107e+00
1.076186066887288906e+00
7.707456941215742319e-01
3.557495055008182971e-01
1.232601261477319854e+00
-6.322667240123645005e-01
-1.220481692507778722e-02
9.601437476031002838e-01
-2.183511323104201929e-01
7.598177363488660685e-01
5.345603555649147687e-01
-1.607260336521079580e+00
-7.049370119797131462e-01
1.209466085351026537e-01
-7.312991089427354208e-01
-1.178224586738003676e+00
-4.100369498087165776e-01
1.293087578984377511e-02
-1.239442083392802374e+00
-9.514645303477959892e-01
-1.558045026873663197e+00
-1.123897146953632520e+00
4.664475895553464313e-01
1.282755147581142507e+00
1.961649439563178499e+00
-6.476728248301139024e-01
-5.619125519621789300e-01
-4.130362128864878968e-01
-5.095779685545011040e-01
1.803723371996171387e+00
4.641033371093141180e-01
1.267581049391884207e+00
-3.173014653988054934e-01
-1.286005993680887416e+00
2.215098710439497576e-01
-6.574178330983900809e-01
1.918097485007335123e-01
-1.064192741318633839e+00
-6.269559888320073160e-01
-7.706974899865229878e-01
1.451312113550871308e+00
8.849922701396671920e-01
-1.531519147416282589e+00
-6.005394694965050517e-01
1.398976399766597822e+00
1.958747805370547601e-01
2.090960177754299654e-01
-1.965716177023506261e-01
-1.332127751662318449e+00
-6.450427210261793221e-01
1.744842029834275943e+00
1.408778294484941407e+00
-1.726426952184049735e-01
2.349167873520058569e-01
3.808337711254020430e+00
-4.913391828338522505e-01
3.341419026153173433e-01
-1.280165918836354694e-02
8.290660326269128078e-01
-8.971369780593644316e-01
-1.349015196180151976e+00
2.297850374139542406e+00
-2.551717853510806489e-01
6.226509681125411699e-01
-1.614180635553885246e+00
-1.013504197424120040e-01
-1.333670776360018351e-01
3.477866682699299883e-01
-1.052199132984717345e+00
-2.474322018415714419e-01
3.092122664559558975e-01
-1.667734460204876867e-01
-3.074243179612079057e-03
-3.018469268291800733e-01
3.047181998987697482e-01
6.387094620708515524e-01
-5.145048268384551093e-01
1.987771361722564523e+00
-5.314969987793646267e-01
-4.678340458533573054e-01
-2.193154024139043479e+00
6.435766224323605789e-01
-3.939464699414151339e-01
6.030060814190654206e-01
6.743845398046126594e-01
-9.516259403996826238e-01
-3.977215520502515311e-03
3.726849090351984084e-01
-7.251360343289469101e-01
-2.487385809676782022e-01
1.992479773617330308e+00
9.692893685618805821e-02
-1.017537104219552679e+00
-1.734640073323034937e+00
1.145395325222050342e+00
4.985072578841560215e-02
1.819385799699858586e+00
-2.487497166730415765e-01
-4.360343002521163136e-01
-8.692509673399081427e-01
-5.935452524009515729e-01
8.624735973877588613e-01
-1.553818439204338042e-01
-9.794142427060029688e-01
-6.298101653147911705e-01
3.523729305718777127e-02
9.581759858837676225e-01
-2.410130566279854447e-01
-1.558132452603837148e+00
9.668594470009395092e-01
2.175042903000866890e+00
8.350018264432551574e-01
-2.942577659676806623e-01
-1.832683364920648372e-01
1.970045805900454194e+00
1.577505520344880952e-01
-1.095278564877356198e+00
-8.575875154900415298e-01
-1.305055452220392487e-01
-1.093810909634567619e+00
-4.373696289067838805e-01
-5.892029582550127875e-01
1.730946138624346042e-01
-3.241836750263700773e-01
-3.072211798156539442e-01
-3.559410439097810963e-01
3.934588248565331070e-01
-4.702543007051982471e-01
-3.000285912784394604e+00
1.916893381693077103e+00
2.003811974132690132e-01
1.591690101712272876e+00
7.926378245856771088e-01
4.257510734050067858e-01
6.106577219884768981e-01
1.255196639784492030e+00
7.731661813172348019e-01
-1.816960023044208006e+00
-6.802642099728576364e-01
-2.977212070428241208e+00
8.767245991958863560e-02
-3.430746426711563379e-01
1.471647710866322178e+00
-5.479374470489785098e-01
1.819345486738932705e+00
7.442518857462417092e-02
1.587284432811672807e-01
-5.377688003975730213e-01
-5.372818442748491519e-01
1.129220136295714827e+00
-1.565922114479862681e-01
5.398489153506063065e-01
-1.344757701895120228e+00
9.179335646047426245e-01
1.434645163179393279e+00
3.153207336079150824e+00
1.656551883537853986e-01
2.933057026580852544e-01
2.996272850034690793e-01
1.354006451844528502e+00
-8.675172766335427221e-01
8.328950138016545379e-01
1.792377423664386349e+00
-7.229217143690968017e-01
-1.014303560677596444e-01
3.655191221947987068e-01
-1.145762929017514864e+00
-1.251501314746009452e+00
1.013169375158390340e+00
-8.043233932811694187e-01
-1.237491022882162950e+00
1.277995151957344797e-02
2.245451791469927016e+00
-6.681665136010259687e-01
2.044358032623721844e+00
-2.051441539690806337e+00
8.387119670597357191e-01
4.950080311281895851e-01
-1.942160273844462381e-01
-6.294159536590007153e-01
8.440480761601750759e-01
-1.653970063423274128e+00
-5.678439670897796887e-01
1.013324399848954060e+00
-8.555518972517591747e-01
7.790178470409963030e-01
-1.587918391278045682e+00
-9.531133564945025449e-03
8.873482718167449157e-01
9.949983148021385171e-01
-2.748299642744393090e+00
-8.435933855825291650e-01
1.857478662646380396e+00
-3.510146188198716710e-01
-7.797384129388774676e-01
9.795293480599054359e-01
-2.190439711134557488e+00
2.289749598947954656e-01
6.758668515380077402e-01
-4.914629323882484940e-02
9.294289452609137969e-01
1.624428533509248318e+00
4.806755828398533992e-01
7.440397444420948636e-01
-2.886524625811018208e+00
3.812620544462311245e-01
-6.219413338455460627e-01
-1.826999003541276645e+00
7.967326804545817875e-01
-4.001292341305314609e-02
-7.229972993946862658e-01
-6.936437127828797289e-01
-2.155344370964281941e-01
1.911415879339353863e+00
-8.349131892420813550e-01
-4.225596651978130724e-02
1.629805936102279418e+00
1.467789757995676458e+00
-1.269640137186111906e+00
-8.376464489407469127e-01
2.695517498327241857e+00
7.564270830300496851e-01
1.579163369006638395e-01
8.987723278846810882e-01
-6.910587667353795815e-01
1.398438559718904406e+00
9.792493269064623806e-01
-1.575898506832994928e+00
2.860488329921821449e-01
1.116245431981212732e+00
4.971338156604204056e-02
7.969933395438247858e-01
8.813262817126712445e-01
-1.650339493139008962e+00
-8.964459198533122342e-01
1.555225067399853334e+00
-2.903895465099077366e+00
8.291707360521938242e-01
1.612305882772896715e-01
1.181712108589872828e-01
-2.981088591219781536e-01
3.814753033861577047e-01
6.995648148983732995e-01
-1.587269610710881906e+00
-7.022318988321429867e-01
1.079573217078792835e+00
-1.172795429526711369e-01
1.992613144174298023e+00
2.291491222743761158e-01
-5.797718685418551399e-01
2.583611948186247620e+00
-1.361804492489361584e-01
-6.658976697930117927e-01
3.483498614217058753e-01
1.800323554820824512e+00
4.341128987810540657e-02
3.003374022942633670e-01
-3.329088517264692376e-02
2.607789956200769144e+00
3.809949048548925132e-01
-6.229839029670383166e-01
5.228692112513699808e-02
-2.912004663980951036e-01
3.686229546332690177e+00
6.215009358310267240e-01
-5.060860113415034389e-01
-2.371310493655016949e-01
-8.203509578396626090e-01
5.414071775596634994e-01
-9.514645303477959892e-01
3.688345414258752397e-01
-1.089913986760314035e+00
