2.100999999999999979e+00
2.017999999999999794e+00
2.057999999999999829e+00
2.031000000000000139e+00
2.232000000000000206e+00
1.919999999999999929e+00
2.113999999999999879e+00
2.294999999999999929e+00
2.685000000000000053e+00
2.234999999999999876e+00
1.879000000000000004e+00
2.141000000000000014e+00
1.582000000000000073e+00
2.673999999999999932e+00
1.993000000000000105e+00
2.206999999999999851e+00
2.475000000000000089e+00
2.109999999999999876e+00
2.475000000000000089e+00
2.096000000000000085e+00
2.021999999999999797e+00
1.756999999999999895e+00
2.301000000000000156e+00
1.987999999999999989e+00
1.848000000000000087e+00
1.802999999999999936e+00
1.814000000000000057e+00
2.089999999999999858e+00
2.081999999999999851e+00
2.189000000000000057e+00
2.306000000000000050e+00
1.772999999999999909e+00
2.217000000000000082e+00
1.879000000000000004e+00
1.993000000000000105e+00
1.832000000000000073e+00
2.190999999999999837e+00
2.140000000000000124e+00
1.905000000000000027e+00
2.188000000000000167e+00
2.067000000000000171e+00
2.499000000000000110e+00
2.576000000000000068e+00
1.913999999999999924e+00
2.475999999999999979e+00
2.380999999999999783e+00
2.036999999999999922e+00
2.008000000000000007e+00
2.467999999999999972e+00
1.921999999999999931e+00
1.957999999999999963e+00
2.327999999999999847e+00
2.100000000000000089e+00
2.140000000000000124e+00
2.540999999999999925e+00
2.157000000000000028e+00
2.020000000000000018e+00
2.499000000000000110e+00
2.045999999999999819e+00
2.205000000000000071e+00
1.989999999999999991e+00
1.707000000000000073e+00
2.217000000000000082e+00
2.181999999999999940e+00
1.951999999999999957e+00
2.133999999999999897e+00
1.941999999999999948e+00
2.189000000000000057e+00
1.802999999999999936e+00
2.161999999999999922e+00
1.901999999999999913e+00
2.037999999999999812e+00
1.885000000000000009e+00
2.063000000000000167e+00
2.092000000000000082e+00
2.311999999999999833e+00
1.874000000000000110e+00
1.963000000000000078e+00
2.051000000000000156e+00
2.125000000000000000e+00
2.181999999999999940e+00
2.015000000000000124e+00
2.436999999999999833e+00
2.056000000000000050e+00
2.326999999999999957e+00
2.685999999999999943e+00
2.527000000000000135e+00
1.905000000000000027e+00
1.812999999999999945e+00
2.103000000000000203e+00
1.943000000000000060e+00
2.064999999999999947e+00
1.925000000000000044e+00
2.067000000000000171e+00
2.049999999999999822e+00
2.132000000000000117e+00
2.072000000000000064e+00
1.987000000000000099e+00
1.931999999999999940e+00
2.226999999999999869e+00
2.125000000000000000e+00
2.822000000000000064e+00
1.961999999999999966e+00
1.889999999999999902e+00
2.152000000000000135e+00
2.133000000000000007e+00
2.287999999999999812e+00
1.937999999999999945e+00
1.971000000000000085e+00
1.893000000000000016e+00
