2.055000000000000160e+00
2.257000000000000117e+00
2.350000000000000089e+00
2.089999999999999858e+00
2.293000000000000149e+00
1.875999999999999890e+00
1.957000000000000073e+00
1.975000000000000089e+00
1.997999999999999998e+00
2.089999999999999858e+00
1.921000000000000041e+00
1.915000000000000036e+00
2.113999999999999879e+00
2.234999999999999876e+00
1.907000000000000028e+00
2.156000000000000139e+00
2.212000000000000188e+00
2.073999999999999844e+00
1.897000000000000020e+00
1.745999999999999996e+00
2.168000000000000149e+00
1.895000000000000018e+00
2.462000000000000188e+00
2.039000000000000146e+00
1.965999999999999970e+00
1.959999999999999964e+00
1.949000000000000066e+00
2.685999999999999943e+00
1.921999999999999931e+00
2.455000000000000071e+00
1.848999999999999977e+00
2.213000000000000078e+00
2.004999999999999893e+00
2.455000000000000071e+00
2.519000000000000128e+00
1.842000000000000082e+00
2.331999999999999851e+00
2.357000000000000206e+00
2.342999999999999972e+00
2.060999999999999943e+00
1.850999999999999979e+00
2.080999999999999961e+00
1.774000000000000021e+00
2.519000000000000128e+00
2.099000000000000199e+00
2.319999999999999840e+00
2.701999999999999957e+00
2.185000000000000053e+00
2.137999999999999901e+00
1.999000000000000110e+00
2.119000000000000217e+00
2.306000000000000050e+00
1.907999999999999918e+00
2.342999999999999972e+00
2.188000000000000167e+00
2.048000000000000043e+00
1.832999999999999963e+00
2.071000000000000174e+00
1.883000000000000007e+00
1.961000000000000076e+00
2.100999999999999979e+00
1.949999999999999956e+00
2.363999999999999879e+00
2.048999999999999932e+00
1.963000000000000078e+00
1.893999999999999906e+00
2.079000000000000181e+00
1.951999999999999957e+00
2.266000000000000014e+00
1.945999999999999952e+00
2.138999999999999790e+00
2.121999999999999886e+00
2.073999999999999844e+00
2.185999999999999943e+00
1.963999999999999968e+00
2.313000000000000167e+00
2.527000000000000135e+00
1.913000000000000034e+00
2.027000000000000135e+00
1.901000000000000023e+00
2.076000000000000068e+00
2.047000000000000153e+00
2.001999999999999780e+00
1.959000000000000075e+00
2.129000000000000004e+00
2.673999999999999932e+00
2.439999999999999947e+00
1.709000000000000075e+00
2.479999999999999982e+00
1.875000000000000000e+00
2.314999999999999947e+00
1.909999999999999920e+00
2.048999999999999932e+00
2.015000000000000124e+00
2.246999999999999886e+00
1.919000000000000039e+00
2.206999999999999851e+00
2.043000000000000149e+00
2.096999999999999975e+00
1.895999999999999908e+00
2.181000000000000050e+00
2.080999999999999961e+00
2.305000000000000160e+00
2.242999999999999883e+00
2.170999999999999819e+00
2.624000000000000110e+00
2.100000000000000089e+00
2.088000000000000078e+00
1.929999999999999938e+00
2.071000000000000174e+00
2.524000000000000021e+00
1.963999999999999968e+00
2.234999999999999876e+00
1.943000000000000060e+00
2.408999999999999808e+00
2.737999999999999989e+00
2.023000000000000131e+00
1.707999999999999963e+00
2.153999999999999915e+00
2.072999999999999954e+00
2.023000000000000131e+00
2.576000000000000068e+00
1.915000000000000036e+00
2.250000000000000000e+00
2.080000000000000071e+00
1.875000000000000000e+00
1.711999999999999966e+00
2.012000000000000011e+00
2.160000000000000142e+00
2.380999999999999783e+00
1.971000000000000085e+00
2.201000000000000068e+00
2.079000000000000181e+00
1.961000000000000076e+00
2.004000000000000004e+00
2.150999999999999801e+00
2.446000000000000174e+00
2.201999999999999957e+00
1.862000000000000099e+00
2.301000000000000156e+00
2.261000000000000121e+00
2.213000000000000078e+00
1.868000000000000105e+00
1.907999999999999918e+00
2.055000000000000160e+00
2.293000000000000149e+00
2.057999999999999829e+00
1.941999999999999948e+00
1.935000000000000053e+00
2.051000000000000156e+00
2.225000000000000089e+00
2.048000000000000043e+00
1.897000000000000020e+00
2.508000000000000007e+00
1.802000000000000046e+00
1.820000000000000062e+00
1.711999999999999966e+00
1.987000000000000099e+00
2.130999999999999783e+00
2.392999999999999794e+00
2.051000000000000156e+00
2.115000000000000213e+00
2.435999999999999943e+00
1.885999999999999899e+00
2.080000000000000071e+00
2.508000000000000007e+00
2.020000000000000018e+00
1.796999999999999931e+00
1.933999999999999941e+00
1.933000000000000052e+00
1.848000000000000087e+00
2.591000000000000192e+00
2.180000000000000160e+00
2.104000000000000092e+00
2.020999999999999908e+00
1.687000000000000055e+00
1.905000000000000027e+00
2.043000000000000149e+00
2.479999999999999982e+00
2.532999999999999918e+00
2.499000000000000110e+00
2.185000000000000053e+00
2.181999999999999940e+00
2.019000000000000128e+00
2.016000000000000014e+00
2.081999999999999851e+00
1.816999999999999948e+00
1.979999999999999982e+00
2.701999999999999957e+00
1.973000000000000087e+00
1.889000000000000012e+00
2.158999999999999808e+00
2.117999999999999883e+00
1.760999999999999899e+00
1.935000000000000053e+00
2.341000000000000192e+00
1.721999999999999975e+00
1.991000000000000103e+00
1.850999999999999979e+00
2.184000000000000163e+00
2.075000000000000178e+00
2.603000000000000203e+00
2.073999999999999844e+00
1.975999999999999979e+00
2.192000000000000171e+00
2.165000000000000036e+00
1.838999999999999968e+00
2.108999999999999986e+00
2.277000000000000135e+00
2.059000000000000163e+00
2.020000000000000018e+00
2.392999999999999794e+00
2.047000000000000153e+00
1.915999999999999925e+00
2.448999999999999844e+00
1.951999999999999957e+00
2.262000000000000011e+00
2.246999999999999886e+00
2.613999999999999879e+00
2.116999999999999993e+00
1.887000000000000011e+00
1.987999999999999989e+00
1.770999999999999908e+00
1.828999999999999959e+00
2.174999999999999822e+00
2.017999999999999794e+00
2.096000000000000085e+00
1.893000000000000016e+00
1.989000000000000101e+00
2.216000000000000192e+00
1.814000000000000057e+00
2.262000000000000011e+00
2.241999999999999993e+00
2.166999999999999815e+00
2.174999999999999822e+00
2.012000000000000011e+00
1.872999999999999998e+00
1.989999999999999991e+00
2.248000000000000220e+00
1.899000000000000021e+00
2.121999999999999886e+00
2.172000000000000153e+00
1.818999999999999950e+00
2.181000000000000050e+00
1.687000000000000055e+00
2.307999999999999829e+00
2.313000000000000167e+00
1.917999999999999927e+00
2.173999999999999932e+00
2.141999999999999904e+00
2.233999999999999986e+00
2.065999999999999837e+00
1.810000000000000053e+00
1.747999999999999998e+00
2.525999999999999801e+00
1.663000000000000034e+00
2.248000000000000220e+00
2.435999999999999943e+00
1.987000000000000099e+00
2.033999999999999808e+00
2.448999999999999844e+00
2.310000000000000053e+00
1.925000000000000044e+00
1.822999999999999954e+00
2.032999999999999918e+00
2.061999999999999833e+00
2.259999999999999787e+00
2.603000000000000203e+00
2.213000000000000078e+00
2.462000000000000188e+00
1.947000000000000064e+00
2.270999999999999908e+00
2.536000000000000032e+00
2.334000000000000075e+00
2.237000000000000099e+00
2.044000000000000039e+00
1.830000000000000071e+00
1.895000000000000018e+00
2.237999999999999989e+00
2.329000000000000181e+00
1.868000000000000105e+00
2.072000000000000064e+00
2.314999999999999947e+00
1.999000000000000110e+00
1.943999999999999950e+00
2.072999999999999954e+00
1.969999999999999973e+00
1.967999999999999972e+00
2.133999999999999897e+00
2.238999999999999879e+00
1.838000000000000078e+00
2.016999999999999904e+00
2.125000000000000000e+00
2.525999999999999801e+00
1.822999999999999954e+00
2.176000000000000156e+00
1.818999999999999950e+00
2.438000000000000167e+00
1.941999999999999948e+00
2.200000000000000178e+00
2.056999999999999940e+00
2.036999999999999922e+00
2.011000000000000121e+00
2.005999999999999783e+00
1.931999999999999940e+00
2.084000000000000075e+00
1.967000000000000082e+00
2.478000000000000203e+00
2.084000000000000075e+00
1.754000000000000004e+00
2.153999999999999915e+00
2.048999999999999932e+00
2.095000000000000195e+00
2.261000000000000121e+00
2.028000000000000025e+00
2.055000000000000160e+00
1.977999999999999980e+00
1.975000000000000089e+00
2.068999999999999950e+00
2.188000000000000167e+00
2.027000000000000135e+00
1.923000000000000043e+00
2.136000000000000121e+00
1.711999999999999966e+00
1.715000000000000080e+00
2.140000000000000124e+00
2.049999999999999822e+00
2.353000000000000203e+00
1.987999999999999989e+00
2.350999999999999979e+00
2.262000000000000011e+00
1.756000000000000005e+00
2.072000000000000064e+00
1.875999999999999890e+00
2.065999999999999837e+00
1.828999999999999959e+00
2.146999999999999797e+00
2.047000000000000153e+00
2.008000000000000007e+00
1.709000000000000075e+00
2.060000000000000053e+00
2.314999999999999947e+00
1.842999999999999972e+00
2.225000000000000089e+00
2.710999999999999854e+00
2.536000000000000032e+00
1.689999999999999947e+00
1.885999999999999899e+00
2.068000000000000060e+00
2.033999999999999808e+00
1.991000000000000103e+00
2.164000000000000146e+00
2.290000000000000036e+00
2.177999999999999936e+00
2.088999999999999968e+00
1.981999999999999984e+00
2.337000000000000188e+00
2.467999999999999972e+00
1.721000000000000085e+00
2.141999999999999904e+00
2.342999999999999972e+00
1.776000000000000023e+00
2.263999999999999790e+00
2.460999999999999854e+00
1.872000000000000108e+00
2.274000000000000021e+00
2.150999999999999801e+00
2.067000000000000171e+00
2.005999999999999783e+00
2.177999999999999936e+00
2.161999999999999922e+00
1.895000000000000018e+00
2.052000000000000046e+00
1.975999999999999979e+00
2.040999999999999925e+00
2.001999999999999780e+00
2.129999999999999893e+00
2.177999999999999936e+00
2.020000000000000018e+00
2.524000000000000021e+00
1.955000000000000071e+00
2.080000000000000071e+00
1.784999999999999920e+00
2.068999999999999950e+00
2.154999999999999805e+00
1.899999999999999911e+00
2.060999999999999943e+00
2.294999999999999929e+00
2.270000000000000018e+00
2.584999999999999964e+00
1.919999999999999929e+00
1.893999999999999906e+00
1.965999999999999970e+00
2.149000000000000021e+00
2.116999999999999993e+00
2.048999999999999932e+00
2.387999999999999901e+00
2.096000000000000085e+00
1.927000000000000046e+00
2.565999999999999837e+00
1.850999999999999979e+00
2.323999999999999844e+00
2.071000000000000174e+00
1.879999999999999893e+00
2.313000000000000167e+00
2.165000000000000036e+00
2.185000000000000053e+00
1.703000000000000069e+00
1.816999999999999948e+00
2.443000000000000060e+00
2.011000000000000121e+00
2.025999999999999801e+00
2.242999999999999883e+00
1.959000000000000075e+00
2.192000000000000171e+00
2.540999999999999925e+00
2.129000000000000004e+00
2.438000000000000167e+00
2.005999999999999783e+00
1.903000000000000025e+00
2.142999999999999794e+00
1.868999999999999995e+00
2.513999999999999790e+00
1.762000000000000011e+00
2.370000000000000107e+00
2.511000000000000121e+00
2.153999999999999915e+00
2.093999999999999861e+00
2.185000000000000053e+00
2.020000000000000018e+00
2.029999999999999805e+00
1.774999999999999911e+00
1.860999999999999988e+00
1.919999999999999929e+00
2.096000000000000085e+00
1.935000000000000053e+00
