1.231858708843821937e+01
1.341267719813934711e+01
1.632395498516063626e+01
1.282864041264691046e+01
1.611364197478693683e+01
1.327770463978404436e+01
1.190859983195252170e+01
1.240372309238387416e+01
1.074689999993958267e+01
1.306666013338440102e+01
1.127111388933110447e+01
1.341267719813934711e+01
1.193734131110189089e+01
1.269587379381550107e+01
1.259753200371070925e+01
1.254811052247951864e+01
1.253642094265900475e+01
1.069809060023538905e+01
1.327912176929184263e+01
1.054769113204895170e+01
1.290678090952464885e+01
1.069809060023538905e+01
1.614265645204379496e+01
1.104358744080823840e+01
1.148098212851136779e+01
1.250836078498443804e+01
1.312656108549294665e+01
1.623159351676949314e+01
1.245584906696598360e+01
1.632395498516063626e+01
1.052610063293056264e+01
1.322493329031848219e+01
1.327770463978404436e+01
1.599645493786343486e+01
1.602497459600492391e+01
1.127111388933110447e+01
1.327912176929184263e+01
1.638385593726918188e+01
1.641516056208976693e+01
1.219287508495417427e+01
1.094390564442696068e+01
1.316503233820993657e+01
1.054769113204895170e+01
1.632395498516063626e+01
1.258435521436238247e+01
1.256550895307322335e+01
1.638385593726918188e+01
1.322493329031848219e+01
1.213408648573887660e+01
1.312656108549294665e+01
1.327770463978404436e+01
1.316503233820993657e+01
1.234408340387084202e+01
1.614153373440473160e+01
1.213408648573887660e+01
1.190859983195252170e+01
1.109438347790696078e+01
1.238526983419837180e+01
1.148098212851136779e+01
1.282410999399316687e+01
1.251597756466223821e+01
1.202907517362257828e+01
1.260141355199903401e+01
1.110348839291678402e+01
1.073773764998933622e+01
1.114857195688032121e+01
1.283174870197981754e+01
1.177107365489676027e+01
1.347257815024789274e+01
1.074689999993958267e+01
1.306666013338440102e+01
1.321922081718329700e+01
1.291654076803625983e+01
1.272673913604475437e+01
1.281610447461028635e+01
1.325675218498250629e+01
1.629149446887804231e+01
1.234837845027109182e+01
1.073773764998933622e+01
1.106644757687774394e+01
1.148098212851136779e+01
1.249097180122296180e+01
1.245237818049969114e+01
1.176624639232726111e+01
1.066704905034328554e+01
1.611364197478693683e+01
1.623159351676949314e+01
1.051601143617274126e+01
1.597226470622532268e+01
1.085124591273661032e+01
1.614153373440473160e+01
1.045224057981021382e+01
1.317265310609879414e+01
1.091016389640920892e+01
1.309002444455598990e+01
1.156945540854494148e+01
1.306666013338440102e+01
1.327770463978404436e+01
1.194855302226296523e+01
1.245130460051750632e+01
1.316503233820993657e+01
1.052626716186658307e+01
1.192128844167462454e+01
1.244664216185275052e+01
1.290447309936272013e+01
1.654861052375025920e+01
1.327912176929184263e+01
1.181099800113391218e+01
1.134202833783637132e+01
1.327770463978404436e+01
1.599645493786343486e+01
1.213254998899617298e+01
1.311423630111121419e+01
1.272889227312069416e+01
1.316503233820993657e+01
1.644672605800779763e+01
1.120705577948106857e+01
1.074689999993958267e+01
1.281633566568948268e+01
1.278542754129181347e+01
1.234479363887879799e+01
1.647855370707467415e+01
1.099601127308142523e+01
1.258899582453859800e+01
1.245978139952914709e+01
1.069136668887685815e+01
1.047793192407131713e+01
1.232678601159762444e+01
1.316503233820993657e+01
1.638385593726918188e+01
1.293387510576223498e+01
1.223874152943472815e+01
1.234283140410970780e+01
1.327770463978404436e+01
1.296668186163319447e+01
1.189652556555620144e+01
1.327770463978404436e+01
1.148098212851136779e+01
1.225188705907079800e+01
1.321922081718329700e+01
1.259098718124565686e+01
1.364967116211562193e+01
1.080332529335071357e+01
1.239662273356264244e+01
1.269728399025397003e+01
1.641516056208976693e+01
1.150955445643639585e+01
1.249113806080197975e+01
1.070549758395584838e+01
1.080680095204812652e+01
1.230466610347219714e+01
1.340166370174262411e+01
1.291356963852593509e+01
1.602808171831106421e+01
1.185041630984988714e+01
1.048859494353871291e+01
1.048574055718616727e+01
1.256900255062191540e+01
1.188063258775327213e+01
1.322493329031848219e+01
1.333760559189258998e+01
1.302221517269591899e+01
1.645074383923326167e+01
1.127111388933110447e+01
1.340166370174262411e+01
1.632202417271472683e+01
1.281505792675666733e+01
1.072695000245183117e+01
1.085124591273661032e+01
1.089882208046342349e+01
1.047254387921673846e+01
1.629290994938609316e+01
1.322493329031848219e+01
1.317413725321975981e+01
1.213643821963849412e+01
1.047254387921673846e+01
1.287806085291823699e+01
1.274603795777485971e+01
1.632202417271472683e+01
1.641516056208976693e+01
1.608275549993524578e+01
1.210457948654478422e+01
1.617192026193543697e+01
1.127111388933110447e+01
1.133101484143964832e+01
1.284385529315315999e+01
1.100238946702770804e+01
1.052626716186658307e+01
1.605635588997198226e+01
1.300226517520816749e+01
1.228415889193770916e+01
1.311423630111121419e+01
1.295629137105980888e+01
1.120705577948106857e+01
1.087171536279664608e+01
1.654300059286060076e+01
1.054776280616401607e+01
1.150955445643639585e+01
1.106644757687774394e+01
1.311423630111121419e+01
1.257464856653511376e+01
1.660851147585880483e+01
1.258904844384335675e+01
1.231782223924578368e+01
1.210048448413648181e+01
1.268528920858024911e+01
1.105591222518997085e+01
1.311423630111121419e+01
1.148098212851136779e+01
1.327770463978404436e+01
1.198910205485415403e+01
1.334176274963408027e+01
1.282791490914145882e+01
1.069809060023538905e+01
1.629290994938609316e+01
1.054564150929471289e+01
1.327912176929184263e+01
1.307218374049936749e+01
1.638682510589925201e+01
1.251882180286658652e+01
1.085124591273661032e+01
1.244117902599855263e+01
1.053455326580990636e+01
1.254304537982821621e+01
1.311423630111121419e+01
1.184858264018364515e+01
1.327912176929184263e+01
1.052610063293056264e+01
1.127111388933110447e+01
1.333760559189258998e+01
1.074689999993958267e+01
1.287397415365368936e+01
1.317413725321975981e+01
1.317413725321975981e+01
1.236127918556689131e+01
1.210870438242613467e+01
1.246703652083949265e+01
1.327770463978404436e+01
1.142108117640282217e+01
1.094390564442696068e+01
1.194571146062647848e+01
1.140192928994491695e+01
1.072695000245183117e+01
1.219761646938649591e+01
1.047793192407131713e+01
1.340166370174262411e+01
1.644672605800779763e+01
1.316503233820993657e+01
1.334176274963408027e+01
1.262046167635529947e+01
1.327770463978404436e+01
1.245205778571883215e+01
1.072695000245183117e+01
1.074689999993958267e+01
1.600005175107931166e+01
1.051944951349924828e+01
1.180225634445033833e+01
1.608275549993524578e+01
1.325198374793552425e+01
1.180969001245987293e+01
1.599645493786343486e+01
1.355163098881434358e+01
1.334176274963408027e+01
1.248581545295883011e+01
1.065855993300589866e+01
1.242944892887356723e+01
1.641516056208976693e+01
1.623120100782871944e+01
1.249812189530497974e+01
1.654300059286060076e+01
1.201434610393897628e+01
1.311423630111121419e+01
1.605635588997198226e+01
1.245719502073179719e+01
1.085124591273661032e+01
1.247005332089828578e+01
1.099601127308142523e+01
1.253666112835505686e+01
1.327770463978404436e+01
1.620143468651328078e+01
1.203895760947368920e+01
1.225188705907079800e+01
1.240591035339714310e+01
1.245681700919719503e+01
1.086322624545925919e+01
1.099601127308142523e+01
1.054564150929471289e+01
1.148098212851136779e+01
1.390371840169074780e+01
1.223412627990727408e+01
1.054769113204895170e+01
1.233242008939655143e+01
1.142108117640282217e+01
1.629149446887804231e+01
1.048786185405547045e+01
1.298081275671218471e+01
1.062844107250536752e+01
1.620131955582462879e+01
1.185415027739477978e+01
1.316503233820993657e+01
1.263175326291360356e+01
1.101146726450148705e+01
1.229383804253196288e+01
1.632202417271472683e+01
1.232767405964218632e+01
1.202123780484297555e+01
1.100238946702770804e+01
1.316503233820993657e+01
1.200421657275494702e+01
1.048238069862628663e+01
1.647855370707467415e+01
1.220269130609515962e+01
1.213254998899617298e+01
1.311423630111121419e+01
1.371725106463899557e+01
1.120705577948106857e+01
1.257731143033291943e+01
1.047254387921673846e+01
1.120847290898886683e+01
1.110348839291678402e+01
1.317413725321975981e+01
1.316503233820993657e+01
1.289830779811363115e+01
1.094390564442696068e+01
1.088971716545360024e+01
1.074568680538650689e+01
1.066704905034328554e+01
1.226737050791614969e+01
1.072695000245183117e+01
1.321922081718329700e+01
1.322493329031848219e+01
1.070549758395584838e+01
1.120847290898886683e+01
1.127111388933110447e+01
1.219832407058543566e+01
1.047793192407131713e+01
1.347257815024789274e+01
1.220269130609515962e+01
1.094390564442696068e+01
1.114857195688032121e+01
1.255226636376036708e+01
1.588481834958914440e+01
1.105591222518997085e+01
1.316503233820993657e+01
1.620143468651328078e+01
1.644672605800779763e+01
1.048859494353871291e+01
1.109438347790696078e+01
1.276873946053836484e+01
1.133101484143964832e+01
1.069809060023538905e+01
1.272060495591245477e+01
1.291047896256645444e+01
1.294236422309962187e+01
1.299804876369971218e+01
1.287397415365368936e+01
1.297511915638384039e+01
1.632202417271472683e+01
1.076539853606439401e+01
1.298081275671218471e+01
1.580361915745031176e+01
1.054564150929471289e+01
1.306666013338440102e+01
1.611201930982689134e+01
1.075799155234393467e+01
1.206079613186533805e+01
1.190369702483123682e+01
1.097006484851775454e+01
1.597226470622532268e+01
1.239655412604649065e+01
1.083613204922167306e+01
1.140192928994491695e+01
1.316503233820993657e+01
1.120705577948106857e+01
1.181926826548521525e+01
1.287764777469760702e+01
1.298601868769840095e+01
1.334176274963408027e+01
1.180969001245987293e+01
1.632395498516063626e+01
1.267485657072495897e+01
1.327770463978404436e+01
1.053244483132528408e+01
1.274235013240871517e+01
1.099601127308142523e+01
1.142108117640282217e+01
1.134202833783637132e+01
1.287397415365368936e+01
1.321922081718329700e+01
1.645074383923326167e+01
1.063018784369787895e+01
1.212978036711024643e+01
1.099601127308142523e+01
1.327770463978404436e+01
1.239759448754344540e+01
1.202907517362257828e+01
1.623120100782871944e+01
1.311423630111121419e+01
1.248285468645704377e+01
1.632395498516063626e+01
1.197530338153294949e+01
1.623120100782871944e+01
1.334176274963408027e+01
1.243306910445181579e+01
1.605635588997198226e+01
1.308211612480446284e+01
1.586352010955885738e+01
1.088971716545360024e+01
1.178491221809480116e+01
1.626212322060618121e+01
1.140192928994491695e+01
1.134202833783637132e+01
1.248536771278533486e+01
1.252831962380682285e+01
1.340166370174262411e+01
1.611201930982689134e+01
1.261884813957853702e+01
1.654861052375025920e+01
1.333760559189258998e+01
1.156945540854494148e+01
1.255081512629418050e+01
1.097006484851775454e+01
1.647855370707467415e+01
1.048779017994040785e+01
1.617192026193543697e+01
1.629290994938609316e+01
1.364010426884791727e+01
1.225751742149504153e+01
1.614265645204379496e+01
1.305558923956414397e+01
1.276998328357846013e+01
1.051214153191875944e+01
1.100238946702770804e+01
1.127111388933110447e+01
1.279658470158469186e+01
1.208045477100898069e+01
