-9.915424012646467666e-02
6.025434267419672585e-01
-5.898976462717452351e-01
-3.042942175841604202e-01
-7.624100430140874352e-01
-2.387915326675288608e+00
-6.030396260906326633e-01
-9.095281606031234700e-01
7.151476483104143300e-01
-5.117029813981899267e-01
-3.661064401700130366e-01
-2.207455201238228693e+00
7.088515262357273361e-01
7.032871180998059302e-01
-1.058151309601176093e+00
3.325295607150350885e-01
6.629349613984008016e-01
1.763207984664327377e+00
-2.229225483210112824e+00
-9.054340956894996184e-01
2.786033287305410000e-01
5.681334504276555099e-03
3.887081390497752059e-02
1.036553486100227905e+00
-1.581035233108521731e-01
-7.262379919049366528e-01
-1.694496125195420477e+00
1.144518915759617617e+00
-8.959154324072975406e-01
-7.967315937809731075e-02
-1.811336630229866684e-01
3.851363756721174481e-01
-1.384334973112499645e+00
7.193765318770815875e-02
3.779879103163417131e-01
-1.111128527275771827e+00
1.381426800969754343e+00
-5.841395637769760674e-01
-6.655324997622982242e-01
1.299356550588646672e-02
-5.073492007530825409e-01
-6.713724666891540682e-01
-7.163494197230275695e-01
2.395798089581052948e-01
-1.170081769770828228e-02
1.287271817966606502e+00
1.158829284904593804e+00
1.456442601698381967e-01
7.391283340701334525e-01
-1.300425467804404267e+00
-4.556835889467384382e-01
1.249317035817858690e+00
-9.030041603164976616e-01
-5.388614167273543254e-01
1.185460940005994779e+00
1.631710059601446383e-01
-1.003404686938141221e+00
-7.796410075406114137e-02
-9.543523452931902407e-01
-9.077042061059074074e-01
3.996447538438050590e-02
-7.718279505631707726e-01
1.534024699985656826e+00
1.072198102726162450e+00
6.163178087406540051e-01
-4.908941557996061023e-01
-2.697552503927733158e-01
-5.177273015262874312e-01
6.289789158203942243e-01
3.324356237363665367e-01
-1.048591133577840284e-01
-3.797587196478899862e-01
-3.477150330188878979e-01
3.993738373352906379e-01
-8.869874805323872957e-01
8.360672270881620571e-01
2.949507202557530849e-01
-1.369006596387275065e+00
1.247256741583637529e+00
-2.527949206303694019e-01
9.369980924277514500e-01
-3.816895370252210151e-01
-4.677929969113186481e-01
-4.553926971665815948e-01
1.777997853005754525e+00
1.135774810113301614e+00
-1.108387314146268010e-01
-1.126004673373707687e+00
2.071030714550803620e-01
-2.626971550495318941e-01
-6.717558258996227938e-01
3.119265408419242269e-01
-6.374576620438808794e-01
9.413479066497232317e-01
5.408047185404274426e-01
-7.078494591514468137e-01
4.715402256954201454e-01
-1.079111003624243725e+00
5.498411292261856653e-01
-1.601592621761987578e+00
1.638172273113373267e-01
1.521460156590201285e+00
2.456249159743968846e+00
8.978188316131607838e-01
2.077469544693714698e-01
6.727804877752378010e-01
-6.143919526489164395e-01
5.981661339986906745e-01
-3.564093219065974094e-01
-8.514356405520566717e-01
4.163941639852566934e-01
-7.512706160498819896e-01
6.713890629015487610e-01
-9.468722158053380911e-01
2.178026177309761557e+00
1.321912348342138221e+00
6.999110797926653138e-01
-1.320632652773276128e+00
2.392425390932910734e-01
-2.757055521049274205e-01
-2.901303206560088555e-01
4.575723772022816660e-01
-1.260577750287558418e-01
8.549168328678112827e-01
-4.414313858635704468e-02
-1.324991000942950248e-01
-1.075167166572867705e+00
-5.281992299996269846e-01
-1.403436692901113489e-02
-4.687499996873417119e-01
-1.354131383275136491e+00
1.206411538328385546e+00
1.947556583988447471e-02
-1.732314522124210221e+00
-1.121285371137388465e+00
1.073188317253118473e+00
2.420945007184351017e+00
2.246506164885550660e+00
-1.690759594101852503e+00
1.157798987781501809e+00
1.430349260055412186e+00
1.019864801595829484e-02
-3.627371676154180213e-01
-9.340850676136521757e-01
-3.231815234606845166e-01
-9.019931618622857306e-01
7.238188178345585921e-01
-8.115087691197566677e-01
2.861744339285359762e-01
1.064281355191526224e+00
1.363686915224142870e+00
-1.146644082589008518e+00
-1.297132333237226653e+00
3.212350998386526157e-01
-1.793334996432671691e+00
-3.526633421980643890e-01
-1.081526146926089726e+00
-6.176742642357407886e-01
9.106685141143401330e-01
1.979547857469360350e+00
-1.066497891948935628e+00
-2.662934431936767599e-01
-2.319455351372479157e-01
-6.991000399867125514e-01
-8.857730049285567064e-01
1.851592283158476904e-01
-5.846700227218316614e-01
-7.053121890825096996e-01
1.602302695280764799e-01
1.142356951401189563e-01
-1.445278027948063981e-01
6.205283629965020475e-01
1.031212525139002661e-01
-4.898462069603596869e-01
-2.767295660306599014e-01
-1.235204708312441779e+00
-1.234525744302337857e+00
-4.180699799772498171e-01
4.518762333632124484e-02
2.680229970872788914e-01
2.508040298863287720e-01
1.185633146669696769e+00
-1.300444183460152558e+00
5.908237385332564262e-01
4.962263222279462704e-01
-3.832964097141014492e-01
-7.918392811424898037e-01
7.614785287106977663e-01
1.310440097470398468e+00
-1.397975223653650456e+00
-9.662571526586365422e-01
2.179238184497104061e-02
-1.248609454812639602e-01
-1.781047537045712170e+00
2.002479350058175012e-01
-7.342465688128038126e-01
-1.065753471214748727e+00
5.591820142104397817e-02
-6.071415369326955691e-01
2.335943533753401247e-01
-2.177852880968462190e-01
5.362817466571486724e-01
-1.539790522121544658e-01
-5.281082057245596317e-01
1.252448649884303711e+00
3.029433044666453023e-01
-9.062603589686860639e-01
-3.962531888293314708e-01
3.053598255006753082e+00
-9.492983615507424311e-01
-1.495272256478633599e-01
1.877743462192238422e+00
-4.445232126041301357e-01
2.056366973195837833e-01
-9.491169455308523517e-02
5.400996420955459509e-01
7.625783019167660104e-01
5.513588171966649076e-01
6.957992763598446206e-01
1.282919193755213128e-01
-1.774820847991829265e-01
-5.366788972780571765e-01
-7.260182919596240847e-01
-2.220086920201610692e+00
1.571327198236096845e-01
-3.707009422139261740e-02
-6.474072065297785672e-01
1.300625585420709385e-01
2.940591235563470018e-01
3.127514019809320978e-01
-6.045209232307990899e-01
1.115621175260811393e+00
6.798784665194040899e-01
3.717057734457189511e-02
8.594440530507284626e-01
-3.273711567959264324e-01
-1.156980405608659224e+00
-1.503621293090753985e+00
2.803863067216976646e+00
-1.673135534578308325e-01
7.714279902296907743e-01
2.014899129387387688e+00
-5.536932907450009544e-01
1.064000035688817736e+00
-1.239592476423532208e+00
1.060857915485864833e+00
-8.224857251629703603e-01
-1.968538248838042515e+00
-4.961323684324351474e-02
2.098399922988217203e-01
5.202860858408637768e-01
-1.173117489887491038e-01
-6.158877937679776426e-01
-1.054229702030730076e+00
4.248210979294560485e-01
-1.429531271340911847e+00
2.036929746500390603e+00
-6.159132726416018111e-02
-1.021708259414723319e+00
1.346620213301316926e-01
4.232732436335424897e-02
9.479289391814371690e-01
-2.068484614252600551e+00
-1.422586903015133242e+00
1.048976277870312446e+00
-1.962563676544149815e-01
-1.055934638293808847e+00
7.109514821876401491e-01
6.914253827269183361e-01
-1.464619852689841573e-01
-7.830065649005241157e-01
9.850229133783191537e-01
4.493069466373285081e-01
1.436203931342152629e+00
2.486502870322910841e+00
-3.880960264007269900e-01
-9.247586261690331488e-01
-1.084542431784351502e+00
5.549348278652372901e-01
-6.331901942477291545e-01
-1.446805159693411724e+00
5.350504431143426887e-02
1.351474197509910713e+00
-4.866336179741219126e-01
2.962774900039666370e-01
1.430921953841428396e+00
6.720173628067291904e-01
-1.385965190337731245e-01
-5.947748039317162227e-01
1.556630374596083000e+00
-2.756485330880046325e-01
-4.910964479654708059e-01
1.504068694618605040e+00
2.899024387521207946e-01
-3.312743926883358614e-01
2.818810031628390944e-01
-4.734722916363107714e-01
-1.066543153472845895e-01
-6.766578440929844618e-01
3.258533951755264724e-01
-2.733789402947189306e-01
1.051246164670927685e+00
-5.063066226145160886e-01
-2.140518160778302370e+00
-7.675522172421299638e-01
3.698204511710099229e-01
2.780135343517372015e-01
2.817305488869111141e+00
3.854950463066860733e-01
-7.984561388032364038e-01
-1.568264923882888517e+00
-9.908720803362248974e-02
3.629685172899572709e-01
8.975214004905797127e-01
-1.074760568000745486e+00
1.020640123538735899e+00
-6.709018108613247211e-01
7.683510879059667342e-01
1.160624811362714670e+00
2.506298334997014710e+00
-1.117907610971087706e+00
-1.929942525308605328e+00
1.135632262929430966e-02
-1.454634057804336633e+00
-1.390651932706874927e+00
2.389896122334068007e+00
1.170507869983370641e+00
2.590732401178788891e+00
6.572022086424993415e-01
1.604059648391361170e+00
8.097977734882950696e-01
-9.666748703009861998e-01
1.191044582765287130e+00
-7.933888102302285583e-01
5.104401826074592835e-02
-2.815263478112871032e-01
-3.914720219167762139e-01
-1.162163901183838888e-01
6.291892218707179074e-01
-2.179055412672596947e+00
-2.097868441271463491e-01
-5.529136198870094887e-01
-8.691532851795856773e-01
5.406801727998661322e-01
1.291144520843893195e+00
2.685914357059633883e-01
-1.228641291655703460e+00
-5.080053906764915306e-01
-4.324329302226780358e-01
6.756972190080270391e-01
9.333359575337699665e-01
2.763139264065314626e-01
9.026663175950643270e-01
3.323614924221486855e-01
-3.123839565084019498e-01
-1.215155018799127573e+00
1.148047269905069889e+00
-1.443531123767165421e-02
-1.249626859835667680e+00
-4.911564292117262011e-03
-3.824293672889059748e-01
-7.010873494644099813e-01
9.651986618127513795e-01
4.810423957363244712e-02
-2.761703250215701289e-01
2.038867116419459169e+00
1.066584228895306241e+00
1.398148838654430515e+00
-1.978602712659543128e+00
5.485217242210018718e-01
2.521721453266780433e+00
-7.553637312383434388e-01
-9.080039412859802761e-01
2.357721248949256609e-01
1.855606193686679117e-01
-7.193714793757945980e-01
-7.457569763331667323e-02
-1.567166382635756458e-02
1.569061007937677665e-02
2.647833514194511961e-01
-8.513159547309864239e-01
-7.777559224586079178e-01
-6.290291327596665427e-01
-2.724166083782005865e-01
2.275593065474673438e+00
-7.286151650767923593e-01
9.352582841696307492e-01
1.405582540273496051e+00
8.847767977427940522e-01
5.166149874310791423e-01
3.173342029470213044e-01
-1.321656679154338043e+00
3.662846382809116785e-01
-2.048555870468793672e-01
3.113444093215043118e-01
6.079326192622479252e-02
-3.642587791116164708e-01
-5.037271323734063833e-01
-1.378660416771084085e+00
4.779861793846781892e-01
-1.523518394244134821e+00
-6.706818838725623344e-01
-9.072554412605554619e-01
-1.713645219534172259e+00
-6.417702142316051850e-01
1.004455314859112325e-01
-1.144116261228959486e+00
-1.469908849680786611e+00
-1.616039807391546512e+00
-1.102148742361066108e-01
3.699097209578293688e-01
5.838745015322091003e-01
8.749097982161334608e-01
-7.433659114367254794e-01
5.129882246510799465e-02
4.488706780994938805e-01
1.369658637881377983e-01
-2.674270122629220925e-01
-1.428555712407404199e+00
-8.605292395427087682e-01
3.996502711763439963e-01
-5.336475052479202619e-01
1.428451893089207336e-01
-7.488834723649648861e-01
-4.236347132686820727e-01
2.137047391329878199e-01
-4.785838121036206649e-01
2.391763330894693118e-01
-1.273337884401378517e+00
-7.269621204567363604e-01
-5.034551728874960830e-01
-6.806044813107506863e-01
-4.846784510464450801e-01
-3.756848249447222732e-01
-1.540573751568143912e-01
-9.425659525884574341e-01
