2.693999999999999950e+00
2.556999999999999940e+00
2.544000000000000039e+00
2.349000000000000199e+00
2.051000000000000156e+00
2.439999999999999947e+00
2.483000000000000096e+00
2.561999999999999833e+00
2.633000000000000007e+00
2.455999999999999961e+00
2.572000000000000064e+00
2.225999999999999979e+00
2.883000000000000007e+00
2.620999999999999996e+00
2.509999999999999787e+00
2.750999999999999890e+00
2.797000000000000153e+00
2.697999999999999954e+00
2.669000000000000039e+00
2.242999999999999883e+00
2.495000000000000107e+00
2.257000000000000117e+00
2.604000000000000092e+00
2.696000000000000174e+00
2.628000000000000114e+00
2.596000000000000085e+00
2.464999999999999858e+00
2.721000000000000085e+00
2.557999999999999829e+00
2.446000000000000174e+00
2.182999999999999829e+00
2.355999999999999872e+00
2.621999999999999886e+00
2.446000000000000174e+00
2.908999999999999808e+00
2.604000000000000092e+00
2.629999999999999893e+00
2.823999999999999844e+00
2.943000000000000060e+00
2.698999999999999844e+00
2.196000000000000174e+00
2.596000000000000085e+00
2.129999999999999893e+00
2.908999999999999808e+00
2.455999999999999961e+00
2.387999999999999901e+00
2.765000000000000124e+00
2.480999999999999872e+00
2.436999999999999833e+00
2.190999999999999837e+00
2.370999999999999996e+00
2.763999999999999790e+00
2.271999999999999797e+00
2.757000000000000117e+00
2.427999999999999936e+00
2.347999999999999865e+00
2.620999999999999996e+00
2.745000000000000107e+00
2.646999999999999797e+00
2.508999999999999897e+00
2.853000000000000203e+00
2.446000000000000174e+00
2.567000000000000171e+00
2.608000000000000096e+00
2.237999999999999989e+00
2.512999999999999901e+00
2.962000000000000188e+00
2.576999999999999957e+00
2.661000000000000032e+00
2.386000000000000121e+00
2.569999999999999840e+00
2.654999999999999805e+00
2.391000000000000014e+00
2.410000000000000142e+00
2.516000000000000014e+00
2.666999999999999815e+00
2.456999999999999851e+00
2.693000000000000060e+00
2.471000000000000085e+00
2.689999999999999947e+00
2.709999999999999964e+00
2.857000000000000206e+00
2.516999999999999904e+00
2.540000000000000036e+00
2.459999999999999964e+00
2.577999999999999847e+00
2.262000000000000011e+00
2.120000000000000107e+00
2.809000000000000163e+00
2.705999999999999961e+00
2.838999999999999968e+00
2.537999999999999812e+00
2.657999999999999918e+00
2.266000000000000014e+00
2.547000000000000153e+00
2.587000000000000188e+00
2.732000000000000206e+00
2.478000000000000203e+00
2.371999999999999886e+00
2.375000000000000000e+00
2.599000000000000199e+00
2.290999999999999925e+00
2.451000000000000068e+00
2.500999999999999890e+00
2.636000000000000121e+00
2.858999999999999986e+00
2.754000000000000004e+00
2.495999999999999996e+00
2.494000000000000217e+00
2.141000000000000014e+00
2.919000000000000039e+00
2.346999999999999975e+00
2.536999999999999922e+00
2.549999999999999822e+00
2.383999999999999897e+00
2.480999999999999872e+00
2.641000000000000014e+00
2.467000000000000082e+00
2.612999999999999989e+00
2.541999999999999815e+00
2.395999999999999908e+00
2.709000000000000075e+00
2.565999999999999837e+00
2.900999999999999801e+00
2.259999999999999787e+00
2.537999999999999812e+00
2.507000000000000117e+00
2.274000000000000021e+00
2.813000000000000167e+00
2.629000000000000004e+00
2.411999999999999922e+00
2.431999999999999940e+00
2.399999999999999911e+00
2.495999999999999996e+00
2.278000000000000025e+00
2.426000000000000156e+00
2.620000000000000107e+00
2.692000000000000171e+00
2.274999999999999911e+00
2.559000000000000163e+00
2.436999999999999833e+00
2.704000000000000181e+00
2.490000000000000213e+00
2.595000000000000195e+00
2.419000000000000039e+00
2.051000000000000156e+00
2.456999999999999851e+00
2.600999999999999979e+00
2.525999999999999801e+00
2.712000000000000188e+00
2.536999999999999922e+00
2.708000000000000185e+00
2.537999999999999812e+00
2.702999999999999847e+00
2.262000000000000011e+00
2.501999999999999780e+00
2.116999999999999993e+00
2.467999999999999972e+00
2.491000000000000103e+00
2.605999999999999872e+00
2.588000000000000078e+00
2.387000000000000011e+00
2.229999999999999982e+00
2.540000000000000036e+00
2.391999999999999904e+00
2.702999999999999847e+00
2.446000000000000174e+00
2.291999999999999815e+00
2.371999999999999886e+00
2.729999999999999982e+00
2.448999999999999844e+00
2.650999999999999801e+00
3.027000000000000135e+00
2.740000000000000213e+00
2.551000000000000156e+00
2.084999999999999964e+00
2.415000000000000036e+00
2.528000000000000025e+00
2.809000000000000163e+00
2.657999999999999918e+00
2.467999999999999972e+00
2.380999999999999783e+00
2.644000000000000128e+00
2.371999999999999886e+00
2.318000000000000060e+00
2.341000000000000192e+00
2.326999999999999957e+00
2.170999999999999819e+00
2.765000000000000124e+00
2.341000000000000192e+00
2.471000000000000085e+00
2.475999999999999979e+00
2.455999999999999961e+00
2.553999999999999826e+00
2.645000000000000018e+00
2.871999999999999886e+00
2.178999999999999826e+00
2.294000000000000039e+00
2.487999999999999989e+00
2.680000000000000160e+00
2.572999999999999954e+00
2.580000000000000071e+00
2.615000000000000213e+00
2.335999999999999854e+00
2.607000000000000206e+00
2.744000000000000217e+00
2.444999999999999840e+00
2.443999999999999950e+00
2.568999999999999950e+00
2.806000000000000050e+00
2.540999999999999925e+00
2.686999999999999833e+00
2.637000000000000011e+00
2.472999999999999865e+00
2.358999999999999986e+00
2.248000000000000220e+00
2.628000000000000114e+00
2.604000000000000092e+00
2.588000000000000078e+00
2.475000000000000089e+00
2.326000000000000068e+00
2.548999999999999932e+00
2.475999999999999979e+00
2.486000000000000210e+00
2.470000000000000195e+00
2.613999999999999879e+00
2.463000000000000078e+00
2.430000000000000160e+00
2.499000000000000110e+00
2.734999999999999876e+00
2.230999999999999872e+00
2.442000000000000171e+00
2.620999999999999996e+00
2.543000000000000149e+00
2.504999999999999893e+00
2.366000000000000103e+00
2.798000000000000043e+00
2.748000000000000220e+00
2.620000000000000107e+00
2.529999999999999805e+00
2.408999999999999808e+00
2.689999999999999947e+00
2.345000000000000195e+00
2.472999999999999865e+00
2.068999999999999950e+00
2.689999999999999947e+00
2.434000000000000163e+00
2.661000000000000032e+00
2.717000000000000082e+00
2.420999999999999819e+00
2.597999999999999865e+00
2.467000000000000082e+00
2.547000000000000153e+00
2.362999999999999989e+00
2.849000000000000199e+00
2.294000000000000039e+00
2.435999999999999943e+00
2.229999999999999982e+00
2.803999999999999826e+00
2.665999999999999925e+00
2.358999999999999986e+00
2.484999999999999876e+00
2.716000000000000192e+00
2.541999999999999815e+00
2.730999999999999872e+00
2.383999999999999897e+00
2.992999999999999883e+00
2.580000000000000071e+00
2.342999999999999972e+00
2.604000000000000092e+00
2.644000000000000128e+00
2.563000000000000167e+00
2.323999999999999844e+00
2.592999999999999972e+00
2.577999999999999847e+00
2.605999999999999872e+00
2.549999999999999822e+00
2.572000000000000064e+00
2.653000000000000025e+00
2.572000000000000064e+00
2.423000000000000043e+00
2.217999999999999972e+00
2.500999999999999890e+00
2.330000000000000071e+00
2.623000000000000220e+00
2.641000000000000014e+00
2.504999999999999893e+00
2.654999999999999805e+00
2.532999999999999918e+00
2.807999999999999829e+00
2.103000000000000203e+00
2.604999999999999982e+00
2.516999999999999904e+00
2.849000000000000199e+00
2.134999999999999787e+00
2.544999999999999929e+00
2.490000000000000213e+00
2.720000000000000195e+00
2.438000000000000167e+00
2.786999999999999922e+00
2.717000000000000082e+00
2.505999999999999783e+00
2.463999999999999968e+00
1.723000000000000087e+00
2.628000000000000114e+00
2.415999999999999925e+00
2.811999999999999833e+00
2.399000000000000021e+00
2.471000000000000085e+00
2.467999999999999972e+00
2.668000000000000149e+00
2.692000000000000171e+00
2.666999999999999815e+00
2.584999999999999964e+00
2.567000000000000171e+00
2.669999999999999929e+00
2.435000000000000053e+00
2.770999999999999908e+00
2.545999999999999819e+00
2.628000000000000114e+00
2.698999999999999844e+00
2.850000000000000089e+00
2.576000000000000068e+00
2.392999999999999794e+00
2.483000000000000096e+00
2.414000000000000146e+00
2.668000000000000149e+00
2.621999999999999886e+00
2.500999999999999890e+00
2.494000000000000217e+00
2.310999999999999943e+00
2.383000000000000007e+00
2.519000000000000128e+00
2.314999999999999947e+00
2.440999999999999837e+00
2.129999999999999893e+00
2.642999999999999794e+00
2.443000000000000060e+00
2.595000000000000195e+00
2.513999999999999790e+00
2.653000000000000025e+00
2.838999999999999968e+00
2.600000000000000089e+00
2.357000000000000206e+00
2.669000000000000039e+00
2.323999999999999844e+00
2.294000000000000039e+00
2.346000000000000085e+00
2.617999999999999883e+00
2.697000000000000064e+00
2.285000000000000142e+00
2.725000000000000089e+00
2.592000000000000082e+00
2.430000000000000160e+00
1.901999999999999913e+00
2.447000000000000064e+00
2.766000000000000014e+00
2.583000000000000185e+00
2.431000000000000050e+00
2.572000000000000064e+00
2.757000000000000117e+00
2.341000000000000192e+00
2.595000000000000195e+00
2.806000000000000050e+00
2.270999999999999908e+00
2.503000000000000114e+00
2.351999999999999869e+00
2.587000000000000188e+00
1.723000000000000087e+00
2.374000000000000110e+00
2.338999999999999968e+00
3.012999999999999901e+00
2.519000000000000128e+00
2.463999999999999968e+00
2.548999999999999932e+00
2.576000000000000068e+00
2.630999999999999783e+00
2.615000000000000213e+00
2.459999999999999964e+00
2.919000000000000039e+00
2.762000000000000011e+00
2.858000000000000096e+00
1.975000000000000089e+00
2.729999999999999982e+00
2.464999999999999858e+00
2.486000000000000210e+00
2.491000000000000103e+00
2.759999999999999787e+00
2.693999999999999950e+00
2.974000000000000199e+00
2.600999999999999979e+00
2.463000000000000078e+00
2.431000000000000050e+00
2.483000000000000096e+00
2.431000000000000050e+00
2.584000000000000075e+00
2.585999999999999854e+00
2.608000000000000096e+00
2.491999999999999993e+00
2.583000000000000185e+00
2.184000000000000163e+00
2.704000000000000181e+00
2.657999999999999918e+00
2.644000000000000128e+00
2.434000000000000163e+00
2.754000000000000004e+00
2.726999999999999869e+00
2.426000000000000156e+00
2.444999999999999840e+00
2.668000000000000149e+00
2.435000000000000053e+00
2.641999999999999904e+00
2.434000000000000163e+00
2.536000000000000032e+00
2.475000000000000089e+00
2.571000000000000174e+00
2.435999999999999943e+00
2.720000000000000195e+00
2.601999999999999869e+00
2.750999999999999890e+00
2.601999999999999869e+00
2.327999999999999847e+00
2.853000000000000203e+00
2.479999999999999982e+00
2.810999999999999943e+00
2.855999999999999872e+00
2.439999999999999947e+00
2.694999999999999840e+00
2.726999999999999869e+00
2.629999999999999893e+00
2.726999999999999869e+00
2.278999999999999915e+00
2.572999999999999954e+00
2.370000000000000107e+00
2.592999999999999972e+00
2.617999999999999883e+00
