1.390100979450713581e+01
1.383011868652510579e+01
1.506413322023128032e+01
1.306369523890465878e+01
1.498694452376252606e+01
1.367006704655904059e+01
1.304335620719861666e+01
1.360367492656988020e+01
1.299369706237413702e+01
1.340305531819877771e+01
1.344454225312796325e+01
1.383011868652510579e+01
1.307735850656312238e+01
1.432017636011896045e+01
1.419499165779328109e+01
1.413263569271051523e+01
1.411796339571697700e+01
1.273820698131388518e+01
1.361833538704461510e+01
1.235687304568302203e+01
1.320601249890497542e+01
1.273820698131388518e+01
1.499795471613630404e+01
1.315934747900709922e+01
1.363436697088693883e+01
1.408286875730689758e+01
1.342501429014301806e+01
1.503107408124302324e+01
1.401769251920969239e+01
1.506413322023128032e+01
1.221163770386673164e+01
1.354922866323888897e+01
1.367006704655904059e+01
1.494297281174891978e+01
1.495397781726883046e+01
1.344454225312796325e+01
1.361833538704461510e+01
1.508609219217552067e+01
1.509711230073322241e+01
1.339014787120927252e+01
1.324244171731123032e+01
1.352726969129464862e+01
1.235687304568302203e+01
1.506413322023128032e+01
1.417831626463070549e+01
1.420842780296969465e+01
1.508609219217552067e+01
1.354922866323888897e+01
1.331668260053113428e+01
1.342501429014301806e+01
1.367006704655904059e+01
1.352726969129464862e+01
1.393204809245926157e+01
1.499802241759169519e+01
1.331668260053113428e+01
1.304335620719861666e+01
1.322374040564811537e+01
1.363376848873685887e+01
1.363436697088693883e+01
1.447729114042108378e+01
1.409237720848546616e+01
1.313727592361341934e+01
1.419991055432752347e+01
1.318130645095133957e+01
1.273651176149091491e+01
1.329284712945384150e+01
1.448621251530069287e+01
1.287946422671862479e+01
1.385207765846934613e+01
1.299369706237413702e+01
1.340305531819877771e+01
1.359637641510037476e+01
1.458150031049710549e+01
1.441078909326606805e+01
1.451484761042760141e+01
1.492822821147904477e+01
1.505303305318726359e+01
1.353316536474784826e+01
1.273651176149091491e+01
1.339413684098535207e+01
1.363436697088693883e+01
1.376053350807264763e+01
1.406579959929615598e+01
1.287188970286918277e+01
1.289534924449403519e+01
1.498694452376252606e+01
1.503107408124302324e+01
1.271429132345665103e+01
1.493193585336290496e+01
1.307107959235387362e+01
1.499802241759169519e+01
1.249547289522139870e+01
1.485998685373887085e+01
1.299290321313381646e+01
1.478869982009513961e+01
1.372368581404293764e+01
1.340305531819877771e+01
1.367006704655904059e+01
1.309069169021617896e+01
1.366333826105474358e+01
1.352726969129464862e+01
1.249707527674383556e+01
1.305833612182875214e+01
1.400633562290047252e+01
1.461029387361936571e+01
1.514125914916666460e+01
1.361833538704461510e+01
1.292915935990049547e+01
1.352658940087857253e+01
1.367006704655904059e+01
1.494297281174891978e+01
1.326275712685619013e+01
1.346287676465363248e+01
1.441338293813350901e+01
1.352726969129464862e+01
1.510813215506303209e+01
1.336653776091250734e+01
1.299369706237413702e+01
1.309772492981614356e+01
1.447997713503451678e+01
1.393291531593692412e+01
1.511915148395972430e+01
1.309952603255224446e+01
1.418418495310152849e+01
1.402254970899744535e+01
1.287403677306007133e+01
1.244718973607393231e+01
1.356007785727819481e+01
1.352726969129464862e+01
1.508609219217552067e+01
1.318840354882317278e+01
1.339449710772329993e+01
1.387987709402195335e+01
1.367006704655904059e+01
1.322797147084921576e+01
1.302914594031640760e+01
1.367006704655904059e+01
1.363436697088693883e+01
1.346465427532064396e+01
1.359637641510037476e+01
1.387089488104534496e+01
1.518663009005201303e+01
1.286291529123239918e+01
1.399656655318472787e+01
1.432196396494652291e+01
1.509711230073322241e+01
1.370172684209869729e+01
1.406141877711609567e+01
1.294249780099120528e+01
1.301565603431837914e+01
1.353187023567627634e+01
1.377003051071873685e+01
1.461970852504499874e+01
1.495392977840801407e+01
1.297521424256277101e+01
1.236293335448947595e+01
1.241026986173902280e+01
1.415893264589513123e+01
1.301050326005732316e+01
1.354922866323888897e+01
1.369202601850328094e+01
1.334763176016328146e+01
1.510821104427384043e+01
1.344454225312796325e+01
1.377003051071873685e+01
1.506405229719731942e+01
1.446664823326732474e+01
1.291730821643827731e+01
1.307107959235387362e+01
1.313090103880872839e+01
1.246218822568133255e+01
1.505311312865090478e+01
1.354922866323888897e+01
1.348483573659787282e+01
1.326753092036564396e+01
1.246218822568133255e+01
1.453911068846053567e+01
1.443389081891574577e+01
1.506405229719731942e+01
1.509711230073322241e+01
1.497599574419206370e+01
1.328011783978611149e+01
1.500896709512918292e+01
1.344454225312796325e+01
1.346650122507220360e+01
1.313040658443825315e+01
1.331613234876989615e+01
1.249707527674383556e+01
1.496493178369316013e+01
1.327124291422742175e+01
1.385939641895744501e+01
1.346287676465363248e+01
1.462382479391954249e+01
1.336653776091250734e+01
1.294575465663664637e+01
1.514118748063287434e+01
1.240995161712940487e+01
1.370172684209869729e+01
1.339413684098535207e+01
1.346287676465363248e+01
1.385351328177558017e+01
1.516321812111090495e+01
1.423843144383782899e+01
1.390008154998737666e+01
1.327506049693465684e+01
1.430673469477892823e+01
1.312148500449648481e+01
1.346287676465363248e+01
1.363436697088693883e+01
1.367006704655904059e+01
1.308966150024194519e+01
1.374807153877449650e+01
1.448174183785007685e+01
1.273820698131388518e+01
1.505311312865090478e+01
1.243222883368326315e+01
1.361833538704461510e+01
1.473924534194458857e+01
1.508617318311879174e+01
1.409593126309401967e+01
1.307107959235387362e+01
1.405183338386081715e+01
1.225327610396917954e+01
1.381918204567682551e+01
1.346287676465363248e+01
1.297307691361346471e+01
1.361833538704461510e+01
1.221163770386673164e+01
1.344454225312796325e+01
1.369202601850328094e+01
1.299369706237413702e+01
1.316644457687893244e+01
1.348483573659787282e+01
1.348483573659787282e+01
1.360375938537016438e+01
1.328521638405349137e+01
1.408412349388946438e+01
1.367006704655904059e+01
1.361240799894269671e+01
1.324244171731123032e+01
1.308730874360270491e+01
1.354854837282281288e+01
1.291730821643827731e+01
1.339610689806617927e+01
1.244718973607393231e+01
1.377003051071873685e+01
1.510813215506303209e+01
1.352726969129464862e+01
1.374807153877449650e+01
1.427850658177453269e+01
1.367006704655904059e+01
1.401301327368536676e+01
1.291730821643827731e+01
1.299369706237413702e+01
1.494293104456285626e+01
1.250811086128613425e+01
1.291881766988319669e+01
1.497599574419206370e+01
1.492446610910093341e+01
1.292761808693231274e+01
1.494297281174891978e+01
1.393789625653347208e+01
1.374807153877449650e+01
1.405480404093584923e+01
1.283446885103402835e+01
1.368793481461890238e+01
1.509711230073322241e+01
1.503099732815135070e+01
1.412314172219297603e+01
1.514118748063287434e+01
1.316971394108279370e+01
1.346287676465363248e+01
1.496493178369316013e+01
1.401935459109800419e+01
1.307107959235387362e+01
1.368642678176887628e+01
1.309952603255224446e+01
1.417180402616775226e+01
1.367006704655904059e+01
1.501998138953593731e+01
1.319960475299543745e+01
1.346465427532064396e+01
1.395635910264653035e+01
1.407134322979765884e+01
1.288487426317663953e+01
1.309952603255224446e+01
1.243222883368326315e+01
1.363436697088693883e+01
1.533982583147388823e+01
1.338871573232083634e+01
1.235687304568302203e+01
1.356724506734118663e+01
1.361240799894269671e+01
1.505303305318726359e+01
1.238799264518516452e+01
1.329643249878034972e+01
1.279843085859334906e+01
1.502005566782596091e+01
1.297956737084978585e+01
1.352726969129464862e+01
1.429286375753681781e+01
1.306606144646099033e+01
1.351804695293845526e+01
1.506405229719731942e+01
1.391205085709174583e+01
1.317806639311372408e+01
1.331613234876989615e+01
1.352726969129464862e+01
1.315746259315839239e+01
1.242994292006422086e+01
1.511915148395972430e+01
1.334946779212208057e+01
1.326275712685619013e+01
1.346287676465363248e+01
1.524396758474547298e+01
1.336653776091250734e+01
1.416941695887209818e+01
1.246218822568133255e+01
1.331480610139808185e+01
1.318130645095133957e+01
1.348483573659787282e+01
1.352726969129464862e+01
1.456159082960469320e+01
1.324244171731123032e+01
1.317333499350550419e+01
1.279419564416961030e+01
1.289534924449403519e+01
1.348432117683463716e+01
1.291730821643827731e+01
1.359637641510037476e+01
1.354922866323888897e+01
1.294249780099120528e+01
1.331480610139808185e+01
1.344454225312796325e+01
1.334403338722369980e+01
1.244718973607393231e+01
1.385207765846934613e+01
1.334946779212208057e+01
1.324244171731123032e+01
1.329284712945384150e+01
1.413785917136848624e+01
1.489898550406914346e+01
1.312148500449648481e+01
1.352726969129464862e+01
1.501998138953593731e+01
1.510813215506303209e+01
1.236293335448947595e+01
1.322374040564811537e+01
1.304173626696041843e+01
1.346650122507220360e+01
1.273820698131388518e+01
1.435138836239891447e+01
1.457491611678332433e+01
1.324928394228317963e+01
1.466673722592678075e+01
1.316644457687893244e+01
1.464336576888674912e+01
1.506405229719731942e+01
1.296445677293544740e+01
1.329643249878034972e+01
1.486603696717538270e+01
1.243222883368326315e+01
1.340305531819877771e+01
1.498700812318494080e+01
1.276016595325812553e+01
1.317541104279329645e+01
1.303758095785834925e+01
1.301486218507805859e+01
1.493193585336290496e+01
1.394494287315070480e+01
1.290248321325844216e+01
1.354854837282281288e+01
1.352726969129464862e+01
1.336653776091250734e+01
1.293887001532032954e+01
1.453864795881421657e+01
1.465453309406559868e+01
1.374807153877449650e+01
1.292761808693231274e+01
1.506413322023128032e+01
1.429345133279609215e+01
1.367006704655904059e+01
1.248414719762557290e+01
1.442950217569094917e+01
1.309952603255224446e+01
1.361240799894269671e+01
1.352658940087857253e+01
1.316644457687893244e+01
1.359637641510037476e+01
1.510821104427384043e+01
1.265886767168605687e+01
1.331133320234109974e+01
1.309952603255224446e+01
1.367006704655904059e+01
1.364903295688649720e+01
1.313727592361341934e+01
1.503099732815135070e+01
1.346287676465363248e+01
1.370202984985374428e+01
1.506413322023128032e+01
1.312266158113832404e+01
1.503099732815135070e+01
1.374807153877449650e+01
1.364063554696172886e+01
1.496493178369316013e+01
1.336959073210752358e+01
1.488799593911962305e+01
1.317333499350550419e+01
1.289777506970046517e+01
1.504209332525307907e+01
1.354854837282281288e+01
1.352658940087857253e+01
1.410710696253741858e+01
1.410781277100467079e+01
1.377003051071873685e+01
1.498700812318494080e+01
1.422204179210268293e+01
1.514125914916666460e+01
1.369202601850327916e+01
1.372368581404293764e+01
1.382771018138336316e+01
1.301486218507805859e+01
1.511915148395972430e+01
1.233491407373878168e+01
1.500896709512918292e+01
1.505311312865090478e+01
1.402721509968947089e+01
1.341806587001041962e+01
1.499795471613630404e+01
1.475761833886757302e+01
1.441254708338728108e+01
1.251743186716563905e+01
1.331613234876989615e+01
1.344454225312796325e+01
1.444469394571815357e+01
1.325038572820441019e+01
