3.213999999999999968e+00
3.170999999999999819e+00
3.319999999999999840e+00
2.665000000000000036e+00
2.604999999999999982e+00
3.345000000000000195e+00
3.108000000000000096e+00
3.222999999999999865e+00
3.697999999999999954e+00
3.132000000000000117e+00
2.951999999999999957e+00
3.168000000000000149e+00
3.120999999999999996e+00
2.777000000000000135e+00
2.724000000000000199e+00
3.237000000000000099e+00
3.507000000000000117e+00
3.197999999999999954e+00
3.222999999999999865e+00
2.847999999999999865e+00
2.724000000000000199e+00
3.020999999999999908e+00
3.154999999999999805e+00
3.033999999999999808e+00
2.879000000000000004e+00
3.217999999999999972e+00
3.150999999999999801e+00
3.262000000000000011e+00
3.245000000000000107e+00
3.450000000000000178e+00
3.089999999999999858e+00
2.353000000000000203e+00
3.237000000000000099e+00
3.450000000000000178e+00
3.725999999999999979e+00
3.087000000000000188e+00
3.230999999999999872e+00
3.113999999999999879e+00
3.024000000000000021e+00
3.419000000000000039e+00
3.214999999999999858e+00
3.265000000000000124e+00
2.918000000000000149e+00
3.725999999999999979e+00
3.141000000000000014e+00
3.291999999999999815e+00
3.265000000000000124e+00
3.230999999999999872e+00
3.120000000000000107e+00
2.737999999999999989e+00
2.628000000000000114e+00
3.458000000000000185e+00
3.091000000000000192e+00
2.125000000000000000e+00
3.254999999999999893e+00
2.915000000000000036e+00
3.491999999999999993e+00
3.555000000000000160e+00
3.178999999999999826e+00
3.162999999999999812e+00
3.435999999999999943e+00
3.216000000000000192e+00
3.351999999999999869e+00
3.084999999999999964e+00
3.326999999999999957e+00
2.814999999999999947e+00
3.278999999999999915e+00
3.172000000000000153e+00
3.032999999999999918e+00
3.548000000000000043e+00
3.091000000000000192e+00
3.326999999999999957e+00
3.039000000000000146e+00
3.579000000000000181e+00
2.716000000000000192e+00
3.467000000000000082e+00
2.571000000000000174e+00
3.325000000000000178e+00
3.463000000000000078e+00
3.443000000000000060e+00
3.093999999999999861e+00
3.049999999999999822e+00
3.294000000000000039e+00
3.119000000000000217e+00
3.520000000000000018e+00
2.650999999999999801e+00
2.866000000000000103e+00
3.080000000000000071e+00
3.197999999999999954e+00
3.072999999999999954e+00
3.391000000000000014e+00
2.741999999999999993e+00
3.427000000000000046e+00
3.133999999999999897e+00
3.375999999999999890e+00
2.918000000000000149e+00
3.242999999999999883e+00
3.447999999999999954e+00
3.101999999999999869e+00
2.875000000000000000e+00
3.254999999999999893e+00
3.217000000000000082e+00
3.099000000000000199e+00
3.253000000000000114e+00
3.314000000000000057e+00
3.431000000000000050e+00
2.998000000000000220e+00
2.831999999999999851e+00
2.970000000000000195e+00
3.004999999999999893e+00
3.495000000000000107e+00
2.875999999999999890e+00
2.843999999999999861e+00
3.341000000000000192e+00
3.255999999999999783e+00
3.303999999999999826e+00
3.121999999999999886e+00
3.310000000000000053e+00
3.226999999999999869e+00
3.172000000000000153e+00
3.470000000000000195e+00
3.172000000000000153e+00
3.137000000000000011e+00
3.095000000000000195e+00
3.097999999999999865e+00
3.145999999999999908e+00
3.238999999999999879e+00
3.126999999999999780e+00
3.412999999999999812e+00
3.620000000000000107e+00
2.871999999999999886e+00
3.418000000000000149e+00
3.217999999999999972e+00
3.188000000000000167e+00
2.801000000000000156e+00
3.144000000000000128e+00
2.830999999999999961e+00
3.306999999999999940e+00
2.807999999999999829e+00
3.387999999999999901e+00
3.294000000000000039e+00
3.222999999999999865e+00
2.795999999999999819e+00
3.044999999999999929e+00
3.306999999999999940e+00
2.604999999999999982e+00
2.980999999999999872e+00
3.616999999999999993e+00
3.016999999999999904e+00
3.185999999999999943e+00
3.307999999999999829e+00
3.422000000000000153e+00
3.478000000000000203e+00
3.285000000000000142e+00
3.032999999999999918e+00
3.028000000000000025e+00
3.003000000000000114e+00
3.475000000000000089e+00
3.108999999999999986e+00
2.794000000000000039e+00
2.908999999999999808e+00
3.060999999999999943e+00
2.927999999999999936e+00
3.158999999999999808e+00
3.398000000000000131e+00
3.285000000000000142e+00
3.092999999999999972e+00
2.991000000000000103e+00
3.072000000000000064e+00
3.164000000000000146e+00
3.214999999999999858e+00
3.180000000000000160e+00
3.450000000000000178e+00
3.244000000000000217e+00
3.076000000000000068e+00
2.982000000000000206e+00
3.153000000000000025e+00
3.249000000000000110e+00
3.197999999999999954e+00
2.741999999999999993e+00
3.209999999999999964e+00
2.838999999999999968e+00
3.531000000000000139e+00
3.072999999999999954e+00
2.903000000000000025e+00
3.261000000000000121e+00
3.095000000000000195e+00
3.580000000000000071e+00
3.265000000000000124e+00
3.294000000000000039e+00
3.186999999999999833e+00
2.928999999999999826e+00
2.798999999999999932e+00
3.241999999999999993e+00
3.129000000000000004e+00
3.189999999999999947e+00
3.137999999999999901e+00
3.004999999999999893e+00
3.229999999999999982e+00
3.205000000000000071e+00
2.976999999999999869e+00
2.983999999999999986e+00
3.092999999999999972e+00
3.306999999999999940e+00
3.141999999999999904e+00
3.255999999999999783e+00
2.774000000000000021e+00
3.419000000000000039e+00
3.148000000000000131e+00
3.255999999999999783e+00
3.137000000000000011e+00
3.060000000000000053e+00
3.415999999999999925e+00
3.052000000000000046e+00
3.458000000000000185e+00
2.951000000000000068e+00
2.939999999999999947e+00
3.343999999999999861e+00
3.020000000000000018e+00
3.420999999999999819e+00
3.016999999999999904e+00
3.471999999999999975e+00
2.960999999999999854e+00
3.154999999999999805e+00
3.419000000000000039e+00
3.056000000000000050e+00
3.064999999999999947e+00
3.499000000000000110e+00
3.225000000000000089e+00
3.262000000000000011e+00
3.134999999999999787e+00
2.998000000000000220e+00
3.471999999999999975e+00
2.722999999999999865e+00
3.150999999999999801e+00
3.048000000000000043e+00
3.325000000000000178e+00
3.109999999999999876e+00
3.281000000000000139e+00
3.020999999999999908e+00
2.990000000000000213e+00
3.033999999999999808e+00
3.479999999999999982e+00
2.907999999999999918e+00
2.896999999999999797e+00
3.067000000000000171e+00
3.081999999999999851e+00
3.354999999999999982e+00
2.721999999999999975e+00
3.043000000000000149e+00
3.023000000000000131e+00
2.717999999999999972e+00
3.322000000000000064e+00
3.343999999999999861e+00
3.447999999999999954e+00
3.213999999999999968e+00
3.310999999999999943e+00
2.927999999999999936e+00
3.435999999999999943e+00
2.994000000000000217e+00
3.458000000000000185e+00
3.205000000000000071e+00
3.379000000000000004e+00
2.947999999999999954e+00
3.194999999999999840e+00
2.873000000000000220e+00
2.576000000000000068e+00
2.983999999999999986e+00
3.411000000000000032e+00
3.154999999999999805e+00
3.248000000000000220e+00
2.958000000000000185e+00
2.823999999999999844e+00
3.499000000000000110e+00
3.576000000000000068e+00
3.040000000000000036e+00
3.003000000000000114e+00
3.133999999999999897e+00
3.056999999999999940e+00
2.821000000000000174e+00
2.861000000000000210e+00
3.036999999999999922e+00
3.120999999999999996e+00
2.907999999999999918e+00
2.908999999999999808e+00
3.278999999999999915e+00
3.214999999999999858e+00
2.912999999999999812e+00
2.779999999999999805e+00
3.254999999999999893e+00
3.174999999999999822e+00
2.793000000000000149e+00
3.165999999999999925e+00
3.447999999999999954e+00
3.072999999999999954e+00
3.165999999999999925e+00
3.083000000000000185e+00
3.701000000000000068e+00
2.959000000000000075e+00
3.317000000000000171e+00
3.358000000000000096e+00
3.112000000000000099e+00
3.285000000000000142e+00
2.616000000000000103e+00
3.354000000000000092e+00
3.166999999999999815e+00
3.345000000000000195e+00
3.471999999999999975e+00
3.362999999999999989e+00
3.479000000000000092e+00
3.092000000000000082e+00
3.359999999999999876e+00
3.137000000000000011e+00
3.345000000000000195e+00
2.919999999999999929e+00
3.338000000000000078e+00
3.052000000000000046e+00
3.176000000000000156e+00
2.821000000000000174e+00
2.862999999999999989e+00
3.463000000000000078e+00
3.326999999999999957e+00
2.963999999999999968e+00
3.373000000000000220e+00
3.032999999999999918e+00
3.326999999999999957e+00
3.603000000000000203e+00
3.384999999999999787e+00
2.915999999999999925e+00
2.923000000000000043e+00
3.063000000000000167e+00
3.044000000000000039e+00
3.281000000000000139e+00
2.986000000000000210e+00
3.255999999999999783e+00
3.043000000000000149e+00
3.633999999999999897e+00
3.286999999999999922e+00
3.555000000000000160e+00
3.096999999999999975e+00
3.338000000000000078e+00
3.391000000000000014e+00
2.712000000000000188e+00
3.091000000000000192e+00
3.604000000000000092e+00
2.823999999999999844e+00
2.846999999999999975e+00
3.245999999999999996e+00
3.196000000000000174e+00
2.983999999999999986e+00
3.177999999999999936e+00
3.003000000000000114e+00
3.455999999999999961e+00
3.031000000000000139e+00
2.580000000000000071e+00
3.123000000000000220e+00
3.133999999999999897e+00
2.740000000000000213e+00
2.822000000000000064e+00
3.528000000000000025e+00
2.125000000000000000e+00
3.024999999999999911e+00
3.015000000000000124e+00
3.680000000000000160e+00
2.955000000000000071e+00
3.180000000000000160e+00
3.294000000000000039e+00
2.761000000000000121e+00
2.616000000000000103e+00
3.419000000000000039e+00
3.345000000000000195e+00
3.160000000000000142e+00
3.414000000000000146e+00
2.991000000000000103e+00
3.414000000000000146e+00
3.482000000000000206e+00
3.278000000000000025e+00
2.996999999999999886e+00
2.984999999999999876e+00
3.495000000000000107e+00
2.970000000000000195e+00
3.208000000000000185e+00
2.708000000000000185e+00
2.927999999999999936e+00
3.259999999999999787e+00
3.172000000000000153e+00
3.343999999999999861e+00
3.196000000000000174e+00
3.285000000000000142e+00
3.729999999999999982e+00
2.883000000000000007e+00
3.109999999999999876e+00
2.918000000000000149e+00
2.561999999999999833e+00
3.126999999999999780e+00
3.169999999999999929e+00
3.008999999999999897e+00
2.064000000000000057e+00
3.290999999999999925e+00
3.299999999999999822e+00
2.956999999999999851e+00
3.395000000000000018e+00
3.216000000000000192e+00
3.092000000000000082e+00
3.081999999999999851e+00
3.032999999999999918e+00
3.119000000000000217e+00
3.206999999999999851e+00
3.020999999999999908e+00
3.400999999999999801e+00
2.960999999999999854e+00
3.189999999999999947e+00
3.190999999999999837e+00
3.164000000000000146e+00
2.939999999999999947e+00
3.323999999999999844e+00
3.063000000000000167e+00
3.701000000000000068e+00
2.819999999999999840e+00
3.237999999999999989e+00
3.404999999999999805e+00
3.049999999999999822e+00
3.436999999999999833e+00
3.021999999999999797e+00
2.902000000000000135e+00
3.289000000000000146e+00
2.834999999999999964e+00
3.253000000000000114e+00
3.119000000000000217e+00
2.674999999999999822e+00
3.383000000000000007e+00
2.741999999999999993e+00
3.068999999999999950e+00
2.807999999999999829e+00
3.152000000000000135e+00
3.104000000000000092e+00
