3.302000000000000046e+00
2.947000000000000064e+00
2.950000000000000178e+00
2.895000000000000018e+00
2.890000000000000124e+00
2.873000000000000220e+00
3.176000000000000156e+00
3.258999999999999897e+00
3.379000000000000004e+00
2.995000000000000107e+00
2.968999999999999861e+00
3.071000000000000174e+00
3.049999999999999822e+00
2.650999999999999801e+00
3.049999999999999822e+00
3.450000000000000178e+00
3.182999999999999829e+00
2.927999999999999936e+00
3.012000000000000011e+00
3.358000000000000096e+00
2.853000000000000203e+00
3.121999999999999886e+00
2.802000000000000046e+00
3.394000000000000128e+00
3.253000000000000114e+00
3.104999999999999982e+00
3.318999999999999950e+00
3.065999999999999837e+00
3.077999999999999847e+00
3.197000000000000064e+00
2.908999999999999808e+00
3.383999999999999897e+00
3.442000000000000171e+00
3.168000000000000149e+00
2.948999999999999844e+00
3.341000000000000192e+00
3.253000000000000114e+00
2.763999999999999790e+00
2.999000000000000110e+00
3.248000000000000220e+00
3.056000000000000050e+00
3.209999999999999964e+00
3.172000000000000153e+00
3.112000000000000099e+00
3.422000000000000153e+00
3.620000000000000107e+00
2.705999999999999961e+00
3.061999999999999833e+00
2.740000000000000213e+00
3.361000000000000210e+00
2.810000000000000053e+00
3.403000000000000025e+00
3.205999999999999961e+00
3.097999999999999865e+00
3.323999999999999844e+00
2.972999999999999865e+00
2.720000000000000195e+00
3.355999999999999872e+00
3.267999999999999794e+00
3.322000000000000064e+00
3.406000000000000139e+00
3.125999999999999890e+00
2.956999999999999851e+00
3.290999999999999925e+00
3.266999999999999904e+00
3.197000000000000064e+00
3.365000000000000213e+00
2.814000000000000057e+00
2.854999999999999982e+00
3.105999999999999872e+00
3.302000000000000046e+00
2.873000000000000220e+00
3.169999999999999929e+00
3.039000000000000146e+00
3.246999999999999886e+00
3.077999999999999847e+00
3.064000000000000057e+00
2.899000000000000021e+00
3.089999999999999858e+00
3.085999999999999854e+00
3.531000000000000139e+00
3.286000000000000032e+00
3.261000000000000121e+00
3.396999999999999797e+00
3.380999999999999783e+00
3.262000000000000011e+00
2.571000000000000174e+00
3.172000000000000153e+00
3.157999999999999918e+00
2.939999999999999947e+00
3.428999999999999826e+00
3.295999999999999819e+00
2.976999999999999869e+00
3.193000000000000060e+00
2.950000000000000178e+00
3.210999999999999854e+00
2.771999999999999797e+00
3.341000000000000192e+00
3.033999999999999808e+00
2.976999999999999869e+00
3.407999999999999918e+00
2.988999999999999879e+00
3.262000000000000011e+00
3.274999999999999911e+00
3.148000000000000131e+00
3.189999999999999947e+00
3.305000000000000160e+00
3.142999999999999794e+00
2.903000000000000025e+00
3.291999999999999815e+00
