1.213422981209517282e+01
1.154092351855974385e+01
1.204389948419432876e+01
1.124377546463890987e+01
1.187466350490475619e+01
1.150668002151519964e+01
1.121215318979764142e+01
1.106966829390172968e+01
1.170906146716117746e+01
1.145600453883080583e+01
1.144113921608545148e+01
1.154092351855974385e+01
1.120968558933960146e+01
1.199302108078297913e+01
1.196838531292353913e+01
1.195782261317965478e+01
1.195553614927588804e+01
1.136107352615802490e+01
1.129144150746839337e+01
1.139976300035054990e+01
1.143596794491710611e+01
1.136107352615802490e+01
1.187158980686509402e+01
1.138325835501468219e+01
1.127643071367977967e+01
1.195040618608595651e+01
1.125636086402272795e+01
1.205473012730030113e+01
1.194229730520706667e+01
1.204389948419432876e+01
1.124435624359996666e+01
1.127763091782024851e+01
1.150668002151519964e+01
1.208023221165560024e+01
1.207730656434454630e+01
1.144113921608545148e+01
1.129144150746839337e+01
1.184425580938625089e+01
1.184048736674678537e+01
1.123331294843713657e+01
1.175178788645488126e+01
1.147727459262832461e+01
1.139976300035054990e+01
1.204389948419432876e+01
1.196543319584348275e+01
1.217458020230651528e+01
1.184425580938625089e+01
1.127763091782024851e+01
1.122274843464030880e+01
1.125636086402272795e+01
1.150668002151519964e+01
1.147727459262832461e+01
1.213613936921656844e+01
1.206486084102082046e+01
1.122274843464030880e+01
1.121215318979764142e+01
1.139492897933936177e+01
1.128038968007608389e+01
1.127643071367977967e+01
1.202669359308591979e+01
1.195174708725244628e+01
1.100901377320885288e+01
1.196927294434011557e+01
1.118361468020660432e+01
1.116607760290849072e+01
1.140873956898751018e+01
1.202859939077289475e+01
1.127104309039188301e+01
1.134127984375166598e+01
1.170906146716117746e+01
1.145600453883080583e+01
1.149108518227647302e+01
1.204851801739784811e+01
1.221676529349871387e+01
1.223893531851263994e+01
1.230985882436079493e+01
1.185508645249222148e+01
1.105526320463749279e+01
1.116607760290849072e+01
1.178418753355282433e+01
1.127643071367977967e+01
1.130761850527420265e+01
1.215073475366625289e+01
1.127935028701032039e+01
1.169916071143136449e+01
1.187466350490475619e+01
1.205473012730030113e+01
1.170036987464832734e+01
1.188892881572968996e+01
1.151706356820113797e+01
1.206486084102082046e+01
1.178382212181598021e+01
1.230091156199158320e+01
1.136020348624353460e+01
1.229021342412811002e+01
1.129340890363423000e+01
1.145600453883080583e+01
1.150668002151519964e+01
1.120913694289095908e+01
1.108238154290636324e+01
1.147727459262832461e+01
1.156009213461401330e+01
1.121086309888274357e+01
1.194109569436830043e+01
1.225831136271867905e+01
1.201581866276398713e+01
1.129144150746839337e+01
1.123855530633924715e+01
1.145857790527078102e+01
1.150668002151519964e+01
1.208023221165560024e+01
1.101477900014171141e+01
1.146560396830364503e+01
1.221732442510769268e+01
1.147727459262832461e+01
1.183663884982642678e+01
1.142433440822623680e+01
1.170906146716117746e+01
1.143692852530135617e+01
1.223158886117711219e+01
1.213620206770142218e+01
1.183270968253787814e+01
1.137365892554184299e+01
1.196646198827814800e+01
1.194283162800570608e+01
1.149702697428743647e+01
1.172674295197952077e+01
1.126479484083735727e+01
1.147727459262832461e+01
1.184425580938625089e+01
1.123531769648983669e+01
1.103094061168753370e+01
1.193313731549382339e+01
1.150668002151519964e+01
1.123632427010902823e+01
1.121370836578737240e+01
1.150668002151519964e+01
1.127643071367977967e+01
1.124605993543858773e+01
1.149108518227647302e+01
1.133039382977245779e+01
1.212989430604084262e+01
1.135261575800895351e+01
1.214203175921274713e+01
1.199339641324656824e+01
1.184048736674678537e+01
1.149305257844230788e+01
1.194752241778324375e+01
1.170325180371090568e+01
1.150941779235309781e+01
1.125902473990954178e+01
1.132384115456633644e+01
1.226014994153397630e+01
1.188344102292521498e+01
1.122332798022392453e+01
1.163044872659504847e+01
1.168394633064994892e+01
1.196211599298678330e+01
1.121630298028667383e+01
1.127763091782024851e+01
1.130703634670712177e+01
1.144835876298276922e+01
1.202834296360192390e+01
1.144113921608545148e+01
1.132384115456633644e+01
1.185155477617167463e+01
1.202441403242526619e+01
1.149951703662328484e+01
1.151706356820113797e+01
1.152666299767397717e+01
1.174440877500928693e+01
1.204758842864019286e+01
1.127763091782024851e+01
1.126596029349556716e+01
1.101521265375434311e+01
1.174440877500928693e+01
1.203977292638580288e+01
1.222173918388620173e+01
1.185155477617167463e+01
1.184048736674678537e+01
1.207123348167317367e+01
1.121836981262428701e+01
1.186844121933018847e+01
1.144113921608545148e+01
1.124149554127737360e+01
1.143532074516834385e+01
1.176738272569360788e+01
1.156009213461401330e+01
1.188058853684752236e+01
1.123881433244487660e+01
1.213280489523166494e+01
1.146560396830364503e+01
1.205700945060814888e+01
1.142433440822623680e+01
1.135611239396399341e+01
1.182460709250703879e+01
1.145894755283248045e+01
1.149305257844230788e+01
1.178418753355282433e+01
1.146560396830364503e+01
1.132690892419326545e+01
1.181617498795590926e+01
1.218041834816279234e+01
1.213418318840632182e+01
1.121781585902970590e+01
1.199021290866985190e+01
1.117401525073376511e+01
1.146560396830364503e+01
1.127643071367977967e+01
1.150668002151519964e+01
1.101057872250544989e+01
1.152348482937441432e+01
1.202764497483189210e+01
1.136107352615802490e+01
1.204758842864019286e+01
1.148430265584186927e+01
1.129144150746839337e+01
1.207860274799207367e+01
1.203628252463450465e+01
1.195225783067712122e+01
1.151706356820113797e+01
1.214880530884596155e+01
1.128811802014793031e+01
1.131990226568431268e+01
1.146560396830364503e+01
1.122386014007778954e+01
1.129144150746839337e+01
1.124435624359996666e+01
1.144113921608545148e+01
1.130703634670712177e+01
1.170906146716117746e+01
1.143496137129791634e+01
1.126596029349556716e+01
1.126596029349556716e+01
1.127397428725765138e+01
1.121894142209548484e+01
1.215338828712946473e+01
1.150668002151519964e+01
1.147607438848785577e+01
1.175178788645488126e+01
1.120925584857409163e+01
1.125893423046270314e+01
1.149951703662328484e+01
1.123426235909832016e+01
1.172674295197952077e+01
1.132384115456633644e+01
1.183663884982642678e+01
1.147727459262832461e+01
1.152348482937441432e+01
1.218855615061713493e+01
1.150668002151519964e+01
1.194179403517171423e+01
1.149951703662328484e+01
1.170906146716117746e+01
1.188622092385683970e+01
1.157319253276465076e+01
1.124340096638508868e+01
1.207123348167317367e+01
1.230940047733984066e+01
1.123923501004090575e+01
1.208023221165560024e+01
1.135877632696874251e+01
1.152348482937441432e+01
1.194667407047865382e+01
1.149602040066824671e+01
1.129206027606639928e+01
1.184048736674678537e+01
1.186191707142546292e+01
1.215947085266889438e+01
1.182460709250703879e+01
1.120967760347799036e+01
1.146560396830364503e+01
1.188058853684752236e+01
1.194247878774041283e+01
1.151706356820113797e+01
1.108735499306571981e+01
1.137365892554184299e+01
1.216780845334184491e+01
1.150668002151519964e+01
1.186521716621274258e+01
1.121125788709482585e+01
1.124605993543858773e+01
1.193666686923920750e+01
1.215152319533082803e+01
1.115297208320087385e+01
1.137365892554184299e+01
1.148430265584186927e+01
1.127643071367977967e+01
1.213181366603435052e+01
1.103007052258361220e+01
1.139976300035054990e+01
1.126628345768541806e+01
1.147607438848785577e+01
1.185508645249222148e+01
1.165859122764055655e+01
1.144254909953249744e+01
1.149637977453867421e+01
1.205818403368913216e+01
1.122228606742701018e+01
1.147727459262832461e+01
1.219154322917280098e+01
1.116636947488572673e+01
1.125625837454641065e+01
1.185155477617167463e+01
1.213483237733605691e+01
1.121005317552856440e+01
1.176738272569360788e+01
1.147727459262832461e+01
1.120922521320281362e+01
1.170662618797800292e+01
1.183270968253787814e+01
1.102452033956238964e+01
1.101477900014171141e+01
1.146560396830364503e+01
1.233169115286523088e+01
1.142433440822623680e+01
1.196389463484176119e+01
1.174440877500928693e+01
1.120909589417943053e+01
1.118361468020660432e+01
1.126596029349556716e+01
1.147727459262832461e+01
1.204443769384674034e+01
1.175178788645488126e+01
1.173797729680673285e+01
1.135458291201239334e+01
1.169916071143136449e+01
1.124972063506344000e+01
1.149951703662328484e+01
1.149108518227647302e+01
1.127763091782024851e+01
1.170325180371090568e+01
1.120909589417943053e+01
1.144113921608545148e+01
1.102380325159409580e+01
1.172674295197952077e+01
1.134127984375166598e+01
1.102452033956238964e+01
1.175178788645488126e+01
1.140873956898751018e+01
1.195865580795398664e+01
1.209120894943914415e+01
1.117401525073376511e+01
1.147727459262832461e+01
1.186521716621274258e+01
1.183663884982642678e+01
1.163044872659504847e+01
1.139492897933936177e+01
1.144341913944698774e+01
1.124149554127737360e+01
1.136107352615802490e+01
1.199962640451536089e+01
1.204717427342321301e+01
1.143845800725295625e+01
1.206532791503745905e+01
1.143496137129791634e+01
1.206083633986570192e+01
1.185155477617167463e+01
1.150360812890282958e+01
1.144254909953249744e+01
1.209869548918733351e+01
1.148430265584186927e+01
1.145600453883080583e+01
1.206808489413826813e+01
1.116142985134994703e+01
1.100945986288495071e+01
1.121274427277314345e+01
1.116055981143545672e+01
1.188892881572968996e+01
1.193586987147365974e+01
1.135362233162814327e+01
1.125893423046270314e+01
1.147727459262832461e+01
1.142433440822623680e+01
1.123457551451516423e+01
1.203967631620682965e+01
1.206299448263247243e+01
1.152348482937441432e+01
1.123923501004090575e+01
1.204389948419432876e+01
1.198746525179056377e+01
1.150668002151519964e+01
1.154476510020121083e+01
1.222079553649779271e+01
1.137365892554184299e+01
1.147607438848785577e+01
1.145857790527078102e+01
1.143496137129791634e+01
1.149108518227647302e+01
1.202834296360192390e+01
1.138386381561068106e+01
1.122206842154365347e+01
1.137365892554184299e+01
1.150668002151519964e+01
1.128367227895170721e+01
1.100901377320885288e+01
1.186191707142546292e+01
1.146560396830364503e+01
1.109072056333591583e+01
1.204389948419432876e+01
1.120863739015298322e+01
1.186191707142546292e+01
1.152348482937441432e+01
1.107751180513720257e+01
1.188058853684752236e+01
1.124871508817468957e+01
1.189905181437925386e+01
1.173797729680673285e+01
1.125583743789261604e+01
1.205119845097975428e+01
1.125893423046270314e+01
1.145857790527078102e+01
1.215690261742057388e+01
1.195400211466214202e+01
1.132384115456633644e+01
1.206808489413826813e+01
1.197335821622008645e+01
1.201581866276398713e+01
1.130703634670712177e+01
1.129340890363423000e+01
1.132165709601213344e+01
1.116055981143545672e+01
1.183270968253787814e+01
1.159940667515862955e+01
1.186844121933018847e+01
1.204758842864019286e+01
1.137575451692319284e+01
1.103461868429024051e+01
1.187158980686509402e+01
1.228515024713847126e+01
1.201276466609120774e+01
1.158417844700790411e+01
1.176738272569361143e+01
1.144113921608545148e+01
1.201969548692065359e+01
1.121530681526307838e+01
