-1.095653525518470173e-01
2.509234035820804842e-01
3.745381147432676472e-01
-1.968742682134074329e+00
-1.951383760160727343e+00
1.197165541243983888e+00
2.632277350164822227e-01
1.057268199923251606e+00
3.944301967094038019e+00
1.313425229606939304e-01
-7.299651498976916786e-01
2.354025508821415147e-01
3.381422403376315167e-01
-2.464286643631675044e+00
-2.728241381227645590e+00
2.217176859963431723e-01
1.875163852186060964e+00
5.374880460476197941e-01
7.608652202888332994e-01
-1.666607837237984224e+00
-1.873268997426498883e+00
-3.267973398928255557e-01
-1.020980549054684300e-01
-2.845269092122282850e-01
-9.236321527873885273e-01
1.163330127784616003e-01
4.209869761413679856e-01
1.583272277847991849e-01
2.866915367333300879e-01
8.502086266521167168e-01
1.607286897555779692e-01
-3.427259048430316035e+00
6.272341887250146852e-01
8.263618314840228685e-01
1.869503918876172399e+00
-8.090006142373316889e-02
8.026483274566283965e-01
-2.282236201454840574e-01
-5.384851588360550778e-01
2.014768294009491534e+00
3.723428887349959915e-01
8.022979076093048612e-01
-1.203347171526181869e+00
1.891430480771519207e+00
-3.566801584866426955e-01
3.141149814301303911e-01
3.072389163969347359e-01
8.159166508148963937e-01
3.189480815935449298e-01
-1.633768538425909522e+00
-2.395325366720769455e+00
1.832188798051624490e+00
-8.375935482328815684e-01
-3.528131627222108158e+00
1.079402903844708828e+00
-7.918044151588755630e-01
1.998306774963514387e+00
2.768844383198659997e+00
5.210037671237649493e-01
-2.941792825149037727e-01
1.438474272955251765e+00
1.080887493532917132e+00
9.037942051176580671e-01
1.452611138880505748e-01
1.362172994273864735e+00
-1.343108367609729958e+00
3.961478387102475573e-01
5.594828424216754525e-01
-2.631526878482381426e-01
2.824594487065758219e+00
-7.871867909363128302e-02
1.116476731184543603e+00
-1.043664502460747157e+00
2.039924276952594262e+00
-3.069274012629588988e+00
1.236775485727165114e+00
-2.046479062003457194e+00
1.655028118863429931e+00
2.057727420844490229e+00
1.958334365937778987e+00
1.040419637009222797e-01
-1.571408390248021092e-01
3.524019051270469438e-01
2.543461198892392749e-01
2.631082576827213249e+00
-1.804146522716008949e+00
-1.216277847143540702e+00
-4.970541093749689110e-01
3.867977029444125137e-02
-3.081588199338598510e-01
6.193787383957020110e-01
-2.852910059575072488e+00
9.991631059275597471e-01
2.227820083561148634e-01
6.976245676985537436e-01
-7.556837085256115083e-01
7.073237177859819091e-01
1.749814632648549528e+00
2.330391678271326039e-01
-8.706143276491844496e-01
7.497882737302583589e-01
6.340452811895279650e-01
2.145844648531436416e-01
3.359844565022962470e-01
3.551598555551879199e-01
7.985199389561230543e-01
-3.916487448293581308e-01
-1.261957999978035483e+00
-6.602850775356227109e-01
-5.632471000985677101e-01
9.932440273348712712e-01
-7.947739060796784605e-01
-1.322057152691678228e+00
5.641633913654767740e-01
7.550354177981665194e-01
4.526954506744438333e-01
1.052576398442623545e-01
1.098679297243086772e+00
6.419754113697218045e-01
-4.661292776490172374e-01
1.446261269512360448e+00
-1.655357951596391625e-02
2.251709812040103842e-01
-6.277290783112215999e-01
-5.842176625481143581e-01
2.205460099872677826e-01
5.732780854074774890e-01
3.141082105085164500e-01
1.589284023342349084e+00
1.617609244456288398e+00
-9.636579710027057821e-01
2.219986785641439919e+00
1.353132660985355562e-01
3.719200418227218696e-01
-1.311021022173654904e+00
4.623242452707789774e-01
-1.424957264816330671e+00
1.160045623512342194e+00
-1.396504472763053784e+00
1.441793198966633049e+00
1.189965685737119250e+00
-5.109901353603106544e-02
-1.379567121157276421e+00
-1.111694549777392016e+00
6.039361193321191035e-01
-1.928952431074345331e+00
-6.393840754310733399e-01
2.576278529518437832e+00
-9.302006719991033901e-01
4.826835704954790529e-01
1.344730617342001722e+00
1.785139997828077307e+00
1.359722625974794097e+00
3.534395091360963970e-01
-1.626530308354444398e-01
-7.614952918558751671e-01
-1.000046317326120926e+00
1.668650565086027715e+00
2.644587644832873119e-01
-1.384608191358739360e+00
-8.502322160764270720e-01
-2.241483916826695899e-01
-9.899871581163097733e-01
2.714890111286566987e-01
1.656097175138586675e+00
3.743678800056244316e-01
-7.031121360023725453e-01
-8.428175347656333694e-01
-3.150033753364405720e-01
3.071917173782268695e-01
3.818770368185274156e-01
-1.292819105906169719e-01
1.980688303570527387e+00
8.951429100088735824e-01
2.912359875659110142e-01
-1.219912850079525324e+00
-3.676287465064164151e-01
3.534692353940099754e-03
6.321002519738652681e-02
-1.486438492434940750e+00
-3.831868181287255426e-02
-1.203838302854726816e+00
1.266573775973050209e+00
-1.489209686441595459e-01
-7.788634572743451390e-01
8.215904212853627486e-01
-4.807051466821976593e-01
3.253894827575670501e+00
2.833921212288408875e-01
1.184152089449843404e+00
-2.686270652371628986e-01
-9.035047559602914502e-01
-2.412940006015039884e+00
6.983936630627828324e-01
2.020226552998115876e-01
5.250631321338661978e-02
2.143396837027848056e-01
-5.245284755630408302e-01
4.357636504773713115e-01
4.997290039154768659e-01
-5.764690499309030880e-01
-6.599593679837154614e-01
-8.745768195742061879e-01
4.491970677889490782e-01
4.468573638358041000e-01
3.000052436803403166e-01
-1.317318301628696675e+00
1.632786969991186998e+00
3.682451312701836565e-01
7.267845792098213131e-01
6.350530251659634029e-01
-3.014036175794445604e-01
1.231728331809424315e+00
-1.773068784206712212e-01
8.773722176957693408e-01
-1.092125322986212677e+00
-6.815398782835023761e-01
7.348930722729889453e-01
-6.807809126067874139e-01
1.345382606537211423e+00
-6.896369914191881056e-01
1.444826564180285322e+00
-7.715840498525780022e-01
4.131434958911179289e-01
1.632786969991186998e+00
-3.674711785227328942e-02
-5.306786074727392472e-02
3.064546964469489154e+00
5.982576269726056495e-01
9.500900299631749313e-01
-1.295771936215026898e-01
-5.295333688852532639e-01
2.111116903571716552e+00
-1.714711474591643858e+00
4.386403023399961243e-01
-7.566080042929251848e-02
5.371928473138627425e-01
-3.024061059819005762e-02
8.462962315152594561e-01
-9.657861120685962142e-01
-3.830458542475242423e-01
-1.706479595990109677e-01
2.595804388338531776e+00
-8.524530186268853837e-01
-1.765422938638771866e+00
-7.402781759300200437e-02
-3.349733163725721607e-01
1.278684412160977946e+00
-1.966898359376323846e+00
-1.174417335581553479e+00
-4.725624066282965718e-01
-2.731774135354145372e+00
1.454924913913110185e+00
1.341365028721152486e+00
9.463095506319819661e-01
5.960865690821919305e-01
1.378262445444234707e+00
-1.018138124767210551e+00
1.045376652099002435e+00
-3.925204213462466507e-01
8.559466418727073034e-01
6.023621082900575407e-01
1.362472809361318316e+00
-1.454324107870335947e+00
5.628317199066004139e-01
-1.099964066255030737e+00
-2.021070119327837311e+00
-6.899819446323589567e-01
1.056065819033038977e+00
-7.126119667807903624e-02
1.053187936646456713e+00
-7.592183183247892542e-01
-1.242191943779141106e+00
1.839604925790769396e+00
3.279825518856716471e+00
1.759385445520284669e-02
-4.247556415620096781e-01
-6.203211872966766238e-01
-3.004902307687297158e-01
-1.242076096518430983e+00
-1.079608534674225018e+00
-1.644042441272300925e-01
-4.426769120860961082e-01
-1.906517463676160151e+00
-6.695078726785346213e-01
9.300621324819229319e-01
7.179459898163091935e-01
-7.637305704538301931e-01
-2.600271616190622748e+00
1.280355170848679558e+00
5.476874462266301258e-01
-1.496505636282548402e+00
2.739771102886748855e-01
9.667444976667276535e-01
-4.910190020790480836e-01
3.195714145955157459e-01
-2.129242094076535530e-01
1.786018321258152186e+00
-5.650007274846617911e-01
1.076711841845238604e+00
6.960890324071317137e-01
2.926559043080611544e-01
1.215738287634886561e+00
-1.901132173499674671e+00
7.340211718858089540e-01
5.950103308811944824e-01
1.273168868365364359e+00
1.908099760744957907e+00
1.713985983510047717e+00
2.320901843411005583e+00
-2.975383200789398774e-01
1.889243676047996257e+00
6.306723709226038643e-01
1.236628762596414299e+00
-2.036599835227245858e+00
1.181325494862947467e+00
-8.753149545752352267e-01
1.093540927014141212e-01
-1.132424888548868136e+00
-9.135175166325667506e-01
2.062298489629193377e+00
1.129745054542814930e+00
-1.470500598664226555e+00
1.494186497350266540e+00
-8.664521926541783881e-01
1.189505085494083403e+00
3.245118407036405639e+00
1.799447662683526294e+00
-1.345552405735145118e+00
-9.577438570549567931e-01
-4.996356806047711624e-02
-7.467363183558097806e-01
1.090844348067251834e+00
-5.679441556168658423e-01
1.292587716615633875e+00
-7.838983152911112029e-01
2.928783862395541338e+00
1.468876438132173945e+00
2.821100061330317210e+00
-2.536285888456966953e-03
8.302148775388069613e-01
6.020852955847200150e-01
-1.600638183089244881e+00
-9.915357425910623079e-02
1.543275086892246240e+00
-1.213345797141482940e+00
-1.971239089762364616e+00
7.453022258098239705e-01
4.742406242706556085e-01
-3.946314550458929205e-01
4.385322661126050958e-01
-1.197672351528346946e+00
1.457294479985354441e+00
-3.666230245238840113e-01
-3.610345056295830357e+00
1.053233894588289227e-01
-5.027479041379141478e-01
-1.500248797585806759e+00
-1.971326987147256071e+00
2.246712884154891121e+00
-3.550338821143109502e+00
-5.930386396182584230e-01
-4.642163070313314321e-01
1.699111624291158140e+00
-4.594992740133352904e-01
8.772785803594108645e-01
1.312667582071081585e+00
-1.364680152757279830e+00
-1.925662428402620030e+00
1.351073365611474841e+00
1.281599908479100769e+00
4.433103383806472619e-01
1.594663712389445154e+00
-5.286419697077928692e-01
1.984237915684347930e+00
1.626914581551043515e+00
3.523189684781925513e-01
-6.196044425201395756e-01
-4.415308016989838436e-01
1.017090822502965120e+00
-1.373586372736609773e+00
4.758819052958553897e-01
-2.762430882772787921e+00
-1.869338307232116581e+00
8.347951483518107896e-01
3.035704270694462026e-01
1.180387957296711532e+00
4.823663021417820551e-01
8.943030890842079694e-01
1.917038210353306349e+00
-1.003278839975592973e+00
2.640057044472889358e-01
-8.291914708702864401e-01
-2.702481181985693759e+00
2.944201002118388422e-01
8.215293057160940604e-01
-6.042005424681143877e-01
-4.841875407809158816e+00
1.422741047696049366e+00
3.022147624513678021e-01
-5.615963006665671831e-01
7.672342614814433581e-01
5.014175585209087460e-01
3.148351739302731600e-01
-3.638194630102301597e-01
-1.742224437482452482e-01
-2.466729295145870526e-01
3.341417868690858550e-01
-2.623376118460619688e-01
6.649991196191944454e-01
-5.202758323906095939e-01
4.085539764301340249e-01
-2.713613069048071424e-01
-2.083711012736714496e-01
-7.126673685168408712e-01
3.731564091691917384e-01
-8.218347942255738170e-01
1.813824610333178100e+00
-1.286709531489234726e+00
7.983587037626144189e-01
1.840888932364586728e+00
-3.308313242222565148e-03
9.408235233514087303e-01
-7.621183327859094581e-01
-9.729577882713161818e-01
2.601138813436734143e-01
-1.279669840722066798e+00
1.264222192302495884e+00
-2.286483848724902568e-01
-3.342808129728077393e+00
1.045424207675617057e+00
-2.594961338567880027e+00
-6.589537357779899907e-01
-1.405194768228211322e+00
-3.514635547449572739e-01
2.377120069380684597e-01
