1.987999999999999989e+00
2.035000000000000142e+00
2.126999999999999780e+00
1.858000000000000096e+00
2.255999999999999783e+00
1.862000000000000099e+00
1.745999999999999996e+00
2.173999999999999932e+00
1.707999999999999963e+00
1.933999999999999941e+00
1.796999999999999931e+00
1.776999999999999913e+00
1.772000000000000020e+00
1.891999999999999904e+00
1.705999999999999961e+00
1.864000000000000101e+00
1.858999999999999986e+00
1.887999999999999901e+00
1.925000000000000044e+00
1.715999999999999970e+00
1.802999999999999936e+00
1.739999999999999991e+00
2.274999999999999911e+00
1.606999999999999984e+00
1.899999999999999911e+00
1.802999999999999936e+00
1.816999999999999948e+00
2.270000000000000018e+00
1.905000000000000027e+00
2.178999999999999826e+00
1.536000000000000032e+00
1.987000000000000099e+00
2.032000000000000028e+00
2.178999999999999826e+00
2.138999999999999790e+00
1.822999999999999954e+00
2.233000000000000096e+00
2.212000000000000188e+00
2.043000000000000149e+00
1.985000000000000098e+00
1.729999999999999982e+00
1.860999999999999988e+00
1.481999999999999984e+00
2.138999999999999790e+00
1.758999999999999897e+00
1.971000000000000085e+00
2.279999999999999805e+00
1.877999999999999892e+00
1.919000000000000039e+00
1.760999999999999899e+00
1.951000000000000068e+00
2.100000000000000089e+00
1.697999999999999954e+00
1.923999999999999932e+00
1.737999999999999989e+00
1.860000000000000098e+00
2.043000000000000149e+00
1.832999999999999963e+00
1.887000000000000011e+00
1.788000000000000034e+00
1.979999999999999982e+00
1.895999999999999908e+00
1.879000000000000004e+00
1.979000000000000092e+00
1.881000000000000005e+00
1.764000000000000012e+00
1.917000000000000037e+00
1.625000000000000000e+00
2.205999999999999961e+00
1.707000000000000073e+00
1.778999999999999915e+00
1.875000000000000000e+00
1.685999999999999943e+00
1.997999999999999998e+00
1.737000000000000099e+00
2.145999999999999908e+00
2.283999999999999808e+00
1.802999999999999936e+00
1.780000000000000027e+00
1.766999999999999904e+00
1.883000000000000007e+00
1.925999999999999934e+00
1.582000000000000073e+00
1.812000000000000055e+00
1.812000000000000055e+00
2.088000000000000078e+00
2.044000000000000039e+00
1.677000000000000046e+00
1.711000000000000076e+00
1.881999999999999895e+00
2.012000000000000011e+00
1.842000000000000082e+00
1.967999999999999972e+00
1.981000000000000094e+00
1.993999999999999995e+00
1.721999999999999975e+00
1.929000000000000048e+00
1.665000000000000036e+00
1.854000000000000092e+00
2.012999999999999901e+00
2.221999999999999975e+00
1.727999999999999980e+00
2.063000000000000167e+00
1.941999999999999948e+00
2.059000000000000163e+00
2.064000000000000057e+00
1.875999999999999890e+00
1.987000000000000099e+00
1.689000000000000057e+00
1.945999999999999952e+00
2.299999999999999822e+00
1.830000000000000071e+00
2.037999999999999812e+00
1.784000000000000030e+00
1.872000000000000108e+00
2.303999999999999826e+00
2.019000000000000128e+00
1.594000000000000083e+00
2.024000000000000021e+00
1.949999999999999956e+00
1.939999999999999947e+00
2.274000000000000021e+00
2.072999999999999954e+00
1.824999999999999956e+00
2.001999999999999780e+00
1.766000000000000014e+00
1.641999999999999904e+00
1.913000000000000034e+00
2.096999999999999975e+00
2.185000000000000053e+00
1.838999999999999968e+00
1.939999999999999947e+00
1.733000000000000096e+00
1.774000000000000021e+00
1.883000000000000007e+00
1.858999999999999986e+00
2.236000000000000210e+00
2.104999999999999982e+00
1.602999999999999980e+00
2.036000000000000032e+00
2.028999999999999915e+00
1.762000000000000011e+00
1.633000000000000007e+00
1.584000000000000075e+00
1.879999999999999893e+00
2.255999999999999783e+00
1.627999999999999892e+00
1.977999999999999980e+00
1.727000000000000091e+00
1.804000000000000048e+00
1.879999999999999893e+00
1.870999999999999996e+00
2.056999999999999940e+00
2.633999999999999897e+00
1.693999999999999950e+00
1.667000000000000037e+00
1.645000000000000018e+00
1.893000000000000016e+00
1.915999999999999925e+00
2.064999999999999947e+00
1.818999999999999950e+00
1.727000000000000091e+00
2.319999999999999840e+00
1.802000000000000046e+00
1.874000000000000110e+00
2.633999999999999897e+00
1.800000000000000044e+00
1.687999999999999945e+00
1.741999999999999993e+00
1.735999999999999988e+00
1.725999999999999979e+00
2.374000000000000110e+00
1.939000000000000057e+00
2.036000000000000032e+00
1.897999999999999909e+00
1.725000000000000089e+00
1.818999999999999950e+00
1.776999999999999913e+00
1.711000000000000076e+00
2.337000000000000188e+00
2.334000000000000075e+00
1.834000000000000075e+00
2.088999999999999968e+00
1.637999999999999901e+00
1.832000000000000073e+00
1.802000000000000046e+00
1.750000000000000000e+00
1.717999999999999972e+00
2.279999999999999805e+00
1.909999999999999920e+00
1.987000000000000099e+00
2.041999999999999815e+00
1.959000000000000075e+00
1.743000000000000105e+00
1.747999999999999998e+00
2.059000000000000163e+00
1.520999999999999908e+00
1.663000000000000034e+00
1.818999999999999950e+00
2.024999999999999911e+00
1.858000000000000096e+00
2.338000000000000078e+00
1.921999999999999931e+00
1.673999999999999932e+00
1.941999999999999948e+00
1.945999999999999952e+00
1.800000000000000044e+00
1.935000000000000053e+00
2.019000000000000128e+00
1.951000000000000068e+00
1.989999999999999991e+00
2.204000000000000181e+00
2.087000000000000188e+00
1.707000000000000073e+00
1.977000000000000091e+00
1.848999999999999977e+00
2.007000000000000117e+00
1.864999999999999991e+00
2.100000000000000089e+00
1.792000000000000037e+00
1.790000000000000036e+00
1.729000000000000092e+00
1.693000000000000060e+00
1.864000000000000101e+00
1.911000000000000032e+00
2.322000000000000064e+00
1.866000000000000103e+00
1.673999999999999932e+00
1.764999999999999902e+00
1.870000000000000107e+00
1.568999999999999950e+00
1.997999999999999998e+00
2.072999999999999954e+00
2.005999999999999783e+00
1.875999999999999890e+00
1.919999999999999929e+00
1.889000000000000012e+00
1.929000000000000048e+00
1.897000000000000020e+00
1.802000000000000046e+00
1.864999999999999991e+00
1.768999999999999906e+00
1.756000000000000005e+00
2.048999999999999932e+00
1.723999999999999977e+00
2.103000000000000203e+00
2.271999999999999797e+00
1.983000000000000096e+00
2.000000000000000000e+00
1.979999999999999982e+00
1.804999999999999938e+00
1.875000000000000000e+00
1.822999999999999954e+00
1.727000000000000091e+00
2.182999999999999829e+00
1.538999999999999924e+00
1.913000000000000034e+00
2.319999999999999840e+00
1.937999999999999945e+00
1.828000000000000069e+00
1.977000000000000091e+00
1.987999999999999989e+00
1.925999999999999934e+00
1.723000000000000087e+00
1.790000000000000036e+00
1.796000000000000041e+00
2.087000000000000188e+00
2.338000000000000078e+00
1.925000000000000044e+00
2.274999999999999911e+00
1.868999999999999995e+00
2.040000000000000036e+00
2.133000000000000007e+00
1.945999999999999952e+00
1.875000000000000000e+00
1.836999999999999966e+00
1.643999999999999906e+00
1.903999999999999915e+00
1.985999999999999988e+00
2.152000000000000135e+00
1.762000000000000011e+00
1.766000000000000014e+00
2.032999999999999918e+00
1.838000000000000078e+00
1.814999999999999947e+00
1.828999999999999959e+00
1.802000000000000046e+00
1.643999999999999906e+00
1.969999999999999973e+00
2.067000000000000171e+00
1.677999999999999936e+00
1.750000000000000000e+00
1.820000000000000062e+00
2.182999999999999829e+00
1.643000000000000016e+00
1.977000000000000091e+00
1.820000000000000062e+00
2.254999999999999893e+00
1.725999999999999979e+00
2.229999999999999982e+00
1.830000000000000071e+00
1.814000000000000057e+00
1.846000000000000085e+00
2.104000000000000092e+00
1.627999999999999892e+00
2.020999999999999908e+00
1.707000000000000073e+00
2.036000000000000032e+00
1.802999999999999936e+00
1.556000000000000050e+00
2.237999999999999989e+00
1.947000000000000064e+00
2.064000000000000057e+00
2.060000000000000053e+00
1.917000000000000037e+00
1.889999999999999902e+00
1.750000000000000000e+00
1.709999999999999964e+00
1.983999999999999986e+00
1.895000000000000018e+00
1.844999999999999973e+00
1.772000000000000020e+00
1.800000000000000044e+00
1.606999999999999984e+00
1.699999999999999956e+00
1.832000000000000073e+00
1.758000000000000007e+00
1.985000000000000098e+00
1.707000000000000073e+00
2.294000000000000039e+00
2.053999999999999826e+00
1.745000000000000107e+00
1.776000000000000023e+00
1.766999999999999904e+00
2.035000000000000142e+00
1.661999999999999922e+00
1.983000000000000096e+00
2.076000000000000068e+00
1.965999999999999970e+00
1.673999999999999932e+00
1.995000000000000107e+00
2.012000000000000011e+00
1.705000000000000071e+00
1.891999999999999904e+00
2.164000000000000146e+00
2.133000000000000007e+00
1.812999999999999945e+00
1.850000000000000089e+00
1.887000000000000011e+00
1.788999999999999924e+00
1.844999999999999973e+00
2.092000000000000082e+00
2.153999999999999915e+00
1.945999999999999952e+00
2.024999999999999911e+00
2.100999999999999979e+00
2.162999999999999812e+00
2.011000000000000121e+00
1.758999999999999897e+00
1.852000000000000091e+00
1.923999999999999932e+00
1.485999999999999988e+00
1.989000000000000101e+00
2.017999999999999794e+00
1.874000000000000110e+00
2.047000000000000153e+00
1.745999999999999996e+00
1.794999999999999929e+00
2.104000000000000092e+00
1.973999999999999977e+00
1.780999999999999917e+00
1.844999999999999973e+00
1.852000000000000091e+00
1.784000000000000030e+00
1.860999999999999988e+00
1.669000000000000039e+00
1.983999999999999986e+00
2.137999999999999901e+00
1.754000000000000004e+00
2.299999999999999822e+00
1.778000000000000025e+00
2.040000000000000036e+00
1.651000000000000023e+00
1.717000000000000082e+00
2.025999999999999801e+00
1.784000000000000030e+00
1.796000000000000041e+00
2.144000000000000128e+00
2.164000000000000146e+00
2.254999999999999893e+00
1.659999999999999920e+00
1.788000000000000034e+00
1.655000000000000027e+00
1.703000000000000069e+00
1.872000000000000108e+00
1.723000000000000087e+00
1.981000000000000094e+00
1.997000000000000108e+00
1.895999999999999908e+00
2.196000000000000174e+00
1.701999999999999957e+00
2.008000000000000007e+00
1.913999999999999924e+00
1.842000000000000082e+00
2.271999999999999797e+00
1.927999999999999936e+00
1.955999999999999961e+00
1.691000000000000059e+00
1.790000000000000036e+00
2.033999999999999808e+00
1.897000000000000020e+00
1.937000000000000055e+00
2.017999999999999794e+00
1.750999999999999890e+00
1.949000000000000066e+00
2.248000000000000220e+00
1.723999999999999977e+00
2.254999999999999893e+00
1.760999999999999899e+00
1.858000000000000096e+00
1.957999999999999963e+00
1.834999999999999964e+00
2.265000000000000124e+00
1.669000000000000039e+00
2.298000000000000043e+00
1.987999999999999989e+00
2.056999999999999940e+00
2.067000000000000171e+00
1.955999999999999961e+00
1.820999999999999952e+00
1.887000000000000011e+00
1.497999999999999998e+00
1.903000000000000025e+00
1.947999999999999954e+00
1.862000000000000099e+00
2.129000000000000004e+00
