1.245767036971644437e+01
1.328250565709922526e+01
1.560026719968245779e+01
1.284727420973213263e+01
1.552733309174326060e+01
1.316167342023149978e+01
1.244415123973741721e+01
1.315907953968381250e+01
1.156302410189872809e+01
1.296406728260092578e+01
1.167831021203106445e+01
1.328250565709922526e+01
1.248412917408339240e+01
1.302163925622106433e+01
1.293076473482791933e+01
1.288273664437284793e+01
1.287110220516568049e+01
1.106375915835925738e+01
1.335213283708817222e+01
1.118741538149368253e+01
1.278993719368253323e+01
1.106375915835925738e+01
1.556109494446098829e+01
1.147051509447334006e+01
1.205704343312454618e+01
1.284270550142763767e+01
1.320705912623274081e+01
1.549191295990560668e+01
1.278759101636314277e+01
1.560026719968245779e+01
1.119483593242880559e+01
1.330234826289028405e+01
1.316167342023149978e+01
1.521780258445337530e+01
1.525090837087451590e+01
1.167831021203106445e+01
1.335213283708817222e+01
1.584325904331427104e+01
1.588006648528517850e+01
1.277425386524063455e+01
1.175370758417556161e+01
1.305935641925846724e+01
1.118741538149368253e+01
1.560026719968245779e+01
1.291813453217765506e+01
1.271410381470817796e+01
1.584325904331427104e+01
1.330234826289028405e+01
1.271451756099104280e+01
1.320705912623274081e+01
1.316167342023149978e+01
1.305935641925846724e+01
1.248718888985916742e+01
1.538662127136712598e+01
1.271451756099104280e+01
1.244415123973741721e+01
1.151883321151740702e+01
1.295323415236622466e+01
1.205704343312454618e+01
1.313629208204969956e+01
1.285048136602203250e+01
1.276885735811261924e+01
1.293446218993477714e+01
1.171350693810515509e+01
1.127402924856484745e+01
1.156861778571529520e+01
1.314313647996328704e+01
1.217274938121471806e+01
1.352549750073104029e+01
1.156302410189872809e+01
1.296406728260092578e+01
1.310914099345635542e+01
1.321976211566730974e+01
1.285981491980767188e+01
1.293997306016282245e+01
1.336005107326981367e+01
1.573490480353742349e+01
1.310866503815701556e+01
1.127402924856484745e+01
1.186340001049133086e+01
1.205704343312454618e+01
1.304769540720739052e+01
1.260372031502391543e+01
1.215085861342569018e+01
1.147594490667805545e+01
1.552733309174326060e+01
1.549191295990560668e+01
1.128305931529112094e+01
1.536342076706624660e+01
1.185162571695194700e+01
1.538662127136712598e+01
1.090294552232254688e+01
1.327655589790493806e+01
1.133369993097061013e+01
1.319595441251439105e+01
1.213939414108757298e+01
1.296406728260092578e+01
1.316167342023149978e+01
1.249910356375046483e+01
1.320170265820481070e+01
1.305935641925846724e+01
1.115438275159942805e+01
1.246210384104051805e+01
1.277763310317311074e+01
1.302064951591001574e+01
1.586528952150582406e+01
1.335213283708817222e+01
1.227954026533851639e+01
1.174198244935816504e+01
1.316167342023149978e+01
1.521780258445337530e+01
1.289147024696863753e+01
1.301103830221440028e+01
1.286173618840424204e+01
1.305935641925846724e+01
1.591722174938710133e+01
1.162115021249043956e+01
1.156302410189872809e+01
1.267417753732741659e+01
1.291233217206243467e+01
1.248799798857457333e+01
1.595472672028505379e+01
1.142354407485986556e+01
1.292259661221465628e+01
1.279181566960763838e+01
1.167749562803355445e+01
1.092124813370692493e+01
1.290070172559108030e+01
1.305935641925846724e+01
1.584325904331427104e+01
1.299290576627601901e+01
1.300325593764773302e+01
1.265766556176429347e+01
1.316167342023149978e+01
1.303292903731434826e+01
1.242656583692914118e+01
1.316167342023149978e+01
1.205704343312454618e+01
1.283142915853262700e+01
1.310914099345635542e+01
1.313849704177562572e+01
1.394585277557871272e+01
1.120939071490314376e+01
1.254532513525514403e+01
1.302290991854245661e+01
1.588006648528517850e+01
1.189640229745575795e+01
1.282492743199121144e+01
1.151878972943087653e+01
1.180601594553054312e+01
1.288056231029065479e+01
1.346182526340394148e+01
1.302905359039227662e+01
1.542801384781480856e+01
1.235359721230364194e+01
1.094053862471816885e+01
1.093135232935295420e+01
1.290326135869592328e+01
1.240256653435009859e+01
1.330234826289028405e+01
1.340466526386331481e+01
1.291845751117952190e+01
1.574959143901224756e+01
1.167831021203106445e+01
1.346182526340394148e+01
1.577068008710541669e+01
1.312819049810458338e+01
1.171893675030987048e+01
1.185162571695194700e+01
1.189859673656542149e+01
1.091621584521220889e+01
1.556380569517754431e+01
1.330234826289028405e+01
1.325403014584621531e+01
1.289577572107264025e+01
1.091621584521220889e+01
1.318482290429903259e+01
1.287704600425358770e+01
1.577068008710541669e+01
1.588006648528517850e+01
1.531810310082917326e+01
1.268331166631037377e+01
1.559518765732454249e+01
1.167831021203106445e+01
1.192130205566288126e+01
1.271132265360533786e+01
1.180624001095070597e+01
1.115438275159942805e+01
1.546079442808518856e+01
1.307437015959066429e+01
1.241619198921821265e+01
1.301103830221440028e+01
1.325619017382938658e+01
1.162115021249043956e+01
1.129085510821778904e+01
1.603079332112915267e+01
1.117912486258919813e+01
1.189640229745575795e+01
1.186340001049133086e+01
1.301103830221440028e+01
1.312352097496461489e+01
1.610828136513764264e+01
1.273594727074626931e+01
1.245677000495872022e+01
1.267890892372632017e+01
1.301208281198281824e+01
1.166653591849168059e+01
1.301103830221440028e+01
1.205704343312454618e+01
1.316167342023149978e+01
1.271604276489211394e+01
1.321883341977212467e+01
1.313970040345318324e+01
1.106375915835925738e+01
1.556380569517754431e+01
1.117434417298476923e+01
1.335213283708817222e+01
1.336450876420265566e+01
1.567422990575528452e+01
1.285337181962554176e+01
1.185162571695194700e+01
1.259223174240979581e+01
1.119448987748785918e+01
1.309471970422108278e+01
1.301103830221440028e+01
1.235045262262160826e+01
1.335213283708817222e+01
1.119483593242880559e+01
1.167831021203106445e+01
1.340466526386331481e+01
1.156302410189872809e+01
1.274991392264420398e+01
1.325403014584621531e+01
1.325403014584621531e+01
1.293177141416548359e+01
1.268772824778853447e+01
1.261858887772553395e+01
1.316167342023149978e+01
1.181405158949273115e+01
1.175370758417556161e+01
1.249533821743923667e+01
1.198497429298998007e+01
1.171893675030987048e+01
1.277894425294097047e+01
1.092124813370692493e+01
1.346182526340394148e+01
1.591722174938710133e+01
1.305935641925846724e+01
1.321883341977212467e+01
1.276463025615635161e+01
1.316167342023149978e+01
1.278350189585473728e+01
1.171893675030987048e+01
1.156302410189872809e+01
1.539555658903016955e+01
1.114991077437839273e+01
1.226052227416824181e+01
1.531810310082917326e+01
1.335527961368448580e+01
1.227677702491278744e+01
1.521780258445337530e+01
1.359756664086560640e+01
1.321883341977212467e+01
1.281937639954217367e+01
1.163747235699522520e+01
1.299264811933553965e+01
1.588006648528517850e+01
1.566437320214920881e+01
1.264952489877814301e+01
1.603079332112915267e+01
1.258149792581725812e+01
1.301103830221440028e+01
1.546079442808518856e+01
1.278903891522499237e+01
1.185162571695194700e+01
1.321842914584125772e+01
1.142354407485986556e+01
1.268684734705417938e+01
1.316167342023149978e+01
1.562961311499894101e+01
1.261035867900099738e+01
1.283142915853262700e+01
1.273237323945811461e+01
1.260824263375703147e+01
1.145238255853495879e+01
1.142354407485986556e+01
1.117434417298476923e+01
1.205704343312454618e+01
1.421775090076060977e+01
1.299861985836746570e+01
1.118741538149368253e+01
1.290580044044724595e+01
1.181405158949273115e+01
1.573490480353742349e+01
1.093613301895738310e+01
1.287422313871167034e+01
1.159888108795635908e+01
1.545647795980854688e+01
1.235993158754800980e+01
1.305935641925846724e+01
1.277484189142983517e+01
1.162092614707027671e+01
1.287061948380469190e+01
1.577068008710541669e+01
1.246829937458322846e+01
1.258967317499785032e+01
1.180624001095070597e+01
1.305935641925846724e+01
1.256934142626612250e+01
1.092634216467831898e+01
1.595472672028505379e+01
1.296654924534200681e+01
1.289147024696863753e+01
1.301103830221440028e+01
1.383834255873200902e+01
1.162115021249043956e+01
1.291133216362148772e+01
1.091621584521220889e+01
1.181160962934711200e+01
1.171350693810515509e+01
1.325403014584621531e+01
1.305935641925846724e+01
1.320316906483012964e+01
1.175370758417556161e+01
1.170392300997767343e+01
1.113365432958635637e+01
1.147594490667805545e+01
1.284602512360111071e+01
1.171893675030987048e+01
1.310914099345635542e+01
1.330234826289028405e+01
1.151878972943087653e+01
1.181160962934711200e+01
1.167831021203106445e+01
1.296202246213842812e+01
1.092124813370692493e+01
1.352549750073104029e+01
1.296654924534200681e+01
1.175370758417556161e+01
1.156861778571529520e+01
1.288684644478531460e+01
1.508861265362620863e+01
1.166653591849168059e+01
1.305935641925846724e+01
1.562961311499894101e+01
1.591722174938710133e+01
1.094053862471816885e+01
1.151883321151740702e+01
1.260428236610031760e+01
1.192130205566288126e+01
1.106375915835925738e+01
1.304385312443382894e+01
1.321423771304724326e+01
1.283137831595884926e+01
1.329485026321757779e+01
1.274991392264420398e+01
1.327357058359383579e+01
1.577068008710541669e+01
1.176178157306269334e+01
1.287422313871167034e+01
1.499506231048552607e+01
1.117434417298476923e+01
1.296406728260092578e+01
1.535219581369272568e+01
1.130675100199107241e+01
1.280830952644254062e+01
1.243707291573939777e+01
1.157669177460242693e+01
1.536342076706624660e+01
1.272167461881095107e+01
1.124941398594147302e+01
1.198497429298998007e+01
1.305935641925846724e+01
1.162115021249043956e+01
1.229644311198342876e+01
1.318444943856322205e+01
1.328367028303894415e+01
1.321883341977212467e+01
1.227677702491278744e+01
1.560026719968245779e+01
1.300262607218562394e+01
1.316167342023149978e+01
1.115920768884402570e+01
1.287375118735713286e+01
1.142354407485986556e+01
1.181405158949273115e+01
1.174198244935816504e+01
1.274991392264420398e+01
1.310914099345635542e+01
1.574959143901224756e+01
1.094194528254142362e+01
1.271001824331424679e+01
1.142354407485986556e+01
1.316167342023149978e+01
1.296423563717243965e+01
1.276885735811261924e+01
1.566437320214920881e+01
1.301103830221440028e+01
1.322984606842921451e+01
1.560026719968245779e+01
1.253364138798683136e+01
1.566437320214920881e+01
1.321883341977212467e+01
1.318540961410244350e+01
1.546079442808518856e+01
1.316144935481133693e+01
1.523805415411734110e+01
1.170392300997767343e+01
1.221751200498404444e+01
1.552768824347359988e+01
1.198497429298998007e+01
1.174198244935816504e+01
1.263692651505130193e+01
1.286297312310807861e+01
1.346182526340394148e+01
1.535219581369272568e+01
1.295094429619564025e+01
1.586528952150582406e+01
1.340466526386331481e+01
1.213939414108757298e+01
1.310178087570970540e+01
1.157669177460242693e+01
1.595472672028505379e+01
1.094442353786186750e+01
1.559518765732454249e+01
1.556380569517754431e+01
1.367991734882863319e+01
1.302193609657278550e+01
1.556109494446098829e+01
1.316281058387991543e+01
1.308794918586811740e+01
1.114593736595436191e+01
1.180624001095070597e+01
1.167831021203106445e+01
1.311168264912695669e+01
1.265710328949426078e+01
