7.299246538765205017e-01
8.922598562805599265e-01
-6.568636198365000733e-02
-3.263795885689781406e-01
8.415637657849404096e-01
-5.427593010399409668e-01
-8.640745650207357631e-01
2.124423237494271532e+00
-5.153711150963939946e-01
2.385436602142588236e-01
8.433241434558615135e-02
-1.350728267111365843e+00
-6.978785346543848744e-01
-1.128801984428331323e-01
-1.069242823667346576e+00
-1.973406626541594489e-01
-2.190464225370824802e-01
1.234532900439830660e+00
-1.496543724215348703e-01
-1.680921429168083792e-01
-7.434741974122099917e-01
1.055274817226039691e-01
9.542201779341986656e-01
-1.140937320430563506e+00
6.065906890292672715e-01
-5.108112025234466946e-01
-9.590599355662997594e-01
9.576427089521305502e-01
8.164110362778760621e-02
2.788614610444175579e-01
-1.490197517692592788e+00
4.405281622029354471e-01
9.610315801720832329e-01
4.891681108255193644e-01
2.053261665164478056e-01
2.823232984790406408e-01
2.723827104784941611e+00
3.674087327936069181e-01
-7.617711632512029762e-01
7.787461261805875834e-01
-4.924015442693506217e-01
-4.697749419760269274e-01
-1.856458333026567376e+00
1.322346751502417525e-02
-7.853483724269948452e-01
4.979553726693325411e-01
8.337467013123730508e-01
-5.178546089142590514e-01
2.823990361629166168e-01
-1.421569794333326087e+00
2.312179100728166681e-01
1.673799121084118546e+00
-8.807057723349502876e-01
-1.228049089856446896e+00
-1.122704520870931644e+00
1.091619925526451408e-02
2.165348107260136601e+00
-5.749100508660235365e-01
5.039063977267941308e-01
-7.437098905290220330e-01
4.796901275195922243e-01
5.762745256153729151e-02
-1.405760700469535773e-01
1.492839721888177262e+00
1.026454958259344741e+00
-8.382334007623090666e-02
-3.456442541793710438e-02
-1.543811672129405954e+00
2.320015609730678552e+00
-5.229798626104593673e-01
-1.080598954911956788e+00
-3.896860256621685892e-01
-1.321838418471057430e+00
5.802124736525013926e-01
-9.126225906522246190e-01
1.216578477353242205e+00
9.211168692430223848e-01
-9.210805591524474645e-01
2.502932221659406875e-01
-2.890259708476923817e-01
4.724263937525586265e-01
9.387346175491510791e-02
-1.521767817254864985e+00
-1.471835638960760362e-01
3.619260672218336250e-01
-2.795414409936739508e-01
-5.419858278927339734e-01
-5.361831466347517505e-01
-2.445064296878336485e+00
6.431810790233968289e-01
-6.860508860456485669e-01
1.039767084348589776e+00
1.891448999997680236e-01
1.785581693325866359e+00
3.825881137634366547e-01
-8.093464717389232677e-01
1.945988508731351374e-01
-2.150896948703832745e+00
-7.668177269030164445e-02
6.979556597161938880e-01
2.848512289008022780e+00
-5.098391262710905147e-02
1.666006403245841261e+00
2.975566806645553730e-01
8.596854661720650936e-01
-6.197546517514769260e-01
-5.746911458418503260e-01
1.159321016318104913e+00
-7.596584674458997100e-01
1.869592108223142590e-01
1.317010084711748075e+00
-5.527902879549331239e-01
1.136058181239022469e+00
-6.229242327887387631e-01
-3.757459568524102456e-01
9.604062454711077557e-01
1.890218398083553408e+00
-1.359481728487880847e+00
1.276256580092955506e+00
2.737743641184344767e-01
4.361322334138761914e-01
7.308443136057422018e-01
2.488242148908763163e+00
-4.327058197015409280e-01
6.389590344721481907e-01
-1.551552732363782328e-01
-5.206589114130969476e-01
9.703840049472943485e-02
1.645593730581893732e+00
1.854378578016676327e-01
-6.035430766208891296e-01
2.402705497688806813e-01
-7.873235897229906577e-01
-1.279089543297090348e+00
-2.602133935809742282e-01
1.598414634218929195e-02
2.905246262285948511e+00
2.301056888817696766e+00
-2.182813996747689167e+00
1.039547557018222657e+00
8.791892215011781753e-01
-1.301876463635988079e+00
-7.699281316552868404e-01
-1.481784289005220190e+00
-1.808082590791146860e-01
6.476054875340563344e-01
-1.304812330705263923e+00
4.812703353155352581e-01
-3.364062826162376174e-01
4.659946823928100279e-02
-1.520398145308998195e-01
-7.049513375314826469e-01
8.432960450976124678e-01
3.673578515493651775e+00
-1.181632592009070448e+00
-3.499288970159113998e-01
-5.062276347434243595e-01
-4.593039636826917044e-02
4.877017802200172558e-01
1.153192237698926093e+00
-1.099753727923528990e+00
-1.466722911814517527e+00
1.164926407865749303e+00
1.222284990624930984e-01
-6.792401939474006500e-01
3.485155885245536211e+00
-6.749167512779201683e-01
-7.856935777967667400e-01
-4.744962943253642762e-01
-5.566290685809768268e-01
1.151828429869585779e-01
1.650914472588680404e+00
1.307928445842852956e-02
9.241173265433121342e-01
-1.975186690805282724e-02
1.075092779881193228e-01
-6.012639739038810882e-01
-6.683068816930128886e-01
-2.669004864918249176e+00
1.213241377432332957e+00
1.501010574694538136e+00
-3.685419818366675870e-01
-3.103887750176089755e-01
-1.076052853525754305e+00
1.745861215419566292e-01
-6.891532146426866401e-01
-3.779263773224267320e-01
-1.276295852682126919e-01
1.044053351093474857e+00
-5.942439306951367850e-02
7.455638277083782572e-01
1.172810554053654197e+00
1.475663360361718079e-01
-2.779073140291606903e-01
-6.008385029181611322e-04
-7.427403825835110496e-01
-1.582604488646596863e+00
-1.058060427775575629e+00
1.225908748642876439e-01
1.017017781008273225e+00
-5.046464568019548569e-01
1.094836911163928228e+00
2.048216108129066182e-01
-9.878066946265600112e-01
4.951969687222906868e-01
1.990763480576088207e-01
1.156272086747322653e-01
2.099228547994758109e-01
1.573047397855261043e+00
2.312179100728166681e-01
8.631088144414664765e-01
2.544752175488329993e+00
9.675033929229247542e-01
-1.359974149658947917e-01
-1.001404977580822697e+00
8.896359884495292913e-01
5.814726564286541999e-01
-4.413795564280021400e-01
-2.825817774951792649e-01
-5.756436659398197486e-01
-9.918379621846314109e-02
-7.743417283079795377e-01
-3.482364885597022397e-01
-4.362059335183809394e-01
-2.579070368040505120e-04
4.078317617296539410e+00
-6.603392310757889572e-01
-4.914213677884496367e-01
-1.561797799963981215e-01
-6.679760850673693851e-01
-1.538287511195333135e+00
9.797931791374779875e-01
1.266039579471488929e+00
6.505638209943943595e-01
-2.214492474365692964e-01
3.101839642682886478e-01
7.907903440187814825e-02
3.717007422753169921e-02
7.596528063527043795e-01
7.056454882494204994e-02
1.265835189575451047e-02
-3.494466807491641291e-01
-2.647516890500558606e-01
1.313352795587338084e+00
9.600383071565622706e-02
1.381398591977254897e+00
7.376172861105158018e-01
5.981699095648388420e-01
6.242899808199386946e-01
5.241672100823135949e-01
-1.022998419992227070e+00
-8.470410046170778751e-02
2.647602165073770220e-01
-3.701205815696227974e-01
4.182100374239399176e-01
-1.434981666134923950e+00
5.680314212381564198e-01
1.402189838807052391e+00
-2.464913279021263212e-02
-1.160782565290729151e-01
-8.111474945803236469e-01
2.143291259861922482e-01
-3.469066368061128613e-02
-9.233221110857789959e-01
6.403837687103121346e-02
-8.893686294932894310e-01
-4.799612053292748315e-01
1.338929658182272497e+00
2.666830608147262027e-01
6.959461100298054426e-01
-1.914815455550662737e-02
1.154427043796069752e+00
5.041560217121138915e-02
3.146292142550276560e-01
5.856375874396814174e-01
-7.388762842712334189e-01
-8.484691781816726674e-01
1.281831986932308876e-01
5.436091963207477784e-01
8.297997898229556024e-02
-8.662592701546034668e-01
-9.987423934160920558e-01
8.533142571567446932e-01
-1.986853511729067823e-01
3.855502983440836640e-01
5.137173832478709734e-01
5.121404129730180443e-01
-1.309425246304262158e+00
-2.868514792035162797e-01
1.305558700050925669e+00
-4.557853078561238114e-01
-1.173778050640154280e+00
1.605904459752587887e-01
2.316118966796702761e-01
-5.246299328086831970e-01
6.918548626332492457e-01
3.322108202869883953e-01
8.736434793948821831e-01
-9.509859666685394064e-01
2.927424516163613433e+00
-3.288365214570631023e-01
2.552817615439026411e-01
-4.127124320142145919e-01
-3.096251742542321939e-01
-1.225304058975152488e+00
1.215495743536220807e+00
-7.083527617955258648e-01
1.079209911162546387e+00
-5.242892273498139799e-01
-1.145103660812529123e+00
4.830641253947807190e-01
3.243781461951397715e-01
1.358677264329607004e+00
1.338920890838455779e+00
-3.947314426164282297e-01
8.447229759484481404e-01
-8.294053467884436870e-01
-7.162222010448628280e-03
1.462435120021014168e+00
8.169980600176427465e-01
-7.608338168233711452e-01
-1.213974185299546482e+00
-7.137610703310364180e-01
-1.410937741613414786e+00
-6.835296862443741572e-01
7.477058795042678119e-01
-6.397605543470524792e-02
7.259425541467982024e-01
-6.418124659884676397e-01
3.527354906579681870e+00
1.051338380857518517e+00
-1.976024324676288191e-01
-1.708919187249353100e-01
-1.412503744788335402e-01
1.059773078825025916e+00
-3.724936912303652425e-01
2.268048240446833008e-01
1.406476616394334744e+00
1.421873468767766102e+00
-7.411281418399409127e-01
5.485947558815016389e-01
-5.221842392829136870e-01
-5.891162155168764292e-01
-2.036330475776522153e-01
1.626414895622434742e-01
-2.005610816563197785e-01
7.779843853907139062e-01
6.064075405835822608e-01
1.157477897752739460e-01
-1.529330482610144759e-01
8.988215500834269012e-01
1.047621977569352492e+00
1.342005749686578930e+00
4.500985789672750093e-01
5.143207840792497487e-01
1.929734727106185543e+00
1.367568580723502292e+00
-9.035036907612015167e-01
-2.740412595732393819e-01
-3.988812659357343637e-01
-1.012741712452511988e+00
-1.819313049136570326e+00
7.280242327002648395e-01
-6.294508002790412116e-01
9.477334305052028673e-01
1.274723976296156192e+00
-8.588668983356864128e-01
1.431389712283759885e-01
-8.568460621431939206e-02
5.114743290599578218e-01
2.757184486564642212e-01
2.285135208573227106e-01
-5.463731719177078450e-01
2.779373801108765002e-02
1.274614923043835835e-01
-1.390215107035418729e+00
2.786128194296040861e-01
1.906851115315795431e+00
-6.809960906574569206e-01
1.106703434930646379e+00
-7.280235896369743331e-01
1.034419119782939545e+00
-6.355304389043717750e-01
-9.827071412962760100e-01
2.092336046467205612e+00
-1.125679831467396308e-01
3.043331419580470182e-02
2.337768146419166193e+00
2.243651015920983038e+00
7.124685331058232540e-01
-3.848805645230710115e-01
-7.425324531307295750e-01
-7.707662783075780455e-01
-1.852042807038390970e+00
-2.770128290860804920e-01
-1.274052219341711867e+00
-1.031955862720328465e+00
7.627285304998974169e-01
-2.815313016253734313e-01
3.929690300582236451e-01
-1.255601965457858959e+00
-8.638419355336611760e-01
-1.396479621281688510e-01
-6.755768548307216070e-01
9.885939699380470458e-01
2.857070824862009001e-02
-9.515450172246296967e-01
-7.516190011307966046e-01
-3.649312458549130445e-01
-6.250490492857471159e-01
6.352835290533628276e-01
1.131223567184775458e+00
8.136570394384817773e-01
-7.990748389041100186e-01
-2.562148723025755442e-02
8.828840195780898181e-01
-9.862727384210258075e-01
6.488493768585255062e-01
-1.578998570978929594e+00
2.169844450900608179e-01
3.149541695886622916e-01
4.484218099154029802e-01
6.685975999589612861e-01
-3.379575584017119327e-01
1.095517733143223094e+00
-9.332491271801076627e-01
7.782712460320585501e-01
1.288404470185707140e+00
-1.129176159177773586e+00
-5.789677118922818000e-01
-1.753048223092847913e-01
-1.715761553746062651e+00
8.514467533427774182e-01
1.266261732318077371e+00
-3.270517961919114369e-01
2.095021252467100581e+00
