2.669999999999999929e+00
2.376999999999999780e+00
2.887999999999999901e+00
2.704000000000000181e+00
2.854000000000000092e+00
2.521999999999999797e+00
2.858999999999999986e+00
2.890000000000000124e+00
2.928999999999999826e+00
2.480999999999999872e+00
2.569999999999999840e+00
2.924999999999999822e+00
2.194999999999999840e+00
2.314000000000000057e+00
2.786999999999999922e+00
2.967999999999999972e+00
2.793000000000000149e+00
2.931000000000000050e+00
2.446000000000000174e+00
2.686999999999999833e+00
2.479999999999999982e+00
2.705000000000000071e+00
2.677000000000000046e+00
2.875000000000000000e+00
2.265000000000000124e+00
2.342000000000000082e+00
2.447000000000000064e+00
2.454000000000000181e+00
2.799999999999999822e+00
2.879000000000000004e+00
2.859999999999999876e+00
2.831999999999999851e+00
2.883000000000000007e+00
2.736000000000000210e+00
2.919999999999999929e+00
2.593999999999999861e+00
2.577999999999999847e+00
2.761000000000000121e+00
2.680000000000000160e+00
2.931000000000000050e+00
2.462000000000000188e+00
2.540999999999999925e+00
2.943999999999999950e+00
2.717000000000000082e+00
2.838999999999999968e+00
2.978000000000000203e+00
2.512000000000000011e+00
2.649999999999999911e+00
2.612999999999999989e+00
2.661999999999999922e+00
2.463000000000000078e+00
2.692000000000000171e+00
2.633999999999999897e+00
2.624000000000000110e+00
2.838999999999999968e+00
2.301000000000000156e+00
2.716000000000000192e+00
3.049999999999999822e+00
2.923999999999999932e+00
2.584999999999999964e+00
2.984999999999999876e+00
2.346000000000000085e+00
2.737999999999999989e+00
2.689000000000000057e+00
2.486000000000000210e+00
2.541999999999999815e+00
2.730999999999999872e+00
2.601999999999999869e+00
2.446000000000000174e+00
2.438000000000000167e+00
2.742999999999999883e+00
2.512000000000000011e+00
2.806999999999999940e+00
2.463999999999999968e+00
2.958000000000000185e+00
2.629000000000000004e+00
2.642999999999999794e+00
2.228000000000000203e+00
2.579000000000000181e+00
2.349000000000000199e+00
2.686999999999999833e+00
2.572999999999999954e+00
2.611000000000000210e+00
2.612999999999999989e+00
2.412999999999999812e+00
2.967999999999999972e+00
2.439000000000000057e+00
2.763999999999999790e+00
2.580999999999999961e+00
2.322000000000000064e+00
2.447000000000000064e+00
2.628000000000000114e+00
2.580999999999999961e+00
2.447999999999999954e+00
2.649000000000000021e+00
2.652000000000000135e+00
2.826000000000000068e+00
2.387999999999999901e+00
2.765000000000000124e+00
2.810000000000000053e+00
2.584999999999999964e+00
3.206999999999999851e+00
2.576999999999999957e+00
2.799999999999999822e+00
2.641999999999999904e+00
2.629000000000000004e+00
2.478000000000000203e+00
2.293000000000000149e+00
2.509999999999999787e+00
2.609999999999999876e+00
