2.032000000000000028e+00
2.733999999999999986e+00
2.601999999999999869e+00
2.213000000000000078e+00
2.553999999999999826e+00
2.375999999999999890e+00
2.533999999999999808e+00
2.766000000000000014e+00
2.661000000000000032e+00
2.491999999999999993e+00
2.286999999999999922e+00
2.434000000000000163e+00
3.024000000000000021e+00
2.708000000000000185e+00
2.588000000000000078e+00
2.428999999999999826e+00
2.467999999999999972e+00
2.690999999999999837e+00
2.529999999999999805e+00
2.270000000000000018e+00
2.722999999999999865e+00
2.697000000000000064e+00
2.460999999999999854e+00
2.910000000000000142e+00
2.717999999999999972e+00
2.511000000000000121e+00
2.585999999999999854e+00
2.967999999999999972e+00
2.790000000000000036e+00
2.601999999999999869e+00
2.323999999999999844e+00
2.607000000000000206e+00
2.592000000000000082e+00
2.601999999999999869e+00
2.761000000000000121e+00
2.611000000000000210e+00
2.821000000000000174e+00
2.717999999999999972e+00
2.862999999999999989e+00
2.927000000000000046e+00
2.533999999999999808e+00
2.511000000000000121e+00
2.270999999999999908e+00
2.761000000000000121e+00
2.770999999999999908e+00
2.697999999999999954e+00
2.809000000000000163e+00
2.452999999999999847e+00
2.455999999999999961e+00
2.052000000000000046e+00
2.442000000000000171e+00
2.593999999999999861e+00
2.563000000000000167e+00
2.467999999999999972e+00
2.363999999999999879e+00
2.266999999999999904e+00
3.033999999999999808e+00
2.869000000000000217e+00
2.749000000000000110e+00
2.498000000000000220e+00
2.640000000000000124e+00
2.669999999999999929e+00
2.591000000000000192e+00
2.447999999999999954e+00
2.782000000000000028e+00
2.450000000000000178e+00
2.931000000000000050e+00
2.283999999999999808e+00
2.795999999999999819e+00
2.674999999999999822e+00
2.532999999999999918e+00
2.855999999999999872e+00
2.366000000000000103e+00
2.959999999999999964e+00
2.721000000000000085e+00
3.076000000000000068e+00
2.439000000000000057e+00
2.632000000000000117e+00
2.745000000000000107e+00
2.283999999999999808e+00
2.649000000000000021e+00
2.821000000000000174e+00
2.495999999999999996e+00
2.382000000000000117e+00
2.589999999999999858e+00
2.314000000000000057e+00
2.759999999999999787e+00
2.249000000000000110e+00
2.963000000000000078e+00
2.466000000000000192e+00
2.959999999999999964e+00
2.583000000000000185e+00
2.817000000000000171e+00
2.535000000000000142e+00
2.829000000000000181e+00
2.391999999999999904e+00
2.733999999999999986e+00
2.821000000000000174e+00
2.830999999999999961e+00
2.613999999999999879e+00
2.472999999999999865e+00
2.599000000000000199e+00
2.815999999999999837e+00
2.887000000000000011e+00
2.706999999999999851e+00
2.883999999999999897e+00
2.920999999999999819e+00
2.612000000000000099e+00
2.438000000000000167e+00
2.642999999999999794e+00
2.615000000000000213e+00
2.673999999999999932e+00
2.680000000000000160e+00
2.491000000000000103e+00
2.551000000000000156e+00
2.740000000000000213e+00
2.509999999999999787e+00
2.383000000000000007e+00
2.763999999999999790e+00
2.571000000000000174e+00
2.517999999999999794e+00
2.943999999999999950e+00
2.793000000000000149e+00
2.732000000000000206e+00
2.580000000000000071e+00
2.229999999999999982e+00
2.153999999999999915e+00
2.169000000000000039e+00
2.350999999999999979e+00
2.978000000000000203e+00
2.640000000000000124e+00
2.528000000000000025e+00
2.894000000000000128e+00
2.896999999999999797e+00
2.543000000000000149e+00
2.500000000000000000e+00
2.460999999999999854e+00
2.575000000000000178e+00
2.310999999999999943e+00
2.956999999999999851e+00
2.653000000000000025e+00
2.677999999999999936e+00
2.206999999999999851e+00
2.801000000000000156e+00
2.849000000000000199e+00
2.553999999999999826e+00
2.630999999999999783e+00
2.758999999999999897e+00
2.726999999999999869e+00
2.713999999999999968e+00
2.367999999999999883e+00
2.619000000000000217e+00
2.809000000000000163e+00
2.826000000000000068e+00
2.411999999999999922e+00
2.665999999999999925e+00
2.479999999999999982e+00
2.649000000000000021e+00
2.173000000000000043e+00
2.690999999999999837e+00
2.541999999999999815e+00
2.850000000000000089e+00
2.362999999999999989e+00
2.694999999999999840e+00
2.516999999999999904e+00
2.826000000000000068e+00
2.576000000000000068e+00
2.282999999999999918e+00
2.857000000000000206e+00
2.838000000000000078e+00
2.866999999999999993e+00
2.934000000000000163e+00
2.814999999999999947e+00
2.866000000000000103e+00
2.697999999999999954e+00
2.379000000000000004e+00
2.927999999999999936e+00
3.088000000000000078e+00
2.963000000000000078e+00
2.682999999999999829e+00
2.540999999999999925e+00
2.670999999999999819e+00
2.686999999999999833e+00
2.326999999999999957e+00
2.553999999999999826e+00
2.729000000000000092e+00
2.478000000000000203e+00
2.697000000000000064e+00
2.809000000000000163e+00
2.604999999999999982e+00
2.508000000000000007e+00
2.362000000000000099e+00
2.407999999999999918e+00
2.298999999999999932e+00
2.392999999999999794e+00
2.628000000000000114e+00
2.342999999999999972e+00
2.496999999999999886e+00
2.649999999999999911e+00
2.486000000000000210e+00
2.350000000000000089e+00
2.954000000000000181e+00
2.580999999999999961e+00
2.248000000000000220e+00
2.567000000000000171e+00
2.638999999999999790e+00
2.361000000000000210e+00
2.545999999999999819e+00
3.028000000000000025e+00
2.629000000000000004e+00
2.290999999999999925e+00
2.630999999999999783e+00
2.995999999999999996e+00
2.369000000000000217e+00
2.750000000000000000e+00
2.938000000000000167e+00
2.443999999999999950e+00
2.773000000000000131e+00
2.803999999999999826e+00
2.758000000000000007e+00
2.657999999999999918e+00
2.994000000000000217e+00
2.563000000000000167e+00
2.504999999999999893e+00
2.789000000000000146e+00
2.676000000000000156e+00
2.400999999999999801e+00
2.730999999999999872e+00
2.850000000000000089e+00
2.875999999999999890e+00
2.858999999999999986e+00
2.823999999999999844e+00
2.636000000000000121e+00
2.536000000000000032e+00
2.416999999999999815e+00
2.818999999999999950e+00
2.435999999999999943e+00
2.323999999999999844e+00
2.882000000000000117e+00
2.637999999999999901e+00
2.596000000000000085e+00
2.657000000000000028e+00
2.540000000000000036e+00
2.661999999999999922e+00
2.246999999999999886e+00
2.968999999999999861e+00
3.029999999999999805e+00
2.468999999999999861e+00
2.745000000000000107e+00
2.225999999999999979e+00
2.474000000000000199e+00
2.494000000000000217e+00
2.857000000000000206e+00
2.475000000000000089e+00
3.240000000000000213e+00
2.714999999999999858e+00
2.813000000000000167e+00
2.362999999999999989e+00
2.717999999999999972e+00
2.794000000000000039e+00
2.750000000000000000e+00
2.827999999999999847e+00
2.451999999999999957e+00
2.396999999999999797e+00
2.327999999999999847e+00
2.263999999999999790e+00
2.911000000000000032e+00
2.954000000000000181e+00
2.367999999999999883e+00
2.460999999999999854e+00
3.028999999999999915e+00
2.701999999999999957e+00
2.681000000000000050e+00
2.596000000000000085e+00
3.031000000000000139e+00
2.863999999999999879e+00
2.705999999999999961e+00
2.512000000000000011e+00
2.936999999999999833e+00
2.875999999999999890e+00
2.662999999999999812e+00
2.604999999999999982e+00
2.649999999999999911e+00
2.318999999999999950e+00
2.607000000000000206e+00
2.532999999999999918e+00
2.435999999999999943e+00
2.472999999999999865e+00
2.584000000000000075e+00
2.701000000000000068e+00
2.237999999999999989e+00
2.572000000000000064e+00
2.434000000000000163e+00
3.240000000000000213e+00
2.528999999999999915e+00
2.766000000000000014e+00
2.576000000000000068e+00
2.826999999999999957e+00
2.536000000000000032e+00
2.849000000000000199e+00
2.616000000000000103e+00
2.583000000000000185e+00
2.438000000000000167e+00
2.387000000000000011e+00
2.829000000000000181e+00
2.387999999999999901e+00
2.744000000000000217e+00
2.544999999999999929e+00
2.452999999999999847e+00
2.388999999999999790e+00
2.759999999999999787e+00
2.665000000000000036e+00
2.629999999999999893e+00
3.017999999999999794e+00
2.531000000000000139e+00
2.728000000000000203e+00
2.319999999999999840e+00
2.498000000000000220e+00
2.629999999999999893e+00
2.638999999999999790e+00
3.024999999999999911e+00
2.685000000000000053e+00
2.577999999999999847e+00
2.553999999999999826e+00
2.560999999999999943e+00
2.608000000000000096e+00
2.951000000000000068e+00
2.638999999999999790e+00
2.537999999999999812e+00
2.585999999999999854e+00
2.666999999999999815e+00
2.797000000000000153e+00
2.541999999999999815e+00
2.491999999999999993e+00
2.339999999999999858e+00
2.286999999999999922e+00
3.013999999999999790e+00
2.975000000000000089e+00
2.702999999999999847e+00
2.241999999999999993e+00
2.438000000000000167e+00
2.959999999999999964e+00
2.483000000000000096e+00
2.471999999999999975e+00
3.060999999999999943e+00
2.681000000000000050e+00
2.100999999999999979e+00
2.730999999999999872e+00
2.475000000000000089e+00
2.907000000000000028e+00
2.766000000000000014e+00
2.709999999999999964e+00
2.471000000000000085e+00
2.596999999999999975e+00
2.790000000000000036e+00
2.761000000000000121e+00
2.649000000000000021e+00
2.612999999999999989e+00
2.428999999999999826e+00
2.694999999999999840e+00
2.467999999999999972e+00
2.612999999999999989e+00
2.496999999999999886e+00
2.802000000000000046e+00
2.535000000000000142e+00
2.528000000000000025e+00
2.430000000000000160e+00
2.634999999999999787e+00
2.387000000000000011e+00
2.286999999999999922e+00
2.431000000000000050e+00
2.717000000000000082e+00
2.539000000000000146e+00
2.483000000000000096e+00
2.589999999999999858e+00
2.560000000000000053e+00
2.753000000000000114e+00
2.753000000000000114e+00
2.549999999999999822e+00
2.615000000000000213e+00
2.584000000000000075e+00
2.665000000000000036e+00
2.310999999999999943e+00
2.746999999999999886e+00
2.811999999999999833e+00
2.532000000000000028e+00
2.553999999999999826e+00
2.904999999999999805e+00
2.975000000000000089e+00
2.874000000000000110e+00
2.266000000000000014e+00
2.568000000000000060e+00
2.509999999999999787e+00
2.540999999999999925e+00
2.564999999999999947e+00
2.464999999999999858e+00
2.927999999999999936e+00
2.883000000000000007e+00
2.789000000000000146e+00
2.902000000000000135e+00
2.028999999999999915e+00
2.826999999999999957e+00
2.442000000000000171e+00
2.781000000000000139e+00
3.029999999999999805e+00
2.611000000000000210e+00
2.459999999999999964e+00
2.633000000000000007e+00
2.484999999999999876e+00
2.835999999999999854e+00
2.634999999999999787e+00
3.005999999999999783e+00
2.463000000000000078e+00
2.498000000000000220e+00
2.854000000000000092e+00
2.838999999999999968e+00
2.903999999999999915e+00
2.826999999999999957e+00
2.777000000000000135e+00
2.823999999999999844e+00
2.641000000000000014e+00
2.528999999999999915e+00
3.165000000000000036e+00
2.604999999999999982e+00
3.206999999999999851e+00
3.024000000000000021e+00
2.422000000000000153e+00
3.060999999999999943e+00
2.459999999999999964e+00
2.567000000000000171e+00
2.620999999999999996e+00
2.146999999999999797e+00
3.115000000000000213e+00
2.512999999999999901e+00
2.508999999999999897e+00
2.630999999999999783e+00
