1.088036137120807645e+01
1.138528789717941159e+01
1.167039402230773604e+01
1.099200791473496253e+01
1.166032096695621156e+01
1.128539982432972266e+01
1.092789541776439499e+01
1.121177263983319428e+01
1.065076571162045305e+01
1.112829349420334957e+01
1.057781351523613012e+01
1.138528789717941159e+01
1.093849713933839851e+01
1.111122315502313818e+01
1.103662453137267718e+01
1.100141344012427069e+01
1.099335069138935417e+01
1.021970453473968377e+01
1.125624532453932325e+01
1.022115024362298286e+01
1.103163809746793333e+01
1.021970453473968377e+01
1.166345458045672245e+01
1.040530577313021610e+01
1.069869773116699108e+01
1.097444137380457896e+01
1.114442648543151648e+01
1.166216644230635069e+01
1.094088143702946070e+01
1.167039402230773604e+01
1.007983173016969047e+01
1.121482903608040793e+01
1.128539982432972266e+01
1.163776071924328370e+01
1.164100082684123549e+01
1.057781351523613012e+01
1.125624532453932325e+01
1.168652701353590473e+01
1.168915285817790206e+01
1.108341736742968031e+01
1.079194484708975033e+01
1.119869604485223924e+01
1.022115024362298286e+01
1.167039402230773604e+01
1.102706525654295255e+01
1.104110404683261137e+01
1.168652701353590473e+01
1.121482903608040793e+01
1.104402486578863751e+01
1.114442648543151648e+01
1.128539982432972266e+01
1.119869604485223924e+01
1.089425005667416357e+01
1.165342590337008488e+01
1.104402486578863751e+01
1.092789541776439499e+01
1.044252565608512739e+01
1.122772134629835428e+01
1.069869773116699108e+01
1.120876477335477794e+01
1.097951044828710820e+01
1.096816717395570606e+01
1.103946328400372501e+01
1.042143876435838479e+01
1.023121059481897532e+01
1.048394194454404627e+01
1.121434482816145817e+01
1.091656288572800904e+01
1.140142088840758028e+01
1.065076571162045305e+01
1.112829349420334957e+01
1.124011233331115633e+01
1.127386442273806288e+01
1.116479568071259010e+01
1.122984772574796786e+01
1.147964979353247195e+01
1.167829943353451938e+01
1.116913588258871393e+01
1.023121059481897532e+01
1.088581641778183418e+01
1.069869773116699108e+01
1.130679833946700263e+01
1.096091004358642351e+01
1.091959443306945587e+01
1.060265285718118378e+01
1.166032096695621156e+01
1.166216644230635069e+01
1.053422314441079521e+01
1.164386140216226018e+01
1.069625899921011047e+01
1.165342590337008488e+01
1.043708773222338770e+01
1.144013217238279267e+01
1.031701004011731015e+01
1.139796302965687502e+01
1.075371152589156409e+01
1.112829349420334957e+01
1.128539982432972266e+01
1.094306503748415516e+01
1.124857391414441210e+01
1.119869604485223924e+01
1.041262445628470523e+01
1.093236876098048960e+01
1.093526347643043017e+01
1.128925336789881939e+01
1.168750940627720070e+01
1.125624532453932325e+01
1.090883364378596099e+01
1.062911750841229974e+01
1.128539982432972266e+01
1.163776071924328370e+01
1.102229581713140583e+01
1.116147616189732794e+01
1.116641475949738904e+01
1.119869604485223924e+01
1.169171940068208215e+01
1.052922943556261259e+01
1.065076571162045305e+01
1.099100995766257860e+01
1.120804690866135367e+01
1.089464796819302705e+01
1.169422606437329115e+01
1.037212310543623772e+01
1.103041806641093991e+01
1.094330623258622026e+01
1.059960360247469247e+01
1.034944281685230294e+01
1.118243385527978795e+01
1.119869604485223924e+01
1.168652701353590473e+01
1.103155183838017095e+01
1.108989072253476493e+01
1.087846638459362048e+01
1.128539982432972266e+01
1.104777108869609847e+01
1.092396946391738766e+01
1.128539982432972266e+01
1.069869773116699108e+01
1.112563139779617494e+01
1.124011233331115633e+01
1.137563191703798893e+01
1.162497644938056673e+01
1.025924845838489219e+01
1.092516336939003274e+01
1.111231706783957840e+01
1.168915285817790206e+01
1.073757853466339895e+01
1.096316144790541713e+01
1.062501294266301421e+01
1.066689870284861996e+01
1.116537107892986569e+01
1.135011689523140710e+01
1.129507886951431495e+01
1.165060122083750827e+01
1.091251762713001128e+01
1.023685708473992761e+01
1.029615896446274625e+01
1.101608209147914152e+01
1.091934160981667823e+01
1.121482903608040793e+01
1.130153281555788958e+01
1.109893319784185906e+01
1.168053928134820652e+01
1.057781351523613012e+01
1.135011689523140710e+01
1.168109972453906131e+01
1.120210911736310244e+01
1.061878584840935247e+01
1.069625899921011047e+01
1.072944166690408885e+01
1.037376011503083895e+01
1.166770945220307176e+01
1.121482903608040793e+01
1.117760915312549486e+01
1.102458046007047621e+01
1.037376011503083895e+01
1.124742020219998828e+01
1.117922543237388311e+01
1.168109972453906131e+01
1.168915285817790206e+01
1.164732158922855554e+01
1.102538390515895905e+01
1.166653408189579011e+01
1.057781351523613012e+01
1.059394650646429525e+01
1.100194774852636570e+01
1.083723233810831665e+01
1.041262445628470523e+01
1.165389371047145239e+01
1.106695333463075848e+01
1.086292523841103197e+01
1.116147616189732794e+01
1.130016500180492223e+01
1.052922943556261259e+01
1.029464995463547794e+01
1.169905744861618402e+01
1.028337969569290955e+01
1.073757853466339895e+01
1.088581641778183418e+01
1.116147616189732794e+01
1.136483175336138451e+01
1.170364239750536939e+01
1.105890024958045359e+01
1.087995701898315559e+01
1.102286177437659909e+01
1.110301693238843335e+01
1.038825609666440641e+01
1.116147616189732794e+01
1.069869773116699108e+01
1.128539982432972266e+01
1.095145967691975386e+01
1.133398390400324018e+01
1.121154847972369240e+01
1.021970453473968377e+01
1.166770945220307176e+01
1.031229195569091495e+01
1.125624532453932325e+01
1.137105872285705743e+01
1.167558640945391346e+01
1.098141569146357455e+01
1.069625899921011047e+01
1.095350865837018262e+01
1.011720094193092656e+01
1.134344478729864392e+01
1.116147616189732794e+01
1.091219947410045954e+01
1.125624532453932325e+01
1.007983173016969047e+01
1.057781351523613012e+01
1.130153281555788958e+01
1.065076571162045305e+01
1.101541884715200226e+01
1.117760915312549486e+01
1.117760915312549486e+01
1.120917846544380581e+01
1.102794082215179117e+01
1.097075545235946237e+01
1.128539982432972266e+01
1.068256473993882238e+01
1.079194484708975033e+01
1.094188592270700333e+01
1.064525049964046843e+01
1.061878584840935247e+01
1.108671512585688212e+01
1.034944281685230294e+01
1.135011689523140710e+01
1.169171940068208215e+01
1.119869604485223924e+01
1.133398390400324018e+01
1.108306896134905273e+01
1.128539982432972266e+01
1.093855789427363945e+01
1.061878584840935247e+01
1.065076571162045305e+01
1.164725692584272920e+01
1.043374271105105855e+01
1.090914755690381277e+01
1.164732158922855554e+01
1.147749452911186197e+01
1.090884803619705679e+01
1.163776071924328370e+01
1.145486811993410114e+01
1.133398390400324018e+01
1.095972786539049793e+01
1.058338435215876494e+01
1.126141837243261001e+01
1.168915285817790206e+01
1.167252844188896255e+01
1.099219940312458021e+01
1.169905744861618402e+01
1.097395961943656495e+01
1.116147616189732794e+01
1.165389371047145239e+01
1.094170970431587087e+01
1.069625899921011047e+01
1.126292467256586249e+01
1.037212310543623772e+01
1.101978379973621536e+01
1.128539982432972266e+01
1.166955889459825180e+01
1.098706329383711555e+01
1.112563139779617494e+01
1.091146343696070531e+01
1.096387277697755636e+01
1.027538144961306088e+01
1.037212310543623772e+01
1.031229195569091495e+01
1.069869773116699108e+01
1.170107929106681866e+01
1.108674800740014810e+01
1.022115024362298286e+01
1.118679782265033040e+01
1.068256473993882238e+01
1.167829943353451938e+01
1.026724670446474086e+01
1.107318042888442022e+01
1.056991325353312661e+01
1.165930915586460337e+01
1.091320243239912813e+01
1.119869604485223924e+01
1.109181757129542234e+01
1.035889580030291413e+01
1.115708362008638410e+01
1.168109972453906131e+01
1.088522122641850132e+01
1.097755215396828632e+01
1.083723233810831665e+01
1.119869604485223924e+01
1.096879250520056281e+01
1.032356671762743616e+01
1.169422606437329115e+01
1.106580723417093459e+01
1.102229581713140583e+01
1.116147616189732794e+01
1.164906062593612468e+01
1.052922943556261259e+01
1.102200522552667117e+01
1.037376011503083895e+01
1.050007493577221140e+01
1.042143876435838479e+01
1.117760915312549486e+01
1.119869604485223924e+01
1.126145438221759498e+01
1.079194484708975033e+01
1.075052855863083323e+01
1.023483956889546675e+01
1.060265285718118378e+01
1.113710778078667651e+01
1.061878584840935247e+01
1.124011233331115633e+01
1.121482903608040793e+01
1.062501294266301421e+01
1.050007493577221140e+01
1.057781351523613012e+01
1.106296429311292151e+01
1.034944281685230294e+01
1.140142088840758028e+01
1.106580723417093459e+01
1.079194484708975033e+01
1.048394194454404627e+01
1.100430522783461917e+01
1.162428223524308990e+01
1.038825609666440641e+01
1.119869604485223924e+01
1.166955889459825180e+01
1.169171940068208215e+01
1.023685708473992761e+01
1.044252565608512739e+01
1.097587492350679561e+01
1.059394650646429525e+01
1.021970453473968377e+01
1.113039949667942885e+01
1.126976265475938455e+01
1.105082034340258978e+01
1.132668489809784163e+01
1.101541884715200226e+01
1.131226187548877427e+01
1.168109972453906131e+01
1.064114593389118113e+01
1.107318042888442022e+01
1.161364556285840344e+01
1.031229195569091495e+01
1.112829349420334957e+01
1.165040109066762142e+01
1.023583752596785246e+01
1.098326138232410543e+01
1.092626085340880060e+01
1.033314303134547529e+01
1.164386140216226018e+01
1.090625529531997451e+01
1.027546770870082327e+01
1.064525049964046843e+01
1.119869604485223924e+01
1.052922943556261259e+01
1.090898000635706033e+01
1.124713112649985725e+01
1.131915992698517570e+01
1.133398390400324018e+01
1.090884803619705679e+01
1.167039402230773604e+01
1.109494358796668223e+01
1.128539982432972266e+01
1.038989310625900586e+01
1.117648272957401190e+01
1.037212310543623772e+01
1.068256473993882238e+01
1.062911750841229974e+01
1.101541884715200226e+01
1.124011233331115633e+01
1.168053928134820652e+01
1.021038102671896652e+01
1.104125471981049067e+01
1.037212310543623772e+01
1.128539982432972266e+01
1.123719288874553435e+01
1.096816717395570606e+01
1.167252844188896255e+01
1.116147616189732794e+01
1.127264610190178651e+01
1.167039402230773604e+01
1.095483317226599418e+01
1.167252844188896255e+01
1.133398390400324018e+01
1.123451465862553711e+01
1.165389371047145239e+01
1.111506618907002597e+01
1.162977855408657213e+01
1.075052855863083323e+01
1.091164465919058379e+01
1.166496673331089440e+01
1.064525049964046843e+01
1.062911750841229974e+01
1.098331058020892570e+01
1.098782580353935678e+01
1.135011689523140710e+01
1.165040109066762142e+01
1.105233906548426859e+01
1.168750940627720070e+01
1.130153281555788958e+01
1.075371152589156409e+01
1.134876341696513791e+01
1.033314303134547529e+01
1.169422606437329115e+01
1.020501725239481594e+01
1.166653408189579011e+01
1.166770945220307176e+01
1.150988191465867416e+01
1.110284811708504904e+01
1.166345458045672245e+01
1.137932200321675680e+01
1.116833163726062850e+01
1.045322072345155462e+01
1.083723233810831665e+01
1.057781351523613012e+01
1.118838775369851568e+01
1.101076539408434485e+01
