2.939999999999999947e+00
2.585999999999999854e+00
2.279999999999999805e+00
2.657999999999999918e+00
2.402000000000000135e+00
2.432999999999999829e+00
2.814999999999999947e+00
2.677999999999999936e+00
3.270999999999999908e+00
2.395999999999999908e+00
2.750000000000000000e+00
2.854999999999999982e+00
2.597999999999999865e+00
2.734999999999999876e+00
2.345000000000000195e+00
2.533999999999999808e+00
3.443000000000000060e+00
2.487000000000000099e+00
2.625999999999999890e+00
2.523000000000000131e+00
2.940999999999999837e+00
2.645999999999999908e+00
2.438000000000000167e+00
2.843999999999999861e+00
2.794000000000000039e+00
2.370000000000000107e+00
2.839999999999999858e+00
2.745000000000000107e+00
2.379000000000000004e+00
2.721999999999999975e+00
2.585999999999999854e+00
2.863999999999999879e+00
3.241999999999999993e+00
2.254999999999999893e+00
2.576000000000000068e+00
2.736000000000000210e+00
2.630999999999999783e+00
2.630999999999999783e+00
2.479999999999999982e+00
2.395999999999999908e+00
2.442000000000000171e+00
2.946000000000000174e+00
2.777000000000000135e+00
2.330000000000000071e+00
2.519000000000000128e+00
3.028999999999999915e+00
2.556000000000000050e+00
2.830999999999999961e+00
2.728000000000000203e+00
2.396999999999999797e+00
2.519000000000000128e+00
3.415999999999999925e+00
2.548999999999999932e+00
2.583000000000000185e+00
3.134999999999999787e+00
2.762999999999999901e+00
2.713999999999999968e+00
2.794999999999999929e+00
2.794000000000000039e+00
2.564999999999999947e+00
2.660000000000000142e+00
2.797000000000000153e+00
2.658999999999999808e+00
2.440999999999999837e+00
2.693999999999999950e+00
2.814999999999999947e+00
2.722999999999999865e+00
2.226999999999999869e+00
2.509999999999999787e+00
2.452999999999999847e+00
2.422000000000000153e+00
2.350999999999999979e+00
2.854999999999999982e+00
2.589999999999999858e+00
2.641999999999999904e+00
2.314999999999999947e+00
2.724000000000000199e+00
2.482000000000000206e+00
2.531000000000000139e+00
2.484999999999999876e+00
2.876999999999999780e+00
2.661000000000000032e+00
2.876999999999999780e+00
2.701999999999999957e+00
2.411000000000000032e+00
2.934000000000000163e+00
3.242999999999999883e+00
2.540999999999999925e+00
2.770000000000000018e+00
2.505999999999999783e+00
2.503000000000000114e+00
2.447000000000000064e+00
2.955999999999999961e+00
2.311999999999999833e+00
2.499000000000000110e+00
2.596000000000000085e+00
2.551000000000000156e+00
2.387000000000000011e+00
2.634999999999999787e+00
2.500999999999999890e+00
2.402000000000000135e+00
3.202999999999999847e+00
2.533999999999999808e+00
2.761000000000000121e+00
2.813000000000000167e+00
3.064999999999999947e+00
2.567000000000000171e+00
2.653999999999999915e+00
2.486000000000000210e+00
2.721999999999999975e+00
