2.399999999999999911e+00
2.704000000000000181e+00
3.100999999999999979e+00
2.500000000000000000e+00
3.369000000000000217e+00
2.544999999999999929e+00
2.640000000000000124e+00
2.403000000000000025e+00
2.817000000000000171e+00
2.289000000000000146e+00
2.724000000000000199e+00
2.513999999999999790e+00
2.737000000000000099e+00
2.419999999999999929e+00
2.431999999999999940e+00
2.403999999999999915e+00
2.144000000000000128e+00
2.983000000000000096e+00
2.410000000000000142e+00
2.335999999999999854e+00
2.349000000000000199e+00
2.431999999999999940e+00
3.150999999999999801e+00
2.669999999999999929e+00
2.799999999999999822e+00
2.435999999999999943e+00
2.466000000000000192e+00
2.934000000000000163e+00
2.608999999999999986e+00
3.044999999999999929e+00
2.371999999999999886e+00
2.303999999999999826e+00
2.524999999999999911e+00
3.044999999999999929e+00
3.225999999999999979e+00
2.637000000000000011e+00
2.567000000000000171e+00
3.109999999999999876e+00
2.759999999999999787e+00
2.761000000000000121e+00
2.737000000000000099e+00
2.524999999999999911e+00
2.443000000000000060e+00
3.225999999999999979e+00
2.369000000000000217e+00
2.712000000000000188e+00
3.052000000000000046e+00
2.439999999999999947e+00
2.519000000000000128e+00
2.290999999999999925e+00
2.460999999999999854e+00
2.669999999999999929e+00
2.470000000000000195e+00
2.850999999999999979e+00
2.601999999999999869e+00
2.446000000000000174e+00
3.079000000000000181e+00
2.600999999999999979e+00
2.861000000000000210e+00
2.291999999999999815e+00
2.326000000000000068e+00
2.387999999999999901e+00
2.520000000000000018e+00
2.484999999999999876e+00
2.763999999999999790e+00
2.584000000000000075e+00
2.629999999999999893e+00
2.541999999999999815e+00
2.379999999999999893e+00
2.693000000000000060e+00
2.487000000000000099e+00
2.556999999999999940e+00
2.399999999999999911e+00
2.779999999999999805e+00
2.431000000000000050e+00
2.508000000000000007e+00
3.242999999999999883e+00
2.492999999999999883e+00
2.713999999999999968e+00
2.847999999999999865e+00
2.729999999999999982e+00
2.677000000000000046e+00
2.350000000000000089e+00
2.379999999999999893e+00
2.879000000000000004e+00
2.734999999999999876e+00
2.741000000000000103e+00
2.595000000000000195e+00
3.299999999999999822e+00
2.928999999999999826e+00
2.954000000000000181e+00
2.620999999999999996e+00
2.628000000000000114e+00
2.595000000000000195e+00
2.677000000000000046e+00
2.722999999999999865e+00
2.519000000000000128e+00
2.527000000000000135e+00
2.713999999999999968e+00
2.305000000000000160e+00
2.505999999999999783e+00
2.612999999999999989e+00
2.555000000000000160e+00
2.365000000000000213e+00
2.770999999999999908e+00
3.346999999999999975e+00
2.472999999999999865e+00
2.410000000000000142e+00
2.621999999999999886e+00
2.508000000000000007e+00
2.976999999999999869e+00
2.472999999999999865e+00
2.415999999999999925e+00
2.737000000000000099e+00
2.419999999999999929e+00
2.778999999999999915e+00
2.915000000000000036e+00
2.605999999999999872e+00
2.322000000000000064e+00
2.686999999999999833e+00
2.358999999999999986e+00
2.777000000000000135e+00
2.560000000000000053e+00
2.607000000000000206e+00
2.487999999999999989e+00
2.573999999999999844e+00
2.781000000000000139e+00
2.750000000000000000e+00
2.615000000000000213e+00
3.028999999999999915e+00
2.379000000000000004e+00
2.693000000000000060e+00
2.636000000000000121e+00
2.531000000000000139e+00
2.431000000000000050e+00
2.664000000000000146e+00
2.573999999999999844e+00
2.738999999999999879e+00
2.286999999999999922e+00
2.494000000000000217e+00
2.705999999999999961e+00
2.688000000000000167e+00
2.161000000000000032e+00
2.628000000000000114e+00
2.354000000000000092e+00
3.369000000000000217e+00
2.729000000000000092e+00
2.552999999999999936e+00
2.693999999999999950e+00
2.883999999999999897e+00
2.483999999999999986e+00
2.459000000000000075e+00
2.520000000000000018e+00
3.150999999999999801e+00
2.349000000000000199e+00
2.628000000000000114e+00
2.531000000000000139e+00
2.468999999999999861e+00
2.616999999999999993e+00
2.354999999999999982e+00
2.644000000000000128e+00
2.495999999999999996e+00
3.221999999999999975e+00
2.750999999999999890e+00
2.605999999999999872e+00
3.150999999999999801e+00
2.402000000000000135e+00
2.553999999999999826e+00
2.838000000000000078e+00
2.632000000000000117e+00
2.802999999999999936e+00
3.285000000000000142e+00
2.645999999999999908e+00
2.470000000000000195e+00
2.491000000000000103e+00
2.343999999999999861e+00
2.626999999999999780e+00
2.748000000000000220e+00
3.299999999999999822e+00
2.892999999999999794e+00
2.946000000000000174e+00
2.519000000000000128e+00
2.876999999999999780e+00
2.787999999999999812e+00
2.650999999999999801e+00
2.549999999999999822e+00
2.314000000000000057e+00
2.584000000000000075e+00
3.052000000000000046e+00
2.503000000000000114e+00
2.983000000000000096e+00
2.423999999999999932e+00
2.524999999999999911e+00
2.833000000000000185e+00
2.740000000000000213e+00
3.248000000000000220e+00
2.843999999999999861e+00
2.758000000000000007e+00
2.818000000000000060e+00
2.733999999999999986e+00
2.665999999999999925e+00
3.222999999999999865e+00
2.456999999999999851e+00
2.400999999999999801e+00
2.511000000000000121e+00
2.641000000000000014e+00
2.539000000000000146e+00
2.584000000000000075e+00
2.661999999999999922e+00
2.641000000000000014e+00
2.649000000000000021e+00
2.581999999999999851e+00
2.470000000000000195e+00
2.713999999999999968e+00
3.192000000000000171e+00
2.726999999999999869e+00
2.523000000000000131e+00
2.490000000000000213e+00
3.221999999999999975e+00
2.229999999999999982e+00
2.904999999999999805e+00
2.549999999999999822e+00
2.791999999999999815e+00
2.536000000000000032e+00
2.583000000000000185e+00
2.580000000000000071e+00
2.426000000000000156e+00
2.769000000000000128e+00
2.653999999999999915e+00
2.556999999999999940e+00
3.027000000000000135e+00
2.552000000000000046e+00
2.432999999999999829e+00
2.343999999999999861e+00
2.795999999999999819e+00
2.516000000000000014e+00
2.608999999999999986e+00
2.423999999999999932e+00
2.839999999999999858e+00
2.528000000000000025e+00
2.447999999999999954e+00
2.745999999999999996e+00
2.705000000000000071e+00
2.751999999999999780e+00
2.580999999999999961e+00
2.600000000000000089e+00
2.802999999999999936e+00
2.725000000000000089e+00
2.567000000000000171e+00
2.248000000000000220e+00
2.294000000000000039e+00
2.646999999999999797e+00
2.955000000000000071e+00
2.822999999999999954e+00
2.733999999999999986e+00
2.685000000000000053e+00
2.556000000000000050e+00
3.221999999999999975e+00
2.456999999999999851e+00
2.326000000000000068e+00
3.192000000000000171e+00
2.452999999999999847e+00
2.563000000000000167e+00
2.242999999999999883e+00
2.737000000000000099e+00
2.583000000000000185e+00
3.126999999999999780e+00
3.222999999999999865e+00
2.428999999999999826e+00
3.150999999999999801e+00
2.891000000000000014e+00
2.581999999999999851e+00
2.762999999999999901e+00
2.362999999999999989e+00
3.076000000000000068e+00
2.689000000000000057e+00
2.661000000000000032e+00
2.589999999999999858e+00
2.399000000000000021e+00
3.165000000000000036e+00
2.428999999999999826e+00
2.654999999999999805e+00
2.501999999999999780e+00
2.216000000000000192e+00
2.702999999999999847e+00
2.648000000000000131e+00
2.608999999999999986e+00
2.746999999999999886e+00
2.513999999999999790e+00
2.645999999999999908e+00
2.669999999999999929e+00
2.717000000000000082e+00
2.649000000000000021e+00
2.733999999999999986e+00
2.527000000000000135e+00
2.557999999999999829e+00
2.802999999999999936e+00
3.363999999999999879e+00
2.523000000000000131e+00
2.548999999999999932e+00
2.580000000000000071e+00
2.665999999999999925e+00
2.581999999999999851e+00
3.069999999999999840e+00
2.458000000000000185e+00
2.573999999999999844e+00
2.782000000000000028e+00
2.532999999999999918e+00
2.551000000000000156e+00
2.629999999999999893e+00
2.983000000000000096e+00
2.888999999999999790e+00
2.282000000000000028e+00
2.646999999999999797e+00
2.678999999999999826e+00
2.895000000000000018e+00
2.258999999999999897e+00
2.620999999999999996e+00
2.778000000000000025e+00
2.729000000000000092e+00
2.600000000000000089e+00
2.492999999999999883e+00
2.512999999999999901e+00
2.900999999999999801e+00
2.636000000000000121e+00
2.607000000000000206e+00
2.876999999999999780e+00
2.686999999999999833e+00
2.782999999999999918e+00
2.579000000000000181e+00
2.528000000000000025e+00
2.494000000000000217e+00
2.790000000000000036e+00
2.605999999999999872e+00
2.536999999999999922e+00
2.560000000000000053e+00
2.632000000000000117e+00
2.333000000000000185e+00
3.052000000000000046e+00
2.657000000000000028e+00
2.459000000000000075e+00
2.954000000000000181e+00
2.633000000000000007e+00
2.544000000000000039e+00
3.153999999999999915e+00
2.762999999999999901e+00
2.450000000000000178e+00
2.806000000000000050e+00
2.331999999999999851e+00
2.782999999999999918e+00
2.641999999999999904e+00
2.524999999999999911e+00
2.462000000000000188e+00
2.097999999999999865e+00
2.980999999999999872e+00
2.472999999999999865e+00
2.568000000000000060e+00
2.728000000000000203e+00
2.642999999999999794e+00
2.434000000000000163e+00
2.850999999999999979e+00
2.625999999999999890e+00
2.447999999999999954e+00
3.111000000000000210e+00
2.656000000000000139e+00
2.532999999999999918e+00
2.507000000000000117e+00
2.737000000000000099e+00
3.069999999999999840e+00
2.467999999999999972e+00
2.716000000000000192e+00
2.654999999999999805e+00
2.525999999999999801e+00
2.662999999999999812e+00
2.754999999999999893e+00
2.399000000000000021e+00
2.628000000000000114e+00
2.464999999999999858e+00
2.564999999999999947e+00
2.976999999999999869e+00
2.603000000000000203e+00
2.826000000000000068e+00
2.403000000000000025e+00
2.520000000000000018e+00
2.786000000000000032e+00
2.642999999999999794e+00
2.754000000000000004e+00
2.303999999999999826e+00
2.495000000000000107e+00
3.248000000000000220e+00
2.432999999999999829e+00
2.408999999999999808e+00
2.680000000000000160e+00
2.225000000000000089e+00
2.527000000000000135e+00
2.407000000000000028e+00
2.987999999999999989e+00
2.213999999999999968e+00
2.636000000000000121e+00
3.244000000000000217e+00
2.375000000000000000e+00
3.111000000000000210e+00
2.504999999999999893e+00
2.545999999999999819e+00
2.802999999999999936e+00
2.587000000000000188e+00
3.169000000000000039e+00
2.871999999999999886e+00
2.535000000000000142e+00
2.866999999999999993e+00
2.680000000000000160e+00
2.646999999999999797e+00
2.375000000000000000e+00
2.395999999999999908e+00
2.552000000000000046e+00
3.134999999999999787e+00
2.434000000000000163e+00
3.363999999999999879e+00
2.681000000000000050e+00
2.435999999999999943e+00
2.664000000000000146e+00
2.726999999999999869e+00
3.411000000000000032e+00
2.512000000000000011e+00
2.919000000000000039e+00
3.031000000000000139e+00
2.499000000000000110e+00
2.838000000000000078e+00
3.169000000000000039e+00
2.560000000000000053e+00
2.871999999999999886e+00
2.705999999999999961e+00
2.721000000000000085e+00
2.583000000000000185e+00
2.291999999999999815e+00
2.422000000000000153e+00
