1.395258784208902370e+01
1.472686189118403632e+01
1.997636843450432309e+01
1.328862224518640289e+01
1.968621732528808366e+01
1.445388936644632949e+01
1.450155974078438703e+01
1.535320183172619046e+01
1.642110474800450959e+01
1.400018967636164291e+01
1.660091538104017062e+01
1.472686189118403632e+01
1.456289305871736239e+01
1.455417593733528037e+01
1.434174032954345890e+01
1.423555612410504168e+01
1.421052014693715648e+01
1.538072711291371064e+01
1.425111457258369541e+01
1.504428736789883558e+01
1.366056254681885207e+01
1.538072711291371064e+01
1.970956755900838075e+01
1.611652840452148894e+01
1.681119893580718028e+01
1.415054308780546677e+01
1.392241930858600441e+01
1.990501915843116620e+01
1.403873145430528879e+01
1.997636843450432309e+01
1.501474138265873570e+01
1.413389375758015731e+01
1.445388936644632949e+01
1.971747401897707519e+01
1.974069969126370694e+01
1.660091538104017062e+01
1.425111457258369541e+01
1.989859806672868459e+01
1.992250399604193589e+01
1.510551439539578489e+01
1.684465175475697407e+01
1.421166412535579582e+01
1.504428736789883558e+01
1.997636843450432309e+01
1.431337558010981681e+01
1.447965201670085733e+01
1.989859806672868459e+01
1.413389375758015731e+01
1.497990906339423667e+01
1.392241930858600441e+01
1.445388936644632949e+01
1.421166412535579582e+01
1.400653162984768585e+01
1.983422469961304913e+01
1.497990906339423667e+01
1.450155974078438703e+01
1.622599862530746861e+01
1.551928824885057701e+01
1.681119893580718028e+01
1.482131432572217733e+01
1.416680701034185574e+01
1.455264478273984174e+01
1.435010339897492671e+01
1.603875803674585043e+01
1.525836955086552038e+01
1.634321944031100671e+01
1.483655251145416187e+01
1.416564412714453525e+01
1.464909152340839782e+01
1.642110474800450959e+01
1.400018967636164291e+01
1.432888494035933391e+01
1.499998710399088253e+01
1.482313925848571401e+01
1.500093671441420184e+01
1.572616430839761748e+01
1.982724879065552770e+01
1.523363643552338154e+01
1.525836955086552038e+01
1.710234769548613798e+01
1.681119893580718028e+01
1.573524387605417907e+01
1.423667869047406853e+01
1.414273982520495565e+01
1.625160469035752087e+01
1.968621732528808366e+01
1.990501915843116620e+01
1.593107754296595857e+01
1.957040158735286539e+01
1.643818612298364457e+01
1.983422469961304913e+01
1.528714835766597702e+01
1.560386408111272161e+01
1.583165966913275646e+01
1.547730354567523037e+01
1.696636615750405852e+01
1.400018967636164291e+01
1.445388936644632949e+01
1.458670854466497779e+01
1.545444272384035678e+01
1.421166412535579582e+01
1.516580755461467334e+01
1.452869796639687650e+01
1.401917999365898382e+01
1.516538556163857976e+01
2.014499289971307050e+01
1.425111457258369541e+01
1.428273208598304755e+01
1.674119639113570912e+01
1.445388936644632949e+01
1.971747401897707519e+01
1.477159326637563019e+01
1.410219390456981614e+01
1.482755595543280691e+01
1.421166412535579582e+01
1.994647118134445662e+01
1.646822386639800229e+01
1.642110474800450959e+01
1.346887327263273093e+01
1.494120392740992642e+01
1.400803514240979908e+01
1.997049952504313453e+01
1.601452417631331571e+01
1.432336059637778192e+01
1.404708646940997951e+01
1.609855899344085373e+01
1.520266407729046598e+01
1.539428382276358143e+01
1.421166412535579582e+01
1.989859806672868459e+01
1.351341530685795078e+01
1.499769157909811490e+01
1.379941858471692129e+01
1.445388936644632949e+01
1.358279217904321357e+01
1.447561397299887354e+01
1.445388936644632949e+01
1.681119893580718028e+01
1.523235893588035061e+01
1.432888494035933391e+01
1.592492204058826211e+01
1.608176806116329161e+01
1.560552017458526031e+01
1.411793498973227301e+01
1.455720712219442703e+01
1.992250399604193589e+01
1.704413652527969703e+01
1.411381192978678811e+01
1.633309198357872560e+01
1.634333438022887108e+01
1.534645629797902977e+01
1.450881051331285931e+01
1.518168993220362495e+01
1.961654040602129001e+01
1.437462580315694716e+01
1.513493533955463732e+01
1.516593911785054161e+01
1.428037657063525501e+01
1.444121861255286454e+01
1.413389375758015731e+01
1.437611899867069098e+01
1.390533793360686943e+01
2.007235929732051005e+01
1.660091538104017062e+01
1.450881051331285931e+01
1.985097036644237889e+01
1.480314817622569734e+01
1.617383432258188236e+01
1.643818612298364457e+01
1.654019035119181780e+01
1.522269315760065567e+01
1.995252385877343571e+01
1.413389375758015731e+01
1.402442353679417764e+01
1.477983658594101080e+01
1.522269315760065567e+01
1.492711930862909853e+01
1.486250026519317302e+01
1.985097036644237889e+01
1.992250399604193589e+01
1.978733792678401926e+01
1.491712854441212777e+01
1.973297992705585457e+01
1.660091538104017062e+01
1.652314501326453211e+01
1.352739375227968566e+01
1.696965618084396965e+01
1.516580755461467334e+01
1.963970365120143668e+01
1.365806750818424220e+01
1.387978709402717215e+01
1.410219390456981614e+01
1.507303283616440481e+01
1.646822386639800229e+01
1.575017237591155173e+01
2.001873929725656964e+01
1.507185594481619439e+01
1.704413652527969703e+01
1.710234769548613798e+01
1.410219390456981614e+01
1.589492096934390197e+01
2.006722253193743200e+01
1.453057054951446858e+01
1.395097031642318086e+01
1.490842844186242466e+01
1.453138496839244098e+01
1.593675380853767543e+01
1.410219390456981614e+01
1.681119893580718028e+01
1.445388936644632949e+01
1.446779921611614661e+01
1.458658088108849782e+01
1.482891513688897689e+01
1.538072711291371064e+01
1.995252385877343571e+01
1.508816875007490488e+01
1.425111457258369541e+01
1.527389501559725460e+01
2.002424154912009513e+01
1.417288336890776534e+01
1.643818612298364457e+01
1.421277819203817572e+01
1.501845014055565208e+01
1.583581043806163358e+01
1.410219390456981614e+01
1.437051185576228818e+01
1.425111457258369541e+01
1.501474138265873570e+01
1.660091538104017062e+01
1.437611899867069098e+01
1.642110474800450959e+01
1.359118567463358929e+01
1.402442353679417764e+01
1.402442353679417764e+01
1.546835856257545849e+01
1.492589515570237602e+01
1.426800129979272569e+01
1.445388936644632949e+01
1.688896930358281878e+01
1.684465175475697407e+01
1.458067685556596693e+01
1.666342602336007062e+01
1.617383432258188236e+01
1.511567701799302732e+01
1.520266407729046598e+01
1.450881051331285931e+01
1.994647118134445662e+01
1.421166412535579582e+01
1.458658088108849782e+01
1.459852629067334107e+01
1.445388936644632949e+01
1.403067867804904267e+01
1.617383432258188236e+01
1.642110474800450959e+01
1.959343968554073356e+01
1.518735646694828745e+01
1.426072886753425095e+01
1.978733792678401926e+01
1.571939157060753800e+01
1.427949708929095607e+01
1.971747401897707519e+01
1.479686443585550748e+01
1.458658088108849782e+01
1.410247240197976382e+01
1.602918212125559094e+01
1.561137097159136111e+01
1.992250399604193589e+01
1.977999067575994374e+01
1.433457965455637506e+01
2.001873929725656964e+01
1.472596142922309959e+01
1.410219390456981614e+01
1.963970365120143668e+01
1.404159089266808280e+01
1.643818612298364457e+01
1.549367750151888679e+01
1.601452417631331571e+01
1.441742146544680025e+01
1.445388936644632949e+01
1.975645433183741062e+01
1.477801616796756257e+01
1.523235893588035061e+01
1.393283857569372231e+01
1.424615897824491739e+01
1.552774980680962180e+01
1.601452417631331571e+01
1.508816875007490488e+01
1.681119893580718028e+01
1.637147290696541191e+01
1.498781819099025192e+01
1.504428736789883558e+01
1.540643556498389977e+01
1.688896930358281878e+01
1.982724879065552770e+01
1.514962631259183112e+01
1.381732516918108544e+01
1.596539019890168731e+01
1.988135922900598729e+01
1.438297171231554294e+01
1.421166412535579582e+01
1.462286867623445730e+01
1.584190206578290194e+01
1.532301156834820866e+01
1.985097036644237889e+01
1.397180780232440256e+01
1.474053458626686286e+01
1.696965618084396965e+01
1.421166412535579582e+01
1.470454329416132744e+01
1.518368221839525845e+01
1.997049952504313453e+01
1.492068961376320679e+01
1.477159326637563019e+01
1.410219390456981614e+01
1.630855516981189268e+01
1.646822386639800229e+01
1.429822907002672139e+01
1.522269315760065567e+01
1.626544907253536820e+01
1.603875803674585043e+01
1.402442353679417764e+01
1.421166412535579582e+01
1.496572811665309644e+01
1.684465175475697407e+01
1.672743093975343598e+01
1.548320777258440017e+01
1.625160469035752087e+01
1.526577108106239855e+01
1.617383432258188236e+01
1.432888494035933391e+01
1.413389375758015731e+01
1.633309198357872560e+01
1.626544907253536820e+01
1.660091538104017062e+01
1.491137964629213108e+01
1.520266407729046598e+01
1.464909152340839782e+01
1.492068961376320679e+01
1.684465175475697407e+01
1.634321944031100671e+01
1.424446407453301333e+01
1.962519657682642205e+01
1.593675380853767543e+01
1.421166412535579582e+01
1.975645433183741062e+01
1.994647118134445662e+01
1.513493533955463732e+01
1.622599862530746861e+01
1.336639261296204140e+01
1.652314501326453211e+01
1.538072711291371064e+01
1.460711446521255397e+01
1.498865047077904933e+01
1.373583787595988071e+01
1.514741448233682064e+01
1.359118567463358929e+01
1.510686234742810186e+01
1.985097036644237889e+01
1.625532161580308710e+01
1.381732516918108544e+01
1.955664773716595306e+01
1.508816875007490488e+01
1.400018967636164291e+01
1.981075029483149308e+01
1.530295674513807214e+01
1.461975005413763107e+01
1.449104053328081854e+01
1.575388930135711796e+01
1.957040158735286539e+01
1.391303512255087682e+01
1.567489704677052309e+01
1.666342602336007062e+01
1.421166412535579582e+01
1.646822386639800229e+01
1.430281235367974979e+01
1.492632537985043584e+01
1.512622631819551700e+01
1.458658088108849782e+01
1.427949708929095607e+01
1.997636843450432309e+01
1.450886365924441179e+01
1.445388936644632949e+01
1.514492278982501716e+01
1.485501851329033940e+01
1.601452417631331571e+01
1.688896930358281878e+01
1.674119639113570912e+01
1.359118567463358929e+01
1.432888494035933391e+01
2.007235929732051005e+01
1.522522879258177575e+01
1.497073681601111694e+01
1.601452417631331571e+01
1.445388936644632949e+01
1.554521470767385516e+01
1.455264478273984174e+01
1.977999067575994374e+01
1.410219390456981614e+01
1.552021658519213965e+01
1.997636843450432309e+01
1.464338940880852924e+01
1.977999067575994374e+01
1.458658088108849782e+01
1.541589890579387223e+01
1.963970365120143668e+01
1.382756756583123092e+01
1.947887736939031456e+01
1.672743093975343598e+01
1.421303637914702556e+01
1.992874073421801739e+01
1.666342602336007062e+01
1.674119639113570912e+01
1.430723722928906838e+01
1.419318673794863628e+01
1.450881051331285931e+01
1.981075029483149308e+01
1.438770987889516562e+01
2.014499289971307050e+01
1.437611899867069098e+01
1.696636615750405852e+01
1.585047637549863886e+01
1.575388930135711796e+01
1.997049952504313453e+01
1.512205773567447409e+01
1.973297992705585457e+01
1.995252385877343571e+01
1.495203165755238928e+01
1.503790665021738882e+01
1.970956755900837720e+01
1.542248562844686077e+01
1.471099326859453171e+01
1.520937798989033851e+01
1.696965618084396965e+01
1.660091538104017062e+01
1.476571548619754637e+01
1.486591458747270345e+01
