-3.393545920609303268e-01
1.257410299030336409e+00
1.360758798700692218e-01
8.416062652193113669e-01
1.526439136305537403e+00
2.113824424184434503e-01
9.369532260989001937e-01
-1.654545737194824229e+00
5.457534247492127344e-01
-1.339408608667185030e+00
-1.101754797772566824e-01
-2.604618793209503291e-01
1.685863659705209017e+00
-5.908799815675079836e-01
-4.001941276212719334e-01
-4.865235690838801141e-01
-1.798371520639952648e+00
2.182274336847354057e+00
-6.559931648763861478e-01
-1.324626847433692856e+00
-6.141567699327088459e-01
-1.019988547764176356e+00
4.799799779817072731e-01
-1.345138515509905486e-01
2.128851714926909833e-01
-2.649251991534156692e-01
4.622091369745585238e-02
-5.836532251017597650e-01
7.548322209096112179e-01
-1.188501514434952555e-01
-1.118726773903321536e+00
-1.342904233548151360e+00
5.496108166036362680e-02
-8.808095922444230536e-03
8.175825925797995941e-01
-6.122355133613353040e-01
5.551880722840137894e-01
2.104213806754254013e-01
-1.339739721461898903e+00
1.425530779725875608e+00
-1.790078466479524955e-01
2.588591889654925926e-01
-7.586535291615505994e-01
7.174125179358729065e-01
-7.179537523231032115e-01
1.082704160184424724e+00
-5.411591918537913409e-02
-3.302571654107598342e-01
-4.393995661924026130e-01
-1.259433885936368069e+00
-4.394420926389037696e-01
1.413481276871053405e+00
4.305252453885096038e-03
-9.148924747331794727e-01
2.218229001335959572e-01
-6.006809911608952390e-01
2.285086987430848815e+00
-2.453116005212892803e-01
5.793502978894382593e-01
-1.420439854946283331e+00
-8.553829304518453247e-01
-1.086937391910044237e+00
7.308697001292328854e-02
-1.125260536343901441e+00
9.248646967808592523e-01
-7.585773256851486845e-01
3.989431011768813096e-01
4.352764650315545381e-01
-1.215981489956314165e+00
-1.828855911350245333e-01
1.421886078006183718e-01
4.108977746400222508e-01
-9.627790006983195648e-01
1.277193735483187931e+00
-7.979180428910626066e-01
-8.119168570083170611e-01
8.611624013668678357e-01
-8.592148490048314713e-01
6.316844028599016836e-01
3.265284501660918881e-01
-2.004401399543103146e-01
1.900048644742150794e-01
-7.719501333405525134e-01
-7.985165031847240025e-01
1.019926643758620299e+00
-1.344086718599547980e+00
-1.412004678336427732e+00
-4.500827331824903688e-01
1.242068633786851395e+00
1.214421781566767278e+00
-4.653527229157285450e-01
7.959990173680210612e-02
-6.913191378194004366e-02
-3.917992260020077833e-01
2.864055476871636974e-01
-3.338292927374671426e-01
3.901237261965669334e-01
7.056216312700795690e-02
1.473709980162843269e+00
-2.474381348859794105e+00
1.111045637081130300e-01
1.065066688790842625e-01
2.294827460813984032e-01
-5.638727277255330961e-01
1.020265586141250402e+00
1.224521802015174687e+00
-1.767667283980156601e-01
-6.901855084479568969e-01
-7.811883142991858930e-01
-7.727927847404136852e-02
-3.137411052650685428e-01
-6.217163501355792432e-01
-4.853896990744389628e-01
1.021447349817469874e+00
-5.473280524461505703e-01
-1.269823848073453387e+00
1.113033542310149171e+00
-6.795777288015549811e-01
-6.515519537012252060e-01
6.631528224818464823e-01
-5.887314020957464811e-01
-1.288488005921288426e+00
-6.970055017798381103e-01
5.741226162387605969e-01
7.808078603061757716e-02
-6.674014213985737243e-01
1.056367157773567378e+00
1.087239111443329076e+00
9.699177908146792149e-01
-1.579999606432638259e-01
-2.674660737615346395e-01
9.497633402682174042e-01
1.050382094707174918e+00
1.017917092977127791e-01
6.530711300308793266e-02
1.155259832061268810e+00
4.398112611468358857e-01
-1.477315952143285205e-01
-2.417656916914105114e+00
-8.046188042532494145e-02
2.682744146563647014e-01
-9.950240472710257175e-03
-2.548826780890218746e+00
8.153106276314120437e-01
-9.418033757877418699e-01
1.426006413996611766e+00
-3.451233967018990101e-01
3.963079306350733577e-01
-1.247624267469570475e-01
9.957432806961121763e-01
-1.025441360154421000e+00
-5.009718545197657802e-01
-4.218831541473272440e-01
5.195208043572895340e-01
-1.228724634366222812e+00
2.098111823352232230e-01
-3.515611260653742076e-01
-1.641147566941038305e-01
8.014952557758568963e-01
-9.681951154559932382e-01
1.064513387356831764e+00
2.915269171384500257e-01
6.577473229511096031e-01
4.807815022997052878e-02
6.478557672029990888e-01
4.198772694903113445e-01
-8.349928748213302221e-01
-8.236189449983212230e-01
6.613849505685397423e-01
-6.032283663463766654e-01
1.175011899821832406e+00
1.007801846050674577e+00
1.284552406789972734e+00
-8.972234570751965593e-03
-4.885959612023704213e-01
-1.389064096395409065e+00
3.279959069964473173e-01
1.065121610925134021e+00
1.122813975075248827e+00
-7.705300001842017021e-01
-4.807605879571309471e-01
-3.859661119670090290e-01
-7.594946465317350404e-01
2.668134713242538703e-01
-4.859053295654409133e-01
1.030527066572328065e+00
-2.583747295992586679e+00
-5.669799208869526208e-02
5.592613633567189435e-02
5.538517246528430471e-01
3.072704989582258239e+00
-4.249318237340179438e-01
-3.296588004137654959e-01
6.148316918668959019e-01
4.905222253258509357e-01
8.034667465266418507e-01
1.510053672147033899e+00
-1.748722197484944563e-01
1.465699673819668147e-01
2.030336743109447006e+00
-3.632275934575319998e-02
6.646452312187772771e-01
-3.779976707881194664e-01
-3.330800036878692749e-01
-4.414552015561966081e-01
6.431881312015736984e-01
-7.674363149083890390e-01
8.150698598472819745e-01
-5.945312153609805250e-01
9.748541127834055020e-01
1.039117475734300688e+00
3.914666132363429640e-01
-4.851871218479772985e-01
5.587572687724462472e-01
5.677484444227549609e-01
8.072315099749487466e-01
2.100590078043943765e-01
-6.412183596344581682e-01
6.781995830287733673e-01
-1.349557761224803976e+00
1.067315893255255776e+00
3.207315817889044296e-01
1.231108704422176903e+00
-1.033730157039385311e+00
8.071384808805400768e-01
5.636845465842200698e-01
-5.351513275137099734e-01
1.097238710594540922e+00
-5.150789744678838655e-01
3.711375289832694047e-01
1.834502719786118785e+00
9.925439442602648210e-01
-2.912753794276867203e-01
-9.573786293664714453e-01
1.412888688380696589e+00
-4.170300399589814133e-01
6.183681015996018715e-01
-7.209787538622534075e-01
4.061797753725257532e-01
-1.366498135183117357e+00
-6.526106553629779095e-01
-1.857240699837420933e-02
3.362748300771191412e-02
1.341166330366244441e+00
-9.542416939101430740e-02
6.000023364984636842e-01
-1.168061621677134232e+00
1.863846742876754892e+00
2.728023677190536400e-01
-1.512091397387821612e+00
-1.685027376341870164e+00
9.754443347121953822e-01
1.532012185145962047e+00
5.816231387319007462e-01
-1.308828482902462342e+00
5.046902236460920621e-01
4.655104256600189894e-01
7.788945381870503448e-01
-1.085597980439749533e+00
-1.319055677426851370e+00
6.676554565860319812e-01
-7.892882755704387909e-01
2.412448914784401932e-01
-1.242114526109897144e+00
3.059790556378171322e-01
-4.683850012124227691e-01
2.784921884675160553e-01
7.867320047033568020e-01
-4.120144470869844811e-01
3.485677437063551820e-01
2.862509430014678280e+00
7.992093706416237842e-01
-1.206915683771648595e+00
-5.877159376772165267e-01
2.134842364825409344e+00
4.945635804458982099e-01
-1.254404688884259433e-01
4.223877298089774301e-01
-9.094186757367347385e-01
5.250780057462086647e-01
-9.665701340921345475e-01
4.374450472498485065e-01
2.226010276925999287e-01
-1.463431928663811998e+00
4.071607477652310347e-01
-1.999233105495498430e-01
1.300900712909806856e-01
-1.007720346799911987e-01
-1.163063178360875805e+00
5.720241880950994728e-01
5.034731711038333835e-01
8.009883461187167208e-01
-7.153872134536951588e-01
-1.408208125657489429e+00
-3.639238585278880556e-01
8.493861091213540382e-01
7.333052775276218682e-01
1.419150304537462270e+00
1.001652619273804834e-01
4.466742161474449579e-01
2.439966900651993065e-01
6.164144889206708139e-03
-2.309750603722907358e-01
4.783261991111856931e-02
-4.001071468896516548e-02
2.007255126428048042e-01
1.139611812663298210e-02
3.213182774455138335e-01
4.802070153904731270e-02
1.921727655721781614e-01
-3.945873030899494371e-01
2.679349857173526139e+00
-2.062104555700744246e+00
1.319310251058261940e+00
-1.968470497666194308e-01
9.905539861453965811e-01
-1.277587957346114633e+00
1.179335521042216006e-01
4.074265411552135951e-01
2.540988386436733859e-01
1.007745093903744449e+00
1.048492885428720101e-02
-3.318428165767458582e-01
8.011465140163945842e-01
-6.918487260354003743e-01
-1.163892709689609423e-01
1.007789004679940037e+00
6.720225139921512936e-01
4.906173163896583866e-01
5.846137859966441530e-01
3.477290502479069012e-01
-1.248817006768461635e+00
4.786419177840984807e-01
-7.882142441397398391e-01
-2.390217031378226165e-01
-2.126645430968383266e-01
7.380770889608507801e-01
-1.812782589996970506e+00
1.740563292274919904e+00
-3.442947896359658810e-01
-1.968925509251125139e-01
-3.765061394685618179e-01
-2.391775116736443163e-01
4.074378269334564262e-01
4.739674142424327163e-01
-1.337306018825055842e+00
-7.748870691564579971e-01
5.974612311230451667e-01
-4.918723928569177506e-01
2.834810162730264649e-01
1.435444742864049328e-01
-5.233868434214478116e-02
-6.236121398475386046e-01
-2.459089109096539438e+00
2.305728335955147479e+00
3.787420725930997767e-01
-1.111979427369653856e-01
-1.443326409897210505e+00
-3.712170198429455281e-01
-1.093576672721408849e-01
-7.969094759467370004e-01
2.262782371125554859e-01
-1.568084566121321077e-01
2.523539015938695007e-01
2.699863714171948925e-01
-2.244289854621188754e-02
-1.176014815582580031e-01
4.707183815319120890e-01
1.670872786227210471e-01
4.910856779048426712e-02
3.950783739868997113e-01
-5.466069024150418398e-01
2.666585885293255576e-01
-3.843701897548688629e-01
2.058225813874425825e+00
-9.242448547358843580e-01
2.151637227729813473e-01
-5.205128419385940397e-01
5.212359432789461788e-01
-4.237831607861195504e-01
4.411382500595823486e-01
2.504573660287468417e+00
-1.032275433531143705e+00
-2.274444681920240463e-01
6.044336693754284173e-01
-7.496825549686986223e-01
-1.787679619239243220e-02
-8.860684783898309380e-01
-7.273335374891413962e-02
7.806757758830363825e-01
-9.219376469260276430e-01
-1.283373400077468141e+00
-1.609658926050046637e-02
-2.180677595665649005e+00
-8.574981149741167652e-01
-9.427551135462628462e-01
-2.913308845800330893e-01
-1.962611358963189279e+00
3.738255639858178297e-02
8.025168557575008688e-01
-1.262335447404056232e+00
2.654281569917096850e-01
-2.122430727694128716e-01
-5.971198528772301284e-01
-1.037671286623726985e+00
1.070050008247999784e+00
6.616791959291516978e-01
6.944824628759753704e-01
3.395284706070993974e-01
-8.860080931739553467e-01
-4.028528405050155192e-01
-6.387502737008623477e-01
-6.827093968960937787e-01
-5.037928067685143452e-01
2.201142545197702360e-01
3.629164599299179450e-01
-4.168259696853998109e-01
1.307093847197176251e+00
1.364578130642801312e+00
-1.943560591957804284e+00
-1.490646221739811220e-02
4.121928839928292732e-01
1.611150569863155857e+00
-4.300399336925331828e-01
-5.763953743092192772e-01
-1.719105319117510688e-01
-5.663429901770049568e-01
2.138298761950863991e+00
5.636252359686253488e-01
-3.436760501442686078e-01
1.895248802312496927e+00
6.130197833032203780e-01
-3.467154956175053093e-01
-9.177841963535744441e-01
-1.387346769136169389e+00
-1.094959546709933562e+00
