3.145999999999999908e+00
2.616999999999999993e+00
2.677000000000000046e+00
2.689000000000000057e+00
2.536000000000000032e+00
2.749000000000000110e+00
3.096000000000000085e+00
2.700000000000000178e+00
3.318000000000000060e+00
2.524999999999999911e+00
2.492999999999999883e+00
2.979000000000000092e+00
2.601999999999999869e+00
3.112000000000000099e+00
2.552999999999999936e+00
2.689999999999999947e+00
3.420999999999999819e+00
2.662999999999999812e+00
2.787999999999999812e+00
2.674999999999999822e+00
2.932999999999999829e+00
2.677000000000000046e+00
2.662999999999999812e+00
2.487999999999999989e+00
2.858000000000000096e+00
2.669999999999999929e+00
2.818000000000000060e+00
2.774999999999999911e+00
2.654999999999999805e+00
2.947999999999999954e+00
2.818000000000000060e+00
2.875999999999999890e+00
3.353000000000000203e+00
2.819999999999999840e+00
2.674999999999999822e+00
2.774000000000000021e+00
2.936999999999999833e+00
3.056999999999999940e+00
2.729999999999999982e+00
2.633999999999999897e+00
2.576999999999999957e+00
3.201000000000000068e+00
2.748000000000000220e+00
2.717000000000000082e+00
2.947000000000000064e+00
3.286000000000000032e+00
2.601999999999999869e+00
3.065999999999999837e+00
3.000000000000000000e+00
2.523000000000000131e+00
2.591000000000000192e+00
3.317000000000000171e+00
2.626999999999999780e+00
2.559000000000000163e+00
3.156000000000000139e+00
2.837000000000000188e+00
2.738999999999999879e+00
3.068999999999999950e+00
2.935000000000000053e+00
2.803999999999999826e+00
2.761000000000000121e+00
3.150999999999999801e+00
2.834000000000000075e+00
2.633999999999999897e+00
2.738999999999999879e+00
3.025999999999999801e+00
2.983000000000000096e+00
2.533999999999999808e+00
2.580999999999999961e+00
2.541999999999999815e+00
2.482000000000000206e+00
2.708000000000000185e+00
2.984999999999999876e+00
2.794000000000000039e+00
2.608000000000000096e+00
2.919999999999999929e+00
2.745000000000000107e+00
2.721999999999999975e+00
2.725999999999999979e+00
2.738999999999999879e+00
2.982000000000000206e+00
2.668000000000000149e+00
3.160000000000000142e+00
2.672000000000000153e+00
2.745999999999999996e+00
3.185999999999999943e+00
3.431999999999999940e+00
2.563000000000000167e+00
2.833000000000000185e+00
2.709999999999999964e+00
2.636000000000000121e+00
2.749000000000000110e+00
2.767999999999999794e+00
2.551000000000000156e+00
2.649999999999999911e+00
2.721000000000000085e+00
2.649000000000000021e+00
2.608000000000000096e+00
2.982000000000000206e+00
2.688000000000000167e+00
2.857000000000000206e+00
3.418000000000000149e+00
2.853000000000000203e+00
2.850999999999999979e+00
2.779999999999999805e+00
2.968999999999999861e+00
2.621999999999999886e+00
2.789000000000000146e+00
2.846999999999999975e+00
2.572999999999999954e+00
