1.583955584129773797e+01
1.574787259505840353e+01
2.065603110544858723e+01
1.430608665365493692e+01
2.030620914974877422e+01
1.550383129532093918e+01
1.561756438318910156e+01
1.638256601049426564e+01
1.718239411611096656e+01
1.508788189907087585e+01
1.614344339723164978e+01
1.574787259505840353e+01
1.568389722371271588e+01
1.634370438461570174e+01
1.614983749778418698e+01
1.605104436580031901e+01
1.602753331821958582e+01
1.496454931089391138e+01
1.525344760243948983e+01
1.556055439377938932e+01
1.475715907189622556e+01
1.496454931089391138e+01
2.032940495481719978e+01
1.570414101235490989e+01
1.626271906219202279e+01
1.597083784043643817e+01
1.495018999749656885e+01
2.058447599949472817e+01
1.586358561451708837e+01
2.065603110544858723e+01
1.549428128287175710e+01
1.514669632880238126e+01
1.550383129532093918e+01
2.039778779232001327e+01
2.042079809965002113e+01
1.614344339723164978e+01
1.525344760243948983e+01
2.051833920387428023e+01
2.054238009685472832e+01
1.622137083329313612e+01
1.757581374047457246e+01
1.528438823037668826e+01
1.556055439377938932e+01
2.065603110544858723e+01
1.612358629984344560e+01
1.634287854211224555e+01
2.051833920387428023e+01
1.514669632880238126e+01
1.610244632511155416e+01
1.495018999749656885e+01
1.550383129532093918e+01
1.528438823037668826e+01
1.589345558389094037e+01
2.051376786292365040e+01
1.610244632511155416e+01
1.561756438318910156e+01
1.580515898604135572e+01
1.659977543063992300e+01
1.626271906219202279e+01
1.658332144500790051e+01
1.598626558902019923e+01
1.561738425144746323e+01
1.615755905244814628e+01
1.556644911078060289e+01
1.477548492960904980e+01
1.591191025967846429e+01
1.659692480804708836e+01
1.520329265759967896e+01
1.561018069348409654e+01
1.718239411611096656e+01
1.508788189907087585e+01
1.539113950401379682e+01
1.674268733518372088e+01
1.665314673806211587e+01
1.681188393413729543e+01
1.746201969706450186e+01
2.044678409792042117e+01
1.627405452152201093e+01
1.477548492960904980e+01
1.780734687802775795e+01
1.626271906219202279e+01
1.679296033676375899e+01
1.611647002396569661e+01
1.516998281933728165e+01
1.701723598039204433e+01
2.030620914974877422e+01
2.058447599949472817e+01
1.668332210878365274e+01
2.019161874429093473e+01
1.713486423395734448e+01
2.051376786292365040e+01
1.588206114979206518e+01
1.735147577788664464e+01
1.543345167622445757e+01
1.723758393573891823e+01
1.640126338709359999e+01
1.508788189907087585e+01
1.550383129532093918e+01
1.570920553679583165e+01
1.647368748435491170e+01
1.528438823037668826e+01
1.570050043414335583e+01
1.564713219814690248e+01
1.584459921779583880e+01
1.695852804441037520e+01
2.082631849542935143e+01
1.525344760243948983e+01
1.536138014131028484e+01
1.626864335072307099e+01
1.550383129532093918e+01
2.039778779232001327e+01
1.583830649331826024e+01
1.518337025669024243e+01
1.665709739466972295e+01
1.528438823037668826e+01
2.056651593375359610e+01
1.602460205098560664e+01
1.718239411611096656e+01
1.455721730466799713e+01
1.675860551827330625e+01
1.589494763533802058e+01
2.059074692362320036e+01
1.560865265473554331e+01
1.613283840056721274e+01
1.587167677031107971e+01
1.680414140678269419e+01
1.579575605162802709e+01
1.648708363933278065e+01
1.528438823037668826e+01
2.051833920387428023e+01
1.454857772501196322e+01
1.605543992927372088e+01
1.562520597814949852e+01
1.550383129532093918e+01
1.461946717032191856e+01
1.558894192483101193e+01
1.550383129532093918e+01
1.626271906219202279e+01
1.633924861250946847e+01
1.539113950401379682e+01
1.696210607944575344e+01
1.772068772959110206e+01
1.520704038225093768e+01
1.600266636327321379e+01
1.634644217426179580e+01
2.054238009685472832e+01
1.653895528866790698e+01
1.593584031302054527e+01
1.709735515702056574e+01
1.704470221453665957e+01
1.644368197047617031e+01
1.548498073999267532e+01
1.697307501256589291e+01
2.023717801870644450e+01
1.547358996017288391e+01
1.571659128918448012e+01
1.575510485146851103e+01
1.609292118836260599e+01
1.555041030208452213e+01
1.514669632880238126e+01
1.536613939374663218e+01
1.499771987965019093e+01
2.075276517709014712e+01
1.614344339723164978e+01
1.548498073999267532e+01
2.047054141345943279e+01
1.656709900440896632e+01
1.687954407881773733e+01
1.713486423395734448e+01
1.723035259157671106e+01
1.581677309280316379e+01
2.063208494733425624e+01
1.514669632880238126e+01
1.504567835511593543e+01
1.584639007330042304e+01
1.581677309280316379e+01
1.667771695293786038e+01
1.668833671455077550e+01
2.047054141345943279e+01
2.054238009685472832e+01
2.046709685639150678e+01
1.604203888205887552e+01
2.035269382233328272e+01
1.614344339723164978e+01
1.600575149565734279e+01
1.461969013013299090e+01
1.768850553178171481e+01
1.570050043414335583e+01
2.026009589074570627e+01
1.469486984235696170e+01
1.576556762719398463e+01
1.518337025669024243e+01
1.680782769037399049e+01
1.602460205098560664e+01
1.535333249959593616e+01
2.063949519848381797e+01
1.559786692939616870e+01
1.653895528866790698e+01
1.780734687802775795e+01
1.518337025669024243e+01
1.693535201664249357e+01
2.068862659385504443e+01
1.638942938811333150e+01
1.583792814061718346e+01
1.603361091730438304e+01
1.632309918281499961e+01
1.547096075316123631e+01
1.518337025669024243e+01
1.626271906219202279e+01
1.550383129532093918e+01
1.552764532716429180e+01
1.562267264156698232e+01
1.659010727477453173e+01
1.496454931089391138e+01
2.063208494733425624e+01
1.561741294989420226e+01
1.525344760243948983e+01
1.698725862775118500e+01
2.070420783532790310e+01
1.599201908941637384e+01
1.713486423395734448e+01
1.609375435566387935e+01
1.550969539244999851e+01
1.688264789815747591e+01
1.518337025669024243e+01
1.546873479917819161e+01
1.525344760243948983e+01
1.549428128287175710e+01
1.614344339723164978e+01
1.536613939374663218e+01
1.718239411611096656e+01
1.468626962658627022e+01
1.504567835511593543e+01
1.504567835511593543e+01
1.655397247445355902e+01
1.605051685774946435e+01
1.614610617245323709e+01
1.550383129532093918e+01
1.640041096376632979e+01
1.757581374047457246e+01
1.570281767157170094e+01
1.613095144914876400e+01
1.687954407881773733e+01
1.623089171605793268e+01
1.579575605162802709e+01
1.548498073999267532e+01
2.056651593375359610e+01
1.528438823037668826e+01
1.562267264156698232e+01
1.645116862290639759e+01
1.550383129532093918e+01
1.585577455535143798e+01
1.687954407881773733e+01
1.718239411611096656e+01
2.021435237290562270e+01
1.572227780955404697e+01
1.533314930201746051e+01
2.046709685639150678e+01
1.745588443775234211e+01
1.535726705904690448e+01
2.039778779232001327e+01
1.574194830652735533e+01
1.562267264156698232e+01
1.592499106723123248e+01
1.673325196147273886e+01
1.668230623113133504e+01
2.054238009685472832e+01
2.039955158091768084e+01
1.620862700809659529e+01
2.063949519848381797e+01
1.585310320721520938e+01
1.518337025669024243e+01
2.026009589074570627e+01
1.586635623735237033e+01
1.713486423395734448e+01
1.650887041404220312e+01
1.560865265473554331e+01
1.628559913904020817e+01
1.550383129532093918e+01
2.037607596134934340e+01
1.590539909380043682e+01
1.633924861250946847e+01
1.575980867908160477e+01
1.612545559711252707e+01
1.506934848067663069e+01
1.560865265473554331e+01
1.561741294989420226e+01
1.626271906219202279e+01
1.799031218130761189e+01
1.604613413281555268e+01
1.556055439377938932e+01
1.649808204648198284e+01
1.640041096376632979e+01
2.044678409792042117e+01
1.573555883097047570e+01
1.491268092055979011e+01
1.666667246501945954e+01
2.056081279166491171e+01
1.548339746272475281e+01
1.528438823037668826e+01
1.647319359174007047e+01
1.538079873374055140e+01
1.642233338515967844e+01
2.047054141345943279e+01
1.585884417917070621e+01
1.586781617859242388e+01
1.768850553178171481e+01
1.528438823037668826e+01
1.583137173395910224e+01
1.577518528143541765e+01
2.059074692362320036e+01
1.598247354874338200e+01
1.583830649331826024e+01
1.518337025669024243e+01
1.799656682112471273e+01
1.602460205098560664e+01
1.610952807422762589e+01
1.581677309280316379e+01
1.577421835810415729e+01
1.556644911078060289e+01
1.504567835511593543e+01
1.528438823037668826e+01
1.671214207657000017e+01
1.757581374047457246e+01
1.746906246683746389e+01
1.507798806033266459e+01
1.701723598039204433e+01
1.636997594218476237e+01
1.687954407881773733e+01
1.539113950401379682e+01
1.514669632880238126e+01
1.709735515702056574e+01
1.577421835810415729e+01
1.614344339723164978e+01
1.597358816756079491e+01
1.579575605162802709e+01
1.561018069348409654e+01
1.598247354874338200e+01
1.757581374047457246e+01
1.591191025967846429e+01
1.605938873959858526e+01
2.030666882538438145e+01
1.547096075316123631e+01
1.528438823037668826e+01
2.037607596134934340e+01
2.056651593375359610e+01
1.571659128918448012e+01
1.580515898604135572e+01
1.444377855522924392e+01
1.600575149565734279e+01
1.496454931089391138e+01
1.639143662738739593e+01
1.673257950422913964e+01
1.483256174393126869e+01
1.687420438035547932e+01
1.468626962658627022e+01
1.683800898910295984e+01
2.047054141345943279e+01
1.695966325544625874e+01
1.491268092055979011e+01
2.023929212222169483e+01
1.561741294989420226e+01
1.508788189907087585e+01
2.049038572390758972e+01
1.482685740931960439e+01
1.568652532387054066e+01
1.560600337999898102e+01
1.529575977465015058e+01
2.019161874429093473e+01
1.574012506454786831e+01
1.527792982756089302e+01
1.613095144914876400e+01
1.528438823037668826e+01
1.602460205098560664e+01
1.538663786972741931e+01
1.667700899997763031e+01
1.685529008413042362e+01
1.562267264156698232e+01
1.535726705904690448e+01
2.065603110544858723e+01
1.630270045183383587e+01
1.550383129532093918e+01
1.567908119122885502e+01
1.668165070604699451e+01
1.560865265473554331e+01
1.640041096376632979e+01
1.626864335072307099e+01
1.468626962658627022e+01
1.539113950401379682e+01
2.075276517709014712e+01
1.477800763766617287e+01
1.609366401496917476e+01
1.560865265473554331e+01
1.550383129532093918e+01
1.662304504582021281e+01
1.561738425144746323e+01
2.039955158091768084e+01
1.518337025669024243e+01
1.653263701087296056e+01
2.065603110544858723e+01
1.576855957159785149e+01
2.039955158091768084e+01
1.562267264156698232e+01
1.643905989608288110e+01
2.026009589074570627e+01
1.486002797807588394e+01
2.010160022064738783e+01
1.746906246683746389e+01
1.526971792078537682e+01
2.060823331503373979e+01
1.613095144914876400e+01
1.626864335072307099e+01
1.618302597085962446e+01
1.601120333940945528e+01
1.548498073999267532e+01
2.049038572390758972e+01
1.619218090474286953e+01
2.082631849542935143e+01
1.536613939374663218e+01
1.640126338709359999e+01
1.689572394951930789e+01
1.529575977465015058e+01
2.059074692362320036e+01
1.569824629535369631e+01
2.035269382233328272e+01
2.063208494733425624e+01
1.588049263142893253e+01
1.609319981448362213e+01
2.032940495481719623e+01
1.718839288949670419e+01
1.648468669393393782e+01
1.574436924821775818e+01
1.768850553178171481e+01
1.614344339723164978e+01
1.653365016711484259e+01
1.599221414284790654e+01
