2.008000000000000007e+00
1.883000000000000007e+00
2.071000000000000174e+00
1.705000000000000071e+00
2.004000000000000004e+00
1.713999999999999968e+00
1.961999999999999966e+00
2.180000000000000160e+00
2.568000000000000060e+00
1.870999999999999996e+00
1.665000000000000036e+00
1.877000000000000002e+00
1.399999999999999911e+00
2.170999999999999819e+00
1.697000000000000064e+00
2.080999999999999961e+00
2.386000000000000121e+00
2.055000000000000160e+00
2.105999999999999872e+00
1.981000000000000094e+00
1.840000000000000080e+00
1.596000000000000085e+00
2.081999999999999851e+00
1.743000000000000105e+00
1.562999999999999945e+00
1.618000000000000105e+00
1.786000000000000032e+00
1.796000000000000041e+00
1.870000000000000107e+00
2.076999999999999957e+00
2.129999999999999893e+00
1.542999999999999927e+00
2.161000000000000032e+00
2.016999999999999904e+00
2.031000000000000139e+00
1.612999999999999989e+00
1.881000000000000005e+00
1.967000000000000082e+00
1.828000000000000069e+00
2.037999999999999812e+00
1.697999999999999954e+00
2.323999999999999844e+00
2.390000000000000124e+00
1.790000000000000036e+00
1.887000000000000011e+00
2.080000000000000071e+00
1.875999999999999890e+00
1.969999999999999973e+00
2.286999999999999922e+00
2.128000000000000114e+00
1.778000000000000025e+00
2.145000000000000018e+00
2.096000000000000085e+00
1.870000000000000107e+00
2.428999999999999826e+00
1.870000000000000107e+00
2.073999999999999844e+00
2.097999999999999865e+00
1.895000000000000018e+00
2.080999999999999961e+00
1.844999999999999973e+00
1.578999999999999959e+00
2.020000000000000018e+00
1.917999999999999927e+00
1.889000000000000012e+00
1.975000000000000089e+00
1.750999999999999890e+00
2.137000000000000011e+00
1.647999999999999909e+00
1.893000000000000016e+00
1.667000000000000037e+00
1.778000000000000025e+00
1.645999999999999908e+00
1.883999999999999897e+00
1.915999999999999925e+00
1.870000000000000107e+00
1.447999999999999954e+00
1.651000000000000023e+00
1.933999999999999941e+00
1.925000000000000044e+00
2.053999999999999826e+00
1.832999999999999963e+00
2.084999999999999964e+00
1.905999999999999917e+00
2.221000000000000085e+00
2.169999999999999929e+00
2.326999999999999957e+00
1.633000000000000007e+00
1.637000000000000011e+00
1.822000000000000064e+00
1.850000000000000089e+00
1.715000000000000080e+00
1.814000000000000057e+00
1.834000000000000075e+00
2.076999999999999957e+00
1.828000000000000069e+00
1.893000000000000016e+00
1.758000000000000007e+00
1.895999999999999908e+00
1.713000000000000078e+00
1.806999999999999940e+00
2.427999999999999936e+00
1.669000000000000039e+00
1.717000000000000082e+00
1.741999999999999993e+00
2.076000000000000068e+00
2.016999999999999904e+00
1.756000000000000005e+00
1.707000000000000073e+00
1.723000000000000087e+00
