1.844999999999999973e+00
2.059000000000000163e+00
2.108000000000000096e+00
2.028000000000000025e+00
2.379000000000000004e+00
1.691999999999999948e+00
1.707000000000000073e+00
1.907000000000000028e+00
1.679999999999999938e+00
1.971000000000000085e+00
1.661999999999999922e+00
1.941999999999999948e+00
1.776000000000000023e+00
1.945999999999999952e+00
1.846000000000000085e+00
1.921000000000000041e+00
1.885999999999999899e+00
2.035000000000000142e+00
1.943999999999999950e+00
1.459999999999999964e+00
1.784999999999999920e+00
1.760000000000000009e+00
2.121999999999999886e+00
1.800000000000000044e+00
1.784999999999999920e+00
1.862000000000000099e+00
2.012999999999999901e+00
2.169999999999999929e+00
1.752000000000000002e+00
2.226999999999999869e+00
1.631000000000000005e+00
2.028000000000000025e+00
1.879000000000000004e+00
2.226999999999999869e+00
2.349000000000000199e+00
1.846000000000000085e+00
2.107000000000000206e+00
2.209999999999999964e+00
2.008000000000000007e+00
1.947999999999999954e+00
1.875999999999999890e+00
1.975999999999999979e+00
1.526999999999999913e+00
2.349000000000000199e+00
1.711000000000000076e+00
1.655000000000000027e+00
2.388999999999999790e+00
2.016999999999999904e+00
1.989000000000000101e+00
1.969999999999999973e+00
1.834999999999999964e+00
2.056000000000000050e+00
1.653999999999999915e+00
2.166999999999999815e+00
1.889999999999999902e+00
1.885999999999999899e+00
1.693000000000000060e+00
1.969999999999999973e+00
1.840000000000000080e+00
1.758999999999999897e+00
1.973000000000000087e+00
1.965999999999999970e+00
2.029999999999999805e+00
1.707999999999999963e+00
1.774999999999999911e+00
1.842999999999999972e+00
1.927000000000000046e+00
1.824999999999999956e+00
2.184000000000000163e+00
1.893000000000000016e+00
1.987000000000000099e+00
1.760999999999999899e+00
1.750999999999999890e+00
1.917000000000000037e+00
1.727999999999999980e+00
1.975999999999999979e+00
2.326999999999999957e+00
1.875999999999999890e+00
1.780000000000000027e+00
1.905999999999999917e+00
1.850000000000000089e+00
1.963999999999999968e+00
1.590999999999999970e+00
1.729000000000000092e+00
1.780999999999999917e+00
2.170999999999999819e+00
2.254000000000000004e+00
1.495000000000000107e+00
2.075000000000000178e+00
1.754999999999999893e+00
2.129000000000000004e+00
1.699999999999999956e+00
1.879999999999999893e+00
1.941999999999999948e+00
1.834999999999999964e+00
1.883999999999999897e+00
2.064999999999999947e+00
2.081999999999999851e+00
1.983999999999999986e+00
1.931000000000000050e+00
2.124000000000000110e+00
1.564999999999999947e+00
1.814000000000000057e+00
1.864999999999999991e+00
1.806999999999999940e+00
2.170999999999999819e+00
2.049999999999999822e+00
1.808999999999999941e+00
1.788000000000000034e+00
1.810999999999999943e+00
2.568000000000000060e+00
1.788999999999999924e+00
2.007000000000000117e+00
1.659999999999999920e+00
2.032000000000000028e+00
2.213999999999999968e+00
1.881000000000000005e+00
1.663000000000000034e+00
1.905999999999999917e+00
1.877000000000000002e+00
1.707999999999999963e+00
2.390000000000000124e+00
1.885000000000000009e+00
1.804000000000000048e+00
1.852000000000000091e+00
1.614999999999999991e+00
1.550000000000000044e+00
1.735000000000000098e+00
2.081999999999999851e+00
2.080000000000000071e+00
2.107000000000000206e+00
2.048000000000000043e+00
1.743000000000000105e+00
1.881999999999999895e+00
1.848000000000000087e+00
1.993999999999999995e+00
2.310000000000000053e+00
2.040000000000000036e+00
1.554999999999999938e+00
2.068000000000000060e+00
2.124000000000000110e+00
2.100000000000000089e+00
1.467000000000000082e+00
1.750999999999999890e+00
1.816999999999999948e+00
2.379000000000000004e+00
1.929000000000000048e+00
1.885999999999999899e+00
1.735000000000000098e+00
1.840000000000000080e+00
1.705000000000000071e+00
1.893000000000000016e+00
1.870999999999999996e+00
2.289000000000000146e+00
1.552999999999999936e+00
1.576000000000000068e+00
1.350000000000000089e+00
1.828999999999999959e+00
1.788999999999999924e+00
2.020000000000000018e+00
1.953000000000000069e+00
2.045999999999999819e+00
2.420999999999999819e+00
1.858000000000000096e+00
2.099000000000000199e+00
2.289000000000000146e+00
1.893000000000000016e+00
1.566000000000000059e+00
1.552999999999999936e+00
1.731999999999999984e+00
1.659999999999999920e+00
2.464999999999999858e+00
2.008000000000000007e+00
1.979999999999999982e+00
1.883999999999999897e+00
1.419999999999999929e+00
1.923999999999999932e+00
1.872999999999999998e+00
2.075000000000000178e+00
2.140000000000000124e+00
2.323999999999999844e+00
2.016000000000000014e+00
2.053999999999999826e+00
1.864000000000000101e+00
1.901000000000000023e+00
1.995000000000000107e+00
1.681000000000000050e+00
1.852999999999999980e+00
2.388999999999999790e+00
1.905999999999999917e+00
1.741000000000000103e+00
1.951000000000000068e+00
1.832999999999999963e+00
1.735999999999999988e+00
1.935999999999999943e+00
2.322000000000000064e+00
1.622999999999999998e+00
2.009999999999999787e+00
1.774000000000000021e+00
2.055000000000000160e+00
1.933000000000000052e+00
2.346000000000000085e+00
1.806999999999999940e+00
1.693000000000000060e+00
1.925000000000000044e+00
1.977999999999999980e+00
1.790999999999999925e+00
2.016999999999999904e+00
2.156000000000000139e+00
1.723000000000000087e+00
1.695000000000000062e+00
2.186999999999999833e+00
2.064999999999999947e+00
1.875999999999999890e+00
1.925000000000000044e+00
1.693000000000000060e+00
2.053999999999999826e+00
1.838999999999999968e+00
1.991000000000000103e+00
1.772000000000000020e+00
1.667999999999999927e+00
1.778000000000000025e+00
1.570999999999999952e+00
1.679999999999999938e+00
2.084000000000000075e+00
1.703999999999999959e+00
1.854999999999999982e+00
1.600999999999999979e+00
1.812999999999999945e+00
2.176000000000000156e+00
1.735000000000000098e+00
2.092000000000000082e+00
1.955999999999999961e+00
2.040000000000000036e+00
1.671999999999999931e+00
1.844999999999999973e+00
1.681999999999999940e+00
2.044999999999999929e+00
2.019000000000000128e+00
1.800000000000000044e+00
2.044999999999999929e+00
1.949999999999999956e+00
1.750999999999999890e+00
2.021999999999999797e+00
1.389000000000000012e+00
2.037999999999999812e+00
2.117999999999999883e+00
1.897000000000000020e+00
2.077999999999999847e+00
1.780000000000000027e+00
1.927999999999999936e+00
1.875999999999999890e+00
1.784999999999999920e+00
1.610999999999999988e+00
2.145000000000000018e+00
1.530000000000000027e+00
1.701000000000000068e+00
2.420999999999999819e+00
1.685000000000000053e+00
1.901000000000000023e+00
1.925000000000000044e+00
2.040999999999999925e+00
2.053999999999999826e+00
1.760000000000000009e+00
1.782000000000000028e+00
1.788000000000000034e+00
2.253000000000000114e+00
2.346000000000000085e+00
1.925000000000000044e+00
2.121999999999999886e+00
1.887999999999999901e+00
2.161999999999999922e+00
2.230999999999999872e+00
1.899000000000000021e+00
1.925000000000000044e+00
1.846999999999999975e+00
1.572000000000000064e+00
1.804999999999999938e+00
1.891000000000000014e+00
2.200000000000000178e+00
1.810999999999999943e+00
2.012999999999999901e+00
1.945000000000000062e+00
1.766999999999999904e+00
1.671000000000000041e+00
2.029999999999999805e+00
1.647999999999999909e+00
1.784999999999999920e+00
1.747999999999999998e+00
1.923000000000000043e+00
1.552999999999999936e+00
1.925000000000000044e+00
1.737999999999999989e+00
2.145000000000000018e+00
1.520000000000000018e+00
1.979000000000000092e+00
1.745000000000000107e+00
2.197999999999999954e+00
1.812000000000000055e+00
1.874000000000000110e+00
1.754000000000000004e+00
1.816999999999999948e+00
1.784000000000000030e+00
2.354999999999999982e+00
1.814000000000000057e+00
1.848000000000000087e+00
1.810999999999999943e+00
2.165999999999999925e+00
1.786999999999999922e+00
1.550000000000000044e+00
2.072999999999999954e+00
1.887000000000000011e+00
1.901999999999999913e+00
2.244000000000000217e+00
1.707999999999999963e+00
1.993000000000000105e+00
1.679000000000000048e+00
1.673000000000000043e+00
1.887999999999999901e+00
2.109999999999999876e+00
1.889000000000000012e+00
1.745999999999999996e+00
1.820000000000000062e+00
1.576999999999999957e+00
1.703000000000000069e+00
1.768000000000000016e+00
1.808000000000000052e+00
1.949999999999999956e+00
1.677000000000000046e+00
2.048000000000000043e+00
2.072999999999999954e+00
1.659999999999999920e+00
1.814999999999999947e+00
2.104999999999999982e+00
1.945999999999999952e+00
1.592000000000000082e+00
1.923999999999999932e+00
1.991999999999999993e+00
1.719000000000000083e+00
1.534999999999999920e+00
1.997000000000000108e+00
2.129000000000000004e+00
1.810999999999999943e+00
2.035000000000000142e+00
2.262999999999999901e+00
2.230999999999999872e+00
1.451999999999999957e+00
1.818000000000000060e+00
1.848999999999999977e+00
1.875000000000000000e+00
1.899999999999999911e+00
1.840000000000000080e+00
2.224000000000000199e+00
2.056999999999999940e+00
1.967999999999999972e+00
1.901000000000000023e+00
2.137999999999999901e+00
2.286999999999999922e+00
1.707000000000000073e+00
1.989000000000000101e+00
2.166999999999999815e+00
1.701999999999999957e+00
2.126999999999999780e+00
2.228000000000000203e+00
1.836999999999999966e+00
1.907000000000000028e+00
1.921000000000000041e+00
1.838999999999999968e+00
2.354999999999999982e+00
1.993999999999999995e+00
1.844999999999999973e+00
1.838000000000000078e+00
1.913000000000000034e+00
1.737999999999999989e+00
1.614000000000000101e+00
1.822999999999999954e+00
1.844999999999999973e+00
2.162999999999999812e+00
1.806999999999999940e+00
2.568000000000000060e+00
1.802000000000000046e+00
1.919000000000000039e+00
1.445000000000000062e+00
1.826999999999999957e+00
1.842999999999999972e+00
1.939999999999999947e+00
1.889000000000000012e+00
2.309000000000000163e+00
2.137000000000000011e+00
2.008999999999999897e+00
1.786999999999999922e+00
1.616000000000000103e+00
1.735000000000000098e+00
1.743999999999999995e+00
1.955999999999999961e+00
1.820000000000000062e+00
2.290999999999999925e+00
2.117999999999999883e+00
1.683999999999999941e+00
2.240000000000000213e+00
1.669999999999999929e+00
1.870000000000000107e+00
1.997000000000000108e+00
1.739000000000000101e+00
2.117999999999999883e+00
2.049999999999999822e+00
2.189000000000000057e+00
1.612999999999999989e+00
1.489999999999999991e+00
2.142999999999999794e+00
1.931000000000000050e+00
1.969999999999999973e+00
1.816000000000000059e+00
1.929999999999999938e+00
2.121999999999999886e+00
2.428999999999999826e+00
1.848000000000000087e+00
2.197999999999999954e+00
1.927999999999999936e+00
1.743999999999999995e+00
2.083000000000000185e+00
1.786000000000000032e+00
2.275999999999999801e+00
1.655000000000000027e+00
2.474000000000000199e+00
2.186999999999999833e+00
1.901999999999999913e+00
1.985999999999999988e+00
2.189000000000000057e+00
1.997000000000000108e+00
1.864000000000000101e+00
1.485999999999999988e+00
1.921000000000000041e+00
1.729999999999999982e+00
1.784000000000000030e+00
1.750000000000000000e+00
