1.223857189300202286e+01
1.490453937187743172e+01
1.743117057148124971e+01
1.421934333030346309e+01
1.755713896754166470e+01
1.469451942973364922e+01
1.227314569984344850e+01
1.339399229293341698e+01
1.111906044561481721e+01
1.434877937152117333e+01
1.213390140130002237e+01
1.490453937187743172e+01
1.232542918117495212e+01
1.315198545720212486e+01
1.299071284192570097e+01
1.290923330594087126e+01
1.288991295618849087e+01
1.117058157403769414e+01
1.498661180184685193e+01
1.007692893678560786e+01
1.408048855506367580e+01
1.117058157403769414e+01
1.758539597709666324e+01
1.176539643250585243e+01
1.274620889226218523e+01
1.284343916460315249e+01
1.473559339255730904e+01
1.734257760801731507e+01
1.275599272318275368e+01
1.743117057148124971e+01
9.914303433064294069e+00
1.489774714326921767e+01
1.469451942973364922e+01
1.711434702846645450e+01
1.714224688813106212e+01
1.213390140130002237e+01
1.498661180184685193e+01
1.781798459251738720e+01
1.784788602387774858e+01
1.275922913578006579e+01
1.144383315355704411e+01
1.451093312223308196e+01
1.007692893678560786e+01
1.743117057148124971e+01
1.296901664173226898e+01
1.264974820643851672e+01
1.781798459251738720e+01
1.489774714326921767e+01
1.266180319015502320e+01
1.473559339255730904e+01
1.469451942973364922e+01
1.451093312223308196e+01
1.228192649456718932e+01
1.725563583859484851e+01
1.266180319015502320e+01
1.227314569984344850e+01
1.184898538700344872e+01
1.307413250021462403e+01
1.274620889226218523e+01
1.335572484661731352e+01
1.285606892742404384e+01
1.276866694401636515e+01
1.299710070383507343e+01
1.215221045354198992e+01
1.151732104200143780e+01
1.193785004558107943e+01
1.336749784610087310e+01
1.194942927423559276e+01
1.529135339291356743e+01
1.111906044561481721e+01
1.434877937152117333e+01
1.459979778081071444e+01
1.349526480255075178e+01
1.291053484967661547e+01
1.304803477105932608e+01
1.365101120979607252e+01
1.772939162905345256e+01
1.330344856446780533e+01
1.151732104200143780e+01
1.163988450927598528e+01
1.274620889226218523e+01
1.323974492666964764e+01
1.246312381254231560e+01
1.192258199420072629e+01
1.098512869810771875e+01
1.755713896754166470e+01
1.734257760801731507e+01
1.071952678615280341e+01
1.741852313806112917e+01
1.157962876530363872e+01
1.725563583859484851e+01
9.999965420737783717e+00
1.354370361689304048e+01
1.154391987582614476e+01
1.343522035645207602e+01
1.287187759674960219e+01
1.434877937152117333e+01
1.469451942973364922e+01
1.234545291081533946e+01
1.347076971355987496e+01
1.451093312223308196e+01
1.032444676326713839e+01
1.229641582436120473e+01
1.274057918209486218e+01
1.317823491828495897e+01
1.764442292111132105e+01
1.498661180184685193e+01
1.207340216968565549e+01
1.224259163664779848e+01
1.469451942973364922e+01
1.711434702846645450e+01
1.294587097216134630e+01
1.442734416773548745e+01
1.291391712666631086e+01
1.451093312223308196e+01
1.787797393112543531e+01
1.203257169450401420e+01
1.111906044561481721e+01
1.392155472933403182e+01
1.300150560768875074e+01
1.228312917769116019e+01
1.790824906673112338e+01
1.168683163629154009e+01
1.297665966675024407e+01
1.276256752525754479e+01
1.131133794884614119e+01
9.871620607880721820e+00
1.297941085129168926e+01
1.451093312223308196e+01
1.781798459251738720e+01
1.441065366047711649e+01
1.312284294486753566e+01
1.256404074831072570e+01
1.469451942973364922e+01
1.446730257609981152e+01
1.225067224434496183e+01
1.469451942973364922e+01
1.274620889226218523e+01
1.285649403763484067e+01
1.459979778081071444e+01
1.338888882309911743e+01
1.443869698514549071e+01
1.136189190421134398e+01
1.237030700333796851e+01
1.315427991987203526e+01
1.784788602387774858e+01
1.248506357571346825e+01
1.281483554759649302e+01
1.104990298380210767e+01
1.150587446665095293e+01
1.294320389449494790e+01
1.518266315756579310e+01
1.319132772731091663e+01
1.747343863607716585e+01
1.216057659093432441e+01
9.728327731990852101e+00
9.801871457772239893e+00
1.294371374750464732e+01
1.222049695934769886e+01
1.489774714326921767e+01
1.508133345076978493e+01
1.427502507286848754e+01
1.755189816212935128e+01
1.213390140130002237e+01
1.518266315756579310e+01
1.775873814757591873e+01
1.334171718630165770e+01
1.137194271914385446e+01
1.157962876530363872e+01
1.165819356151795283e+01
9.905090204530967668e+00
1.740145486353753057e+01
1.489774714326921767e+01
1.481415818877162316e+01
1.295241190493498173e+01
9.905090204530967668e+00
1.343794131745054266e+01
1.294073039375841638e+01
1.775873814757591873e+01
1.784788602387774858e+01
1.719858195606052575e+01
1.261260572012722392e+01
1.761383269030287479e+01
1.213390140130002237e+01
1.252071542233615986e+01
1.397093291777164836e+01
1.153855480247997889e+01
1.032444676326713839e+01
1.750116104950259199e+01
1.452790734639752479e+01
1.217935683348754594e+01
1.442734416773548745e+01
1.355336843044789674e+01
1.203257169450401420e+01
1.147914559013175406e+01
1.796936403289921103e+01
1.015239153537146422e+01
1.248506357571346825e+01
1.163988450927598528e+01
1.442734416773548745e+01
1.336501806963859984e+01
1.803123694214745854e+01
1.268841596757235024e+01
1.223726545144773503e+01
1.260575796502530643e+01
1.313473634081995378e+01
1.207364565732767403e+01
1.442734416773548745e+01
1.274620889226218523e+01
1.469451942973364922e+01
1.269758543159476893e+01
1.479584913652965561e+01
1.336159454274329939e+01
1.117058157403769414e+01
1.740145486353753057e+01
1.018868547880837738e+01
1.498661180184685193e+01
1.371681458486648708e+01
1.749115991008929782e+01
1.286078215454147688e+01
1.157962876530363872e+01
1.244454119270304204e+01
9.956440334786668345e+00
1.331830731039680060e+01
1.442734416773548745e+01
1.215679865974399831e+01
1.498661180184685193e+01
9.914303433064294069e+00
1.213390140130002237e+01
1.508133345076978493e+01
1.111906044561481721e+01
1.402383963944097900e+01
1.481415818877162316e+01
1.481415818877162316e+01
1.303549301205868893e+01
1.261949816163321358e+01
1.248740835776260383e+01
1.469451942973364922e+01
1.235939487122604774e+01
1.144383315355704411e+01
1.234039490504965464e+01
1.262940565768393242e+01
1.137194271914385446e+01
1.276706017411899907e+01
9.871620607880721820e+00
1.518266315756579310e+01
1.787797393112543531e+01
1.451093312223308196e+01
1.479584913652965561e+01
1.273987842380748781e+01
1.469451942973364922e+01
1.274964905294319450e+01
1.137194271914385446e+01
1.111906044561481721e+01
1.744589291642023454e+01
1.035606943700629934e+01
1.205146162890439321e+01
1.719858195606052575e+01
1.364500366213328242e+01
1.207020724679294332e+01
1.711434702846645450e+01
1.540815662749181847e+01
1.479584913652965561e+01
1.280598178023426748e+01
1.125468903322344616e+01
1.314432467688977191e+01
1.784788602387774858e+01
1.767124823755165863e+01
1.253878614363691213e+01
1.796936403289921103e+01
1.246010162554465062e+01
1.442734416773548745e+01
1.750116104950259199e+01
1.275824368928136998e+01
1.157962876530363872e+01
1.350064329866638602e+01
1.168683163629154009e+01
1.260230239369907856e+01
1.469451942973364922e+01
1.764244985963098244e+01
1.250209688719923662e+01
1.285649403763484067e+01
1.267200134011586599e+01
1.247048197877754028e+01
1.174870592524748147e+01
1.168683163629154009e+01
1.018868547880837738e+01
1.274620889226218523e+01
1.472536979790512746e+01
1.311520646303828386e+01
1.007692893678560786e+01
1.298860709899403965e+01
1.235939487122604774e+01
1.772939162905345256e+01
9.765577514335328502e+00
1.420586761105577800e+01
1.120178231155411375e+01
1.731341455549945607e+01
1.216821096073955921e+01
1.451093312223308196e+01
1.275830069093294661e+01
1.199989135867499002e+01
1.292543670191466454e+01
1.775873814757591873e+01
1.225406591548858160e+01
1.247189927408709842e+01
1.153855480247997889e+01
1.451093312223308196e+01
1.244270130767979943e+01
9.837216757290924818e+00
1.790824906673112338e+01
1.306308606455037058e+01
1.294587097216134630e+01
1.442734416773548745e+01
1.419743006879543401e+01
1.203257169450401420e+01
1.295741110882758385e+01
9.905090204530967668e+00
1.232466406661721692e+01
1.215221045354198992e+01
1.481415818877162316e+01
1.451093312223308196e+01
1.346823778474489686e+01
1.144383315355704411e+01
1.135496849497941163e+01
1.125960699410439858e+01
1.098512869810771875e+01
1.288195512081098215e+01
1.137194271914385446e+01
1.459979778081071444e+01
1.489774714326921767e+01
1.104990298380210767e+01
1.232466406661721692e+01
1.213390140130002237e+01
1.305582844002584331e+01
9.871620607880721820e+00
1.529135339291356743e+01
1.306308606455037058e+01
1.144383315355704411e+01
1.193785004558107943e+01
1.291609699087376661e+01
1.700451452749302561e+01
1.207364565732767403e+01
1.451093312223308196e+01
1.764244985963098244e+01
1.787797393112543531e+01
9.728327731990852101e+00
1.184898538700344872e+01
1.383252930926732738e+01
1.252071542233615986e+01
1.117058157403769414e+01
1.319208273398437115e+01
1.348630594296057694e+01
1.414109332536138908e+01
1.361324291342466708e+01
1.402383963944097900e+01
1.358050861736289505e+01
1.775873814757591873e+01
1.143671700483824338e+01
1.420586761105577800e+01
1.692397436715319969e+01
1.018868547880837738e+01
1.434877937152117333e+01
1.722701866926674086e+01
1.155739559507382808e+01
1.282379334277111838e+01
1.226406221298679355e+01
1.193073389686227870e+01
1.741852313806112917e+01
1.265614302926053547e+01
1.141854081983404257e+01
1.262940565768393242e+01
1.451093312223308196e+01
1.203257169450401420e+01
1.209301506963532979e+01
1.343732006496844456e+01
1.359611181641394673e+01
1.479584913652965561e+01
1.207020724679294332e+01
1.743117057148124971e+01
1.311769207946077742e+01
1.469451942973364922e+01
1.029190422556710338e+01
1.293498134309754199e+01
1.168683163629154009e+01
1.235939487122604774e+01
1.224259163664779848e+01
1.402383963944097900e+01
1.459979778081071444e+01
1.755189816212935128e+01
1.102547206093214172e+01
1.265463814334946235e+01
1.168683163629154009e+01
1.469451942973364922e+01
1.309384571788226026e+01
1.276866694401636515e+01
1.767124823755165863e+01
1.442734416773548745e+01
1.352090322026015734e+01
1.743117057148124971e+01
1.239257882721491200e+01
1.767124823755165863e+01
1.479584913652965561e+01
1.344149762589804631e+01
1.750116104950259199e+01
1.466183909390462325e+01
1.731078838818933363e+01
1.135496849497941163e+01
1.200196136789630152e+01
1.737192412653978124e+01
1.262940565768393242e+01
1.224259163664779848e+01
1.251772426413406514e+01
1.287651014228769242e+01
1.518266315756579310e+01
1.722701866926674086e+01
1.302577620683694093e+01
1.764442292111132105e+01
1.508133345076978493e+01
1.287187759674960219e+01
1.332985803792404234e+01
1.193073389686227870e+01
1.790824906673112338e+01
9.690114915749472146e+00
1.761383269030287479e+01
1.740145486353753057e+01
1.553382533197923721e+01
1.315387419515513479e+01
1.758539597709666324e+01
1.338901545448163333e+01
1.327107175809270601e+01
1.038677944177391943e+01
1.153855480247997889e+01
1.213390140130002237e+01
1.331294243879520600e+01
1.257218200745150227e+01
