1.158291782066785292e+00
-1.288170673333025373e+00
-1.034540204857035128e+00
2.303879238068022861e+00
8.604783254732822906e-01
-5.373197144014794091e-01
8.264875870851621231e-01
-7.484676656011386431e-01
-8.491580898530540766e-01
6.415585954957958581e-01
-4.058852422449948372e-01
-1.288170673333025373e+00
7.311443011635022637e-01
3.565118801744559529e-01
6.829988677299571043e-01
8.407837310913255369e-01
8.773775583088334606e-01
2.062978545673979092e+00
1.060392938357751225e-01
1.167211652836170233e+00
1.431704941240095508e+00
2.062978545673979092e+00
7.177402519607263276e-01
6.905514414587771155e-01
-8.290503418046561990e-01
9.640106342272065643e-01
9.500042558848655894e-01
-5.961166854332761167e-01
1.121216604840765907e+00
-1.034540204857035128e+00
1.529396024070893256e+00
4.137964264673590908e-01
-5.373197144014794091e-01
5.516245378410720157e-01
4.098607681611989295e-01
-4.058852422449948372e-01
1.060392938357751225e-01
-4.416716165698952867e-01
-5.887832288251387824e-01
-2.983365387419491532e-01
-1.432692198795149086e+00
1.053507660782942307e-01
1.167211652836170233e+00
-1.034540204857035128e+00
7.255377824920237195e-01
4.107608790898198969e-01
-4.416716165698952867e-01
4.137964264673590908e-01
-3.873327234188585211e-02
9.500042558848655894e-01
-5.373197144014794091e-01
1.053507660782942307e-01
1.088293419376495486e+00
-1.620647359332690052e-01
-3.873327234188585211e-02
8.264875870851621231e-01
4.509508419293725701e-01
-1.208460845000421280e+00
-8.290503418046561990e-01
-6.988123925797613822e-02
9.406672502716475481e-01
8.793907308793753597e-01
6.704050600824292827e-01
9.536208406381111446e-01
2.384881994248353010e+00
1.884686793584221809e-01
-9.463599555521461093e-02
1.179925877966188530e+00
-9.797250129439556421e-01
-8.491580898530540766e-01
6.415585954957958581e-01
-2.024063665532945533e-01
-3.626569990047053826e-01
-1.283218869463383927e-01
-4.172884333687924552e-01
-1.643971110722760365e+00
-3.248097146136349686e-03
-4.821865612285775038e-01
2.384881994248353010e+00
-1.811015860362490182e+00
-8.290503418046561990e-01
-1.707512098807869583e+00
7.708503707717265785e-01
1.190482154070635623e+00
-6.353706314377978170e-01
8.604783254732822906e-01
-5.961166854332761167e-01
-2.839570735878562124e-01
1.566858679820459788e+00
-8.070625916057138083e-01
-1.620647359332690052e-01
3.390974187080039171e-01
-1.432627412113849141e+00
1.282449670422952215e+00
-1.215650011424471488e+00
-1.206380138115220380e+00
6.415585954957958581e-01
-5.373197144014794091e-01
6.924839836752630928e-01
-9.779592679604915961e-01
1.053507660782942307e-01
6.305901929641126724e-01
7.850909534784552557e-01
1.148069747874944868e+00
-6.892831204259773914e-01
-2.074495788304447697e+00
1.060392938357751225e-01
1.098702110623254180e+00
-7.375659533695024805e-01
-5.373197144014794091e-01
5.516245378410720157e-01
4.798368510375030094e-01
3.862795452598020152e-01
-1.354288022023080185e-01
1.053507660782942307e-01
-7.363796960412801740e-01
-9.717467540438272378e-02
-8.491580898530540766e-01
1.817534760546221317e+00
-3.195745775733232485e-01
1.086315009579277513e+00
-8.844607994606541457e-01
9.082757118665535367e-01
7.105943477553383625e-01
1.109680252124904731e+00
-3.781018216465660831e-01
6.013139180716181587e-01
-9.261648346900034356e-01
1.053507660782942307e-01
-4.416716165698952867e-01
1.886326582829169984e+00
2.461859935079815584e-02
1.433786348698534496e+00
-5.373197144014794091e-01
1.740150601629165017e+00
8.647922938915113544e-01
-5.373197144014794091e-01
-8.290503418046561990e-01
-5.693782242229668000e-01
-2.024063665532945533e-01
-2.155692149154307735e+00
-2.223532747357269468e+00
1.706853171756038456e+00
9.380723526402348078e-01
3.517631544632146001e-01
-5.887832288251387824e-01
-1.469449537294558628e+00
1.016302631608041018e+00
-7.363412887043047084e-01
-6.817067200103991143e-01
-8.196510499168703223e-01
-5.908334265402783725e-01
-7.164729743734321588e-01
1.285769415755309231e+00
1.000009188438652385e+00
9.146853587506131866e-01
7.522777483506252194e-01
7.746759522033728196e-01
9.134804973576030607e-01
4.137964264673590908e-01
-2.288740540124145073e-01
8.724642884990618796e-01
-1.625894908612734557e+00
-4.058852422449948372e-01
-5.908334265402783725e-01
-1.489038319727468418e-01
-4.042559273521299096e-02
-4.679192615951427436e-01
-8.070625916057138083e-01
-9.456504602119060188e-01
5.305437189799411257e-01
-8.879136663203553992e-01
4.137964264673590908e-01
6.947252056488668615e-01
4.638954605409299492e-01
5.305437189799411257e-01
-2.426082526782632198e-01
-1.917919457500940061e-01
-1.489038319727468418e-01
-5.887832288251387824e-01
1.248716636735865415e-01
8.719937848983541628e-02
5.745153546683734458e-01
-4.058852422449948372e-01
-1.428158430656567002e-01
1.706065404971221611e+00
-1.614512551868128698e+00
6.305901929641126724e-01
1.144493126128211857e+00
1.574706750047504933e+00
1.249442516667863767e+00
3.862795452598020152e-01
-4.838297263513980373e-01
-9.717467540438272378e-02
1.441076561124423172e+00
-1.182076039878436458e+00
9.995865105786464477e-01
-1.469449537294558628e+00
-1.811015860362490182e+00
3.862795452598020152e-01
-2.084259039182023265e+00
-1.481627200017307855e+00
3.327786066872248649e-01
1.160359997215796968e+00
1.044282394864367441e-01
3.921426768360788961e-01
1.171345111045891674e+00
3.862795452598020152e-01
-8.290503418046561990e-01
-5.373197144014794091e-01
1.018699494760182178e+00
-8.992790869293479927e-01
-8.222364007761921723e-02
2.062978545673979092e+00
-8.879136663203553992e-01
9.197291181932801818e-01
1.060392938357751225e-01
-8.209526225442358438e-01
-1.329248284328420127e+00
9.319169904715365327e-01
-8.070625916057138083e-01
8.050328680246756630e-01
1.435903468924710102e+00
-1.944098132821132419e+00
3.862795452598020152e-01
1.004980568796692397e+00
1.060392938357751225e-01
1.529396024070893256e+00
-4.058852422449948372e-01
-2.288740540124145073e-01
-8.491580898530540766e-01
1.577880922440100253e+00
6.947252056488668615e-01
6.947252056488668615e-01
-1.092801441223276715e+00
6.978228975857404814e-02
7.256827324840691151e-01
-5.373197144014794091e-01
-1.092119740983990228e+00
-1.432692198795149086e+00
7.023560955428873598e-01
-4.744965541901643991e-01
-4.679192615951427436e-01
-3.197441094855814070e-01
6.013139180716181587e-01
-5.908334265402783725e-01
-7.363796960412801740e-01
1.053507660782942307e-01
-8.992790869293479927e-01
2.275464358772023854e-01
-5.373197144014794091e-01
1.132301251997120506e+00
-4.679192615951427436e-01
-8.491580898530540766e-01
1.426558006571947201e+00
5.667187197398032561e-01
1.118027047001522778e+00
1.248716636735865415e-01
-1.632226197788861466e+00
1.101657408558306184e+00
5.516245378410720157e-01
-1.395435002419566306e+00
-8.992790869293479927e-01
1.032322241783731664e+00
-2.987446724515995800e-01
-1.419637913371269322e+00
-5.887832288251387824e-01
2.866059637748105682e-01
6.283618099817636082e-01
-1.182076039878436458e+00
4.512156297109572445e-01
3.862795452598020152e-01
1.144493126128211857e+00
1.117272442592745385e+00
-8.070625916057138083e-01
-1.067781161968699211e+00
9.082757118665535367e-01
5.049734332146539328e-01
-5.373197144014794091e-01
4.308038523538708087e-01
3.553689325306670921e-01
-5.693782242229668000e-01
1.264092873871218714e+00
7.572232243361760595e-01
1.969922570935376482e+00
9.082757118665535367e-01
9.197291181932801818e-01
-8.290503418046561990e-01
-2.741210653229218419e+00
4.519364667188283113e-02
1.167211652836170233e+00
-9.533658413739756199e-01
-1.092119740983990228e+00
-3.248097146136349686e-03
8.321351407359888208e-01
1.080272995982348050e+00
-2.291548874459256313e-01
-4.509466805982079163e-01
9.897814640567105249e-01
1.053507660782942307e-01
1.895514139219962590e-01
1.368281653608476534e+00
-7.677696457320675183e-01
-1.489038319727468418e-01
1.133576517782479920e+00
4.246590341016805437e-01
-1.614512551868128698e+00
1.053507660782942307e-01
4.898351567138261586e-01
6.752813009955106471e-01
-8.844607994606541457e-01
1.835268703531616752e-01
4.798368510375030094e-01
3.862795452598020152e-01
-2.670131922452272377e+00
-9.717467540438272378e-02
7.481398899810614012e-01
5.305437189799411257e-01
4.515380785377602901e-01
9.536208406381111446e-01
6.947252056488668615e-01
1.053507660782942307e-01
-3.061095435359934003e-01
-1.432692198795149086e+00
-1.265614622235948339e+00
1.911250896535420019e+00
-6.353706314377978170e-01
-6.420757580792293417e-01
-4.679192615951427436e-01
-2.024063665532945533e-01
4.137964264673590908e-01
-7.363412887043047084e-01
4.515380785377602901e-01
-4.058852422449948372e-01
2.024885113592508334e-01
6.013139180716181587e-01
-9.797250129439556421e-01
1.835268703531616752e-01
-1.432692198795149086e+00
1.884686793584221809e-01
8.277049131580402896e-01
1.113802628456078470e+00
1.171345111045891674e+00
1.053507660782942307e-01
4.308038523538708087e-01
-7.363796960412801740e-01
9.146853587506131866e-01
4.509508419293725701e-01
1.995433577678957793e+00
-1.428158430656567002e-01
2.062978545673979092e+00
2.732555996085462846e-01
-3.439243898883504458e-01
1.266261089658439865e+00
-6.080243363197481710e-01
1.577880922440100253e+00
-5.402166153015603989e-01
-1.489038319727468418e-01
-5.688899188616496350e-01
1.080272995982348050e+00
1.530309233692988879e+00
9.197291181932801818e-01
6.415585954957958581e-01
-1.835323361876637152e-02
2.326047944853312899e+00
7.623751282668986828e-01
8.421729701131017709e-01
1.545519069602286244e+00
1.566858679820459788e+00
1.290067836879290386e+00
1.582181527809971788e+00
-4.744965541901643991e-01
1.053507660782942307e-01
-9.717467540438272378e-02
1.079510272007525140e+00
-2.413050156617870534e-01
-5.725664114645128144e-01
-8.992790869293479927e-01
1.101657408558306184e+00
-1.034540204857035128e+00
4.272205553271230527e-01
-5.373197144014794091e-01
6.979950888225961991e-01
-1.797044918264328051e-01
9.082757118665535367e-01
-1.092119740983990228e+00
-7.375659533695024805e-01
1.577880922440100253e+00
-2.024063665532945533e-01
-1.625894908612734557e+00
2.243258857874307566e+00
-2.016422447075853081e-02
9.082757118665535367e-01
-5.373197144014794091e-01
-1.267658744388425962e+00
8.793907308793753597e-01
2.866059637748105682e-01
3.862795452598020152e-01
-1.128800510733999563e+00
-1.034540204857035128e+00
5.972142123459303065e-01
2.866059637748105682e-01
-8.992790869293479927e-01
-8.901882312470265068e-01
1.144493126128211857e+00
1.180909948888126726e+00
2.123177821980128499e+00
-1.265614622235948339e+00
1.153409349760425417e+00
-7.417724202598866556e-01
-4.744965541901643991e-01
-7.375659533695024805e-01
6.685386386403553427e-01
9.025673089501664581e-01
-5.908334265402783725e-01
-1.835323361876637152e-02
6.134925252429034304e-01
-2.074495788304447697e+00
-2.288740540124097333e-01
-1.206380138115220380e+00
-1.978799955387664733e+00
1.545519069602286244e+00
-8.844607994606541457e-01
9.997602829935152702e-01
5.745153546683734458e-01
-8.879136663203553992e-01
-1.837849584163230299e+00
-5.975751926802747027e-02
7.177402519607263276e-01
-1.122246662141308748e+00
1.080263605601754773e-01
5.065487885506615440e-01
-1.614512551868128698e+00
-4.058852422449948372e-01
2.007448071542346224e-02
1.877867830027929452e-01
