2.600999999999999979e+00
2.455999999999999961e+00
2.189999999999999947e+00
2.642999999999999794e+00
2.484999999999999876e+00
2.238999999999999879e+00
2.649000000000000021e+00
2.415000000000000036e+00
2.592000000000000082e+00
2.568999999999999950e+00
2.245000000000000107e+00
2.532999999999999918e+00
2.096000000000000085e+00
2.317000000000000171e+00
2.394000000000000128e+00
2.329000000000000181e+00
2.564000000000000057e+00
2.277000000000000135e+00
2.314999999999999947e+00
2.423000000000000043e+00
2.249000000000000110e+00
2.318000000000000060e+00
2.318000000000000060e+00
2.367999999999999883e+00
2.476999999999999869e+00
2.370000000000000107e+00
2.254000000000000004e+00
2.545999999999999819e+00
2.549999999999999822e+00
2.478000000000000203e+00
2.480999999999999872e+00
2.366999999999999993e+00
2.442000000000000171e+00
2.311999999999999833e+00
2.322000000000000064e+00
2.507000000000000117e+00
2.330999999999999961e+00
2.544000000000000039e+00
2.444999999999999840e+00
2.676000000000000156e+00
2.294999999999999929e+00
2.938000000000000167e+00
2.608000000000000096e+00
2.556000000000000050e+00
2.596000000000000085e+00
2.363999999999999879e+00
2.541999999999999815e+00
2.416999999999999815e+00
2.763999999999999790e+00
2.302000000000000046e+00
2.354000000000000092e+00
2.685000000000000053e+00
2.543000000000000149e+00
2.432999999999999829e+00
3.060999999999999943e+00
2.500000000000000000e+00
2.126999999999999780e+00
2.693000000000000060e+00
2.500000000000000000e+00
2.443999999999999950e+00
2.443999999999999950e+00
2.645999999999999908e+00
2.714999999999999858e+00
2.382000000000000117e+00
2.302999999999999936e+00
2.330000000000000071e+00
2.431000000000000050e+00
2.407999999999999918e+00
2.266000000000000014e+00
2.448999999999999844e+00
2.254000000000000004e+00
2.314999999999999947e+00
2.468999999999999861e+00
2.666999999999999815e+00
2.561999999999999833e+00
2.354999999999999982e+00
2.048000000000000043e+00
2.027000000000000135e+00
2.442000000000000171e+00
2.295999999999999819e+00
2.698999999999999844e+00
2.430000000000000160e+00
2.463999999999999968e+00
2.509999999999999787e+00
2.287999999999999812e+00
2.859999999999999876e+00
2.557999999999999829e+00
2.121999999999999886e+00
2.193000000000000060e+00
2.194999999999999840e+00
2.201999999999999957e+00
2.273000000000000131e+00
2.189000000000000057e+00
2.233999999999999986e+00
2.427000000000000046e+00
2.240000000000000213e+00
2.456999999999999851e+00
2.279999999999999805e+00
2.580000000000000071e+00
2.452999999999999847e+00
2.249000000000000110e+00
3.028999999999999915e+00
2.447000000000000064e+00
2.217000000000000082e+00
2.369000000000000217e+00
2.515000000000000124e+00
2.342000000000000082e+00
2.156000000000000139e+00
2.186999999999999833e+00
2.354000000000000092e+00
