9.501706824151968434e+00
9.898045960166090396e+00
1.147145511638841953e+01
9.138082500302413536e+00
1.122472668253605121e+01
9.761036808860163561e+00
9.875578415147849398e+00
1.000484627197544008e+01
9.963206538367641585e+00
9.549206531841791801e+00
9.710948788119264208e+00
9.898045960166090396e+00
9.888160157017081175e+00
9.566057677054640607e+00
9.465160306011984659e+00
9.418225530851259464e+00
9.407555037338758197e+00
9.240708892647941042e+00
9.479975337949094083e+00
8.705090129720622016e+00
9.424693843664131876e+00
9.240708892647941042e+00
1.122813867915871100e+01
9.476577893109679351e+00
9.635536626401576044e+00
9.382656019845052597e+00
9.329927517457628383e+00
1.146313348037385538e+01
9.338962634194910351e+00
1.147145511638841953e+01
8.482514967385107241e+00
9.423873909111902591e+00
9.761036808860163561e+00
1.143692008198691212e+01
1.144050619233620658e+01
9.710948788119264208e+00
9.479975337949094083e+00
1.125217610200425611e+01
1.125475992815207782e+01
1.007302400031141865e+01
1.015174996739259505e+01
9.643152923496064233e+00
8.705090129720622016e+00
1.147145511638841953e+01
9.452367430653902503e+00
9.712141806958376478e+00
1.125217610200425611e+01
9.423873909111902591e+00
1.002121425666431165e+01
9.329927517457628383e+00
9.761036808860163561e+00
9.643152923496064233e+00
9.519212413469144707e+00
1.145397555411990886e+01
1.002121425666431165e+01
9.875578415147849398e+00
9.526500301457430098e+00
1.026792881179496497e+01
9.635536626401576044e+00
9.699567265171696206e+00
9.389312631853334423e+00
9.685241772618191192e+00
9.468966152012265880e+00
9.257298878725515934e+00
9.016037380618943331e+00
9.582601730294623366e+00
9.707228028800873432e+00
9.851417794301367437e+00
9.678766945781928754e+00
9.963206538367641585e+00
9.549206531841791801e+00
9.699254352333257501e+00
9.788986182414598503e+00
9.880654508234934852e+00
9.969957561818413083e+00
1.031176756646775239e+01
1.124385446598969374e+01
9.946948123444029122e+00
9.016037380618943331e+00
1.028009702521723590e+01
9.635536626401576044e+00
1.037635228980022362e+01
9.605349769043121100e+00
9.849896926968581212e+00
9.901320244547004989e+00
1.122472668253605121e+01
1.146313348037385538e+01
9.817447549750049518e+00
1.120637212392375659e+01
9.782423132516965936e+00
1.145397555411990886e+01
9.418008345248756186e+00
1.025805606407937454e+01
9.360721017241026232e+00
1.020053143130177986e+01
9.711034485649584269e+00
9.549206531841791801e+00
9.761036808860163561e+00
9.893646346768782962e+00
1.005510594726088591e+01
9.643152923496064233e+00
9.097078551380695544e+00
9.880860385793100775e+00
9.331719518814940884e+00
1.005156197691124831e+01
1.148748319420009523e+01
9.479975337949094083e+00
9.852305105639631577e+00
9.781393338127456261e+00
9.761036808860163561e+00
1.143692008198691212e+01
9.753013153820123904e+00
9.593230515148313486e+00
9.882874590561854689e+00
9.643152923496064233e+00
1.125724722437794867e+01
9.644384186821529426e+00
9.963206538367641585e+00
9.375110327322344617e+00
9.940012273684969202e+00
9.519716667074735739e+00
1.125963708848580858e+01
9.432553909803157666e+00
9.456850290002645210e+00
9.342095685905693614e+00
9.657910444339307787e+00
9.208240894619615702e+00
1.020614635526805891e+01
9.643152923496064233e+00
1.125217610200425611e+01
9.185332217156696899e+00
9.840967036028869686e+00
9.260016119323440265e+00
9.761036808860163561e+00
9.205414829279970235e+00
9.870975442686287238e+00
9.761036808860163561e+00
9.635536626401576044e+00
1.012934446886965567e+01
9.699254352333257501e+00
1.047090974921181328e+01
1.026617701618128642e+01
9.287958609502226182e+00
9.558777480075068667e+00
9.567548119103367554e+00
1.125475992815207782e+01
9.930313500033745910e+00
9.367894287391179020e+00
9.929869254338997919e+00
9.743927523983478167e+00
1.018297446511065019e+01
9.608322395773734925e+00
1.005956089392612007e+01
1.121396925368423325e+01
9.857616543028058231e+00
8.981574877492391806e+00
9.095899581849849369e+00
9.437714552569417492e+00
9.865583926224879008e+00
9.423873909111902591e+00
9.541757794476001919e+00
9.510710923308304032e+00
1.148120763266376088e+01
9.710948788119264208e+00
9.608322395773734925e+00
1.124672246872700399e+01
9.690431629160014992e+00
9.682041230162843348e+00
9.782423132516965936e+00
9.826447115823487621e+00
9.262967388522604040e+00
1.146877566251470704e+01
9.423873909111902591e+00
9.373951500764150069e+00
9.755935993385055127e+00
9.262967388522604040e+00
9.752656087244526262e+00
9.900446845977951327e+00
1.124672246872700399e+01
1.125475992815207782e+01
1.144741769354287442e+01
9.997005240102501133e+00
1.123146226562396244e+01
9.710948788119264208e+00
9.491669773735100790e+00
9.388206742849662945e+00
1.021353242391950111e+01
9.097078551380695544e+00
1.121764106760275048e+01
9.229545615103505796e+00
9.480024571363605546e+00
9.593230515148313486e+00
9.825112716446817274e+00
9.644384186821529426e+00
9.332172007449033302e+00
1.126412091156325346e+01
8.819566061108119470e+00
9.930313500033745910e+00
1.028009702521723590e+01
9.593230515148313486e+00
1.045607459159902142e+01
1.126820417981593181e+01
9.736179044224758883e+00
9.501200082754209575e+00
9.993747221341005016e+00
9.554884330205487331e+00
9.213274895418994248e+00
9.593230515148313486e+00
9.635536626401576044e+00
9.761036808860163561e+00
9.665095715538210897e+00
9.827601410157898343e+00
9.703388808531352439e+00
9.240708892647941042e+00
1.146877566251470704e+01
8.876620567465685951e+00
9.479975337949094083e+00
9.922368805498891220e+00
1.147652623876211209e+01
9.391818081817010722e+00
9.782423132516965936e+00
9.595645001503466887e+00
8.536661279777543854e+00
1.042669303979086415e+01
9.593230515148313486e+00
9.857236547919136171e+00
9.479975337949094083e+00
8.482514967385107241e+00
9.710948788119264208e+00
9.541757794476001919e+00
9.963206538367641585e+00
9.404611231540860317e+00
9.373951500764150069e+00
9.373951500764150069e+00
1.024259144883232509e+01
1.000031262180744029e+01
9.618304346865055976e+00
9.761036808860163561e+00
9.854815640785737685e+00
1.015174996739259505e+01
9.892226658434472242e+00
9.562114323743294619e+00
9.682041230162843348e+00
1.007739635144146106e+01
9.208240894619615702e+00
9.608322395773734925e+00
1.125724722437794867e+01
9.643152923496064233e+00
9.827601410157898343e+00
9.768973761685867174e+00
9.761036808860163561e+00
9.335964231277953829e+00
9.682041230162843348e+00
9.963206538367641585e+00
1.121021263839254800e+01
9.148852255707614844e+00
9.851953316052085796e+00
1.144741769354287442e+01
1.030884378886822361e+01
9.852234058446207143e+00
1.143692008198691212e+01
9.752189248440210179e+00
9.827601410157898343e+00
9.363415412180394526e+00
9.637827832216034452e+00
1.031407558816803416e+01
1.125475992815207782e+01
1.123784059929800350e+01
9.646685292018959856e+00
1.126412091156325346e+01
9.931585846598933287e+00
9.593230515148313486e+00
1.121764106760275048e+01
9.340032375124057040e+00
9.782423132516965936e+00
1.007475230353677986e+01
9.432553909803157666e+00
9.683490950510902806e+00
9.761036808860163561e+00
1.123469653973574722e+01
9.948030320445923280e+00
1.012934446886965567e+01
9.301302857182067285e+00
9.609242823406264122e+00
9.068679595118062764e+00
9.432553909803157666e+00
8.876620567465685951e+00
9.635536626401576044e+00
1.036643772587349410e+01
9.836819520392429794e+00
8.705090129720622016e+00
1.021208369181834286e+01
9.854815640785737685e+00
1.124385446598969374e+01
9.038845075492281111e+00
9.477373639279660367e+00
9.621423343524837080e+00
1.146017255649883637e+01
9.858428409006494419e+00
9.643152923496064233e+00
9.780879206227803380e+00
9.174779286885506480e+00
1.017174762440302338e+01
1.124672246872700399e+01
9.507810600556421576e+00
9.936076308259037759e+00
1.021353242391950111e+01
9.643152923496064233e+00
9.925152842010627197e+00
9.152458240310494375e+00
1.125963708848580858e+01
9.809314133058778751e+00
9.753013153820123904e+00
9.593230515148313486e+00
1.053868768237018472e+01
9.644384186821529426e+00
9.445610533236637352e+00
9.262967388522604040e+00
9.363322715910459948e+00
9.257298878725515934e+00
9.373951500764150069e+00
9.643152923496064233e+00
9.771936772900950530e+00
1.015174996739259505e+01
1.009564853855540179e+01
9.258457705283710482e+00
9.901320244547004989e+00
1.014477671003659154e+01
9.682041230162843348e+00
9.699254352333257501e+00
9.423873909111902591e+00
9.929869254338997919e+00
9.363322715910459948e+00
9.710948788119264208e+00
9.805598525996671810e+00
9.208240894619615702e+00
9.678766945781928754e+00
9.809314133058778751e+00
1.015174996739259505e+01
9.582601730294623366e+00
9.422059998805822900e+00
1.142172762685808252e+01
9.213274895418994248e+00
9.643152923496064233e+00
1.123469653973574722e+01
1.125724722437794867e+01
8.981574877492391806e+00
9.526500301457430098e+00
9.357361514686575177e+00
9.491669773735100790e+00
9.240708892647941042e+00
9.592215698730926832e+00
9.783351099251934357e+00
9.448824629487667437e+00
9.861521803512085071e+00
9.404611231540860317e+00
9.841723522231230703e+00
1.124672246872700399e+01
9.710590239954834502e+00
9.477373639279660367e+00
1.140946813258291215e+01
8.876620567465685951e+00
9.549206531841791801e+00
1.145074128000812408e+01
9.021429878263779401e+00
9.703808729336449446e+00
9.873658336733058150e+00
9.141442002856862814e+00
1.120637212392375659e+01
9.294711126800674350e+00
9.308041221625497741e+00
9.562114323743294619e+00
9.643152923496064233e+00
9.644384186821529426e+00
9.852910604140991069e+00
9.752258958271594835e+00
9.851193388893292990e+00
9.827601410157898343e+00
9.852234058446207143e+00
1.147145511638841953e+01
9.543905856746887295e+00
9.761036808860163561e+00
9.043688374138442398e+00
9.896683838734844585e+00
9.432553909803157666e+00
9.854815640785737685e+00
9.781393338127456261e+00
9.404611231540860317e+00
9.699254352333257501e+00
1.148120763266376088e+01
9.228625933542481619e+00
1.001760292624310544e+01
9.432553909803157666e+00
9.761036808860163561e+00
1.028088803074678026e+01
9.685241772618191192e+00
1.123784059929800350e+01
9.593230515148313486e+00
1.008807244136480818e+01
1.147145511638841953e+01
9.907939928471439117e+00
1.123784059929800350e+01
9.827601410157898343e+00
1.003588186424982531e+01
1.121764106760275048e+01
9.291431908924140615e+00
1.119018911819874873e+01
1.009564853855540179e+01
9.851934035879502005e+00
1.146600148311116563e+01
9.562114323743294619e+00
9.781393338127456261e+00
9.634894735261090304e+00
9.400261297863140797e+00
9.608322395773734925e+00
1.145074128000812408e+01
9.486266125867249599e+00
1.148748319420009523e+01
9.541757794476001919e+00
9.711034485649584269e+00
1.043400007682557451e+01
9.141442002856862814e+00
1.125963708848580858e+01
8.924369144104785434e+00
1.123146226562396244e+01
1.146877566251470881e+01
9.827687107688218404e+00
9.858117337057299423e+00
1.122813867915871100e+01
1.017504566781375708e+01
9.644109437026511245e+00
9.198729330864594544e+00
1.021353242391950111e+01
9.710948788119264208e+00
9.671604923782213703e+00
9.978184619925714927e+00
