2.394000000000000128e+00
2.657999999999999918e+00
3.041999999999999815e+00
2.536999999999999922e+00
2.536000000000000032e+00
2.704000000000000181e+00
2.564999999999999947e+00
2.579000000000000181e+00
2.257000000000000117e+00
2.600000000000000089e+00
2.442000000000000171e+00
2.633999999999999897e+00
2.717000000000000082e+00
2.799999999999999822e+00
2.563000000000000167e+00
2.629000000000000004e+00
2.759999999999999787e+00
2.438000000000000167e+00
2.395000000000000018e+00
2.044999999999999929e+00
2.331999999999999851e+00
2.277000000000000135e+00
2.907000000000000028e+00
2.869000000000000217e+00
2.245999999999999996e+00
2.318999999999999950e+00
2.464999999999999858e+00
2.932999999999999829e+00
2.524000000000000021e+00
3.222999999999999865e+00
2.035000000000000142e+00
2.503000000000000114e+00
2.596000000000000085e+00
3.222999999999999865e+00
3.289000000000000146e+00
2.267999999999999794e+00
2.571000000000000174e+00
2.569999999999999840e+00
2.702999999999999847e+00
2.769000000000000128e+00
2.487999999999999989e+00
2.611000000000000210e+00
1.973999999999999977e+00
3.289000000000000146e+00
2.359999999999999876e+00
2.669999999999999929e+00
3.238999999999999879e+00
2.778000000000000025e+00
2.825000000000000178e+00
2.758999999999999897e+00
2.580000000000000071e+00
2.693999999999999950e+00
2.536999999999999922e+00
2.861000000000000210e+00
2.862999999999999989e+00
2.290999999999999925e+00
2.907999999999999918e+00
2.708000000000000185e+00
2.611000000000000210e+00
2.504999999999999893e+00
2.842999999999999972e+00
2.755999999999999783e+00
2.689999999999999947e+00
2.200000000000000178e+00
2.512000000000000011e+00
2.337000000000000188e+00
2.552999999999999936e+00
2.254000000000000004e+00
2.555000000000000160e+00
2.591000000000000192e+00
2.968999999999999861e+00
2.548000000000000043e+00
2.467999999999999972e+00
2.705999999999999961e+00
2.431999999999999940e+00
2.904999999999999805e+00
3.069999999999999840e+00
2.664000000000000146e+00
2.224000000000000199e+00
2.834000000000000075e+00
3.302000000000000046e+00
3.103000000000000203e+00
2.657999999999999918e+00
2.559000000000000163e+00
2.911000000000000032e+00
2.705999999999999961e+00
3.173999999999999932e+00
2.225999999999999979e+00
3.258999999999999897e+00
2.527000000000000135e+00
2.911000000000000032e+00
2.713999999999999968e+00
2.907000000000000028e+00
2.245999999999999996e+00
2.650999999999999801e+00
2.641000000000000014e+00
2.799999999999999822e+00
2.388999999999999790e+00
2.907999999999999918e+00
2.577999999999999847e+00
2.730999999999999872e+00
1.838000000000000078e+00
2.483000000000000096e+00
2.862000000000000099e+00
2.661000000000000032e+00
3.250999999999999890e+00
2.763999999999999790e+00
2.540000000000000036e+00
2.439000000000000057e+00
2.704000000000000181e+00
3.617999999999999883e+00
2.569999999999999840e+00
2.628000000000000114e+00
2.791999999999999815e+00
2.500999999999999890e+00
2.959999999999999964e+00
2.520999999999999908e+00
2.391999999999999904e+00
2.661000000000000032e+00
2.537999999999999812e+00
2.466000000000000192e+00
2.785000000000000142e+00
2.926000000000000156e+00
2.617999999999999883e+00
2.411999999999999922e+00
2.153000000000000025e+00
2.373000000000000220e+00
2.749000000000000110e+00
2.637000000000000011e+00
2.645000000000000018e+00
2.593999999999999861e+00
2.568000000000000060e+00
2.483000000000000096e+00
2.620999999999999996e+00
2.571000000000000174e+00
2.634999999999999787e+00
2.807999999999999829e+00
2.331999999999999851e+00
2.451999999999999957e+00
2.600000000000000089e+00
2.641000000000000014e+00
2.532000000000000028e+00
2.552000000000000046e+00
2.572000000000000064e+00
2.560000000000000053e+00
2.536000000000000032e+00
2.439999999999999947e+00
2.645000000000000018e+00
2.584999999999999964e+00
2.559000000000000163e+00
2.854999999999999982e+00
2.880999999999999783e+00
2.646999999999999797e+00
3.236000000000000210e+00
2.258999999999999897e+00
2.229999999999999982e+00
2.057999999999999829e+00
2.571000000000000174e+00
2.705000000000000071e+00
2.138999999999999790e+00
2.887000000000000011e+00
2.544999999999999929e+00
3.055000000000000160e+00
2.744000000000000217e+00
2.807999999999999829e+00
3.236000000000000210e+00
2.698999999999999844e+00
2.279999999999999805e+00
2.113999999999999879e+00
2.218999999999999861e+00
2.052999999999999936e+00
3.415000000000000036e+00
2.689000000000000057e+00
2.886000000000000121e+00
2.519000000000000128e+00
1.844000000000000083e+00
2.456999999999999851e+00
2.992999999999999883e+00
3.258999999999999897e+00
2.374000000000000110e+00
2.580999999999999961e+00
2.608000000000000096e+00
2.712000000000000188e+00
2.648000000000000131e+00
2.653000000000000025e+00
2.778000000000000025e+00
2.653000000000000025e+00
2.266000000000000014e+00
3.238999999999999879e+00
2.511000000000000121e+00
2.369000000000000217e+00
2.567000000000000171e+00
2.576000000000000068e+00
2.649999999999999911e+00
2.826999999999999957e+00
3.148000000000000131e+00
2.270999999999999908e+00
2.511000000000000121e+00
2.539000000000000146e+00
2.557999999999999829e+00
2.666999999999999815e+00
3.148000000000000131e+00
2.620000000000000107e+00
2.395999999999999908e+00
2.876999999999999780e+00
2.728000000000000203e+00
2.646999999999999797e+00
2.666999999999999815e+00
2.821000000000000174e+00
2.620000000000000107e+00
2.911000000000000032e+00
2.910000000000000142e+00
2.545999999999999819e+00
2.123000000000000220e+00
3.217000000000000082e+00
2.361000000000000210e+00
2.783999999999999808e+00
2.966000000000000192e+00
3.035000000000000142e+00
2.414000000000000146e+00
2.366999999999999993e+00
2.474000000000000199e+00
2.259999999999999787e+00
2.504000000000000004e+00
2.664000000000000146e+00
2.532000000000000028e+00
2.954000000000000181e+00
2.067000000000000171e+00
2.608000000000000096e+00
2.950000000000000178e+00
2.724000000000000199e+00
2.896999999999999797e+00
2.499000000000000110e+00
2.225999999999999979e+00
2.350000000000000089e+00
2.834000000000000075e+00
2.194999999999999840e+00
2.525999999999999801e+00
2.883000000000000007e+00
2.601999999999999869e+00
2.499000000000000110e+00
3.137000000000000011e+00
2.076999999999999957e+00
2.556999999999999940e+00
1.891999999999999904e+00
2.757000000000000117e+00
2.572000000000000064e+00
2.697999999999999954e+00
2.673999999999999932e+00
2.408999999999999808e+00
2.463999999999999968e+00
2.623000000000000220e+00
2.322999999999999954e+00
1.951000000000000068e+00
2.891999999999999904e+00
2.149999999999999911e+00
2.556999999999999940e+00
3.055000000000000160e+00
2.725999999999999979e+00
2.584999999999999964e+00
3.217000000000000082e+00
2.626999999999999780e+00
2.799999999999999822e+00
2.537999999999999812e+00
2.834999999999999964e+00
2.724000000000000199e+00
3.133999999999999897e+00
3.148000000000000131e+00
2.528000000000000025e+00
2.907000000000000028e+00
2.716000000000000192e+00
2.713000000000000078e+00
3.101999999999999869e+00
2.866000000000000103e+00
2.923000000000000043e+00
2.794999999999999929e+00
2.583000000000000185e+00
2.704000000000000181e+00
2.943999999999999950e+00
2.404999999999999805e+00
2.529999999999999805e+00
2.664000000000000146e+00
2.697999999999999954e+00
2.419999999999999929e+00
2.528999999999999915e+00
2.863999999999999879e+00
2.399999999999999911e+00
2.797000000000000153e+00
2.858999999999999986e+00
2.730999999999999872e+00
2.055000000000000160e+00
2.454000000000000181e+00
2.597999999999999865e+00
2.891999999999999904e+00
2.012999999999999901e+00
2.966000000000000192e+00
1.883000000000000007e+00
2.859999999999999876e+00
2.762999999999999901e+00
2.782999999999999918e+00
2.677999999999999936e+00
2.717000000000000082e+00
2.835999999999999854e+00
3.277000000000000135e+00
2.504000000000000004e+00
2.890000000000000124e+00
2.563000000000000167e+00
2.572999999999999954e+00
2.773000000000000131e+00
2.075000000000000178e+00
3.079000000000000181e+00
3.004999999999999893e+00
2.673000000000000043e+00
2.849000000000000199e+00
2.837000000000000188e+00
2.358000000000000096e+00
2.398000000000000131e+00
2.157999999999999918e+00
2.681000000000000050e+00
3.108999999999999986e+00
2.478000000000000203e+00
2.504999999999999893e+00
2.423000000000000043e+00
2.919000000000000039e+00
2.771999999999999797e+00
2.568000000000000060e+00
2.701999999999999957e+00
2.818999999999999950e+00
2.459000000000000075e+00
2.730999999999999872e+00
2.974000000000000199e+00
2.113999999999999879e+00
2.935000000000000053e+00
2.633000000000000007e+00
2.205999999999999961e+00
2.092999999999999972e+00
3.217999999999999972e+00
2.657000000000000028e+00
2.782999999999999918e+00
2.732000000000000206e+00
2.641999999999999904e+00
2.911000000000000032e+00
2.376999999999999780e+00
2.685000000000000053e+00
3.172000000000000153e+00
3.101999999999999869e+00
2.451000000000000068e+00
2.790999999999999925e+00
2.373000000000000220e+00
2.790000000000000036e+00
2.476999999999999869e+00
2.597999999999999865e+00
2.424999999999999822e+00
2.685000000000000053e+00
2.846000000000000085e+00
2.652000000000000135e+00
2.751999999999999780e+00
3.439999999999999947e+00
2.125999999999999890e+00
2.536999999999999922e+00
2.861000000000000210e+00
2.512999999999999901e+00
2.819999999999999840e+00
2.956999999999999851e+00
2.513999999999999790e+00
2.750999999999999890e+00
2.737000000000000099e+00
2.919000000000000039e+00
3.277000000000000135e+00
2.314000000000000057e+00
2.873000000000000220e+00
2.717000000000000082e+00
2.713999999999999968e+00
2.692000000000000171e+00
2.608999999999999986e+00
2.547000000000000153e+00
2.448999999999999844e+00
2.891000000000000014e+00
2.482000000000000206e+00
3.617999999999999883e+00
2.613999999999999879e+00
2.948999999999999844e+00
1.858999999999999986e+00
2.669999999999999929e+00
3.032000000000000028e+00
2.754999999999999893e+00
2.640000000000000124e+00
2.842999999999999972e+00
2.450000000000000178e+00
3.161999999999999922e+00
2.200000000000000178e+00
2.564999999999999947e+00
2.689000000000000057e+00
2.513999999999999790e+00
3.016000000000000014e+00
2.684000000000000163e+00
3.097999999999999865e+00
3.083000000000000185e+00
2.888999999999999790e+00
3.290000000000000036e+00
2.491999999999999993e+00
2.568999999999999950e+00
2.654999999999999805e+00
2.544000000000000039e+00
2.572000000000000064e+00
2.632000000000000117e+00
2.565999999999999837e+00
2.283999999999999808e+00
2.873000000000000220e+00
3.357000000000000206e+00
2.088999999999999968e+00
2.842999999999999972e+00
2.867999999999999883e+00
2.588999999999999968e+00
2.593999999999999861e+00
3.504000000000000004e+00
2.374000000000000110e+00
2.859999999999999876e+00
2.838000000000000078e+00
2.278999999999999915e+00
2.472999999999999865e+00
2.604999999999999982e+00
3.410000000000000142e+00
2.294999999999999929e+00
2.431000000000000050e+00
2.906000000000000139e+00
2.697999999999999954e+00
2.661999999999999922e+00
2.565999999999999837e+00
2.737000000000000099e+00
2.568000000000000060e+00
2.334999999999999964e+00
2.650999999999999801e+00
2.569999999999999840e+00
2.407999999999999918e+00
2.718999999999999861e+00
