2.932999999999999829e+00
2.919999999999999929e+00
2.774999999999999911e+00
2.358999999999999986e+00
2.741999999999999993e+00
2.410000000000000142e+00
2.755999999999999783e+00
2.721999999999999975e+00
2.846000000000000085e+00
2.596000000000000085e+00
2.564000000000000057e+00
2.958000000000000185e+00
2.242999999999999883e+00
2.705999999999999961e+00
2.543000000000000149e+00
2.717000000000000082e+00
3.306000000000000050e+00
2.734999999999999876e+00
2.834000000000000075e+00
3.108000000000000096e+00
2.778000000000000025e+00
1.868999999999999995e+00
2.793000000000000149e+00
2.685999999999999943e+00
2.185999999999999943e+00
2.629999999999999893e+00
2.774000000000000021e+00
2.583000000000000185e+00
2.645000000000000018e+00
2.641000000000000014e+00
2.673999999999999932e+00
2.991999999999999993e+00
2.970000000000000195e+00
2.775999999999999801e+00
2.660000000000000142e+00
2.658999999999999808e+00
2.890000000000000124e+00
2.612000000000000099e+00
2.619000000000000217e+00
2.736000000000000210e+00
2.656000000000000139e+00
2.580999999999999961e+00
2.785000000000000142e+00
2.786999999999999922e+00
2.463999999999999968e+00
2.645000000000000018e+00
2.736000000000000210e+00
2.958000000000000185e+00
3.439999999999999947e+00
2.815999999999999837e+00
2.672000000000000153e+00
3.140000000000000124e+00
2.915000000000000036e+00
2.532000000000000028e+00
3.504000000000000004e+00
2.789000000000000146e+00
2.427000000000000046e+00
3.100999999999999979e+00
3.087000000000000188e+00
2.978000000000000203e+00
2.706999999999999851e+00
2.616000000000000103e+00
2.783999999999999808e+00
2.544999999999999929e+00
2.649000000000000021e+00
2.769000000000000128e+00
2.230999999999999872e+00
2.310999999999999943e+00
2.596000000000000085e+00
2.547000000000000153e+00
2.023000000000000131e+00
2.407999999999999918e+00
2.442000000000000171e+00
2.345000000000000195e+00
2.745999999999999996e+00
2.536999999999999922e+00
2.373000000000000220e+00
2.112999999999999989e+00
2.480999999999999872e+00
2.685999999999999943e+00
2.712000000000000188e+00
2.676000000000000156e+00
3.146999999999999797e+00
2.955999999999999961e+00
2.362000000000000099e+00
2.932999999999999829e+00
3.069999999999999840e+00
2.557999999999999829e+00
2.568000000000000060e+00
2.273000000000000131e+00
2.625999999999999890e+00
2.452999999999999847e+00
2.549999999999999822e+00
2.733999999999999986e+00
2.676000000000000156e+00
2.596000000000000085e+00
2.612000000000000099e+00
2.088000000000000078e+00
2.803999999999999826e+00
2.837000000000000188e+00
2.730999999999999872e+00
3.451000000000000068e+00
2.619000000000000217e+00
2.837000000000000188e+00
2.474000000000000199e+00
3.136000000000000121e+00
2.373000000000000220e+00
2.427000000000000046e+00
2.810000000000000053e+00
2.373000000000000220e+00
