-9.845930073063384746e-01
-5.096711528261886615e-02
7.331499793461784126e-03
-1.520387280513469655e-03
-1.601795800345962251e+00
3.016920546630035838e-01
-4.712042721301133441e-01
-8.285944503857658461e-01
-8.190979570156745604e-01
-1.061087390961645421e-01
-1.672824706189944388e+00
-1.862087540590456336e-01
3.457585244833554783e-01
4.289116075963604890e-01
-4.616075787236471051e-01
-1.702073326818425436e-01
3.631795368911302502e-01
-1.024416760406667404e+00
-1.304008328242775683e+00
-8.747278369813862309e-01
-1.378328792124700053e+00
-1.942986716108014988e+00
-3.751202279596270173e-01
1.120941759971062934e+00
-2.829601201554608370e+00
-1.328974555964679505e+00
-7.932203901728769324e-01
-3.524948358028200945e-01
-5.144743931584973007e-01
6.573962526299761411e-01
-8.555177075537854225e-01
-6.762640431478450509e-01
-3.073897913534248683e-01
7.344029026322006493e-01
9.697703421380193811e-01
-2.664975699237222440e+00
-3.463633371989318643e-01
-1.556114421865362418e+00
-1.128797490599541931e+00
3.353265321908080465e-01
-7.544964095493664202e-02
-1.345107184716179960e-01
-1.119077874641474679e+00
8.994982734979057870e-01
-1.228031358136253637e+00
-9.547766845711104511e-02
7.480846497696075348e-01
8.714244398345988296e-01
7.236499521260923995e-01
8.515301067563040283e-01
-3.964595490016665780e-01
3.338259960953919303e-01
-4.607967736033868889e-01
-5.791159017267136777e-01
9.489273130835510495e-01
-1.960194326605529280e+00
1.321387868648719488e+00
-1.816143712386505960e-01
-7.132158802887212934e-01
-8.089089326875985586e-01
7.174979146769707716e-01
5.793045663029691150e-01
3.829451355691899234e-02
-2.788489692771173090e+00
-4.860677128762793120e-01
-2.179516536205825972e+00
-6.265190928615879118e-01
-1.784235854490710427e+00
-5.711073895783359555e-01
4.555492882817011591e-01
2.031856256843807884e+00
-5.291096563700788957e-01
-9.922211014785172756e-01
-3.862171404159848997e-02
-1.150714847975968347e+00
5.672630195798535890e-01
1.604409730221374175e-01
-3.017360587484295698e-01
-2.133071063825415337e+00
1.250726356835580644e+00
3.748795053827448154e+00
2.113539807232748480e+00
-6.946927794509311083e-02
-1.009257116981574776e-01
1.829016076814331981e+00
-1.048042884816031473e+00
5.010410787455764625e-01
-7.114806097027138732e-01
9.182634713552506600e-01
2.111876973571021610e-01
-4.074039807789046619e-01
1.585409554261960841e+00
6.049352965990407727e-01
-2.448153558016425091e+00
-4.096318842785708347e-01
-5.859719576842984390e-01
1.033407916884643729e+00
-1.436057363739742243e+00
1.453406497106298767e+00
-8.703320838112551527e-01
5.451841393699911054e-01
-1.599051801714544752e+00
-9.483207657316127248e-01
8.479321282791606462e-01
-2.980001030137836016e-01
7.073066694641269025e-01
7.459866896162560268e-01
-3.965495886932787761e-01
-1.740306329178637590e+00
3.016920546630035838e-01
2.222562205275219860e+00
-6.200781117597750081e-01
5.572853743484730386e-03
3.091087076197827632e-01
-7.426784786266112937e-01
-2.628275188033455390e-01
-1.160405621235620188e+00
-3.155760078031077387e-01
5.494463423712655503e-01
-7.302019351493133081e-01
-7.348070392154513186e-01
-8.696942397891758159e-01
1.533797268979004702e+00
-2.403365544733346293e-01
-9.456147048665715094e-01
-1.060302266411260685e+00
2.514976552656708608e-01
1.010640204056742764e-01
1.133056857878074995e-02
-1.312494785320981405e+00
1.409278294814886867e-01
-7.455022925815015800e-01
-5.740032541923615339e-01
-1.676135532444146814e-01
-3.157748057046592949e-02
-5.449373115535521145e-02
9.009798850312360496e-01
-2.346834678033337784e+00
-1.511911299467386671e+00
-2.404960493111632236e-01
-7.019370146002189559e-01
-1.006247589420206756e+00
-5.403784088525095397e-01
-3.673875746079814375e-01
-5.316411724510468062e-01
-1.672608076906512364e+00
-1.840800716249048730e+00
-6.679465703710889268e-02
4.639335627347335178e-01
3.687127719545905125e-01
7.423420141141350292e-01
1.339279602824126503e+00
-3.574226881307966952e-01
8.208034327899094151e-01
-2.013411582976598613e+00
-2.632181685882967748e-01
-8.872062601662829007e-01
-4.121584232905314282e-01
3.763732162457639197e-01
-2.584159056374367491e+00
1.419920986271272945e+00
-3.660992636410967394e-01
2.369056498154617843e-02
1.427508142422715398e-01
9.112701079692033801e-01
7.516019861266531876e-01
-4.129267073056055309e-02
-6.308222133742560356e-01
-1.327276553739122900e+00
-9.825934517123470213e-01
-9.111203713265562110e-01
1.376336233674044340e+00
3.608713559960287087e-01
1.547927833789935370e+00
-9.090710189336378422e-01
-1.618164004307794057e+00
-1.017466196217516439e+00
1.139029110701537562e+00
8.358510500601051829e-01
-2.181647366804727817e+00
-1.496221925253687468e+00
-4.987677135441233589e-01
-1.041871669913445819e+00
-4.469481907186549363e-01
-3.566536048841573159e-01
1.175030272500045214e+00
5.433274041134283916e-01
-1.095872896453525952e-01
8.250912997718321540e-01
-4.071547958607140694e-01
-1.045940483119445652e+00
-3.346882558444117528e-01
-5.912008737847695983e-01
-3.860169563706141171e-01
1.049851442334522655e+00
3.805923706573681731e-01
-7.957395764349495249e-02
-1.424651860464920539e+00
5.933192511381613077e-02
-3.845179963566567882e-01
-5.436826042706253137e-01
3.653162003667316804e-01
-3.079537604364158132e-01
-9.763814172773940259e-01
1.068906422743065354e+00
1.418720993409297026e-01
-1.513041057073345741e-01
2.254086097402532851e-01
5.819262139783314414e-01
-1.732187274805409016e-01
1.558476099117518388e+00
1.455489054999213216e+00
-6.519742211091870132e-01
-2.788722617200313447e+00
6.427914404823693584e-01
2.509694212346245679e-01
8.616483130251718636e-01
9.510256246522394985e-01
-3.210492898271644080e-02
-9.815763725687898233e-01
-4.027056364201676009e-01
-7.799410140333634667e-01
-6.964503041567750297e-02
-1.441275187539017510e+00
2.084350801653694629e-01
-5.367144849976795973e-01
1.863044525887850300e+00
-7.441345822903996376e-01
-6.892359470446839387e-01
1.794531542357606035e+00
9.895516547131506524e-01
1.827583485114130157e+00
-6.533009762468104942e-01
-2.098452180665234756e+00
-2.152987145855673301e+00
8.042825826031234637e-01
-1.832312510832083019e+00
-6.948265182496431436e-01
9.148414632669603641e-01
3.715161716911997147e-01
-8.998169617205618032e-01
2.683827343964293455e+00
-1.361295615995515185e+00
-8.814330981767818374e-01
-1.458260276822148871e+00
6.158386960580624070e-01
-1.564377830819264625e+00
3.565991794991649755e-01
8.594146878969984027e-02
-1.140655366586549757e+00
-1.033091598798693500e+00
-1.242941057394767734e-01
-4.713131941563885596e-01
-1.899089567184060190e+00
-3.930912223494009150e-01
-5.304421524529732146e-01
-2.750569853839356371e-01
1.099807306670148865e-01
-1.666000078427361253e-01
-1.407693525192584838e-01
7.125265658233846944e-01
-2.181552987364729634e-01
8.092460412818163196e-01
-4.829806813252252584e-01
1.613619164703002928e+00
-1.210181404835665026e-01
3.601043012165320856e-01
4.535981251130478675e-01
-6.113791563777462024e-01
-4.689626322858733154e-01
2.279872384294844567e-01
4.869792680441603627e-01
3.297960387996903275e-01
8.562397826353147501e-01
1.822859287408377549e+00
3.628164801916065052e-01
-5.977744802644850974e-01
5.840310239854262786e-02
1.703178167890629480e+00
-2.035539302510337212e+00
-8.585286308197285221e-01
-3.262186257097050568e-01
2.122504548108644085e-01
-9.965303839354692217e-01
-6.172583807861086180e-01
1.137783244991019682e+00
3.983581700585923091e-01
4.311415147821309191e-01
2.265223671395422134e-01
1.885130911011686783e-01
-8.399299163210089958e-01
-1.568589690699609074e+00
-8.514382562253269837e-01
-4.617622549562350742e-01
-1.038715388427498887e+00
2.104226296331795254e+00
-1.928386433303057590e+00
-5.965853016334052850e-01
7.674962788558764570e-01
8.448912474771753667e-01
-1.016647469760535022e-01
3.262028761519350506e-01
6.386708039214645805e-01
9.020117102268031539e-01
-5.740786374950707094e-01
1.242238971595348795e+00
1.856805562959300826e-01
-3.462306363612895344e-01
5.729409539343587321e-01
-8.309426282984950785e-01
1.486393413174045830e-01
1.852184020768845141e+00
-3.615877475133454783e-02
1.274545443309192283e+00
1.354410165701699087e-01
-2.108076109270291987e+00
-1.081185208729313230e+00
-5.403147558956385987e-01
-8.881176842092154688e-02
2.740701442426725087e+00
-7.677109434540730915e-01
-7.208162943578875215e-01
-1.155495008690634373e+00
1.670975514218390190e+00
1.089862428518837634e+00
-3.499996462618221726e-01
9.644026766580817700e-01
5.607650087104997239e-01
4.388922013950598972e-02
5.006615224448405232e-01
2.027502691258109113e+00
-1.302478139052201778e+00
1.506537395271448698e+00
-5.380434602369280617e-01
-2.653011725079297722e+00
-7.698174019108500188e-01
3.345210374313607460e+00
-2.053673956852500593e-01
1.103464495390013456e+00
1.652717464650036994e-01
-1.214724745039992698e-01
-3.467829546558853782e-01
-1.746452492101945975e+00
2.826541903347402074e-01
5.472089517514874268e-01
2.380795433979742415e-01
5.641397915714572164e-01
5.805369631991695867e-01
-9.438085610150075411e-01
4.892433403459060526e-01
-7.967431278229472058e-01
-3.953872103260794302e-01
-1.153188601851152129e+00
5.080006349440435720e-01
4.783518312734795774e-01
4.107107992359396165e-01
1.026189204150118467e-01
1.510101592778698265e+00
-1.220496866180362128e+00
-3.649914850885111473e-01
-4.992102924463306945e-01
8.328567770640779022e-01
1.149890056961259566e+00
-2.410505276426933019e-01
-5.190463335550561386e-01
5.052173850434085178e-01
5.185535426365178724e-01
1.646227063539350111e+00
9.844241315219486310e-01
-1.259439632642985751e+00
1.389621781696321223e+00
-1.443427384017741122e-02
4.478771815946507862e-01
-1.293369144605159005e-01
-3.253707455600723941e-02
-6.706823521074425365e-01
-1.093582395690712472e+00
1.342892714473866045e+00
-7.138289964802146947e-01
2.145555555272995463e+00
-3.073799518445870516e-01
1.733065083240570292e+00
-1.529386081500355044e+00
-1.903911293723895282e-01
2.221528289103677167e+00
1.091064143608217879e-01
-5.456027494659936306e-01
1.509421008634701078e+00
-1.064252859570425924e+00
4.063816569957450220e-01
-2.197287587862006397e+00
-7.681753793462544611e-01
4.535121456567663828e-02
-7.606577917219766727e-01
1.641334351118248325e+00
1.627726829379128881e-01
2.743136233308497984e-01
2.678212539648086921e+00
9.107251856361721076e-01
9.031870281720087990e-01
-9.830527506226937051e-01
-1.523527352183863259e+00
-2.153534409708375216e-02
-1.047046775431300869e+00
-1.472661335417548623e+00
1.737488587913100513e-01
-1.446285185274451379e+00
-8.156793266309738666e-01
1.612770553509552007e+00
1.166209081341923248e+00
-3.632837118523709385e+00
7.128107531159378896e-01
7.617170337304121075e-01
-3.143523542034724061e-01
-3.082498356302020293e-01
1.756247773902058551e+00
-1.197184539500303790e+00
-6.778143965837561957e-01
1.131631274461473824e+00
-2.699933919483077815e+00
-1.616892795438321651e+00
-3.080928785645103973e-01
1.360342538631889031e+00
-1.655670802192022589e-02
-1.947572886850189811e+00
-4.601850980409974978e-01
1.328843022508927607e-01
-2.315668893405964102e-01
-1.512353116919255225e+00
-5.194707058980324588e-02
-5.383282943291030076e-01
1.458180666205217690e-01
5.353062018957825963e-01
-9.175258900851182009e-01
-1.165629798958193852e+00
1.634315962816446088e-01
