2.657999999999999918e+00
2.869000000000000217e+00
3.134999999999999787e+00
2.677000000000000046e+00
2.563000000000000167e+00
2.665999999999999925e+00
2.830999999999999961e+00
2.516999999999999904e+00
2.880999999999999783e+00
2.658999999999999808e+00
2.447999999999999954e+00
2.698999999999999844e+00
2.533999999999999808e+00
2.657000000000000028e+00
2.249000000000000110e+00
2.706999999999999851e+00
2.629000000000000004e+00
2.665999999999999925e+00
2.649000000000000021e+00
2.282000000000000028e+00
2.451000000000000068e+00
2.291999999999999815e+00
2.911000000000000032e+00
2.919999999999999929e+00
2.728000000000000203e+00
2.575000000000000178e+00
2.673999999999999932e+00
2.726999999999999869e+00
2.934000000000000163e+00
2.713000000000000078e+00
2.387000000000000011e+00
2.511000000000000121e+00
2.388999999999999790e+00
2.713000000000000078e+00
3.044999999999999929e+00
2.607000000000000206e+00
2.930000000000000160e+00
3.027000000000000135e+00
3.013999999999999790e+00
2.948999999999999844e+00
2.782000000000000028e+00
2.600999999999999979e+00
2.482000000000000206e+00
3.044999999999999929e+00
2.666999999999999815e+00
2.697000000000000064e+00
2.979999999999999982e+00
2.543000000000000149e+00
2.716000000000000192e+00
2.625999999999999890e+00
2.487000000000000099e+00
2.616999999999999993e+00
2.774000000000000021e+00
2.987999999999999989e+00
2.677999999999999936e+00
2.591000000000000192e+00
3.059000000000000163e+00
2.730999999999999872e+00
2.729999999999999982e+00
2.484999999999999876e+00
2.732000000000000206e+00
2.722999999999999865e+00
3.016999999999999904e+00
2.536999999999999922e+00
2.680000000000000160e+00
2.794999999999999929e+00
2.709999999999999964e+00
2.415000000000000036e+00
2.212000000000000188e+00
2.879999999999999893e+00
2.568999999999999950e+00
2.412999999999999812e+00
2.575000000000000178e+00
2.771999999999999797e+00
2.689000000000000057e+00
2.777000000000000135e+00
3.080999999999999961e+00
2.439999999999999947e+00
2.463999999999999968e+00
3.071000000000000174e+00
2.708000000000000185e+00
2.879000000000000004e+00
2.736000000000000210e+00
2.701000000000000068e+00
2.955999999999999961e+00
3.009999999999999787e+00
2.604999999999999982e+00
2.616999999999999993e+00
3.149999999999999911e+00
2.876999999999999780e+00
3.115000000000000213e+00
2.733000000000000096e+00
2.871999999999999886e+00
2.462000000000000188e+00
2.725000000000000089e+00
2.499000000000000110e+00
2.705999999999999961e+00
2.490000000000000213e+00
2.742999999999999883e+00
2.491000000000000103e+00
2.467999999999999972e+00
2.447999999999999954e+00
2.730999999999999872e+00
2.774999999999999911e+00
2.867999999999999883e+00
2.717000000000000082e+00
2.466000000000000192e+00
2.585999999999999854e+00
2.653000000000000025e+00
2.557999999999999829e+00
3.116000000000000103e+00
2.435000000000000053e+00
2.517999999999999794e+00
2.976999999999999869e+00
2.596000000000000085e+00
3.116999999999999993e+00
2.771999999999999797e+00
2.822000000000000064e+00
2.459000000000000075e+00
2.725999999999999979e+00
2.462000000000000188e+00
2.946000000000000174e+00
2.599000000000000199e+00
2.771999999999999797e+00
2.559000000000000163e+00
2.286999999999999922e+00
2.354999999999999982e+00
2.790000000000000036e+00
2.697000000000000064e+00
3.105999999999999872e+00
2.516999999999999904e+00
2.814000000000000057e+00
2.786000000000000032e+00
2.315999999999999837e+00
2.604000000000000092e+00
2.548999999999999932e+00
2.658999999999999808e+00
2.805000000000000160e+00
2.345000000000000195e+00
2.436999999999999833e+00
2.846999999999999975e+00
2.757000000000000117e+00
2.539000000000000146e+00
2.770999999999999908e+00
2.853000000000000203e+00
2.563000000000000167e+00
2.702999999999999847e+00
2.728000000000000203e+00
2.656000000000000139e+00
2.670999999999999819e+00
2.551000000000000156e+00
2.556000000000000050e+00
2.805000000000000160e+00
2.935999999999999943e+00
2.592999999999999972e+00
2.729000000000000092e+00
2.544000000000000039e+00
2.725000000000000089e+00
2.633000000000000007e+00
2.420999999999999819e+00
2.673000000000000043e+00
2.374000000000000110e+00
2.487999999999999989e+00
2.716000000000000192e+00
2.575000000000000178e+00
2.935999999999999943e+00
2.527000000000000135e+00
2.432999999999999829e+00
2.967999999999999972e+00
2.650999999999999801e+00
2.395999999999999908e+00
3.262999999999999901e+00
2.624000000000000110e+00
2.516999999999999904e+00
2.559000000000000163e+00
2.435999999999999943e+00
2.898000000000000131e+00
2.795999999999999819e+00
3.149999999999999911e+00
2.621999999999999886e+00
2.940999999999999837e+00
2.609999999999999876e+00
2.757000000000000117e+00
2.579000000000000181e+00
2.373000000000000220e+00
2.591000000000000192e+00
2.802000000000000046e+00
2.524000000000000021e+00
2.979999999999999982e+00
2.625000000000000000e+00
2.660000000000000142e+00
2.603000000000000203e+00
2.754000000000000004e+00
2.665000000000000036e+00
2.710999999999999854e+00
2.923000000000000043e+00
2.547000000000000153e+00
3.008999999999999897e+00
2.928999999999999826e+00
2.815999999999999837e+00
2.713000000000000078e+00
2.947000000000000064e+00
2.681999999999999940e+00
2.527000000000000135e+00
2.331999999999999851e+00
2.755999999999999783e+00
2.641999999999999904e+00
2.645999999999999908e+00
2.826000000000000068e+00
2.513999999999999790e+00
2.712000000000000188e+00
2.904999999999999805e+00
2.781000000000000139e+00
2.551000000000000156e+00
3.060999999999999943e+00
2.637999999999999901e+00
2.400999999999999801e+00
2.888999999999999790e+00
2.927000000000000046e+00
2.604999999999999982e+00
2.717000000000000082e+00
2.908999999999999808e+00
2.724000000000000199e+00
2.661000000000000032e+00
2.661000000000000032e+00
2.634999999999999787e+00
2.674999999999999822e+00
2.407000000000000028e+00
2.571000000000000174e+00
2.495999999999999996e+00
2.911000000000000032e+00
2.637999999999999901e+00
2.767999999999999794e+00
2.310000000000000053e+00
3.028999999999999915e+00
2.601999999999999869e+00
2.797000000000000153e+00
2.646999999999999797e+00
2.919000000000000039e+00
2.762000000000000011e+00
2.561999999999999833e+00
2.633999999999999897e+00
2.661000000000000032e+00
2.737999999999999989e+00
2.471000000000000085e+00
2.681999999999999940e+00
3.009999999999999787e+00
2.694999999999999840e+00
2.757000000000000117e+00
2.670999999999999819e+00
2.721000000000000085e+00
2.487999999999999989e+00
2.970000000000000195e+00
2.887000000000000011e+00
3.064000000000000057e+00
2.636000000000000121e+00
2.713999999999999968e+00
2.487999999999999989e+00
2.585999999999999854e+00
2.769000000000000128e+00
3.060999999999999943e+00
2.787999999999999812e+00
2.745000000000000107e+00
2.839999999999999858e+00
2.734999999999999876e+00
2.778999999999999915e+00
2.959000000000000075e+00
2.947000000000000064e+00
2.717999999999999972e+00
2.911000000000000032e+00
2.857000000000000206e+00
2.597999999999999865e+00
3.133999999999999897e+00
2.822000000000000064e+00
3.113999999999999879e+00
2.720000000000000195e+00
2.628000000000000114e+00
2.876999999999999780e+00
2.765000000000000124e+00
3.089999999999999858e+00
2.666999999999999815e+00
2.650999999999999801e+00
2.646999999999999797e+00
2.803999999999999826e+00
2.516000000000000014e+00
2.629999999999999893e+00
2.488999999999999879e+00
2.705000000000000071e+00
2.809000000000000163e+00
2.665000000000000036e+00
2.527000000000000135e+00
2.729999999999999982e+00
2.650999999999999801e+00
3.064000000000000057e+00
2.500999999999999890e+00
2.677000000000000046e+00
2.653999999999999915e+00
3.064999999999999947e+00
2.475999999999999979e+00
2.822999999999999954e+00
2.577999999999999847e+00
2.600999999999999979e+00
2.584999999999999964e+00
3.129999999999999893e+00
2.540000000000000036e+00
2.589999999999999858e+00
2.730999999999999872e+00
2.529999999999999805e+00
2.520999999999999908e+00
2.365000000000000213e+00
2.712000000000000188e+00
2.876999999999999780e+00
2.472999999999999865e+00
2.947999999999999954e+00
2.770999999999999908e+00
2.648000000000000131e+00
2.660000000000000142e+00
2.637999999999999901e+00
2.697999999999999954e+00
2.519000000000000128e+00
2.770000000000000018e+00
2.649999999999999911e+00
2.664000000000000146e+00
2.888999999999999790e+00
2.717999999999999972e+00
2.706999999999999851e+00
2.952999999999999847e+00
2.986000000000000210e+00
2.708000000000000185e+00
2.475999999999999979e+00
2.576999999999999957e+00
2.535000000000000142e+00
2.838999999999999968e+00
2.841000000000000192e+00
2.556000000000000050e+00
2.724000000000000199e+00
2.440999999999999837e+00
2.626999999999999780e+00
3.012000000000000011e+00
2.797000000000000153e+00
2.720000000000000195e+00
3.115000000000000213e+00
2.613999999999999879e+00
2.761000000000000121e+00
2.999000000000000110e+00
3.133999999999999897e+00
2.645999999999999908e+00
2.689000000000000057e+00
2.391000000000000014e+00
2.512999999999999901e+00
2.633999999999999897e+00
2.525999999999999801e+00
2.862999999999999989e+00
2.384999999999999787e+00
3.452999999999999847e+00
2.513999999999999790e+00
3.158999999999999808e+00
2.798000000000000043e+00
2.677000000000000046e+00
2.369000000000000217e+00
2.987999999999999989e+00
2.615000000000000213e+00
2.571000000000000174e+00
3.126999999999999780e+00
2.403000000000000025e+00
2.656000000000000139e+00
2.459999999999999964e+00
2.839999999999999858e+00
3.129999999999999893e+00
2.394000000000000128e+00
2.564999999999999947e+00
2.677000000000000046e+00
2.480999999999999872e+00
2.649999999999999911e+00
2.607000000000000206e+00
2.805000000000000160e+00
2.766999999999999904e+00
2.693999999999999950e+00
2.515000000000000124e+00
3.116000000000000103e+00
2.641000000000000014e+00
2.658999999999999808e+00
2.346000000000000085e+00
2.662999999999999812e+00
2.608999999999999986e+00
2.521999999999999797e+00
2.725999999999999979e+00
2.402000000000000135e+00
2.701999999999999957e+00
3.041999999999999815e+00
2.625999999999999890e+00
2.661999999999999922e+00
2.712000000000000188e+00
2.725999999999999979e+00
2.769000000000000128e+00
2.467000000000000082e+00
2.754999999999999893e+00
2.432999999999999829e+00
2.729000000000000092e+00
2.903999999999999915e+00
2.516000000000000014e+00
3.023000000000000131e+00
2.658999999999999808e+00
2.774000000000000021e+00
3.009999999999999787e+00
2.708000000000000185e+00
3.068999999999999950e+00
2.839999999999999858e+00
2.507000000000000117e+00
2.770999999999999908e+00
2.879999999999999893e+00
2.645000000000000018e+00
2.390000000000000124e+00
2.741000000000000103e+00
2.576000000000000068e+00
3.029999999999999805e+00
2.298000000000000043e+00
3.064999999999999947e+00
2.803999999999999826e+00
2.471000000000000085e+00
2.745999999999999996e+00
2.648000000000000131e+00
2.979999999999999982e+00
2.439999999999999947e+00
2.959000000000000075e+00
2.920999999999999819e+00
2.714999999999999858e+00
2.826999999999999957e+00
3.068999999999999950e+00
2.689999999999999947e+00
2.895000000000000018e+00
2.577999999999999847e+00
2.778999999999999915e+00
2.654999999999999805e+00
2.642999999999999794e+00
2.677000000000000046e+00
