2.588000000000000078e+00
2.620999999999999996e+00
3.065999999999999837e+00
2.702999999999999847e+00
2.206999999999999851e+00
2.565999999999999837e+00
2.713000000000000078e+00
2.536000000000000032e+00
2.774999999999999911e+00
2.490000000000000213e+00
2.709999999999999964e+00
2.717000000000000082e+00
2.716000000000000192e+00
2.724000000000000199e+00
2.549999999999999822e+00
2.620000000000000107e+00
2.596999999999999975e+00
2.979999999999999982e+00
2.625999999999999890e+00
2.560999999999999943e+00
2.383999999999999897e+00
2.463999999999999968e+00
2.782999999999999918e+00
2.787999999999999812e+00
2.915000000000000036e+00
2.404999999999999805e+00
2.601999999999999869e+00
2.874000000000000110e+00
2.799999999999999822e+00
2.980999999999999872e+00
2.263999999999999790e+00
2.483000000000000096e+00
2.416999999999999815e+00
2.980999999999999872e+00
2.946000000000000174e+00
2.658999999999999808e+00
2.774000000000000021e+00
3.100000000000000089e+00
2.781000000000000139e+00
2.839999999999999858e+00
3.025999999999999801e+00
2.540999999999999925e+00
2.533999999999999808e+00
2.946000000000000174e+00
2.642999999999999794e+00
2.529999999999999805e+00
3.052999999999999936e+00
2.689999999999999947e+00
2.520999999999999908e+00
2.354000000000000092e+00
2.495000000000000107e+00
2.700000000000000178e+00
2.771999999999999797e+00
3.072000000000000064e+00
2.725000000000000089e+00
2.396999999999999797e+00
3.060000000000000053e+00
2.718999999999999861e+00
2.774999999999999911e+00
2.361000000000000210e+00
2.528999999999999915e+00
2.771999999999999797e+00
2.826999999999999957e+00
2.636000000000000121e+00
2.755999999999999783e+00
2.960999999999999854e+00
2.637999999999999901e+00
2.524999999999999911e+00
2.358000000000000096e+00
2.778999999999999915e+00
2.633999999999999897e+00
2.556000000000000050e+00
2.435999999999999943e+00
2.612000000000000099e+00
2.698999999999999844e+00
2.839999999999999858e+00
3.120999999999999996e+00
2.323999999999999844e+00
2.604000000000000092e+00
3.169999999999999929e+00
2.685999999999999943e+00
2.890000000000000124e+00
2.674999999999999822e+00
2.664000000000000146e+00
2.991999999999999993e+00
2.576000000000000068e+00
2.549999999999999822e+00
2.596000000000000085e+00
3.193999999999999950e+00
2.898000000000000131e+00
3.004000000000000004e+00
2.592000000000000082e+00
2.746999999999999886e+00
2.585999999999999854e+00
2.535000000000000142e+00
2.604999999999999982e+00
2.613999999999999879e+00
2.500000000000000000e+00
2.794000000000000039e+00
2.532999999999999918e+00
2.479999999999999982e+00
2.303999999999999826e+00
2.734999999999999876e+00
2.359999999999999876e+00
2.867999999999999883e+00
3.003000000000000114e+00
2.531000000000000139e+00
2.621999999999999886e+00
2.935999999999999943e+00
2.741000000000000103e+00
3.274999999999999911e+00
2.564000000000000057e+00
2.544000000000000039e+00
2.644000000000000128e+00
2.767999999999999794e+00
2.758000000000000007e+00
2.765000000000000124e+00
2.732000000000000206e+00
2.273000000000000131e+00
2.520000000000000018e+00
2.354999999999999982e+00
2.644000000000000128e+00
2.410000000000000142e+00
2.668000000000000149e+00
2.444999999999999840e+00
2.333000000000000185e+00
2.531000000000000139e+00
2.771999999999999797e+00
2.774000000000000021e+00
3.226999999999999869e+00
2.608999999999999986e+00
2.966000000000000192e+00
2.625999999999999890e+00
2.504000000000000004e+00
2.536999999999999922e+00
2.641999999999999904e+00
2.516999999999999904e+00
2.967999999999999972e+00
2.403000000000000025e+00
2.576000000000000068e+00
2.839999999999999858e+00
2.720000000000000195e+00
2.438000000000000167e+00
2.553999999999999826e+00
2.523000000000000131e+00
2.206999999999999851e+00
2.879000000000000004e+00
2.810999999999999943e+00
2.652000000000000135e+00
2.720000000000000195e+00
2.414000000000000146e+00
2.704000000000000181e+00
2.717000000000000082e+00
3.059000000000000163e+00
2.517999999999999794e+00
2.855999999999999872e+00
2.737999999999999989e+00
2.611000000000000210e+00
2.491999999999999993e+00
2.466000000000000192e+00
2.349000000000000199e+00
2.505999999999999783e+00
2.838999999999999968e+00
2.717999999999999972e+00
2.508999999999999897e+00
3.059000000000000163e+00
2.515000000000000124e+00
2.607000000000000206e+00
2.791999999999999815e+00
2.670999999999999819e+00
2.549999999999999822e+00
3.408999999999999808e+00
2.551000000000000156e+00
2.456999999999999851e+00
2.572000000000000064e+00
2.422000000000000153e+00
2.693999999999999950e+00
2.810999999999999943e+00
3.193999999999999950e+00
3.269000000000000128e+00
3.096999999999999975e+00
2.640000000000000124e+00
2.783999999999999808e+00
2.702999999999999847e+00
2.733000000000000096e+00
2.621999999999999886e+00
2.615000000000000213e+00
2.569999999999999840e+00
3.052999999999999936e+00
2.581999999999999851e+00
2.668000000000000149e+00
2.496999999999999886e+00
2.674999999999999822e+00
3.008000000000000007e+00
2.774999999999999911e+00
3.041999999999999815e+00
2.912999999999999812e+00
2.951999999999999957e+00
2.770000000000000018e+00
2.702999999999999847e+00
2.593999999999999861e+00
3.087000000000000188e+00
2.524999999999999911e+00
2.463999999999999968e+00
2.435000000000000053e+00
2.693999999999999950e+00
2.706999999999999851e+00
2.661999999999999922e+00
2.839999999999999858e+00
2.684000000000000163e+00
2.596999999999999975e+00
2.705999999999999961e+00
2.605999999999999872e+00
2.846000000000000085e+00
3.007000000000000117e+00
2.810000000000000053e+00
2.480999999999999872e+00
2.782999999999999918e+00
3.383999999999999897e+00
2.511000000000000121e+00
2.697000000000000064e+00
2.934000000000000163e+00
2.672000000000000153e+00
2.694999999999999840e+00
2.561999999999999833e+00
2.697999999999999954e+00
2.564999999999999947e+00
2.427999999999999936e+00
2.519000000000000128e+00
2.604000000000000092e+00
2.927000000000000046e+00
2.524999999999999911e+00
2.630999999999999783e+00
2.383999999999999897e+00
2.728000000000000203e+00
2.559000000000000163e+00
2.553999999999999826e+00
2.419000000000000039e+00
2.967000000000000082e+00
2.803999999999999826e+00
2.640000000000000124e+00
2.782999999999999918e+00
2.674999999999999822e+00
2.529999999999999805e+00
2.516999999999999904e+00
2.604000000000000092e+00
2.862999999999999989e+00
2.708000000000000185e+00
2.612000000000000099e+00
2.523000000000000131e+00
2.589999999999999858e+00
2.498000000000000220e+00
3.029999999999999805e+00
2.628000000000000114e+00
2.991999999999999993e+00
2.795999999999999819e+00
2.644000000000000128e+00
2.838999999999999968e+00
2.649000000000000021e+00
2.565999999999999837e+00
3.007000000000000117e+00
2.605999999999999872e+00
2.725000000000000089e+00
2.615000000000000213e+00
2.624000000000000110e+00
2.568000000000000060e+00
3.117999999999999883e+00
3.087000000000000188e+00
2.619000000000000217e+00
2.782999999999999918e+00
2.908999999999999808e+00
2.495000000000000107e+00
2.858999999999999986e+00
2.672000000000000153e+00
2.979999999999999982e+00
2.919999999999999929e+00
2.701000000000000068e+00
2.826000000000000068e+00
2.620999999999999996e+00
3.056000000000000050e+00
2.720000000000000195e+00
2.605999999999999872e+00
2.603000000000000203e+00
2.604000000000000092e+00
2.629999999999999893e+00
2.825000000000000178e+00
2.491000000000000103e+00
2.854999999999999982e+00
2.623000000000000220e+00
2.595000000000000195e+00
2.515000000000000124e+00
2.576000000000000068e+00
2.641999999999999904e+00
2.991999999999999993e+00
2.424999999999999822e+00
2.491999999999999993e+00
2.803999999999999826e+00
3.103000000000000203e+00
2.279999999999999805e+00
2.498000000000000220e+00
2.464999999999999858e+00
2.653999999999999915e+00
2.660000000000000142e+00
3.021999999999999797e+00
2.458000000000000185e+00
2.705999999999999961e+00
2.928999999999999826e+00
2.571000000000000174e+00
2.633999999999999897e+00
2.509999999999999787e+00
3.020999999999999908e+00
2.842999999999999972e+00
2.588000000000000078e+00
2.798000000000000043e+00
2.765000000000000124e+00
2.803999999999999826e+00
2.354000000000000092e+00
2.423999999999999932e+00
2.645999999999999908e+00
2.935000000000000053e+00
2.642999999999999794e+00
2.696000000000000174e+00
2.591000000000000192e+00
2.841000000000000192e+00
2.700000000000000178e+00
2.693000000000000060e+00
3.125999999999999890e+00
3.000000000000000000e+00
2.657000000000000028e+00
2.575000000000000178e+00
2.642999999999999794e+00
2.657999999999999918e+00
2.790999999999999925e+00
2.745000000000000107e+00
2.758000000000000007e+00
2.745000000000000107e+00
2.722999999999999865e+00
2.498000000000000220e+00
2.959999999999999964e+00
2.680000000000000160e+00
2.564999999999999947e+00
3.004000000000000004e+00
2.740000000000000213e+00
2.588999999999999968e+00
2.883999999999999897e+00
2.858999999999999986e+00
2.439000000000000057e+00
2.700000000000000178e+00
2.305000000000000160e+00
2.807999999999999829e+00
2.701000000000000068e+00
2.613999999999999879e+00
2.641999999999999904e+00
2.467999999999999972e+00
2.809000000000000163e+00
2.451000000000000068e+00
2.907999999999999918e+00
3.064999999999999947e+00
2.879999999999999893e+00
2.509999999999999787e+00
3.072000000000000064e+00
2.556999999999999940e+00
2.612999999999999989e+00
2.987000000000000099e+00
2.638999999999999790e+00
2.464999999999999858e+00
2.443999999999999950e+00
2.849000000000000199e+00
3.021999999999999797e+00
2.415000000000000036e+00
2.561999999999999833e+00
2.867999999999999883e+00
2.664000000000000146e+00
2.810999999999999943e+00
2.830999999999999961e+00
2.439999999999999947e+00
2.524000000000000021e+00
2.676000000000000156e+00
2.484999999999999876e+00
3.274999999999999911e+00
2.579000000000000181e+00
2.746999999999999886e+00
2.536000000000000032e+00
2.646999999999999797e+00
2.666999999999999815e+00
2.636000000000000121e+00
2.801000000000000156e+00
2.458000000000000185e+00
2.625000000000000000e+00
3.088000000000000078e+00
2.701000000000000068e+00
2.628000000000000114e+00
2.767999999999999794e+00
2.435999999999999943e+00
2.733999999999999986e+00
2.650999999999999801e+00
2.875000000000000000e+00
2.467999999999999972e+00
2.702999999999999847e+00
2.935000000000000053e+00
2.541999999999999815e+00
3.020999999999999908e+00
2.705999999999999961e+00
2.435000000000000053e+00
2.862999999999999989e+00
2.593999999999999861e+00
3.144000000000000128e+00
2.729000000000000092e+00
2.525999999999999801e+00
2.947999999999999954e+00
2.716000000000000192e+00
3.011000000000000121e+00
2.494000000000000217e+00
2.705000000000000071e+00
2.596999999999999975e+00
3.020999999999999908e+00
2.479999999999999982e+00
3.103000000000000203e+00
2.698999999999999844e+00
2.601999999999999869e+00
2.802000000000000046e+00
2.697000000000000064e+00
3.096999999999999975e+00
2.545999999999999819e+00
3.255999999999999783e+00
2.910000000000000142e+00
2.536999999999999922e+00
2.990000000000000213e+00
3.144000000000000128e+00
2.803999999999999826e+00
2.770000000000000018e+00
2.645000000000000018e+00
2.818000000000000060e+00
2.646999999999999797e+00
2.408999999999999808e+00
2.698999999999999844e+00
