1.142720244309556854e+01
1.168276146745025201e+01
1.443304742252723294e+01
1.050008446813011354e+01
1.415423775898442926e+01
1.148190773351085880e+01
1.147167646602201430e+01
1.193949756467632994e+01
1.285503586659122277e+01
1.114701358329361547e+01
1.272313591384945042e+01
1.168276146745025201e+01
1.151401807503945207e+01
1.172079006463870243e+01
1.156342659842345988e+01
1.148566793655149532e+01
1.146743516439486754e+01
1.184327342686360041e+01
1.118882381581419772e+01
1.117032404817945768e+01
1.090426731505405655e+01
1.184327342686360041e+01
1.416322743030016262e+01
1.236448621325852315e+01
1.273208376544874731e+01
1.142391978742310776e+01
1.094687175544703983e+01
1.440739582203331892e+01
1.134343954752645089e+01
1.443304742252723294e+01
1.101213040991653891e+01
1.110186522166203105e+01
1.148190773351085880e+01
1.433622186425764866e+01
1.434533020642645340e+01
1.272313591384945042e+01
1.118882381581419772e+01
1.423290559468065553e+01
1.424132425459156082e+01
1.189945306588271734e+01
1.316559440560325811e+01
1.130200704950861024e+01
1.117032404817945768e+01
1.443304742252723294e+01
1.154258876640146880e+01
1.180790452510228938e+01
1.423290559468065553e+01
1.110186522166203105e+01
1.180840079332800130e+01
1.094687175544703983e+01
1.148190773351085880e+01
1.130200704950861024e+01
1.146528609579661229e+01
1.438116648421348565e+01
1.180840079332800130e+01
1.147167646602201430e+01
1.244505418039551969e+01
1.220529341198778539e+01
1.273208376544874731e+01
1.191859370968313137e+01
1.143569664376099659e+01
1.136071495535685472e+01
1.156957942084081203e+01
1.216434438541194574e+01
1.161234116110571080e+01
1.253201277454768459e+01
1.192977171172480411e+01
1.122769323484770609e+01
1.148261963960367460e+01
1.285503586659122277e+01
1.114701358329361547e+01
1.138896564366077513e+01
1.204854050525831077e+01
1.206280829074635008e+01
1.219312780348251302e+01
1.269222053771102310e+01
1.420725399418674151e+01
1.185066740466387891e+01
1.161234116110571080e+01
1.335671754490502394e+01
1.273208376544874731e+01
1.236458690469996746e+01
1.163011678195716669e+01
1.120663496222640632e+01
1.273398618009732175e+01
1.415423775898442926e+01
1.440739582203331892e+01
1.251055348763070185e+01
1.410840871256477946e+01
1.272350051738952281e+01
1.438116648421348565e+01
1.177854163006830923e+01
1.261247545517687207e+01
1.215834332969801679e+01
1.252792449906591266e+01
1.284149774631180030e+01
1.114701358329361547e+01
1.148190773351085880e+01
1.153050736569872647e+01
1.201474626675963719e+01
1.130200704950861024e+01
1.148778201803907351e+01
1.149039265335749427e+01
1.132945592851323724e+01
1.231138841610856716e+01
1.449054105651979363e+01
1.118882381581419772e+01
1.131932564057630231e+01
1.282580859833716147e+01
1.148190773351085880e+01
1.433622186425764866e+01
1.151476199522423371e+01
1.122143908237161369e+01
1.206606985241875485e+01
1.130200704950861024e+01
1.424967573216799011e+01
1.262495486439776826e+01
1.285503586659122277e+01
1.077085459482584184e+01
1.214959271413913910e+01
1.146635062165788987e+01
1.425795928008538027e+01
1.229006071418052493e+01
1.154991873697334093e+01
1.134942347980284261e+01
1.248075424914996034e+01
1.159563092508485482e+01
1.211235132213770171e+01
1.130200704950861024e+01
1.423290559468065553e+01
1.065556061403630572e+01
1.167743279102644927e+01
1.117418631986139488e+01
1.148190773351085880e+01
1.070412548720747736e+01
1.145380048330564549e+01
1.148190773351085880e+01
1.273208376544874731e+01
1.199240774431560297e+01
1.138896564366077513e+01
1.250177524616847435e+01
1.275824286703017663e+01
1.199874957276979082e+01
1.154460747239003560e+01
1.172304482080878785e+01
1.424132425459156082e+01
1.304163957415837949e+01
1.139738716381976680e+01
1.279192496075359031e+01
1.265489403874464536e+01
1.207680879558880349e+01
1.137994695511596355e+01
1.232297210669850784e+01
1.412691347980257284e+01
1.138410310814988513e+01
1.141388007783305447e+01
1.150362796871697313e+01
1.151840665910396488e+01
1.143010867072787917e+01
1.110186522166203105e+01
1.128176590566428139e+01
1.107840710464873979e+01
1.446631597886574028e+01
1.272313591384945042e+01
1.137994695511596355e+01
1.421586971715368009e+01
1.190524777744907148e+01
1.253384435225074256e+01
1.272350051738952281e+01
1.279792601646751926e+01
1.164186395874682844e+01
1.442456232760641477e+01
1.110186522166203105e+01
1.102129725452503628e+01
1.152063005896750880e+01
1.164186395874682844e+01
1.199585699519255577e+01
1.209183714855259240e+01
1.421586971715368009e+01
1.424132425459156082e+01
1.436336925814674004e+01
1.176328747153427301e+01
1.417215664520251117e+01
1.272313591384945042e+01
1.252299408600287300e+01
1.081133935101543564e+01
1.325853649545334179e+01
1.148778201803907351e+01
1.413608003641106947e+01
1.075721559030825958e+01
1.137614333123647370e+01
1.122143908237161369e+01
1.210086355885714759e+01
1.262495486439776826e+01
1.210040454904174823e+01
1.427431959764477298e+01
1.125820749342725158e+01
1.304163957415837949e+01
1.335671754490502394e+01
1.122143908237161369e+01
1.248029035561014766e+01
1.429039922867321621e+01
1.184559951574600767e+01
1.142606379373246561e+01
1.175705735902830185e+01
1.170383808570392681e+01
1.208991888633394929e+01
1.122143908237161369e+01
1.273208376544874731e+01
1.148190773351085880e+01
1.130190065540592315e+01
1.158008878296254096e+01
1.192417126791639426e+01
1.184327342686360041e+01
1.442456232760641477e+01
1.130348614087039572e+01
1.118882381581419772e+01
1.224189954872956143e+01
1.444981756001456930e+01
1.144010105048338310e+01
1.272350051738952281e+01
1.161282874684770583e+01
1.104886806887473227e+01
1.243771309508296241e+01
1.122143908237161369e+01
1.138124714681364580e+01
1.118882381581419772e+01
1.101213040991653891e+01
1.272313591384945042e+01
1.128176590566428139e+01
1.285503586659122277e+01
1.085570244188288136e+01
1.102129725452503628e+01
1.102129725452503628e+01
1.216744605071988872e+01
1.176957059908256298e+01
1.165283037594602433e+01
1.148190773351085880e+01
1.293222559329532473e+01
1.316559440560325811e+01
1.152632816180424413e+01
1.262566677049058406e+01
1.253384435225074256e+01
1.190686441827878284e+01
1.159563092508485482e+01
1.137994695511596355e+01
1.424967573216799011e+01
1.130200704950861024e+01
1.158008878296254096e+01
1.189607551761461579e+01
1.148190773351085880e+01
1.133767674682593452e+01
1.253384435225074256e+01
1.285503586659122277e+01
1.411768945607895454e+01
1.153342312102336109e+01
1.130328566418079461e+01
1.436336925814674004e+01
1.268785603901439707e+01
1.131698643623329481e+01
1.433622186425764866e+01
1.158903663456183786e+01
1.158008878296254096e+01
1.138921446788540948e+01
1.243218937597878870e+01
1.227351452165744838e+01
1.424132425459156082e+01
1.418983071646879068e+01
1.170131850018297293e+01
1.427431959764477298e+01
1.162765299353098314e+01
1.122143908237161369e+01
1.413608003641106947e+01
1.134548694751275022e+01
1.272350051738952281e+01
1.204383717894535977e+01
1.229006071418052493e+01
1.176203198571344188e+01
1.148190773351085880e+01
1.418102465636690823e+01
1.166432167142518139e+01
1.199240774431560297e+01
1.126803149673718885e+01
1.163698465093818868e+01
1.179860774492321518e+01
1.229006071418052493e+01
1.130348614087039572e+01
1.273208376544874731e+01
1.292122119196931962e+01
1.167025743392396642e+01
1.117032404817945768e+01
1.212138847919051798e+01
1.293222559329532473e+01
1.420725399418674151e+01
1.145834932127382899e+01
1.101529619881110733e+01
1.238782628511134121e+01
1.439871590603016571e+01
1.138988997956659155e+01
1.130200704950861024e+01
1.191417959231790213e+01
1.202131240768907183e+01
1.205941165585569408e+01
1.421586971715368009e+01
1.144074695562684774e+01
1.163789864543274177e+01
1.325853649545334179e+01
1.130200704950861024e+01
1.161262309930399894e+01
1.154947038253110847e+01
1.425795928008538027e+01
1.162164114686081362e+01
1.151476199522423371e+01
1.122143908237161369e+01
1.304374756593070650e+01
1.262495486439776826e+01
1.153148108191662757e+01
1.164186395874682844e+01
1.233187094670110717e+01
1.216434438541194574e+01
1.102129725452503628e+01
1.130200704950861024e+01
1.202382913430190925e+01
1.316559440560325811e+01
1.307863581145109322e+01
1.191390172571275130e+01
1.273398618009732175e+01
1.201705030195184420e+01
1.253384435225074256e+01
1.138896564366077513e+01
1.110186522166203105e+01
1.279192496075359031e+01
1.233187094670110717e+01
1.272313591384945042e+01
1.161492225485945617e+01
1.159563092508485482e+01
1.148261963960367460e+01
1.162164114686081362e+01
1.316559440560325811e+01
1.253201277454768459e+01
1.149216477302178063e+01
1.429921382443118638e+01
1.208991888633394929e+01
1.130200704950861024e+01
1.418102465636690823e+01
1.424967573216799011e+01
1.141388007783305447e+01
1.244505418039551969e+01
1.070022629597669095e+01
1.252299408600287300e+01
1.184327342686360041e+01
1.176016189130676537e+01
1.204037497839085802e+01
1.095735741815483877e+01
1.215359745294414218e+01
1.085570244188288136e+01
1.212491813084765369e+01
1.421586971715368009e+01
1.259178313290701468e+01
1.101529619881110733e+01
1.427087531494038863e+01
1.130348614087039572e+01
1.114701358329361547e+01
1.437229847304909036e+01
1.164313159901702299e+01
1.140756030189143111e+01
1.146442751251455405e+01
1.195820150185144115e+01
1.410840871256477946e+01
1.125401970533572360e+01
1.204731444594096601e+01
1.262566677049058406e+01
1.130200704950861024e+01
1.262495486439776826e+01
1.133372475437384885e+01
1.199528047162316824e+01
1.213863420244769920e+01
1.158008878296254096e+01
1.131698643623329481e+01
1.443304742252723294e+01
1.168709182721515027e+01
1.148190773351085880e+01
1.144172213090025281e+01
1.208632609915791889e+01
1.229006071418052493e+01
1.293222559329532473e+01
1.282580859833716147e+01
1.085570244188288136e+01
1.138896564366077513e+01
1.446631597886574028e+01
1.173432514976086161e+01
1.180179278312566638e+01
1.229006071418052493e+01
1.148190773351085880e+01
1.222453441949609143e+01
1.136071495535685472e+01
1.418983071646879068e+01
1.122143908237161369e+01
1.206347936743222249e+01
1.443304742252723294e+01
1.156988970992605026e+01
1.418983071646879068e+01
1.158008878296254096e+01
1.198612013501696438e+01
1.413608003641106947e+01
1.087826527680216238e+01
1.407073348709381122e+01
1.307863581145109322e+01
1.126707454547297615e+01
1.441601154500025750e+01
1.262566677049058406e+01
1.282580859833716147e+01
1.168137154100420894e+01
1.145483524255112329e+01
1.137994695511596355e+01
1.437229847304909036e+01
1.159729676138847410e+01
1.449054105651979363e+01
1.128176590566428139e+01
1.284149774631180030e+01
1.244830647682966074e+01
1.195820150185144115e+01
1.425795928008538027e+01
1.137046587602603509e+01
1.417215664520251117e+01
1.442456232760641477e+01
1.169845061542489084e+01
1.170672259043220542e+01
1.416322743030016262e+01
1.249068482617754761e+01
1.183724824563681999e+01
1.157839980222173182e+01
1.325853649545334179e+01
1.272313591384945042e+01
1.187768296063740969e+01
1.172669070146629977e+01
