-3.116638953963057554e-02
-9.959791820201016610e-02
1.963853575444289568e-01
2.007386255464872260e+00
-3.331404843739601773e+00
-3.000094910732286624e-01
9.394605820708271660e-01
-1.127270521220487431e+00
-1.508461587455539321e-01
-4.975838229665908163e-01
-4.964947917797631338e-01
6.894536435765971083e-01
9.122490452774519865e-01
3.849605441815945883e-01
-2.891141052440782677e-01
7.203075895651744887e-02
-1.808204882639422029e-02
2.163799397072529995e+00
5.400051059641526319e-01
2.308194489785582101e-02
-1.025933881756321497e+00
-1.217717929057421378e+00
-9.351632781092109603e-01
3.606431820434045643e-01
8.667564249791668285e-01
-8.202529695731092252e-01
6.387010253928816494e-01
-6.810817034544481841e-01
9.862701073881794400e-01
-2.038461361870488875e-01
-1.259901412638302354e+00
-4.978610243086373788e-01
-1.472678610842267366e+00
-1.416578566970648767e-01
-3.102488552061660743e-01
-8.279304998157567264e-01
1.765314779829774805e+00
4.869946579171045009e-01
-9.942599134813500106e-01
1.507337257978224709e+00
9.479786132321211811e-01
-2.816986043380190763e-01
-1.086830845416057872e-01
-3.665871077135329226e-01
1.369688235341617599e-01
-5.392110983583171535e-01
2.632618573884124014e-01
1.170123013437406101e+00
-1.086272882366467130e+00
-1.306319325255119290e+00
-8.643136965508857461e-01
1.010128264405486753e+00
7.754590846566414841e-01
2.582249835831041396e-01
6.217145674381994169e-01
-1.662568661102067802e+00
2.148790001743985822e+00
7.462654294185507020e-02
-7.690312883116610931e-02
-1.334149268086469942e+00
-2.959163549415407268e-01
1.586094913246809401e+00
9.616842896105314287e-01
-4.423061768212614986e-01
8.669415847236146000e-01
1.374276429188189486e+00
-1.430483253478173622e-01
-3.283675943347308390e-01
-1.925576373663198781e+00
-1.302356647962205349e-01
6.558525651180391325e-01
-2.673905588348702844e-01
-1.104396262408651186e+00
-3.476069939552691723e-01
-4.319618708310636601e-02
2.755956138328455318e-01
6.041276216251333375e-01
-2.707776149363462004e+00
-1.197948022925004186e-01
1.601021354379669859e+00
-6.615059372863058007e-01
1.369006268392033210e+00
2.227119722291320547e-01
8.537621523727679795e-01
1.083730400149115702e+00
-1.832744127018776537e+00
-2.105678516683904711e+00
-7.984741372762518274e-01
1.020823561344798014e+00
5.889437776954185022e-01
-6.292427117711857365e-02
-2.754923053320275650e-01
-1.029861915271843703e-01
-7.558784975210939283e-01
-9.964719135905932834e-01
-1.287591453807668929e+00
4.932158624454697771e-01
-8.249012070266307228e-01
1.565249476806315654e+00
-1.245827327368202564e+00
-7.641048075353087388e-01
-1.430347216066788496e+00
1.104727744288930280e+00
-9.463304254588162934e-01
6.607096075057228290e-01
-1.378614871042091461e-01
-2.240415929888550095e-01
3.596749052654806267e-01
9.212809794493096449e-01
1.133054475609077461e+00
1.272388661925908604e+00
-3.665233549751127362e-01
-1.600866503504098370e-01
-2.068552948472454078e-01
1.577574398574811188e+00
-1.102111754172162561e+00
-4.084920009372133842e-02
-3.712268739639541515e-01
-1.701252968964946044e+00
-8.101109449515156991e-01
-1.058268673057242593e+00
-1.607462845762207104e+00
-1.974694764012888681e+00
2.444839662141792824e-01
-6.008627560153033675e-01
-2.033194607956877231e+00
-4.385992236586254145e-01
6.474046500140748783e-01
1.628068811258899240e+00
1.102209171897833073e+00
1.048614573663869454e+00
2.909110077016481721e+00
3.060460827795541405e-01
-7.933354016758012994e-01
4.114331458173187128e-01
3.595561607232253265e-01
-6.905269286109229077e-01
1.231575321282351698e+00
-2.265389382620152769e+00
-1.070283602554969182e-01
7.551198414835241790e-01
-3.235912566687961234e-01
-1.525788809373231691e+00
-2.590545481348137113e-01
-5.132459520642609352e-01
-3.387338002560548844e+00
3.256082704300604647e-01
1.001567940982146299e+00
-7.286552283276337416e-01
-2.839526846787439052e-01
-2.283515182894452433e+00
9.487512951332672806e-01
-4.766414938668358386e-02
3.597796667211295429e-01
-5.808732557452450651e-01
1.338641229179311498e+00
6.613513016281794554e-01
1.017122470402637667e-02
-8.498008837744072119e-01
-6.310838115722572361e-01
-1.750354509926216551e+00
-2.882557788154151979e-01
-8.779477494506796598e-01
-4.441457459898653926e-01
-6.301957890403117046e-01
3.026456263950663139e-01
-6.692670132164422192e-01
-7.613459453483328865e-01
3.439994796187686305e-02
-6.377878001765922011e-01
-3.803143034522651900e-01
1.887490797636546036e+00
4.077999285470469693e-02
-6.036828969327988625e-01
-3.077561643730929442e-01
-9.954109527860202089e-01
6.536490182162539575e-02
5.395038811925133571e-01
9.518044396678277952e-01
1.303652006049342615e+00
3.888567428246538227e-01
-4.376876117188226167e-02
-9.364280988667817995e-01
-5.422204864454882589e-01
-1.545408380896458322e-01
9.652153400300339525e-01
-1.258993376402158582e+00
-1.681698761549578203e-01
3.254501368783975224e-01
7.072937879707644759e-01
3.601083757924434803e-01
-5.327104329200207378e-01
-9.050736919107689460e-02
1.611973378256482459e+00
5.265191963940015762e-01
1.846100396463956905e-01
1.754856853411768780e+00
8.252979045378996403e-01
-5.485385848368385941e-01
1.132671781570737668e+00
-1.323808518322195926e+00
3.879701153694115057e-01
-5.860816033712150652e-01
-5.705729412903778330e-01
-1.716867687189880698e+00
2.596646294046984771e-01
8.879071164096130619e-02
7.946050273683267218e-01
3.575924763467573375e-01
6.597579942551388132e-01
1.727906456765181953e-01
7.226374011735967606e-01
-2.820381673782533793e-01
1.247069370521881604e+00
-7.672310240803409398e-02
1.180474079142146859e+00
-6.190102212558715733e-01
3.095969733685874914e-01
1.744648717550190575e+00
-3.771422447429453317e-01
-4.514808365253855094e-01
1.439195917945569558e+00
6.640229251849334435e-01
-4.206145374133639092e-01
-1.622195341840549851e-02
9.243258982642987842e-01
4.736688398303483261e-02
-5.001303904316902749e-01
-1.717206981626895557e+00
2.487899968641719417e-01
6.453907568659853489e-01
1.322429708285672301e-01
7.838508925631731961e-01
-1.167844365051502908e+00
1.990551697285238564e-01
-7.259880104869672612e-01
-3.310624900725484543e-01
-1.457232064611585720e+00
1.033464877836123286e+00
-2.312510074207465016e-01
2.521607689259898200e-01
7.788806855168510512e-02
-4.218717862456364265e-01
-1.135660959907528245e+00
-5.065238821356151666e-01
1.297356741746236719e-01
-6.298933289393305879e-01
1.076425025587596229e+00
-4.815174127949380101e-02
-6.283748569415350538e-01
-1.070082339880607109e-01
-3.653195939653834934e-01
1.438131510565132887e+00
-8.952333078309729908e-01
5.009542532535549847e-02
9.374339456812466054e-01
5.643547671430318990e-01
-8.118280228509561214e-01
-5.981408045732591328e-01
-1.030171997863321837e-01
-1.998455606563206283e-02
-1.076170436105875067e-01
8.805133460720957483e-01
1.139323872031967333e-01
-6.016252015174761159e-01
-1.281069145748722882e+00
5.678395086138905423e-01
4.525623868381452586e-01
-7.591320471287953120e-02
-1.006514591496318056e+00
2.458777392486283020e+00
-5.484694576022688395e-01
-5.751261867290152763e-01
3.985506714921097648e-01
1.026787701670311082e+00
2.037437442919999508e+00
-1.415688358258308244e-01
8.289569466125531472e-01
1.439572830039950457e-01
3.108001719918435657e-01
7.587913957252705455e-01
-6.145902368473782351e-01
1.412122088076409598e-01
-9.983698459165647743e-02
-1.314498276144742961e-01
6.790131905072204210e-01
-4.154371315647457652e-01
4.587572198303753734e-01
-8.697608586271236009e-01
-3.038734282261065234e-01
-2.008780381403924287e-01
-1.024924218547549115e+00
-1.137262703550234955e+00
-7.429309132984686891e-03
-8.451629854917780404e-01
-3.221242375179346196e-01
3.453998974953068624e-01
3.948530073801131413e-01
-2.471618575213206714e+00
-6.225246369861461293e-01
-8.910599744984551984e-01
-1.897816337209846660e-01
-2.450432731637892936e-01
1.278117573691663622e-01
-6.060540563509553280e-01
6.720510849186365210e-01
3.568824012632367260e-01
-4.174676842897884904e-02
9.398348851292957773e-02
-5.061728346866412043e-01
9.607214925803413130e-02
1.880702433632418069e+00
-1.678476535725662855e-01
1.928430166731248896e+00
-3.071032882596835822e-01
2.185036231892481529e-01
-1.105771585840987337e+00
-9.859541831114077004e-01
-5.380163145532738111e-01
1.546281355400497048e+00
8.817372040577278192e-01
9.770262053581151296e-01
-4.148671303689931977e-01
-3.864542558992024868e-02
-6.996029466843033395e-01
1.656210550617075727e-01
1.817430404331537241e+00
2.793643408170367159e+00
-5.122679540350234539e-01
-1.150651709915410936e-01
7.840405017762026585e-01
-6.986015142887224139e-01
4.117722561090267352e-01
-2.667516868224255044e-01
1.147446748899610514e+00
6.289162489416743052e-01
9.820531593443784235e-01
-1.040319983379895952e+00
5.915133401852912254e-01
-5.093635772346113422e-01
-1.758423104366196033e-01
-1.028842788769076047e-02
3.052056799433544021e-01
1.030749893537997591e-01
-4.900300484595907502e-01
-6.480854446237325206e-01
-7.458403054933255838e-01
-2.961521056204083902e-01
-1.376872694296150224e+00
3.426327454446273513e-01
2.852323265225532589e-01
-1.373356108451887492e-01
-1.987234846437823665e-01
-4.402103790958724061e-01
4.890934472270151434e-01
-4.496563936910746295e-01
9.743593529682129661e-01
3.311227743365830478e-01
5.915192898554257894e-01
-1.801139885482036518e-01
3.290618388784383730e-01
-9.522302861378593997e-02
4.851045369927717843e-01
-1.368092835531208862e-01
7.487184008847978800e-02
-1.039779667550584596e+00
-1.279424247384868485e+00
1.157515324630499443e+00
1.968308790461365809e-01
-6.649171562362439225e-01
-8.017109000304897259e-01
6.483607486822496879e-01
7.133238375716636215e-01
2.652957143961855446e-01
2.134710147989240081e+00
-1.051919082621806778e+00
-7.854118347288194801e-01
4.747779886626504187e-01
-7.652251155311343700e-01
1.210200382435924427e+00
-2.438548171651484797e-01
1.183238743572864404e+00
-3.001722101343143878e-01
-2.068780577808149168e-01
-3.625005191393414483e-01
-1.175837773116733542e+00
6.603390821540280897e-03
-3.950800220908625704e-01
2.891783939526059166e-01
2.797547884057688949e-01
3.893070229682445427e-01
-1.925979021922321621e-01
2.989331622493127671e-01
-1.325611230241207750e+00
1.792904382594057988e-01
5.515887973381549125e-01
-5.367843672230152574e-01
-7.604357570444902903e-01
1.149516622426102336e-01
-4.174846153807269533e-01
-6.164631367444590726e-01
1.398291720024155693e-01
7.226374011735967606e-01
-2.002935534612584334e+00
-5.569340710446133436e-01
6.572453718396790157e-01
8.025434258964188050e-01
-5.523022775355964642e-01
-3.693739328343292883e-01
-3.463785127204865866e-01
-3.641330540905181046e-01
1.441053170141223694e+00
-6.112970488015297965e-01
4.753098938087682024e-01
7.313450669659794789e-02
2.263536442805138757e-02
-6.157487742404901265e-01
3.358763464146308220e-01
1.026394260621075638e+00
-1.306715131158796783e+00
4.888083365654730117e-01
1.493619615602858053e-01
4.565585489785783935e-01
-1.986181943124744886e-01
1.283872348107846451e+00
-5.272655674122928016e-01
-7.942853236249959314e-01
3.090185733341491936e+00
7.431372185474013348e-01
2.415319828331603802e-01
5.187321533215891733e-01
1.360649970018466826e-01
-2.274688859274598962e-01
-9.053381544308146678e-01
-1.105269305125549106e+00
5.014384788544874461e-01
