2.806000000000000050e+00
2.375000000000000000e+00
2.564999999999999947e+00
2.391000000000000014e+00
2.174999999999999822e+00
2.584000000000000075e+00
2.823999999999999844e+00
2.410000000000000142e+00
3.636000000000000121e+00
2.426000000000000156e+00
2.782000000000000028e+00
2.697000000000000064e+00
2.883000000000000007e+00
2.524000000000000021e+00
2.443999999999999950e+00
2.513999999999999790e+00
3.088000000000000078e+00
2.487999999999999989e+00
2.758000000000000007e+00
2.462000000000000188e+00
2.535000000000000142e+00
2.795999999999999819e+00
2.160000000000000142e+00
2.629000000000000004e+00
2.888999999999999790e+00
2.431000000000000050e+00
2.947999999999999954e+00
2.666999999999999815e+00
2.297000000000000153e+00
2.637000000000000011e+00
2.728000000000000203e+00
2.798999999999999932e+00
3.011000000000000121e+00
2.609999999999999876e+00
2.515000000000000124e+00
2.605999999999999872e+00
2.547000000000000153e+00
2.423999999999999932e+00
2.871999999999999886e+00
2.337000000000000188e+00
2.249000000000000110e+00
3.069999999999999840e+00
2.507000000000000117e+00
2.217999999999999972e+00
2.471999999999999975e+00
3.333000000000000185e+00
2.412999999999999812e+00
2.487999999999999989e+00
2.790000000000000036e+00
2.129999999999999893e+00
2.450000000000000178e+00
3.229000000000000092e+00
2.455999999999999961e+00
2.487999999999999989e+00
3.209999999999999964e+00
2.565999999999999837e+00
2.400999999999999801e+00
2.588000000000000078e+00
2.548999999999999932e+00
2.533999999999999808e+00
2.479999999999999982e+00
2.665000000000000036e+00
2.532999999999999918e+00
2.408999999999999808e+00
2.677999999999999936e+00
2.678999999999999826e+00
2.879999999999999893e+00
2.573999999999999844e+00
2.543000000000000149e+00
2.552999999999999936e+00
2.314000000000000057e+00
2.282000000000000028e+00
2.821000000000000174e+00
2.549999999999999822e+00
2.322000000000000064e+00
2.217000000000000082e+00
2.746999999999999886e+00
2.358999999999999986e+00
2.463000000000000078e+00
2.298000000000000043e+00
2.976999999999999869e+00
2.581999999999999851e+00
3.202999999999999847e+00
2.403999999999999915e+00
2.387999999999999901e+00
3.290000000000000036e+00
3.067000000000000171e+00
2.427000000000000046e+00
2.616999999999999993e+00
2.391000000000000014e+00
2.448999999999999844e+00
2.277000000000000135e+00
2.664000000000000146e+00
2.427999999999999936e+00
2.459000000000000075e+00
2.556999999999999940e+00
2.475999999999999979e+00
2.041999999999999815e+00
2.585999999999999854e+00
2.673999999999999932e+00
2.318999999999999950e+00
2.975999999999999979e+00
2.491000000000000103e+00
2.733999999999999986e+00
2.833000000000000185e+00
3.064000000000000057e+00
2.616999999999999993e+00
2.411999999999999922e+00
2.545999999999999819e+00
2.666999999999999815e+00
