2.150999999999999801e+00
2.495000000000000107e+00
3.055000000000000160e+00
2.157999999999999918e+00
3.169999999999999929e+00
2.362999999999999989e+00
2.436999999999999833e+00
2.604000000000000092e+00
2.952999999999999847e+00
2.233999999999999986e+00
2.571000000000000174e+00
2.535000000000000142e+00
2.560000000000000053e+00
2.767999999999999794e+00
2.666999999999999815e+00
2.176000000000000156e+00
2.153000000000000025e+00
2.503000000000000114e+00
2.087000000000000188e+00
2.242999999999999883e+00
2.568999999999999950e+00
2.269000000000000128e+00
2.995999999999999996e+00
2.553999999999999826e+00
2.616999999999999993e+00
2.142999999999999794e+00
2.404999999999999805e+00
3.290000000000000036e+00
2.516000000000000014e+00
3.277000000000000135e+00
2.833000000000000185e+00
2.193999999999999950e+00
2.551000000000000156e+00
3.277000000000000135e+00
3.132000000000000117e+00
2.435999999999999943e+00
2.533999999999999808e+00
2.955999999999999961e+00
2.732000000000000206e+00
2.697999999999999954e+00
2.459999999999999964e+00
2.474000000000000199e+00
2.459000000000000075e+00
3.132000000000000117e+00
2.291999999999999815e+00
2.464999999999999858e+00
2.938000000000000167e+00
2.672000000000000153e+00
2.442000000000000171e+00
2.125999999999999890e+00
2.193000000000000060e+00
2.637999999999999901e+00
2.507000000000000117e+00
2.791999999999999815e+00
2.641000000000000014e+00
2.263999999999999790e+00
2.720000000000000195e+00
2.345000000000000195e+00
2.709000000000000075e+00
2.145000000000000018e+00
2.326999999999999957e+00
2.343999999999999861e+00
2.091000000000000192e+00
2.664000000000000146e+00
2.873000000000000220e+00
2.697999999999999954e+00
2.423999999999999932e+00
2.370999999999999996e+00
2.439999999999999947e+00
2.572999999999999954e+00
2.495999999999999996e+00
2.458000000000000185e+00
2.339999999999999858e+00
2.402000000000000135e+00
2.221999999999999975e+00
2.536999999999999922e+00
3.067000000000000171e+00
2.471999999999999975e+00
2.588999999999999968e+00
3.085999999999999854e+00
2.745000000000000107e+00
2.585999999999999854e+00
2.533999999999999808e+00
2.555000000000000160e+00
2.924999999999999822e+00
2.524000000000000021e+00
2.911000000000000032e+00
2.384999999999999787e+00
3.467999999999999972e+00
2.890000000000000124e+00
2.987999999999999989e+00
2.779999999999999805e+00
2.595000000000000195e+00
2.637999999999999901e+00
2.705999999999999961e+00
2.569999999999999840e+00
2.520000000000000018e+00
2.370999999999999996e+00
2.802999999999999936e+00
2.326000000000000068e+00
2.289000000000000146e+00
2.653000000000000025e+00
2.335999999999999854e+00
2.044999999999999929e+00
2.387999999999999901e+00
3.048000000000000043e+00
2.270000000000000018e+00
2.568999999999999950e+00
2.704000000000000181e+00
2.282000000000000028e+00
2.778000000000000025e+00
2.392999999999999794e+00
2.455000000000000071e+00
2.233999999999999986e+00
2.576999999999999957e+00
3.136000000000000121e+00
2.632000000000000117e+00
2.529999999999999805e+00
2.399999999999999911e+00
2.322000000000000064e+00
2.345000000000000195e+00
2.507000000000000117e+00
2.539000000000000146e+00
2.758000000000000007e+00
2.365000000000000213e+00
2.544999999999999929e+00
2.559000000000000163e+00
2.809000000000000163e+00
2.677000000000000046e+00
3.333000000000000185e+00
2.258999999999999897e+00
2.404999999999999805e+00
2.520999999999999908e+00
2.895999999999999908e+00
2.605999999999999872e+00
2.580999999999999961e+00
2.490000000000000213e+00
2.555000000000000160e+00
2.326000000000000068e+00
2.613999999999999879e+00
2.536999999999999922e+00
2.806000000000000050e+00
2.273000000000000131e+00
2.326999999999999957e+00
2.153000000000000025e+00
3.169999999999999929e+00
2.416999999999999815e+00
2.354000000000000092e+00
2.603000000000000203e+00
2.601999999999999869e+00
2.431000000000000050e+00
2.250000000000000000e+00
2.392999999999999794e+00
2.964999999999999858e+00
2.197000000000000064e+00
2.717999999999999972e+00
2.806000000000000050e+00
2.540000000000000036e+00
2.407000000000000028e+00
2.375999999999999890e+00
2.859999999999999876e+00
2.467999999999999972e+00
2.338999999999999968e+00
2.407999999999999918e+00
2.620000000000000107e+00
2.964999999999999858e+00
2.255999999999999783e+00
2.854999999999999982e+00
2.786999999999999922e+00
2.770000000000000018e+00
2.786000000000000032e+00
3.141999999999999904e+00
2.519000000000000128e+00
2.583000000000000185e+00
2.416999999999999815e+00
2.386000000000000121e+00
2.351999999999999869e+00
2.487999999999999989e+00
3.467999999999999972e+00
3.129999999999999893e+00
3.069999999999999840e+00
2.495000000000000107e+00
2.976999999999999869e+00
2.492999999999999883e+00
2.454000000000000181e+00
2.670999999999999819e+00
2.595000000000000195e+00
2.581999999999999851e+00
2.938000000000000167e+00
2.438000000000000167e+00
2.693000000000000060e+00
2.335999999999999854e+00
2.435999999999999943e+00
2.434000000000000163e+00
2.358000000000000096e+00
3.033999999999999808e+00
2.638999999999999790e+00
2.988999999999999879e+00
2.688000000000000167e+00
2.736000000000000210e+00
2.572999999999999954e+00
2.959000000000000075e+00
2.311999999999999833e+00
2.438000000000000167e+00
2.480999999999999872e+00
2.762000000000000011e+00
2.644000000000000128e+00
2.624000000000000110e+00
2.907000000000000028e+00
2.564000000000000057e+00
2.379999999999999893e+00
2.605999999999999872e+00
2.378000000000000114e+00
2.403999999999999915e+00
3.057999999999999829e+00
2.822000000000000064e+00
2.438000000000000167e+00
2.487999999999999989e+00
3.233999999999999986e+00
2.177999999999999936e+00
2.774999999999999911e+00
2.806999999999999940e+00
2.861000000000000210e+00
2.620000000000000107e+00
2.532000000000000028e+00
2.629000000000000004e+00
2.323999999999999844e+00
2.932999999999999829e+00
2.426000000000000156e+00
2.540000000000000036e+00
2.873000000000000220e+00
2.572999999999999954e+00
2.529999999999999805e+00
2.169000000000000039e+00
2.704000000000000181e+00
2.261000000000000121e+00
2.220000000000000195e+00
2.520999999999999908e+00
2.737999999999999989e+00
2.605999999999999872e+00
2.338999999999999968e+00
2.798000000000000043e+00
2.630999999999999783e+00
2.359999999999999876e+00
2.435000000000000053e+00
2.576999999999999957e+00
3.024999999999999911e+00
2.302999999999999936e+00
2.531000000000000139e+00
2.153000000000000025e+00
2.330000000000000071e+00
2.420999999999999819e+00
2.907999999999999918e+00
2.636000000000000121e+00
3.040000000000000036e+00
2.580999999999999961e+00
2.637000000000000011e+00
2.338999999999999968e+00
2.701000000000000068e+00
2.427999999999999936e+00
3.057999999999999829e+00
2.383000000000000007e+00
2.503000000000000114e+00
2.153000000000000025e+00
2.604000000000000092e+00
2.479000000000000092e+00
3.265000000000000124e+00
2.959000000000000075e+00
2.398000000000000131e+00
2.995999999999999996e+00
2.388999999999999790e+00
2.653999999999999915e+00
2.810999999999999943e+00
2.463000000000000078e+00
3.112000000000000099e+00
2.484999999999999876e+00
2.426000000000000156e+00
2.435000000000000053e+00
2.411000000000000032e+00
3.037999999999999812e+00
2.357000000000000206e+00
2.259999999999999787e+00
2.460999999999999854e+00
2.591000000000000192e+00
2.555000000000000160e+00
2.681000000000000050e+00
2.751999999999999780e+00
2.279999999999999805e+00
2.353000000000000203e+00
2.259999999999999787e+00
2.783999999999999808e+00
2.400999999999999801e+00
2.238999999999999879e+00
3.040000000000000036e+00
2.612000000000000099e+00
2.519000000000000128e+00
2.915000000000000036e+00
3.116999999999999993e+00
2.246999999999999886e+00
2.669999999999999929e+00
2.492999999999999883e+00
2.515000000000000124e+00
2.576999999999999957e+00
3.004000000000000004e+00
2.160000000000000142e+00
2.483000000000000096e+00
2.587000000000000188e+00
2.479000000000000092e+00
2.544999999999999929e+00
2.958000000000000185e+00
2.903999999999999915e+00
2.686999999999999833e+00
2.435999999999999943e+00
2.520999999999999908e+00
2.640000000000000124e+00
2.814999999999999947e+00
2.112999999999999989e+00
2.880999999999999783e+00
2.407999999999999918e+00
2.464999999999999858e+00
2.652000000000000135e+00
2.382000000000000117e+00
2.475999999999999979e+00
2.955000000000000071e+00
2.532000000000000028e+00
2.273000000000000131e+00
2.654999999999999805e+00
2.694999999999999840e+00
3.008000000000000007e+00
2.737999999999999989e+00
2.564999999999999947e+00
2.426000000000000156e+00
2.527000000000000135e+00
2.407999999999999918e+00
2.564000000000000057e+00
2.420999999999999819e+00
2.415000000000000036e+00
2.371999999999999886e+00
2.845000000000000195e+00
2.814000000000000057e+00
2.367999999999999883e+00
2.987999999999999989e+00
2.741000000000000103e+00
2.482000000000000206e+00
3.029999999999999805e+00
2.810999999999999943e+00
2.373000000000000220e+00
2.633999999999999897e+00
2.400999999999999801e+00
2.599000000000000199e+00
2.511000000000000121e+00
2.314999999999999947e+00
2.438000000000000167e+00
2.402000000000000135e+00
2.186999999999999833e+00
2.511000000000000121e+00
2.734999999999999876e+00
2.790000000000000036e+00
2.646999999999999797e+00
2.464999999999999858e+00
2.791999999999999815e+00
2.696000000000000174e+00
2.551000000000000156e+00
2.814999999999999947e+00
2.467000000000000082e+00
2.629999999999999893e+00
2.572999999999999954e+00
2.547000000000000153e+00
3.004000000000000004e+00
2.238999999999999879e+00
2.555000000000000160e+00
2.714999999999999858e+00
2.396999999999999797e+00
2.565999999999999837e+00
2.616999999999999993e+00
2.295999999999999819e+00
2.404999999999999805e+00
2.544999999999999929e+00
2.319999999999999840e+00
2.778000000000000025e+00
3.005999999999999783e+00
2.766999999999999904e+00
2.737000000000000099e+00
2.169000000000000039e+00
2.343999999999999861e+00
2.577999999999999847e+00
2.584000000000000075e+00
2.540999999999999925e+00
2.499000000000000110e+00
2.801000000000000156e+00
2.455000000000000071e+00
2.213999999999999968e+00
2.581999999999999851e+00
2.019000000000000128e+00
2.447000000000000064e+00
2.615000000000000213e+00
3.013999999999999790e+00
2.133999999999999897e+00
2.460999999999999854e+00
2.984999999999999876e+00
2.700000000000000178e+00
2.837000000000000188e+00
2.521999999999999797e+00
2.376999999999999780e+00
3.024999999999999911e+00
2.511000000000000121e+00
2.991000000000000103e+00
2.980999999999999872e+00
2.662999999999999812e+00
3.150999999999999801e+00
2.568000000000000060e+00
2.507000000000000117e+00
2.350999999999999979e+00
2.335999999999999854e+00
2.519000000000000128e+00
3.209999999999999964e+00
2.306999999999999940e+00
3.116999999999999993e+00
2.255999999999999783e+00
2.403000000000000025e+00
2.423999999999999932e+00
2.386000000000000121e+00
3.162999999999999812e+00
2.521999999999999797e+00
3.318999999999999950e+00
2.419999999999999929e+00
2.438000000000000167e+00
2.624000000000000110e+00
2.991000000000000103e+00
2.408999999999999808e+00
2.581999999999999851e+00
2.737000000000000099e+00
2.742999999999999883e+00
2.487000000000000099e+00
2.125999999999999890e+00
2.560000000000000053e+00
