5.882459999999999854e+04
5.242550000000000000e+04
5.947169999999999709e+04
5.972800000000000000e+04
3.669250000000000000e+04
5.439209999999999854e+04
6.635369999999999709e+04
5.348609999999999854e+04
6.048909999999999854e+04
5.390430000000000291e+04
4.888500000000000000e+04
7.009000000000000000e+04
5.119740000000000146e+04
5.799169999999999709e+04
6.373809999999999854e+04
5.370840000000000146e+04
5.217980000000000291e+04
7.047439999999999418e+04
6.430900000000000000e+04
6.047890000000000146e+04
5.402919999999999709e+04
4.733359999999999854e+04
6.069700000000000000e+04
5.865430000000000291e+04
5.956490000000000146e+04
6.653839999999999418e+04
5.780219999999999709e+04
5.339019999999999709e+04
6.238209999999999854e+04
6.690789999999999418e+04
5.764590000000000146e+04
5.581280000000000291e+04
5.647780000000000291e+04
6.276469999999999709e+04
6.622839999999999418e+04
5.288100000000000000e+04
5.041300000000000000e+04
5.115730000000000291e+04
6.510580000000000291e+04
6.334909999999999854e+04
6.229540000000000146e+04
5.457250000000000000e+04
7.204780000000000291e+04
6.281900000000000000e+04
4.583259999999999854e+04
5.895790000000000146e+04
5.927830000000000291e+04
6.116580000000000291e+04
5.973530000000000291e+04
5.172200000000000000e+04
6.274859999999999854e+04
6.042350000000000000e+04
6.472969999999999709e+04
5.276509999999999854e+04
4.654659999999999854e+04
5.806019999999999709e+04
6.844869999999999709e+04
4.547519999999999709e+04
6.166440000000000146e+04
3.429650000000000000e+04
5.213480000000000291e+04
5.988050000000000000e+04
4.598309999999999854e+04
6.238290000000000146e+04
5.512659999999999854e+04
6.256750000000000000e+04
6.653130000000000291e+04
6.662039999999999418e+04
5.799059999999999854e+04
6.195500000000000000e+04
5.351909999999999854e+04
1.922390000000000146e+04
5.980440000000000146e+04
5.390940000000000146e+04
6.495640000000000146e+04
5.316400000000000000e+04
4.953380000000000291e+04
4.721359999999999854e+04
6.120250000000000000e+04
6.350480000000000291e+04
6.035419999999999709e+04
5.217200000000000000e+04
6.528490000000000146e+04
6.681439999999999418e+04
5.060240000000000146e+04
5.780519999999999709e+04
5.635959999999999854e+04
5.464730000000000291e+04
6.095459999999999854e+04
6.794660000000000582e+04
6.384280000000000291e+04
6.117540000000000146e+04
5.574980000000000291e+04
6.125050000000000000e+04
5.213180000000000291e+04
6.519559999999999854e+04
5.722380000000000291e+04
5.315380000000000291e+04
6.645119999999999709e+04
5.840840000000000146e+04
5.949509999999999854e+04
5.018769999999999709e+04
5.456540000000000146e+04
5.661709999999999854e+04
6.561860000000000582e+04
5.600590000000000146e+04
5.419690000000000146e+04
6.330000000000000000e+04
4.651800000000000000e+04
5.276969999999999709e+04
