5.748990000000000146e+04
6.633019999999999709e+04
6.497440000000000146e+04
5.545369999999999709e+04
5.489219999999999709e+04
5.117690000000000146e+04
5.655640000000000146e+04
6.638139999999999418e+04
6.110190000000000146e+04
3.589630000000000291e+04
6.693210000000000582e+04
6.401040000000000146e+04
4.210980000000000291e+04
6.050209999999999854e+04
5.860380000000000291e+04
6.379659999999999854e+04
6.075159999999999854e+04
4.908359999999999854e+04
5.235409999999999854e+04
4.916669999999999709e+04
5.420269999999999709e+04
5.135130000000000291e+04
6.743250000000000000e+04
5.483559999999999854e+04
7.286330000000000291e+04
6.013440000000000146e+04
2.083359999999999854e+04
5.780519999999999709e+04
5.775250000000000000e+04
5.301980000000000291e+04
4.555750000000000000e+04
4.525130000000000291e+04
7.343610000000000582e+04
5.301980000000000291e+04
5.509130000000000291e+04
5.639409999999999854e+04
6.337400000000000000e+04
6.472330000000000291e+04
5.712609999999999854e+04
5.254640000000000146e+04
6.313919999999999709e+04
5.172880000000000291e+04
6.753089999999999418e+04
5.509130000000000291e+04
5.123269999999999709e+04
5.141290000000000146e+04
6.920250000000000000e+04
6.242509999999999854e+04
5.134909999999999854e+04
2.235290000000000146e+04
5.163690000000000146e+04
5.709540000000000146e+04
6.609110000000000582e+04
4.606240000000000146e+04
5.845340000000000146e+04
5.013700000000000000e+04
6.205580000000000291e+04
6.209859999999999854e+04
6.137740000000000146e+04
6.370169999999999709e+04
5.384569999999999709e+04
6.618530000000000291e+04
5.546050000000000000e+04
5.758490000000000146e+04
6.987830000000000291e+04
6.015169999999999709e+04
6.420650000000000000e+04
4.858469999999999709e+04
3.704959999999999854e+04
5.791090000000000146e+04
5.778430000000000291e+04
5.967380000000000291e+04
5.609940000000000146e+04
4.927419999999999709e+04
4.921019999999999709e+04
6.309509999999999854e+04
5.635959999999999854e+04
6.499450000000000000e+04
6.201890000000000146e+04
5.529790000000000146e+04
6.144390000000000146e+04
5.993780000000000291e+04
5.349880000000000291e+04
5.394809999999999854e+04
5.779350000000000000e+04
5.799169999999999709e+04
4.630259999999999854e+04
5.429840000000000146e+04
5.542290000000000146e+04
6.138409999999999854e+04
5.312850000000000000e+04
5.081250000000000000e+04
4.815900000000000000e+04
5.080440000000000146e+04
5.374359999999999854e+04
5.690219999999999709e+04
6.124700000000000000e+04
5.358509999999999854e+04
6.194230000000000291e+04
6.618060000000000582e+04
5.196340000000000146e+04
6.544090000000000146e+04
6.199380000000000291e+04
6.023430000000000291e+04
6.239350000000000000e+04
4.907319999999999709e+04
7.039689999999999418e+04
5.899290000000000146e+04
4.880219999999999709e+04
6.070990000000000146e+04
5.295900000000000000e+04
6.483419999999999709e+04
5.305350000000000000e+04
5.442490000000000146e+04
4.720030000000000291e+04
6.627989999999999418e+04
6.252859999999999854e+04
6.652169999999999709e+04
5.327519999999999709e+04
4.852580000000000291e+04
4.997130000000000291e+04
7.204780000000000291e+04
5.093180000000000291e+04
5.745580000000000291e+04
5.925959999999999854e+04
6.256230000000000291e+04
6.117100000000000000e+04
5.358409999999999854e+04
5.349480000000000291e+04
5.895790000000000146e+04
5.930230000000000291e+04
6.783089999999999418e+04
5.479950000000000000e+04
5.522319999999999709e+04
6.066390000000000146e+04
4.767669999999999709e+04
6.047380000000000291e+04
5.893400000000000000e+04
4.844600000000000000e+04
6.360040000000000146e+04
6.071019999999999709e+04
6.607139999999999418e+04
4.583380000000000291e+04
4.502869999999999709e+04
7.006919999999999709e+04
5.489219999999999709e+04
5.801090000000000146e+04
6.428590000000000146e+04
5.340330000000000291e+04
6.345300000000000000e+04
6.355990000000000146e+04
5.458530000000000291e+04
5.067209999999999854e+04
7.083589999999999418e+04
5.167130000000000291e+04
5.532419999999999709e+04
5.838190000000000146e+04
5.433709999999999854e+04
5.752709999999999854e+04
6.957980000000000291e+04
5.602840000000000146e+04
5.639530000000000291e+04
5.747059999999999854e+04
5.460659999999999854e+04
6.767700000000000000e+04
7.083589999999999418e+04
6.060190000000000146e+04
6.235309999999999854e+04
5.969269999999999709e+04
4.991740000000000146e+04
5.375230000000000291e+04
5.576600000000000000e+04
6.499359999999999854e+04
5.712150000000000000e+04
6.008119999999999709e+04
5.275600000000000000e+04
6.067119999999999709e+04
5.565100000000000000e+04
5.542290000000000146e+04
5.951840000000000146e+04
5.457250000000000000e+04
5.710850000000000000e+04
6.035419999999999709e+04
5.608159999999999854e+04
6.510190000000000146e+04
4.426669999999999709e+04
5.417730000000000291e+04
6.101569999999999709e+04
6.920250000000000000e+04
6.550919999999999709e+04
4.852900000000000000e+04
6.175919999999999709e+04
6.101369999999999709e+04
5.034419999999999709e+04
6.766360000000000582e+04
5.297690000000000146e+04
4.603769999999999709e+04
5.723159999999999854e+04
4.553469999999999709e+04
5.958990000000000146e+04
5.744119999999999709e+04
6.169259999999999854e+04
4.997640000000000146e+04
5.433419999999999709e+04
5.853519999999999709e+04
6.402540000000000146e+04
6.312619999999999709e+04
6.303669999999999709e+04
6.045190000000000146e+04
6.030359999999999854e+04
6.311780000000000291e+04
5.597819999999999709e+04
6.245790000000000146e+04
5.247540000000000146e+04
5.800619999999999709e+04
5.219259999999999854e+04
6.894789999999999418e+04
6.196630000000000291e+04
5.046250000000000000e+04
5.117590000000000146e+04
6.622880000000000291e+04
6.017559999999999854e+04
5.499000000000000000e+04
5.499750000000000000e+04
5.298840000000000146e+04
5.954409999999999854e+04
6.031090000000000146e+04
5.559119999999999709e+04
5.589040000000000146e+04
6.927650000000000000e+04
6.021780000000000291e+04
6.043619999999999709e+04
6.091050000000000000e+04
6.226259999999999854e+04
5.726300000000000000e+04
5.156550000000000000e+04
4.691709999999999854e+04
6.058230000000000291e+04
5.656140000000000146e+04
5.599519999999999709e+04
5.107130000000000291e+04
6.395250000000000000e+04
6.353659999999999854e+04
5.526559999999999854e+04
4.502300000000000000e+04
6.779519999999999709e+04
7.478830000000000291e+04
5.544850000000000000e+04
6.734160000000000582e+04
4.907209999999999854e+04
5.171690000000000146e+04
5.555830000000000291e+04
5.915550000000000000e+04
5.833859999999999854e+04
6.497100000000000000e+04
4.920250000000000000e+04
4.970269999999999709e+04
5.747059999999999854e+04
5.081330000000000291e+04
4.835490000000000146e+04
5.800619999999999709e+04
6.961930000000000291e+04
5.116880000000000291e+04
5.735430000000000291e+04
5.770750000000000000e+04
5.292480000000000291e+04
5.687119999999999709e+04
6.169259999999999854e+04
4.243090000000000146e+04
6.743250000000000000e+04
5.720750000000000000e+04
5.098490000000000146e+04
5.098530000000000291e+04
6.482380000000000291e+04
6.540419999999999709e+04
7.316330000000000291e+04
5.536809999999999854e+04
4.915730000000000291e+04
4.959190000000000146e+04
6.049780000000000291e+04
5.222009999999999854e+04
5.332700000000000000e+04
5.649690000000000146e+04
5.342790000000000146e+04
6.568789999999999418e+04
5.259280000000000291e+04
6.157880000000000291e+04
5.572309999999999854e+04
6.145890000000000146e+04
5.400769999999999709e+04
5.933890000000000146e+04
5.337569999999999709e+04
4.893280000000000291e+04
6.497100000000000000e+04
5.265630000000000291e+04
6.364450000000000000e+04
5.692909999999999854e+04
5.234309999999999854e+04
5.106580000000000291e+04
5.420159999999999854e+04
5.908850000000000000e+04
6.184830000000000291e+04
6.177169999999999709e+04
6.523190000000000146e+04
5.467500000000000000e+04
5.711959999999999854e+04
5.238019999999999709e+04
5.939690000000000146e+04
5.747130000000000291e+04
5.748630000000000291e+04
6.133950000000000000e+04
6.765500000000000000e+04
6.233180000000000291e+04
5.677180000000000291e+04
5.072709999999999854e+04
4.976950000000000000e+04
5.301400000000000000e+04
4.639390000000000146e+04
5.182530000000000291e+04
6.702230000000000291e+04
5.687580000000000291e+04
5.894550000000000000e+04
6.702589999999999418e+04
5.859959999999999854e+04
5.122519999999999709e+04
5.794890000000000146e+04
5.825319999999999709e+04
5.053690000000000146e+04
5.849590000000000146e+04
5.803019999999999709e+04
5.507619999999999709e+04
5.072040000000000146e+04
6.052469999999999709e+04
5.618009999999999854e+04
6.989210000000000582e+04
4.792150000000000000e+04
6.213709999999999854e+04
6.004809999999999854e+04
5.568909999999999854e+04
5.457159999999999854e+04
6.830300000000000000e+04
5.312850000000000000e+04
5.652559999999999854e+04
5.627300000000000000e+04
5.242350000000000000e+04
5.098530000000000291e+04
6.401780000000000291e+04
6.258640000000000146e+04
5.537680000000000291e+04
7.489330000000000291e+04
5.477000000000000000e+04
6.013159999999999854e+04
6.759469999999999709e+04
4.785290000000000146e+04
4.951759999999999854e+04
6.056209999999999854e+04
6.246909999999999854e+04
5.973530000000000291e+04
5.737290000000000146e+04
5.544850000000000000e+04
4.606240000000000146e+04
6.097990000000000146e+04
5.808480000000000291e+04
5.506459999999999854e+04
5.627700000000000000e+04
6.537969999999999709e+04
5.142300000000000000e+04
6.416130000000000291e+04
6.523190000000000146e+04
5.642650000000000000e+04
5.542109999999999854e+04
6.570989999999999418e+04
5.743840000000000146e+04
6.953319999999999709e+04
5.416150000000000000e+04
6.090050000000000000e+04
6.064259999999999854e+04
4.942559999999999854e+04
6.484550000000000000e+04
5.295900000000000000e+04
6.526500000000000000e+04
5.711600000000000000e+04
4.793009999999999854e+04
5.374490000000000146e+04
5.430380000000000291e+04
5.329250000000000000e+04
5.621869999999999709e+04
5.445300000000000000e+04
6.104769999999999709e+04
5.396030000000000291e+04
5.524059999999999854e+04
5.406409999999999854e+04
4.779119999999999709e+04
1.900520000000000073e+04
5.465940000000000146e+04
6.709869999999999709e+04
6.139119999999999709e+04
2.819740000000000146e+04
6.917250000000000000e+04
5.479809999999999854e+04
5.188440000000000146e+04
5.730480000000000291e+04
4.839650000000000000e+04
5.872730000000000291e+04
7.478830000000000291e+04
6.627269999999999709e+04
5.834680000000000291e+04
5.133569999999999709e+04
5.090259999999999854e+04
5.968500000000000000e+04
6.977239999999999418e+04
6.227000000000000000e+04
5.716750000000000000e+04
6.544019999999999709e+04
5.787559999999999854e+04
4.654659999999999854e+04
5.782450000000000000e+04
5.234309999999999854e+04
7.057000000000000000e+04
6.019650000000000000e+04
5.864909999999999854e+04
6.229340000000000146e+04
6.513580000000000291e+04
5.226209999999999854e+04
6.515300000000000000e+04
6.148240000000000146e+04
6.447119999999999709e+04
6.481569999999999709e+04
5.834680000000000291e+04
5.936030000000000291e+04
5.606080000000000291e+04
5.525119999999999709e+04
5.772290000000000146e+04
5.548730000000000291e+04
6.038569999999999709e+04
5.617550000000000000e+04
