1.036025556895192778e+01
1.034664322229246025e+01
1.036730360353023350e+01
1.048800168128935795e+01
1.067987411426084954e+01
1.032685005696119696e+01
1.044787052748066891e+01
1.081864737913996244e+01
1.048596213454232640e+01
1.028604908590486033e+01
1.041729774226974037e+01
1.034664322229246025e+01
1.045589697218994729e+01
1.070077184749774979e+01
1.068175421833832317e+01
1.067178858069745573e+01
1.066938967338897193e+01
1.029366025560976361e+01
1.059083669863841415e+01
1.050513688161541914e+01
1.025075425958674202e+01
1.029366025560976361e+01
1.067590738088929392e+01
1.037595259263220271e+01
1.070981648669136632e+01
1.066355787188657445e+01
1.056058869720383342e+01
1.038056918024107311e+01
1.065232559067180240e+01
1.036730360353023350e+01
1.047399045677160601e+01
1.058038153689659566e+01
1.032685005696119696e+01
1.041307820411961060e+01
1.040923784701693400e+01
1.041729774226974037e+01
1.059083669863841415e+01
1.064184321482920659e+01
1.063728787122402331e+01
1.051452316224103178e+01
1.052554803544076734e+01
1.030584192559762080e+01
1.050513688161541914e+01
1.036730360353023350e+01
1.067912341244897156e+01
1.041272336798546227e+01
1.064184321482920659e+01
1.058038153689659566e+01
1.050226572946154135e+01
1.056058869720383342e+01
1.032685005696119696e+01
1.030584192559762080e+01
1.036618784873236798e+01
1.039324252544125748e+01
1.050226572946154135e+01
1.044787052748066891e+01
1.038604011121699955e+01
1.055148692289810697e+01
1.070981648669136632e+01
1.072177919698210147e+01
1.066515159087051501e+01
1.073879139646315650e+01
1.068252578391114582e+01
1.065049220393117757e+01
1.056150384976901968e+01
1.039649527295881803e+01
1.072284033757688526e+01
1.038877461249099277e+01
1.062118283359143334e+01
1.048596213454232640e+01
1.028604908590486033e+01
1.031629708733943929e+01
1.073313846965361051e+01
1.044171196705793214e+01
1.045401115783618629e+01
1.047728489175630529e+01
1.065510879154004797e+01
1.080812138721350379e+01
1.056150384976901968e+01
1.054635050475168967e+01
1.070981648669136632e+01
1.056757307336150475e+01
1.038983915844678663e+01
1.038291621729775294e+01
1.046832949721599526e+01
1.067987411426084954e+01
1.038056918024107311e+01
1.042964347438097406e+01
1.069876498865345837e+01
1.076983964530516147e+01
1.039324252544125748e+01
1.028729631825009960e+01
1.047664937990736611e+01
1.034792411840788695e+01
1.047454177172645728e+01
1.071674139189590313e+01
1.028604908590486033e+01
1.032685005696119696e+01
1.045889605866807770e+01
1.082707177932085152e+01
1.030584192559762080e+01
1.055048321110605514e+01
1.045147946057550925e+01
1.065030713651635530e+01
1.046325698610377408e+01
1.033398644343946060e+01
1.059083669863841415e+01
1.041377551518377231e+01
1.042684140791183900e+01
1.032685005696119696e+01
1.041307820411961060e+01
1.076340373960405117e+01
1.029575440701282396e+01
1.044204401009708860e+01
1.030584192559762080e+01
1.063266511466119724e+01
1.040704824258057570e+01
1.048596213454232640e+01
1.022757219755118641e+01
1.045013209135518650e+01
1.036635070842685380e+01
1.062797454277661657e+01
1.036624727152423908e+01
1.068005199819905826e+01
1.065318286802343017e+01
1.073454481898704316e+01
1.026397021915625984e+01
1.054093395327634930e+01
1.030584192559762080e+01
1.064184321482920659e+01
1.051727789967097948e+01
1.078617931747631609e+01
1.062617896061077438e+01
1.032685005696119696e+01
1.052529387088571511e+01
1.044432537571466924e+01
1.032685005696119696e+01
1.070981648669136632e+01
1.052639697475009761e+01
1.031629708733943929e+01
1.057893334525640050e+01
1.074273135740116203e+01
1.032293647399138337e+01
1.037793325277706558e+01
1.070103217989737665e+01
1.063728787122402331e+01
1.044220178059692827e+01
1.065992282686424630e+01
1.047697688088983625e+01
1.076050174584129948e+01
1.053671792340816360e+01
1.061163916794933471e+01
1.046405411761672077e+01
1.069139558793299116e+01
1.042943762029282873e+01
1.023772011500804524e+01
1.025126583724184570e+01
1.067603475600531304e+01
1.043946579922653406e+01
1.058038153689659566e+01
1.060138966826017004e+01
1.027671118644099835e+01
1.034867614190718932e+01
1.041729774226974037e+01
1.061163916794933471e+01
1.065075327262310445e+01
1.072049281587452896e+01
1.074286910851496835e+01
1.076983964530516147e+01
1.077954496641312687e+01
1.027004138844863412e+01
1.037179193654188758e+01
1.058038153689659566e+01
1.057029401831179882e+01
1.076427339087487134e+01
1.027004138844863412e+01
1.072879800140722573e+01
1.044462565629815742e+01
1.065075327262310445e+01
1.063728787122402331e+01
1.040136776959032083e+01
1.049591552834234243e+01
1.067187685583712664e+01
1.041729774226974037e+01
1.069183735356871345e+01
1.023501585963773053e+01
1.053610100506252500e+01
1.055048321110605514e+01
1.068761781541858369e+01
1.053361816041364030e+01
1.035194326948600008e+01
1.029575440701282396e+01
1.073706497177882113e+01
1.040704824258057570e+01
1.033927673473404596e+01
1.061838834358572292e+01
1.051914465115482855e+01
1.044220178059692827e+01
1.054635050475168967e+01
1.029575440701282396e+01
1.057732521693753291e+01
1.060852605473843369e+01
1.041731829443905610e+01
1.036007488300014501e+01
1.049502222617301861e+01
1.069880170320450752e+01
1.064078688282321217e+01
1.029575440701282396e+01
1.070981648669136632e+01
1.032685005696119696e+01
1.072821581511253264e+01
1.033709955665036162e+01
1.072231055238317410e+01
1.029366025560976361e+01
1.037179193654188758e+01
1.052580544854081879e+01
1.059083669863841415e+01
1.074555882296037268e+01
1.035812550336222237e+01
1.066574461619616088e+01
1.076983964530516147e+01
1.038748699590002289e+01
1.048220290465811644e+01
1.057394539684770685e+01
1.029575440701282396e+01
1.042878684510703025e+01
1.059083669863841415e+01
1.047399045677160601e+01
1.041729774226974037e+01
1.060138966826017004e+01
1.048596213454232640e+01
1.024273828837200462e+01
1.057029401831179882e+01
1.057029401831179882e+01
1.054727961905090261e+01
1.049681226831478575e+01
1.039289102131713349e+01
1.032685005696119696e+01
1.043527687539239324e+01
1.052554803544076734e+01
1.045814216465216084e+01
1.070138101921081208e+01
1.074286910851496835e+01
1.051549176120069440e+01
1.026397021915625984e+01
1.061163916794933471e+01
1.063266511466119724e+01
1.030584192559762080e+01
1.033709955665036162e+01
1.042333590134374077e+01
1.032685005696119696e+01
1.065149635763840053e+01
1.074286910851496835e+01
1.048596213454232640e+01
1.069511117822324486e+01
1.055623025691255279e+01
1.040959974101622976e+01
1.040136776959032083e+01
1.047728608833197406e+01
1.041317374549408825e+01
1.041307820411961060e+01
1.062961830107198757e+01
1.033709955665036162e+01
1.065879022186666703e+01
1.072652884777230753e+01
1.055871737768825547e+01
1.063728787122402331e+01
1.066362282123449745e+01
1.039926999495665072e+01
1.061838834358572292e+01
1.047539112552365204e+01
1.029575440701282396e+01
1.068761781541858369e+01
1.065261933740717915e+01
1.076983964530516147e+01
1.083018528285506754e+01
1.036624727152423908e+01
1.040702156954933955e+01
1.032685005696119696e+01
1.066778213674023235e+01
1.048118487560826573e+01
1.052639697475009761e+01
1.064116881404050474e+01
1.039076646118133596e+01
1.059747608529035823e+01
1.036624727152423908e+01
1.052580544854081879e+01
1.070981648669136632e+01
1.072661567454463238e+01
1.078522556314074343e+01
1.050513688161541914e+01
1.054199143900822833e+01
1.043527687539239324e+01
1.065510879154004797e+01
1.024460503985585547e+01
1.026772593278850820e+01
1.071880641903803166e+01
1.038485889565683351e+01
1.043074564235726953e+01
1.030584192559762080e+01
1.042545018881613395e+01
1.063144898335935018e+01
1.053462388940727301e+01
1.065075327262310445e+01
1.036238968626906498e+01
1.047703084513753424e+01
1.053610100506252500e+01
1.030584192559762080e+01
1.047295463303673557e+01
1.025771629954798669e+01
1.062797454277661657e+01
1.077865133340545434e+01
1.076340373960405117e+01
1.029575440701282396e+01
1.046091445106224427e+01
1.040704824258057570e+01
1.067770954978513842e+01
1.027004138844863412e+01
1.067103488425779290e+01
1.065049220393117757e+01
1.057029401831179882e+01
1.030584192559762080e+01
1.073114948102139188e+01
1.052554803544076734e+01
1.051509287369894885e+01
1.030777038317056515e+01
1.046832949721599526e+01
1.052945241967836232e+01
1.074286910851496835e+01
1.031629708733943929e+01
1.058038153689659566e+01
1.047697688088983625e+01
1.067103488425779290e+01
1.041729774226974037e+01
1.077772655907809529e+01
1.026397021915625984e+01
1.062118283359143334e+01
1.077865133340545434e+01
1.052554803544076734e+01
1.039649527295881803e+01
1.067263735511848388e+01
1.042781781028877219e+01
1.064078688282321217e+01
1.030584192559762080e+01
1.066778213674023235e+01
1.063266511466119724e+01
1.023772011500804524e+01
1.038604011121699955e+01
1.021346206999038486e+01
1.069183735356871345e+01
1.029366025560976361e+01
1.070525657443540091e+01
1.073249056780142396e+01
1.025907854911466721e+01
1.074061129334938158e+01
1.024273828837200462e+01
1.073873524339683527e+01
1.065075327262310445e+01
1.075151649218880934e+01
1.026772593278850820e+01
1.043823086775723574e+01
1.052580544854081879e+01
1.028604908590486033e+01
1.039733724453815178e+01
1.056819986690873669e+01
1.074668817758577966e+01
1.044644491644563722e+01
1.062246372970686004e+01
1.069876498865345837e+01
1.063901618574122310e+01
1.033095244520612077e+01
1.070138101921081208e+01
1.030584192559762080e+01
1.040704824258057570e+01
1.041742409158291593e+01
1.072874844202816291e+01
1.073964834365265553e+01
1.033709955665036162e+01
1.041317374549408825e+01
1.036730360353023350e+01
1.069683400413113183e+01
1.032685005696119696e+01
1.054458099974760721e+01
1.044407978303993367e+01
1.036624727152423908e+01
1.043527687539239324e+01
1.042684140791183900e+01
1.024273828837200462e+01
1.031629708733943929e+01
1.034867614190718932e+01
1.026813506362088901e+01
1.050134805237790836e+01
1.036624727152423908e+01
1.032685005696119696e+01
1.055357397608221071e+01
1.073879139646315650e+01
1.066362282123449745e+01
1.029575440701282396e+01
1.083223840170581731e+01
1.036730360353023350e+01
1.046580765799027191e+01
1.066362282123449745e+01
1.033709955665036162e+01
1.082392734221567210e+01
1.068761781541858369e+01
1.055125079773997143e+01
1.071277047905620883e+01
1.051509287369894885e+01
1.039979114133514138e+01
1.037621366132412959e+01
1.070138101921081208e+01
1.042684140791183900e+01
1.039666734165924744e+01
1.066771688649819616e+01
1.061163916794933471e+01
1.039733724453815178e+01
1.068597306197835195e+01
1.033398644343946060e+01
1.060138966826017182e+01
1.071674139189590313e+01
1.057480979139138810e+01
1.062246372970686004e+01
1.062797454277661657e+01
1.023059727031644428e+01
1.067187685583712664e+01
1.037179193654188758e+01
1.063654320627652439e+01
1.079003137249966748e+01
1.067590738088929392e+01
1.047317808964180230e+01
1.071362451163847673e+01
1.056183592954907269e+01
1.053610100506252500e+01
1.041729774226974037e+01
1.071777058847013997e+01
1.049060676521900426e+01
