2.689970000000000194e+00
2.531080000000000219e+00
2.502050000000000107e+00
2.595070000000000210e+00
2.484480000000000022e+00
2.344710000000000072e+00
2.787830000000000030e+00
2.556140000000000079e+00
2.849349999999999827e+00
2.500239999999999796e+00
2.446720000000000006e+00
2.691539999999999822e+00
2.262849999999999806e+00
2.633539999999999992e+00
2.483190000000000008e+00
2.510040000000000049e+00
2.881260000000000154e+00
2.519839999999999858e+00
2.518299999999999983e+00
2.498429999999999929e+00
2.564430000000000209e+00
2.379280000000000062e+00
2.577049999999999841e+00
2.461619999999999919e+00
2.478610000000000202e+00
2.400720000000000187e+00
2.542110000000000092e+00
2.512399999999999967e+00
2.595940000000000136e+00
2.676509999999999945e+00
2.627670000000000172e+00
2.581970000000000098e+00
2.816460000000000186e+00
2.516300000000000203e+00
2.548239999999999839e+00
2.502130000000000187e+00
2.586860000000000159e+00
2.642799999999999816e+00
2.555390000000000050e+00
2.584049999999999958e+00
2.448630000000000084e+00
2.808390000000000164e+00
2.762000000000000011e+00
2.643759999999999888e+00
2.511940000000000062e+00
2.794169999999999821e+00
2.459189999999999987e+00
2.541479999999999961e+00
2.776899999999999924e+00
2.440010000000000012e+00
2.514549999999999841e+00
2.796240000000000059e+00
2.579520000000000035e+00
2.462720000000000020e+00
2.927929999999999922e+00
2.584940000000000015e+00
2.456020000000000092e+00
2.796089999999999964e+00
2.806179999999999897e+00
2.488659999999999872e+00
2.585449999999999804e+00
2.559320000000000039e+00
2.621319999999999872e+00
2.539849999999999941e+00
2.471880000000000077e+00
2.721439999999999859e+00
2.575520000000000032e+00
2.425609999999999822e+00
2.432560000000000056e+00
2.490489999999999871e+00
2.383989999999999831e+00
2.431000000000000050e+00
2.575930000000000053e+00
2.545929999999999804e+00
2.547330000000000094e+00
2.541349999999999998e+00
2.298049999999999926e+00
2.272079999999999878e+00
2.471220000000000194e+00
2.531179999999999986e+00
2.701169999999999849e+00
2.534990000000000077e+00
2.637439999999999785e+00
2.524230000000000196e+00
2.478699999999999903e+00
2.914979999999999905e+00
2.662129999999999885e+00
2.434540000000000148e+00
2.438940000000000108e+00
2.386639999999999873e+00
2.466569999999999929e+00
2.415589999999999904e+00
2.514870000000000161e+00
2.402690000000000214e+00
2.513720000000000176e+00
2.441809999999999814e+00
2.537319999999999798e+00
2.401860000000000106e+00
2.650739999999999874e+00
2.564449999999999896e+00
2.484280000000000044e+00
3.053700000000000081e+00
2.500820000000000043e+00
2.597399999999999931e+00
2.618939999999999824e+00
2.689989999999999881e+00
2.486320000000000086e+00
2.501310000000000144e+00
2.363230000000000164e+00
2.429260000000000197e+00
