2.017429382332676013e+01
2.079140003284021887e+01
2.458889395887382534e+01
1.919310405248034712e+01
2.441620101064869530e+01
2.046827164459394766e+01
2.035377814736113677e+01
2.135851441238648363e+01
2.084904224769860548e+01
1.993282896590099540e+01
2.050184348363675113e+01
2.079140003284021887e+01
2.041789455711460732e+01
2.091122573119825745e+01
2.065937820945009662e+01
2.053546521671377434e+01
2.050647468576459076e+01
1.911549999845490078e+01
2.027245510330043388e+01
1.855924771819651653e+01
1.955067248252756329e+01
1.911549999845490078e+01
2.443061650951062447e+01
1.992698967541180366e+01
2.079196628664464086e+01
2.043739794162346968e+01
1.988616496147956170e+01
2.454783052893793638e+01
2.031013662669396780e+01
2.458889395887382534e+01
1.819594474455599453e+01
2.013322410678568986e+01
2.046827164459394766e+01
2.443373843162432379e+01
2.444835057471176754e+01
2.050184348363675113e+01
2.027245510330043388e+01
2.454222995445239164e+01
2.455569923531565024e+01
2.102130917152126699e+01
2.134408242335892680e+01
2.017988811120712356e+01
1.855924771819651653e+01
2.458889395887382534e+01
2.062613130258411687e+01
2.077686906555280189e+01
2.454222995445239164e+01
2.013322410678568986e+01
2.087683272190207973e+01
1.988616496147956170e+01
2.046827164459394766e+01
2.017988811120712356e+01
2.023377624726433766e+01
2.450580973209721591e+01
2.087683272190207973e+01
2.035377814736113677e+01
2.005562005276023996e+01
2.151057107214059272e+01
2.079196628664464086e+01
2.122909881761169615e+01
2.045607598090961332e+01
2.044294581671145039e+01
2.066920033034951842e+01
1.988032567099036640e+01
1.902366517999537621e+01
2.019485104927498398e+01
2.124709067896139203e+01
2.001113068543754991e+01
2.074473602841878517e+01
2.084904224769860548e+01
1.993282896590099540e+01
2.031911910772186758e+01
2.143839421587581739e+01
2.118578308298953772e+01
2.139554654820432944e+01
2.220076667259223058e+01
2.450116652451650268e+01
2.121618009452041420e+01
1.902366517999537621e+01
2.165107485772069396e+01
2.079196628664464086e+01
2.176676951400265025e+01
2.049366380575929369e+01
1.998462037598397956e+01
2.065848688128439292e+01
2.441620101064869530e+01
2.454783052893793638e+01
2.031487504324260840e+01
2.434266416923957976e+01
2.091112827711662092e+01
2.450580973209721591e+01
1.931568548487049242e+01
2.207200619545309550e+01
1.960021669862094384e+01
2.193550848438617606e+01
2.096843566188282182e+01
1.993282896590099540e+01
2.046827164459394766e+01
2.044305702739178798e+01
2.147932056590162020e+01
2.017988811120712356e+01
1.912822018746636132e+01
2.038202440764746726e+01
2.028810111905419689e+01
2.158614365527360945e+01
2.468079765549059346e+01
2.027245510330043388e+01
2.013242327424554290e+01
2.066713197439333527e+01
2.046827164459394766e+01
2.443373843162432379e+01
2.068272902661131596e+01
2.005125773385868726e+01
2.119102859076904366e+01
2.017988811120712356e+01
2.456905718700896202e+01
2.034400358614706406e+01
2.084904224769860548e+01
1.934555113024750383e+01
2.132543570872282856e+01
2.023544264268341308e+01
2.458230257076498759e+01
1.980856090745411180e+01
2.063782313519713441e+01
2.031957369371214739e+01
2.052897179374318881e+01
1.902336037270119462e+01
2.136141853526851264e+01
2.017988811120712356e+01
2.454222995445239164e+01
1.942874462801457014e+01
2.093986309534465917e+01
2.004553933279588662e+01
2.046827164459394766e+01
1.950400847810612959e+01
2.032695810758659505e+01
2.046827164459394766e+01
2.079196628664464086e+01
2.116947773067006011e+01
2.031911910772186758e+01
2.198780380809559887e+01
2.258386904421165653e+01
1.935114057398912024e+01
2.035841854077566637e+01
2.091484245301540312e+01
2.455569923531565024e+01
2.101509966630425907e+01
2.039536617549940800e+01
2.074944807270488667e+01
2.080237824327717178e+01
2.130446746537917235e+01
2.057944753766220103e+01
2.160482234718336514e+01
2.437236582015371766e+01
2.022423696339548016e+01
1.869318710620791535e+01
1.886237451493359529e+01
2.058758467465920106e+01
2.029168165804720658e+01
2.013322410678568986e+01
2.042160764017251395e+01
1.982407893206154625e+01
2.464209815223779998e+01
2.050184348363675113e+01
2.057944753766220103e+01
2.451496236028547315e+01
2.120762080571328312e+01
2.061182287686295922e+01
2.091112827711662092e+01
2.102955704507430923e+01
1.910038381759354920e+01
2.457531458760798415e+01
2.013322410678568986e+01
2.000459372943725000e+01
2.069194915031659932e+01
1.910038381759354920e+01
2.135350728513630614e+01
2.123247824864511557e+01
2.451496236028547315e+01
2.455569923531565024e+01
2.447728051393205817e+01
2.080555661556790881e+01
2.444493182810877130e+01
2.050184348363675113e+01
2.045517947921531743e+01
1.940720914010015719e+01
2.149323496023100688e+01
1.912822018746636132e+01
2.438707442720289009e+01
1.958685956122589999e+01
2.009501064752252475e+01
2.005125773385868726e+01
2.152273832666049813e+01
2.034400358614706406e+01
1.950925550720045010e+01
2.460845067939575159e+01
1.873206321954265263e+01
2.101509966630425907e+01
2.165107485772069396e+01
2.005125773385868726e+01
2.195316995699394980e+01
2.463413365106915620e+01
2.083717302470911648e+01
2.017251960854315129e+01
2.079573218301250037e+01
2.088404025537201036e+01
1.976189690303267810e+01
2.005125773385868726e+01
2.079196628664464086e+01
2.046827164459394766e+01
2.035301993475767190e+01
2.062611154208363473e+01
2.123807602095021707e+01
1.911549999845490078e+01
2.457531458760798415e+01
1.881571051051216159e+01
2.027245510330043388e+01
2.175023432271336077e+01
2.461572119143039572e+01
2.046306461835131785e+01
2.091112827711662092e+01
2.046625888143578820e+01
1.828858558195249984e+01
2.188455328758194440e+01
2.005125773385868726e+01
2.022010362060045452e+01
2.027245510330043388e+01
1.819594474455599453e+01
2.050184348363675113e+01
2.042160764017251395e+01
2.084904224769860548e+01
1.947540863243600384e+01
2.000459372943725000e+01
2.000459372943725000e+01
2.144979820314600261e+01
2.081546946946014742e+01
2.052971119159435176e+01
2.046827164459394766e+01
2.083863029106607456e+01
2.134408242335892680e+01
2.043667037908633688e+01
2.062046796997190157e+01
2.061182287686295922e+01
2.103310025595717292e+01
1.902336037270119462e+01
2.057944753766220103e+01
2.456905718700896202e+01
2.017988811120712356e+01
2.062611154208363473e+01
2.091803203292282376e+01
2.046827164459394766e+01
2.030105252478445621e+01
2.061182287686295922e+01
2.084904224769860548e+01
2.435756198791016658e+01
1.920003993020963051e+01
2.011041105577246313e+01
2.447728051393205817e+01
2.219371919259528525e+01
2.012919327668980785e+01
2.443373843162432379e+01
2.091623434509152446e+01
2.062611154208363473e+01
2.038243371575374141e+01
2.045370794365162936e+01
2.162022053417589618e+01
2.455569923531565024e+01
2.447325696944430717e+01
2.060680892181430934e+01
2.460845067939575159e+01
2.059297191007420835e+01
2.005125773385868726e+01
2.438707442720289009e+01
2.031336501701245822e+01
2.091112827711662092e+01
2.152606991441256312e+01
1.980856090745411180e+01
2.070358986817873870e+01
2.046827164459394766e+01
2.445914572767578221e+01
2.065013989771137304e+01
2.116947773067006011e+01
2.019163231818933468e+01
2.050455850216559384e+01
1.930447656956768654e+01
1.980856090745411180e+01
1.881571051051216159e+01
2.079196628664464086e+01
2.284689403507524830e+01
2.092846438902620676e+01
1.855924771819651653e+01
2.137590755285843258e+01
2.083863029106607456e+01
2.450116652451650268e+01
1.877872722396408633e+01
1.972448475706782745e+01
2.038550845131578271e+01
2.453392831906843341e+01
2.023263296542515022e+01
2.017988811120712356e+01
2.094705991167117176e+01
1.965314686919322895e+01
2.127661227345961237e+01
2.451496236028547315e+01
2.019541804109812233e+01
2.060891841604718522e+01
2.149323496023100688e+01
2.017988811120712356e+01
2.056961988640367878e+01
1.894397141816359209e+01
2.458230257076498759e+01
2.085135420933488959e+01
2.068272902661131596e+01
2.005125773385868726e+01
2.276831898859874315e+01
2.034400358614706406e+01
2.060842053327571932e+01
1.910038381759354920e+01
2.014818704485355028e+01
1.988032567099036640e+01
2.000459372943725000e+01
2.017988811120712356e+01
2.139857258320719779e+01
2.134408242335892680e+01
2.120485142684418278e+01
1.922128307180062023e+01
2.065848688128439292e+01
2.120885052665107295e+01
2.061182287686295922e+01
2.031911910772186758e+01
2.013322410678568986e+01
2.074944807270488667e+01
2.014818704485355028e+01
2.050184348363675113e+01
2.084071516123826839e+01
1.902336037270119462e+01
2.074473602841878517e+01
2.085135420933488959e+01
2.134408242335892680e+01
2.019485104927498398e+01
2.054580167276596470e+01
2.437433760733074806e+01
1.976189690303267810e+01
2.017988811120712356e+01
2.445914572767578221e+01
2.456905718700896202e+01
1.869318710620791535e+01
2.005562005276023996e+01
1.923976805690178438e+01
2.045517947921531743e+01
1.911549999845490078e+01
2.097440584849983125e+01
2.142523475209988248e+01
1.963352356564733370e+01
2.160777743650698923e+01
1.947540863243600384e+01
2.156152516149083809e+01
2.451496236028547315e+01
2.070278406828345297e+01
1.972448475706782745e+01
2.432882181005539834e+01
1.881571051051216159e+01
1.993282896590099540e+01
2.449159583253020500e+01
1.906883599403346352e+01
2.051532117866802807e+01
2.034288264511681277e+01
1.955355269419951014e+01
2.434266416923957976e+01
2.016970964925656062e+01
1.942640442408067969e+01
2.062046796997190157e+01
2.017988811120712356e+01
2.034400358614706406e+01
2.015244860564683194e+01
2.135257858960476440e+01
2.158364453500528057e+01
2.062611154208363473e+01
2.012919327668980785e+01
2.458889395887382534e+01
2.085719589489297832e+01
2.046827164459394766e+01
1.905371981317211905e+01
2.122361183779666405e+01
1.980856090745411180e+01
2.083863029106607456e+01
2.066713197439333527e+01
1.947540863243600384e+01
2.031911910772186758e+01
2.464209815223779998e+01
1.895942512957157078e+01
2.086637835960819132e+01
1.980856090745411180e+01
2.046827164459394766e+01
2.154148370334434404e+01
2.044294581671145039e+01
2.447325696944430717e+01
2.005125773385868726e+01
2.155764780404930292e+01
2.458889395887382534e+01
2.050351974490374474e+01
2.447325696944430717e+01
2.062611154208363473e+01
2.143334193094010942e+01
2.438707442720289009e+01
1.977741492764011255e+01
2.428215780563396464e+01
2.120485142684418278e+01
2.006194188832033376e+01
2.456162636470690330e+01
2.062046796997190157e+01
2.066713197439333527e+01
2.057506990219545173e+01
2.048645642914274134e+01
2.057944753766220103e+01
2.449159583253020500e+01
2.071347543398446689e+01
2.468079765549059346e+01
2.042160764017251395e+01
2.096843566188282182e+01
2.190162297891766130e+01
1.955355269419951014e+01
2.458230257076498759e+01
1.860591172261795023e+01
2.444493182810877130e+01
2.457531458760798415e+01
2.109270372032970542e+01
2.098643625153573922e+01
2.443061650951062447e+01
2.187540027143340282e+01
2.109824829730887430e+01
1.926902148044905871e+01
2.149323496023100688e+01
2.050184348363675113e+01
2.116327188579484897e+01
2.074791803965323567e+01
