2.521999999999999797e+00
2.861000000000000210e+00
3.130999999999999783e+00
2.523000000000000131e+00
2.725000000000000089e+00
2.685000000000000053e+00
2.587000000000000188e+00
2.729000000000000092e+00
2.923000000000000043e+00
2.621999999999999886e+00
2.410000000000000142e+00
2.911000000000000032e+00
2.720000000000000195e+00
2.669000000000000039e+00
2.498000000000000220e+00
2.508000000000000007e+00
2.420999999999999819e+00
2.854000000000000092e+00
2.766000000000000014e+00
2.269000000000000128e+00
2.575000000000000178e+00
2.339999999999999858e+00
2.979999999999999982e+00
2.645999999999999908e+00
2.887999999999999901e+00
2.501999999999999780e+00
2.740000000000000213e+00
3.205000000000000071e+00
2.641000000000000014e+00
2.838999999999999968e+00
2.463999999999999968e+00
2.782000000000000028e+00
2.875999999999999890e+00
2.838999999999999968e+00
3.351999999999999869e+00
2.584999999999999964e+00
2.907999999999999918e+00
2.990000000000000213e+00
2.785000000000000142e+00
3.047000000000000153e+00
2.861000000000000210e+00
2.612999999999999989e+00
2.237999999999999989e+00
3.351999999999999869e+00
2.577999999999999847e+00
2.616000000000000103e+00
3.354000000000000092e+00
2.642999999999999794e+00
2.700000000000000178e+00
2.737000000000000099e+00
2.682999999999999829e+00
2.927999999999999936e+00
2.528999999999999915e+00
2.619000000000000217e+00
2.833000000000000185e+00
2.668000000000000149e+00
2.882000000000000117e+00
2.745000000000000107e+00
2.709999999999999964e+00
2.472999999999999865e+00
2.742999999999999883e+00
2.799999999999999822e+00
2.741000000000000103e+00
2.638999999999999790e+00
2.519000000000000128e+00
2.746999999999999886e+00
2.833000000000000185e+00
2.737999999999999989e+00
2.823999999999999844e+00
2.830999999999999961e+00
2.641000000000000014e+00
2.737000000000000099e+00
2.341000000000000192e+00
2.825000000000000178e+00
2.689000000000000057e+00
2.834999999999999964e+00
3.157999999999999918e+00
2.827999999999999847e+00
2.641000000000000014e+00
2.939000000000000057e+00
2.532999999999999918e+00
2.975999999999999979e+00
2.444999999999999840e+00
2.588000000000000078e+00
2.859999999999999876e+00
2.786000000000000032e+00
2.799999999999999822e+00
2.436999999999999833e+00
2.928999999999999826e+00
2.782000000000000028e+00
3.233999999999999986e+00
2.698999999999999844e+00
2.674999999999999822e+00
2.411000000000000032e+00
2.862999999999999989e+00
2.507000000000000117e+00
2.894000000000000128e+00
2.842000000000000082e+00
2.710999999999999854e+00
2.459999999999999964e+00
2.815999999999999837e+00
2.321000000000000174e+00
2.724000000000000199e+00
2.585999999999999854e+00
2.754999999999999893e+00
3.241000000000000103e+00
2.777000000000000135e+00
2.697999999999999954e+00
2.556000000000000050e+00
2.673000000000000043e+00
2.870000000000000107e+00
2.516000000000000014e+00
2.705999999999999961e+00
2.898000000000000131e+00
2.571000000000000174e+00
2.818999999999999950e+00
2.697999999999999954e+00
2.490000000000000213e+00
2.633999999999999897e+00
2.612000000000000099e+00
2.632000000000000117e+00
3.068000000000000060e+00
2.604000000000000092e+00
2.681000000000000050e+00
2.508000000000000007e+00
2.698999999999999844e+00
2.616999999999999993e+00
2.802999999999999936e+00
2.482000000000000206e+00
3.266999999999999904e+00
2.690999999999999837e+00
2.640000000000000124e+00
2.563000000000000167e+00
2.807999999999999829e+00
2.685000000000000053e+00
2.783999999999999808e+00
2.799999999999999822e+00
2.834999999999999964e+00
2.326000000000000068e+00
2.608999999999999986e+00
2.923999999999999932e+00
2.713000000000000078e+00
2.318000000000000060e+00
2.548999999999999932e+00
2.597999999999999865e+00
2.725000000000000089e+00
2.665999999999999925e+00
2.815999999999999837e+00
2.887000000000000011e+00
2.935000000000000053e+00
2.838000000000000078e+00
2.830999999999999961e+00
2.638999999999999790e+00
2.922000000000000153e+00
2.501999999999999780e+00
2.572999999999999954e+00
2.426000000000000156e+00
2.620000000000000107e+00
2.811999999999999833e+00
2.755999999999999783e+00
2.241000000000000103e+00
2.503000000000000114e+00
2.674999999999999822e+00
2.729000000000000092e+00
2.649000000000000021e+00
2.922000000000000153e+00
2.350999999999999979e+00
2.662999999999999812e+00
2.596000000000000085e+00
2.692000000000000171e+00
2.576000000000000068e+00
3.241999999999999993e+00
2.763999999999999790e+00
2.955999999999999961e+00
2.616999999999999993e+00
2.463999999999999968e+00
2.553999999999999826e+00
2.911999999999999922e+00
2.928999999999999826e+00
2.818999999999999950e+00
3.274999999999999911e+00
2.701999999999999957e+00
2.774000000000000021e+00
2.645000000000000018e+00
2.603000000000000203e+00
2.430000000000000160e+00
2.818999999999999950e+00
2.458000000000000185e+00
3.354000000000000092e+00
2.580000000000000071e+00
2.790000000000000036e+00
2.779999999999999805e+00
2.802999999999999936e+00
2.826999999999999957e+00
2.680000000000000160e+00
2.539000000000000146e+00
2.509999999999999787e+00
2.866999999999999993e+00
2.741999999999999993e+00
2.601999999999999869e+00
2.887000000000000011e+00
3.077999999999999847e+00
2.634999999999999787e+00
2.505999999999999783e+00
2.923999999999999932e+00
2.584999999999999964e+00
2.712000000000000188e+00
2.787999999999999812e+00
2.853000000000000203e+00
2.809000000000000163e+00
2.798000000000000043e+00
2.603000000000000203e+00
2.600000000000000089e+00
2.770999999999999908e+00
2.939999999999999947e+00
2.677000000000000046e+00
2.565999999999999837e+00
2.692000000000000171e+00
2.976999999999999869e+00
2.512000000000000011e+00
2.709999999999999964e+00
2.710999999999999854e+00
2.525999999999999801e+00
2.649000000000000021e+00
2.575000000000000178e+00
2.686999999999999833e+00
2.817000000000000171e+00
2.568000000000000060e+00
2.632000000000000117e+00
2.895000000000000018e+00
2.951000000000000068e+00
2.678999999999999826e+00
2.649999999999999911e+00
2.600000000000000089e+00
2.654999999999999805e+00
2.698999999999999844e+00
2.611000000000000210e+00
2.819999999999999840e+00
2.992999999999999883e+00
2.704000000000000181e+00
2.797000000000000153e+00
2.851999999999999869e+00
2.568000000000000060e+00
2.907999999999999918e+00
2.516999999999999904e+00
2.920999999999999819e+00
2.794000000000000039e+00
2.805000000000000160e+00
2.751999999999999780e+00
2.588000000000000078e+00
2.650999999999999801e+00
2.600999999999999979e+00
2.790000000000000036e+00
2.732000000000000206e+00
3.105999999999999872e+00
2.701000000000000068e+00
2.661000000000000032e+00
2.674999999999999822e+00
2.786999999999999922e+00
2.781000000000000139e+00
2.939999999999999947e+00
2.744000000000000217e+00
2.794000000000000039e+00
2.564999999999999947e+00
2.786000000000000032e+00
2.556999999999999940e+00
3.224000000000000199e+00
3.077999999999999847e+00
2.787999999999999812e+00
2.979999999999999982e+00
3.000999999999999890e+00
2.694999999999999840e+00
2.988999999999999879e+00
2.454000000000000181e+00
3.123000000000000220e+00
2.862000000000000099e+00
2.527000000000000135e+00
2.540999999999999925e+00
2.935999999999999943e+00
3.104000000000000092e+00
2.483999999999999986e+00
2.797000000000000153e+00
2.541999999999999815e+00
2.321000000000000174e+00
2.581999999999999851e+00
2.874000000000000110e+00
2.742999999999999883e+00
2.766000000000000014e+00
2.741999999999999993e+00
2.826999999999999957e+00
2.298999999999999932e+00
2.899000000000000021e+00
2.500999999999999890e+00
3.105999999999999872e+00
2.439999999999999947e+00
2.620999999999999996e+00
2.874000000000000110e+00
3.226999999999999869e+00
2.745000000000000107e+00
2.815999999999999837e+00
2.539000000000000146e+00
2.371999999999999886e+00
2.697000000000000064e+00
3.088000000000000078e+00
2.597999999999999865e+00
2.533999999999999808e+00
2.839999999999999858e+00
2.633000000000000007e+00
2.879000000000000004e+00
2.555000000000000160e+00
2.983000000000000096e+00
2.745000000000000107e+00
2.644000000000000128e+00
2.775999999999999801e+00
2.873000000000000220e+00
2.946000000000000174e+00
2.766999999999999904e+00
2.601999999999999869e+00
2.702999999999999847e+00
2.787999999999999812e+00
2.891999999999999904e+00
2.866000000000000103e+00
2.491999999999999993e+00
3.079000000000000181e+00
2.766999999999999904e+00
2.520000000000000018e+00
2.786000000000000032e+00
2.947999999999999954e+00
2.563000000000000167e+00
2.770999999999999908e+00
2.662999999999999812e+00
2.758000000000000007e+00
2.625999999999999890e+00
2.648000000000000131e+00
2.741000000000000103e+00
2.708000000000000185e+00
2.886000000000000121e+00
2.632000000000000117e+00
2.994000000000000217e+00
2.488999999999999879e+00
2.625000000000000000e+00
3.233999999999999986e+00
2.759999999999999787e+00
2.701999999999999957e+00
3.130999999999999783e+00
2.988999999999999879e+00
2.501999999999999780e+00
2.718999999999999861e+00
2.532000000000000028e+00
2.771999999999999797e+00
2.725000000000000089e+00
2.463999999999999968e+00
2.960999999999999854e+00
2.750999999999999890e+00
2.432999999999999829e+00
2.814000000000000057e+00
2.867999999999999883e+00
2.827999999999999847e+00
2.830000000000000071e+00
2.987999999999999989e+00
2.619000000000000217e+00
2.609999999999999876e+00
2.842000000000000082e+00
3.299999999999999822e+00
2.673999999999999932e+00
2.724000000000000199e+00
2.633999999999999897e+00
2.834000000000000075e+00
3.088000000000000078e+00
2.438000000000000167e+00
2.587000000000000188e+00
2.855999999999999872e+00
2.878000000000000114e+00
2.745999999999999996e+00
2.865000000000000213e+00
2.443999999999999950e+00
2.681999999999999940e+00
2.673999999999999932e+00
2.798999999999999932e+00
2.870000000000000107e+00
2.632000000000000117e+00
2.786999999999999922e+00
2.333000000000000185e+00
2.721999999999999975e+00
2.737000000000000099e+00
2.500000000000000000e+00
2.642999999999999794e+00
2.767999999999999794e+00
2.870000000000000107e+00
3.261000000000000121e+00
2.653000000000000025e+00
2.592999999999999972e+00
2.725000000000000089e+00
2.495999999999999996e+00
2.697999999999999954e+00
2.575000000000000178e+00
2.849000000000000199e+00
2.738999999999999879e+00
2.597999999999999865e+00
2.963000000000000078e+00
2.209999999999999964e+00
2.629000000000000004e+00
2.862000000000000099e+00
2.806000000000000050e+00
2.794000000000000039e+00
2.850000000000000089e+00
3.092000000000000082e+00
2.652000000000000135e+00
2.653000000000000025e+00
3.005999999999999783e+00
2.700000000000000178e+00
2.766000000000000014e+00
2.540999999999999925e+00
2.451000000000000068e+00
2.749000000000000110e+00
3.462000000000000188e+00
2.670999999999999819e+00
3.226999999999999869e+00
2.853000000000000203e+00
2.676000000000000156e+00
2.818999999999999950e+00
2.596000000000000085e+00
3.237999999999999989e+00
2.528999999999999915e+00
2.814000000000000057e+00
2.971000000000000085e+00
2.636000000000000121e+00
2.858000000000000096e+00
3.092000000000000082e+00
2.599000000000000199e+00
2.487000000000000099e+00
2.524999999999999911e+00
3.040000000000000036e+00
2.704000000000000181e+00
2.626999999999999780e+00
2.770000000000000018e+00
