3.511000000000000121e+00
3.301000000000000156e+00
3.213000000000000078e+00
3.221999999999999975e+00
2.912999999999999812e+00
3.112000000000000099e+00
3.601999999999999869e+00
2.964999999999999858e+00
3.229000000000000092e+00
3.112000000000000099e+00
2.616000000000000103e+00
3.670999999999999819e+00
2.826999999999999957e+00
2.956999999999999851e+00
3.299999999999999822e+00
3.253000000000000114e+00
3.302000000000000046e+00
3.388999999999999790e+00
3.363999999999999879e+00
3.412999999999999812e+00
3.293000000000000149e+00
2.931000000000000050e+00
3.189000000000000057e+00
3.274000000000000021e+00
3.125000000000000000e+00
3.391000000000000014e+00
3.391000000000000014e+00
3.097999999999999865e+00
3.286000000000000032e+00
3.146999999999999797e+00
3.370999999999999996e+00
3.225000000000000089e+00
3.505999999999999783e+00
3.125000000000000000e+00
3.138999999999999790e+00
2.906000000000000139e+00
3.358999999999999986e+00
3.455000000000000071e+00
3.286999999999999922e+00
3.346999999999999975e+00
3.076000000000000068e+00
3.240000000000000213e+00
3.129000000000000004e+00
3.388999999999999790e+00
3.096000000000000085e+00
3.528000000000000025e+00
2.996999999999999886e+00
3.076999999999999957e+00
3.205000000000000071e+00
3.286000000000000032e+00
2.952999999999999847e+00
3.451999999999999957e+00
3.383000000000000007e+00
2.830999999999999961e+00
3.601999999999999869e+00
3.194999999999999840e+00
2.866999999999999993e+00
3.873000000000000220e+00
3.560999999999999943e+00
2.870999999999999996e+00
2.987999999999999989e+00
3.221999999999999975e+00
3.335999999999999854e+00
3.193999999999999950e+00
3.057999999999999829e+00
3.636000000000000121e+00
3.315999999999999837e+00
2.952999999999999847e+00
3.180000000000000160e+00
2.871999999999999886e+00
3.064000000000000057e+00
3.104999999999999982e+00
3.496999999999999886e+00
2.766000000000000014e+00
3.229999999999999982e+00
3.133000000000000007e+00
2.987999999999999989e+00
2.879999999999999893e+00
3.197000000000000064e+00
3.012000000000000011e+00
3.435000000000000053e+00
2.922000000000000153e+00
3.056999999999999940e+00
3.120999999999999996e+00
2.982000000000000206e+00
3.410000000000000142e+00
3.128000000000000114e+00
3.245000000000000107e+00
2.971999999999999975e+00
2.943999999999999950e+00
3.160000000000000142e+00
3.072000000000000064e+00
2.988999999999999879e+00
3.088999999999999968e+00
3.120000000000000107e+00
2.960999999999999854e+00
3.064000000000000057e+00
3.208000000000000185e+00
3.248000000000000220e+00
3.164000000000000146e+00
3.129000000000000004e+00
3.653999999999999915e+00
3.100000000000000089e+00
3.362000000000000099e+00
3.045999999999999819e+00
3.386000000000000121e+00
3.317000000000000171e+00
3.149000000000000021e+00
2.880999999999999783e+00
2.899000000000000021e+00
