1.300156583946726130e+01
1.267894170474239779e+01
1.379439184299236665e+01
1.198657106441310383e+01
1.377286421857414211e+01
1.256767500352140665e+01
1.264910251982326628e+01
1.297106388210083772e+01
1.343796041575742350e+01
1.236803101235897451e+01
1.222151009690079171e+01
1.267894170474239779e+01
1.267789881749987302e+01
1.320889983670789469e+01
1.311510313815663586e+01
1.306817161336723387e+01
1.305710557765970670e+01
1.167833359201220134e+01
1.241973694119832672e+01
1.205649154088841613e+01
1.221703863900248521e+01
1.167833359201220134e+01
1.376560459106148748e+01
1.201130686463459440e+01
1.223786482329769854e+01
1.303058594266321535e+01
1.227445965898696123e+01
1.382010266485454331e+01
1.298106545753990915e+01
1.379439184299236665e+01
1.182386183600377194e+01
1.236794191608530902e+01
1.256767500352140665e+01
1.388041018534660154e+01
1.387351321946809257e+01
1.222151009690079171e+01
1.241973694119832672e+01
1.370082048962035337e+01
1.369186461656344989e+01
1.292090772695776657e+01
1.362519860857480936e+01
1.246151326945732229e+01
1.205649154088841613e+01
1.379439184299236665e+01
1.310256513774806919e+01
1.323526710068297874e+01
1.370082048962035337e+01
1.236794191608530902e+01
1.286535930053683963e+01
1.227445965898696123e+01
1.256767500352140665e+01
1.246151326945732229e+01
1.302570942942389465e+01
1.384410555604690884e+01
1.286535930053683963e+01
1.264910251982326628e+01
1.205970444368440653e+01
1.310290329047317748e+01
1.223786482329769854e+01
1.332169565832292157e+01
1.303777907741567077e+01
1.261541598497031913e+01
1.311880024926569099e+01
1.191773551126258113e+01
1.156240422487294950e+01
1.211149946879742423e+01
1.332780155611555806e+01
1.245687772005235416e+01
1.258537035137038451e+01
1.343796041575742350e+01
1.236803101235897451e+01
1.251330829457034000e+01
1.339045555680771571e+01
1.338423535429326350e+01
1.345524725778016695e+01
1.367059373754542051e+01
1.372653131148253003e+01
1.291836373692511764e+01
1.156240422487294950e+01
1.373520923667817684e+01
1.223786482329769854e+01
1.319200650954295639e+01
1.312785724346587202e+01
1.243724450054129171e+01
1.336265336263793202e+01
1.377286421857414211e+01
1.382010266485454331e+01
1.321581231097056275e+01
1.380645862322239026e+01
1.338634997299142881e+01
1.384410555604690884e+01
1.258269803240314744e+01
1.364374322823322672e+01
1.188523499925778815e+01
1.361171851598877858e+01
1.228955028934462490e+01
1.236803101235897451e+01
1.256767500352140665e+01
1.268892527891725841e+01
1.301486027728753747e+01
1.246151326945732229e+01
1.240443047288231782e+01
1.266192366249580736e+01
1.297238779292558064e+01
1.351529212529133517e+01
1.372756105670425342e+01
1.241973694119832672e+01
1.253636307557037632e+01
1.227713287896948202e+01
1.256767500352140665e+01
1.388041018534660154e+01
1.271386957949185259e+01
1.241311569040751017e+01
1.338606613506295950e+01
1.246151326945732229e+01
1.368271378004298455e+01
1.216586617774849088e+01
1.343796041575742350e+01
1.212931227511956855e+01
1.343204000046795343e+01
1.302638070717952345e+01
1.367336668171167169e+01
1.196622218658605874e+01
1.310697857709682879e+01
1.298477160235047023e+01
1.323535759963494129e+01
1.240661444430023508e+01
1.304853658152211082e+01
1.246151326945732229e+01
1.370082048962035337e+01
1.209211010920699714e+01
1.281405272350495395e+01
1.287399793794575942e+01
1.256767500352140665e+01
1.212346728563047193e+01
1.263670296524972514e+01
1.256767500352140665e+01
1.223786482329769854e+01
1.297697287212125339e+01
1.251330829457034000e+01
1.326313933931857569e+01
1.363854193828939643e+01
1.178387263680609465e+01
1.307527262601378837e+01
1.321022678872223111e+01
1.369186461656344989e+01
1.238312164271663818e+01
1.301433339168834635e+01
1.339893413903517327e+01
1.334438906238541023e+01
1.302743834658983424e+01
1.252974756930169420e+01
1.352091753736658042e+01
1.379355641455695469e+01
1.258655421662812479e+01
1.220449197331511471e+01
1.230871734162558440e+01
1.308798047010353827e+01
1.262000684306610410e+01
1.236794191608530902e+01
1.247410365014939337e+01
1.232607010175295592e+01
1.375739337659423711e+01
1.222151009690079171e+01
1.252974756930169420e+01
1.371815253873260865e+01
1.331436230568432677e+01
1.326908200926591874e+01
1.338634997299142881e+01
1.343143465103996448e+01
1.245313319131014751e+01
1.380315405093298864e+01
1.236794191608530902e+01
1.231954433703549689e+01
1.271753685373408693e+01
1.245313319131014751e+01
1.336318671536035474e+01
1.340043986714012014e+01
1.371815253873260865e+01
1.369186461656344989e+01
1.385917594443350076e+01
1.283754257115308484e+01
1.375816168521083505e+01
1.222151009690079171e+01
1.212793874352877843e+01
1.215650238580428777e+01
1.367956531752587424e+01
1.240443047288231782e+01
1.378683883197458826e+01
1.215719169526145116e+01
1.296874690662960816e+01
1.241311569040751017e+01
1.341663769769243686e+01
1.216586617774849088e+01
1.184895422286054867e+01
1.365407850622736063e+01
1.216381299636001856e+01
1.238312164271663818e+01
1.373520923667817684e+01
1.241311569040751017e+01
1.325239809760646637e+01
1.363398970333224014e+01
1.325779364734360399e+01
1.300083989943894913e+01
1.283368311188810118e+01
1.319890137488333437e+01
1.187265083321404546e+01
1.241311569040751017e+01
1.223786482329769854e+01
1.256767500352140665e+01
1.257625719195989156e+01
1.262331892267370748e+01
1.332474653410121945e+01
1.167833359201220134e+01
1.380315405093298864e+01
1.221514598825357467e+01
1.241973694119832672e+01
1.348221816231337833e+01
1.377628513341499783e+01
1.304046609540099411e+01
1.338634997299142881e+01
1.311728472254245759e+01
1.188421090675363345e+01
1.323065860166438590e+01
1.241311569040751017e+01
1.258442515786144078e+01
1.241973694119832672e+01
1.182386183600377194e+01
1.222151009690079171e+01
1.247410365014939337e+01
1.343796041575742350e+01
1.218568146257901041e+01
1.231954433703549689e+01
1.231954433703549689e+01
1.308093063422064972e+01
1.284143024195555149e+01
1.314170765732133361e+01
1.256767500352140665e+01
1.233143617666971181e+01
1.362519860857480936e+01
1.268613958560579746e+01
1.218356152559746874e+01
1.326908200926591874e+01
1.292539934655727585e+01
1.240661444430023508e+01
1.252974756930169420e+01
1.368271378004298455e+01
1.246151326945732229e+01
1.262331892267370748e+01
1.328779811098190322e+01
1.256767500352140665e+01
1.297749221063982183e+01
1.326908200926591874e+01
1.343796041575742350e+01
1.380009591219045895e+01
1.244762631387518326e+01
1.252322385466302457e+01
1.385917594443350076e+01
1.366921380381391415e+01
1.253446647134393643e+01
1.388041018534660154e+01
1.263967364907061430e+01
1.262331892267370748e+01
1.300931345198612732e+01
1.320400042321146472e+01
1.314179717847210860e+01
1.369186461656344989e+01
1.374272084510638869e+01
1.317113615081831668e+01
1.365407850622736063e+01
1.275226692595425604e+01
1.241311569040751017e+01
1.378683883197458826e+01
1.298233399218319306e+01
1.338634997299142881e+01
1.303150894698588935e+01
1.196622218658605874e+01
1.320775092457326316e+01
1.256767500352140665e+01
1.375053420267489557e+01
1.277561419976240664e+01
1.297697287212125339e+01
1.293395830177416350e+01
1.313204984776978179e+01
1.169030128343408137e+01
1.196622218658605874e+01
1.221514598825357467e+01
1.223786482329769854e+01
1.364955970647593730e+01
1.280968794593873206e+01
1.205649154088841613e+01
1.305387877506054117e+01
1.233143617666971181e+01
1.372653131148253003e+01
1.225738434973203184e+01
1.228704382503070391e+01
1.317482134643674385e+01
1.382829166753004380e+01
1.259084779404867049e+01
1.246151326945732229e+01
1.329849317849378565e+01
1.183068992260802688e+01
1.301706972951855867e+01
1.371815253873260865e+01
1.301018225591838373e+01
1.275881637694997117e+01
1.367956531752587424e+01
1.246151326945732229e+01
1.274261981911734765e+01
1.235846826711018309e+01
1.367336668171167169e+01
1.277999856637979903e+01
1.271386957949185259e+01
1.241311569040751017e+01
1.374083645078681570e+01
1.216586617774849088e+01
1.309587062564606796e+01
1.245313319131014751e+01
1.201792811542541095e+01
1.191773551126258113e+01
1.231954433703549689e+01
1.246151326945732229e+01
1.337777409092976022e+01
1.362519860857480936e+01
1.357340358346178988e+01
1.172750344934665279e+01
1.336265336263793202e+01
1.299174732765263052e+01
1.326908200926591874e+01
1.251330829457034000e+01
1.236794191608530902e+01
1.339893413903517327e+01
1.201792811542541095e+01
1.222151009690079171e+01
1.277587839446933593e+01
1.240661444430023508e+01
1.258537035137038451e+01
1.277999856637979903e+01
1.362519860857480936e+01
1.211149946879742423e+01
1.307210868858319053e+01
1.390621719937204048e+01
1.187265083321404546e+01
1.246151326945732229e+01
1.375053420267489557e+01
1.368271378004298455e+01
1.220449197331511471e+01
1.205970444368440653e+01
1.208014241778511710e+01
1.212793874352877843e+01
1.167833359201220134e+01
1.323196072446918237e+01
1.338628693591791752e+01
1.225076304863346444e+01
1.344204957965615321e+01
1.218568146257901041e+01
1.342835495952842884e+01
1.371815253873260865e+01
1.330536278566316000e+01
1.228704382503070391e+01
1.392373892165206506e+01
1.221514598825357467e+01
1.236803101235897451e+01
1.385173303858284832e+01
1.158476223864018806e+01
1.264587922550724208e+01
1.264409343135688069e+01
1.179166364588577487e+01
1.380645862322239026e+01
1.292511181952149002e+01
1.181522981322956944e+01
1.218356152559746874e+01
1.246151326945732229e+01
1.216586617774849088e+01
1.254789692076055552e+01
1.336288353242148119e+01
1.343494248272552483e+01
1.262331892267370748e+01
1.253446647134393643e+01
1.379439184299236665e+01
1.318898903526391386e+01
1.256767500352140665e+01
1.235956183793813423e+01
1.339737931454032704e+01
1.196622218658605874e+01
1.233143617666971181e+01
1.227713287896948202e+01
1.218568146257901041e+01
1.251330829457034000e+01
1.375739337659423711e+01
1.159553959383815958e+01
1.286129838870472675e+01
1.196622218658605874e+01
1.256767500352140665e+01
1.311397144460065256e+01
1.261541598497031913e+01
1.374272084510638869e+01
1.241311569040751017e+01
1.304264811759462894e+01
1.379439184299236665e+01
1.271490573847781747e+01
1.374272084510638869e+01
1.262331892267370748e+01
1.299831487138173891e+01
1.378683883197458826e+01
1.223249874838094264e+01
1.383016756828005356e+01
1.357340358346178988e+01
1.249234945472846547e+01
1.381172389210462192e+01
1.218356152559746874e+01
1.227713287896948202e+01
1.315905160478019731e+01
1.304944307545692617e+01
1.252974756930169420e+01
1.385173303858284832e+01
1.313542814343086462e+01
1.372756105670425342e+01
1.247410365014939337e+01
1.228955028934462490e+01
1.323612235634642609e+01
1.179166364588577487e+01
1.367336668171167169e+01
1.215006289426042940e+01
1.375816168521083505e+01
1.380315405093298864e+01
1.269135911511754067e+01
1.283182799318526435e+01
1.376560459106148748e+01
1.359654039444174778e+01
1.327631225689190053e+01
1.248912667903113416e+01
1.367956531752587424e+01
1.222151009690079171e+01
1.329907205974635254e+01
1.281480236895090563e+01
