3.124000000000000110e+00
3.258999999999999897e+00
3.648000000000000131e+00
2.665000000000000036e+00
3.134999999999999787e+00
3.044000000000000039e+00
3.056000000000000050e+00
3.226999999999999869e+00
3.373000000000000220e+00
2.818999999999999950e+00
2.951999999999999957e+00
3.165000000000000036e+00
3.213999999999999968e+00
3.366000000000000103e+00
2.576000000000000068e+00
3.258999999999999897e+00
3.137999999999999901e+00
3.232000000000000206e+00
3.087000000000000188e+00
2.696000000000000174e+00
3.016999999999999904e+00
3.140000000000000124e+00
3.076000000000000068e+00
3.390000000000000124e+00
3.241000000000000103e+00
2.998000000000000220e+00
3.101999999999999869e+00
3.516000000000000014e+00
3.125000000000000000e+00
3.180000000000000160e+00
2.504999999999999893e+00
2.870999999999999996e+00
3.253000000000000114e+00
3.180000000000000160e+00
3.353000000000000203e+00
3.125999999999999890e+00
3.234999999999999876e+00
3.383999999999999897e+00
3.285000000000000142e+00
3.403999999999999915e+00
3.263999999999999790e+00
2.810999999999999943e+00
3.057999999999999829e+00
3.353000000000000203e+00
2.883999999999999897e+00
3.129999999999999893e+00
3.689999999999999947e+00
3.108000000000000096e+00
3.279999999999999805e+00
2.979000000000000092e+00
2.902000000000000135e+00
3.322000000000000064e+00
3.065999999999999837e+00
2.786999999999999922e+00
3.180000000000000160e+00
2.835999999999999854e+00
3.588999999999999968e+00
3.192000000000000171e+00
3.237000000000000099e+00
3.000000000000000000e+00
3.177000000000000046e+00
3.318000000000000060e+00
3.448999999999999844e+00
2.984999999999999876e+00
3.222999999999999865e+00
3.345000000000000195e+00
3.354000000000000092e+00
3.185999999999999943e+00
3.169000000000000039e+00
3.436999999999999833e+00
3.105999999999999872e+00
3.001999999999999780e+00
3.008999999999999897e+00
3.169999999999999929e+00
3.056999999999999940e+00
3.178999999999999826e+00
3.345000000000000195e+00
3.354000000000000092e+00
3.233999999999999986e+00
3.676000000000000156e+00
3.282999999999999918e+00
3.567000000000000171e+00
3.036999999999999922e+00
3.185999999999999943e+00
3.681999999999999940e+00
3.129000000000000004e+00
3.095000000000000195e+00
2.814000000000000057e+00
3.217999999999999972e+00
3.329000000000000181e+00
3.674999999999999822e+00
3.154999999999999805e+00
3.169000000000000039e+00
2.967999999999999972e+00
3.109999999999999876e+00
3.245999999999999996e+00
3.153000000000000025e+00
3.039000000000000146e+00
3.572000000000000064e+00
3.213999999999999968e+00
3.063000000000000167e+00
3.186999999999999833e+00
3.142999999999999794e+00
3.378000000000000114e+00
3.181999999999999940e+00
3.330000000000000071e+00
3.274000000000000021e+00
2.970000000000000195e+00
3.121999999999999886e+00
3.117999999999999883e+00
3.370000000000000107e+00
2.968999999999999861e+00
3.055000000000000160e+00
3.248000000000000220e+00
2.826999999999999957e+00
3.527000000000000135e+00
3.237000000000000099e+00
3.142999999999999794e+00
3.221999999999999975e+00
3.302999999999999936e+00
3.075000000000000178e+00
3.435000000000000053e+00
3.516000000000000014e+00
3.177999999999999936e+00
3.208000000000000185e+00
2.994000000000000217e+00
2.835999999999999854e+00
3.206999999999999851e+00
3.201999999999999957e+00
3.724000000000000199e+00
2.992999999999999883e+00
3.000999999999999890e+00
3.126999999999999780e+00
3.027000000000000135e+00
3.001999999999999780e+00
3.209000000000000075e+00
3.210999999999999854e+00
3.403000000000000025e+00
2.869000000000000217e+00
3.096000000000000085e+00
3.468999999999999861e+00
3.407000000000000028e+00
2.654999999999999805e+00
2.931000000000000050e+00
3.096000000000000085e+00
3.134999999999999787e+00
3.061999999999999833e+00
3.394000000000000128e+00
3.306000000000000050e+00
3.174999999999999822e+00
3.218999999999999861e+00
3.015000000000000124e+00
3.245999999999999996e+00
3.341000000000000192e+00
2.525999999999999801e+00
3.109999999999999876e+00
2.793000000000000149e+00
3.113999999999999879e+00
3.157000000000000028e+00
2.697000000000000064e+00
3.160000000000000142e+00
3.052999999999999936e+00
3.173999999999999932e+00
3.037999999999999812e+00
3.130999999999999783e+00
3.341000000000000192e+00
3.157999999999999918e+00
2.960999999999999854e+00
3.325000000000000178e+00
3.169000000000000039e+00
2.966000000000000192e+00
3.916999999999999815e+00
3.357000000000000206e+00
3.322000000000000064e+00
3.004000000000000004e+00
2.814999999999999947e+00
3.004000000000000004e+00
3.189000000000000057e+00
3.217999999999999972e+00
3.246999999999999886e+00
3.511000000000000121e+00
3.004000000000000004e+00
3.540000000000000036e+00
3.087000000000000188e+00
2.899999999999999911e+00
3.009999999999999787e+00
3.232000000000000206e+00
2.886000000000000121e+00
3.689999999999999947e+00
3.205999999999999961e+00
3.138999999999999790e+00
3.013999999999999790e+00
3.003000000000000114e+00
3.318000000000000060e+00
3.349000000000000199e+00
3.384999999999999787e+00
2.987999999999999989e+00
3.282000000000000028e+00
3.325000000000000178e+00
3.435000000000000053e+00
3.279999999999999805e+00
3.508000000000000007e+00
3.200000000000000178e+00
2.738999999999999879e+00
3.262000000000000011e+00
3.101999999999999869e+00
3.257000000000000117e+00
3.486000000000000210e+00
3.434000000000000163e+00
3.314999999999999947e+00
3.346999999999999975e+00
3.313000000000000167e+00
3.125999999999999890e+00
2.867999999999999883e+00
3.399000000000000021e+00
3.197000000000000064e+00
3.275999999999999801e+00
3.281000000000000139e+00
3.161000000000000032e+00
3.109999999999999876e+00
3.331999999999999851e+00
3.040000000000000036e+00
2.934000000000000163e+00
3.071000000000000174e+00
3.225000000000000089e+00
3.181000000000000050e+00
3.220000000000000195e+00
2.790000000000000036e+00
3.044000000000000039e+00
3.197999999999999954e+00
3.342999999999999972e+00
3.039000000000000146e+00
3.055000000000000160e+00
2.915999999999999925e+00
3.116000000000000103e+00
3.085999999999999854e+00
3.021999999999999797e+00
2.547000000000000153e+00
3.350999999999999979e+00
3.317000000000000171e+00
3.174999999999999822e+00
3.233999999999999986e+00
2.923999999999999932e+00
3.250999999999999890e+00
2.879000000000000004e+00
3.088000000000000078e+00
3.327999999999999847e+00
3.173999999999999932e+00
3.229999999999999982e+00
3.065999999999999837e+00
2.742999999999999883e+00
3.180000000000000160e+00
3.193999999999999950e+00
3.197000000000000064e+00
3.560999999999999943e+00
3.229000000000000092e+00
3.108999999999999986e+00
3.173999999999999932e+00
3.248000000000000220e+00
3.286999999999999922e+00
3.399000000000000021e+00
3.145999999999999908e+00
3.141999999999999904e+00
3.100999999999999979e+00
3.053999999999999826e+00
3.133999999999999897e+00
3.376999999999999780e+00
3.508000000000000007e+00
3.032999999999999918e+00
3.076000000000000068e+00
3.294000000000000039e+00
3.057999999999999829e+00
3.020999999999999908e+00
3.398000000000000131e+00
3.423999999999999932e+00
3.430000000000000160e+00
2.834999999999999964e+00
3.056000000000000050e+00
3.241000000000000103e+00
3.310000000000000053e+00
3.073999999999999844e+00
3.192000000000000171e+00
3.229999999999999982e+00
2.701000000000000068e+00
3.120000000000000107e+00
3.221000000000000085e+00
3.278000000000000025e+00
3.317000000000000171e+00
3.309000000000000163e+00
3.209000000000000075e+00
2.841000000000000192e+00
2.966000000000000192e+00
2.775999999999999801e+00
3.560999999999999943e+00
2.809000000000000163e+00
3.142999999999999794e+00
3.072999999999999954e+00
3.366999999999999993e+00
3.003000000000000114e+00
3.551000000000000156e+00
3.238999999999999879e+00
3.128000000000000114e+00
3.158999999999999808e+00
3.322999999999999954e+00
3.244000000000000217e+00
3.048000000000000043e+00
3.045999999999999819e+00
3.394000000000000128e+00
3.423000000000000043e+00
2.895999999999999908e+00
3.379999999999999893e+00
3.474000000000000199e+00
3.283999999999999808e+00
3.463999999999999968e+00
3.415999999999999925e+00
3.044000000000000039e+00
2.962000000000000188e+00
3.100000000000000089e+00
3.123000000000000220e+00
3.373000000000000220e+00
3.178999999999999826e+00
3.125000000000000000e+00
3.164000000000000146e+00
3.612000000000000099e+00
2.951999999999999957e+00
2.987000000000000099e+00
3.345000000000000195e+00
3.190999999999999837e+00
3.056999999999999940e+00
2.988999999999999879e+00
3.177000000000000046e+00
3.305000000000000160e+00
3.410000000000000142e+00
3.345000000000000195e+00
3.088999999999999968e+00
3.123000000000000220e+00
3.528000000000000025e+00
3.365000000000000213e+00
3.298000000000000043e+00
3.423000000000000043e+00
3.121999999999999886e+00
3.674999999999999822e+00
3.390000000000000124e+00
3.274000000000000021e+00
3.483000000000000096e+00
3.020999999999999908e+00
2.906000000000000139e+00
3.188000000000000167e+00
3.000999999999999890e+00
3.302000000000000046e+00
3.278000000000000025e+00
3.053999999999999826e+00
3.133000000000000007e+00
3.206999999999999851e+00
2.382000000000000117e+00
3.355999999999999872e+00
3.330999999999999961e+00
3.259999999999999787e+00
3.120000000000000107e+00
3.032000000000000028e+00
2.786999999999999922e+00
3.067000000000000171e+00
3.111000000000000210e+00
3.503000000000000114e+00
3.217999999999999972e+00
3.172000000000000153e+00
3.092999999999999972e+00
3.233999999999999986e+00
3.322999999999999954e+00
2.866000000000000103e+00
3.221999999999999975e+00
3.165000000000000036e+00
3.165999999999999925e+00
3.225999999999999979e+00
3.213999999999999968e+00
3.031000000000000139e+00
3.068999999999999950e+00
3.334999999999999964e+00
3.173999999999999932e+00
3.370000000000000107e+00
3.153999999999999915e+00
3.547000000000000153e+00
2.555000000000000160e+00
3.096000000000000085e+00
2.994000000000000217e+00
3.080999999999999961e+00
3.104999999999999982e+00
3.079000000000000181e+00
3.164000000000000146e+00
3.419000000000000039e+00
2.891000000000000014e+00
3.221999999999999975e+00
3.083000000000000185e+00
2.858999999999999986e+00
3.303999999999999826e+00
3.028000000000000025e+00
3.197000000000000064e+00
2.822999999999999954e+00
3.164000000000000146e+00
3.290000000000000036e+00
2.979999999999999982e+00
3.226999999999999869e+00
3.073999999999999844e+00
3.213000000000000078e+00
3.327999999999999847e+00
3.088000000000000078e+00
3.528000000000000025e+00
2.595000000000000195e+00
3.051000000000000156e+00
3.641999999999999904e+00
3.134999999999999787e+00
3.100999999999999979e+00
3.277000000000000135e+00
3.278000000000000025e+00
3.013999999999999790e+00
3.681000000000000050e+00
3.198999999999999844e+00
3.366999999999999993e+00
3.205999999999999961e+00
3.458000000000000185e+00
3.330999999999999961e+00
3.370999999999999996e+00
3.676000000000000156e+00
2.818000000000000060e+00
3.547000000000000153e+00
3.136000000000000121e+00
3.188000000000000167e+00
3.435999999999999943e+00
3.528000000000000025e+00
2.943000000000000060e+00
3.059000000000000163e+00
3.033999999999999808e+00
3.478000000000000203e+00
2.955000000000000071e+00
3.117999999999999883e+00
3.349000000000000199e+00
