3.366000000000000103e+00
3.205999999999999961e+00
3.150999999999999801e+00
3.061999999999999833e+00
3.158999999999999808e+00
2.849000000000000199e+00
3.571000000000000174e+00
3.132000000000000117e+00
3.516999999999999904e+00
3.012999999999999901e+00
2.633999999999999897e+00
3.448999999999999844e+00
2.870999999999999996e+00
3.129000000000000004e+00
3.274999999999999911e+00
3.236000000000000210e+00
3.556999999999999940e+00
3.182999999999999829e+00
3.314000000000000057e+00
3.357000000000000206e+00
3.240000000000000213e+00
2.898000000000000131e+00
3.334999999999999964e+00
3.116000000000000103e+00
3.248000000000000220e+00
3.149000000000000021e+00
3.532999999999999918e+00
3.077999999999999847e+00
2.960999999999999854e+00
2.967999999999999972e+00
3.184000000000000163e+00
3.282999999999999918e+00
3.669999999999999929e+00
3.277000000000000135e+00
3.198999999999999844e+00
3.047000000000000153e+00
3.088999999999999968e+00
3.205999999999999961e+00
3.225999999999999979e+00
3.318999999999999950e+00
3.032999999999999918e+00
3.511000000000000121e+00
3.435000000000000053e+00
3.157000000000000028e+00
3.188000000000000167e+00
3.724000000000000199e+00
2.939999999999999947e+00
3.286000000000000032e+00
3.259999999999999787e+00
3.085999999999999854e+00
3.083000000000000185e+00
3.345000000000000195e+00
3.170999999999999819e+00
3.012999999999999901e+00
3.681000000000000050e+00
3.428999999999999826e+00
2.943000000000000060e+00
3.572999999999999954e+00
3.463999999999999968e+00
3.431000000000000050e+00
3.335999999999999854e+00
3.335999999999999854e+00
3.160000000000000142e+00
3.275999999999999801e+00
3.035000000000000142e+00
3.440999999999999837e+00
3.431000000000000050e+00
2.806999999999999940e+00
3.064999999999999947e+00
3.305000000000000160e+00
3.189999999999999947e+00
3.072999999999999954e+00
3.479999999999999982e+00
3.232000000000000206e+00
3.365000000000000213e+00
3.008000000000000007e+00
2.761000000000000121e+00
2.806999999999999940e+00
2.934000000000000163e+00
2.979000000000000092e+00
3.540000000000000036e+00
3.217000000000000082e+00
3.302999999999999936e+00
3.275999999999999801e+00
3.068999999999999950e+00
3.516000000000000014e+00
3.345000000000000195e+00
3.208000000000000185e+00
3.077999999999999847e+00
2.815999999999999837e+00
3.105999999999999872e+00
3.000000000000000000e+00
2.986000000000000210e+00
3.080999999999999961e+00
3.138999999999999790e+00
3.052999999999999936e+00
3.204000000000000181e+00
2.834000000000000075e+00
3.063000000000000167e+00
3.297000000000000153e+00
2.979000000000000092e+00
3.834000000000000075e+00
3.129999999999999893e+00
3.384999999999999787e+00
3.315999999999999837e+00
3.486000000000000210e+00
3.149000000000000021e+00
3.077999999999999847e+00
3.092999999999999972e+00
2.960999999999999854e+00
