1.251920864814120726e+01
1.318079830399035224e+01
1.506606335561687082e+01
1.240463185523129752e+01
1.508338037393918007e+01
1.303956075979574081e+01
1.307119659186144212e+01
1.352126730843704294e+01
1.376843685692180941e+01
1.279210571363977245e+01
1.279694127167142526e+01
1.318079830399035224e+01
1.310383988680874978e+01
1.283670860636047095e+01
1.272023990630020229e+01
1.266253220325210727e+01
1.264898891277427495e+01
1.214139631054319146e+01
1.292185288932208032e+01
1.226329548322441987e+01
1.261078023433983475e+01
1.214139631054319146e+01
1.507676548261816940e+01
1.253448943854556141e+01
1.288846665670572023e+01
1.261664145469235798e+01
1.274245901738740905e+01
1.509026436008030458e+01
1.255669601845408501e+01
1.506606335561687082e+01
1.201797370860693270e+01
1.285747828609970789e+01
1.303956075979574081e+01
1.514565409671679852e+01
1.513944054629362057e+01
1.279694127167142526e+01
1.292185288932208032e+01
1.501641665936450565e+01
1.500792200177161639e+01
1.339300591172443333e+01
1.399886610698859357e+01
1.290712498235207306e+01
1.226329548322441987e+01
1.506606335561687082e+01
1.270478234364835046e+01
1.280276205990084648e+01
1.501641665936450565e+01
1.285747828609970789e+01
1.332530667446191508e+01
1.274245901738740905e+01
1.303956075979574081e+01
1.290712498235207306e+01
1.254780123570051664e+01
1.511257219241156946e+01
1.332530667446191508e+01
1.307119659186144212e+01
1.259424274141160183e+01
1.361887662002871124e+01
1.288846665670572023e+01
1.297888364411741691e+01
1.262539957885496911e+01
1.308993616334897858e+01
1.272480326739770540e+01
1.248484274229319801e+01
1.206723580683239483e+01
1.265861734463397248e+01
1.298666082490669460e+01
1.286601198321697659e+01
1.313115160773798884e+01
1.376843685692180941e+01
1.279210571363977245e+01
1.297149958557444371e+01
1.306707411545709796e+01
1.298914592211543884e+01
1.307963690840459670e+01
1.336821606759513514e+01
1.504061766382793941e+01
1.345563351555151321e+01
1.206723580683239483e+01
1.413719003402604635e+01
1.288846665670572023e+01
1.373173413360654571e+01
1.267079158187823040e+01
1.284569065800615917e+01
1.367803086657747791e+01
1.508338037393918007e+01
1.509026436008030458e+01
1.350807872431966139e+01
1.511346339306087749e+01
1.376982553880155891e+01
1.511257219241156946e+01
1.280238879347515280e+01
1.332997826731492452e+01
1.238112655484358449e+01
1.328570966850374724e+01
1.295639690511111830e+01
1.279210571363977245e+01
1.303956075979574081e+01
1.311646071859735585e+01
1.357618170543173086e+01
1.290712498235207306e+01
1.265406125360244083e+01
1.308567201930797985e+01
1.254625968575071759e+01
1.315733913357300899e+01
1.500200609556103615e+01
1.292185288932208032e+01
1.294847006317040616e+01
1.286791606304988100e+01
1.303956075979574081e+01
1.514565409671679852e+01
1.320590850678514094e+01
1.284737167948603265e+01
1.299146324076089698e+01
1.290712498235207306e+01
1.499921103355946528e+01
1.272667851885526957e+01
1.376843685692180941e+01
1.250932244759641954e+01
1.304991773506465158e+01
1.254859918250583206e+01
1.499028226518802320e+01
1.247922347269930121e+01
1.271022024587158938e+01
1.256115983055715724e+01
1.358850005950162121e+01
1.259858806276963072e+01
1.355081544580741415e+01
1.290712498235207306e+01
1.501641665936450565e+01
1.252445301775557773e+01
1.332710686139432354e+01
1.242968372436456548e+01
1.303956075979574081e+01
1.256113353808747135e+01
1.305729098766273388e+01
1.303956075979574081e+01
1.288846665670572023e+01
1.346198460904069272e+01
1.297149958557444371e+01
1.382336916459779630e+01
1.341659577180305263e+01
1.226121747306747345e+01
1.260710823738041420e+01
1.283836671653513228e+01
1.500792200177161639e+01
1.300604360136348348e+01
1.259689829622073809e+01
1.372137531719820558e+01
1.371879016066944423e+01
1.352454107509274728e+01
1.306017681635953132e+01
1.316468890083888077e+01
1.510202251474874302e+01
1.300206244757234408e+01
1.237227665890039319e+01
1.248784050739352480e+01
1.268683800220990143e+01
1.303871933850614795e+01
1.285747828609970789e+01
1.298991406354337741e+01
1.274107033550765955e+01
1.503078090336961736e+01
1.279694127167142526e+01
1.306017681635953132e+01
1.503276300085263628e+01
1.296955548112312151e+01
1.362838417032511273e+01
1.376982553880155891e+01
1.382509150464781911e+01
1.265190217579695364e+01
1.507434319213053087e+01
1.285747828609970789e+01
1.279772498323366925e+01
1.321029601231604822e+01
1.265190217579695364e+01
1.303193041089672910e+01
1.300968357517024820e+01
1.503276300085263628e+01
1.500792200177161639e+01
1.512641217887053280e+01
1.329168884325300759e+01
1.506994768653818717e+01
1.279694127167142526e+01
1.274729457541906008e+01
1.254036603486201606e+01
1.406692728120989067e+01
1.265406125360244083e+01
1.509600740046443335e+01
1.260101764891096288e+01
1.248070366906999240e+01
1.284737167948603265e+01
1.310106271271853728e+01
1.272667851885526957e+01
1.233778210422285682e+01
1.497176536980712669e+01
1.238096321258585419e+01
1.300604360136348348e+01
1.413719003402604635e+01
1.284737167948603265e+01
1.380942253244537810e+01
1.495235939930867275e+01
1.283070117475785921e+01
1.251835227325871891e+01
1.328704114148489879e+01
1.282422470576154971e+01
1.242957677644693781e+01
1.284737167948603265e+01
1.288846665670572023e+01
1.303956075979574081e+01
1.304499744564638952e+01
1.310982351261189649e+01
1.298276840000143650e+01
1.214139631054319146e+01
1.507434319213053087e+01
1.243819381114116140e+01
1.292185288932208032e+01
1.318754903902980580e+01
1.504885772981183045e+01
1.262867426864027109e+01
1.376982553880155891e+01
1.265793172028314650e+01
1.208029888700628796e+01
1.378132276292164171e+01
1.284737167948603265e+01
1.299975512574012448e+01
1.292185288932208032e+01
1.201797370860693270e+01
1.279694127167142526e+01
1.298991406354337741e+01
1.376843685692180941e+01
1.257409971400794468e+01
1.279772498323366925e+01
1.279772498323366925e+01
1.359130454666698817e+01
1.329637474290936616e+01
1.268767768959408215e+01
1.303956075979574081e+01
1.293811335295808362e+01
1.399886610698859357e+01
1.311326618626922347e+01
1.281826936679751761e+01
1.362838417032511273e+01
1.339850968650000063e+01
1.259858806276963072e+01
1.306017681635953132e+01
1.499921103355946528e+01
1.290712498235207306e+01
1.310982351261189649e+01
1.286804062186348041e+01
1.303956075979574081e+01
1.255239596501901822e+01
1.362838417032511273e+01
1.376843685692180941e+01
1.510784068243421174e+01
1.270425726679408918e+01
1.293469423126549067e+01
1.512641217887053280e+01
1.336621739744916404e+01
1.294647581528037428e+01
1.514565409671679852e+01
1.320134889764619146e+01
1.310982351261189649e+01
1.259081338654493187e+01
1.355181953916972759e+01
1.366791800887949648e+01
1.500792200177161639e+01
1.505569742194119343e+01
1.272369472550355773e+01
1.497176536980712669e+01
1.319009609457280519e+01
1.284737167948603265e+01
1.509600740046443335e+01
1.255822345039337407e+01
1.376982553880155891e+01
1.359715424971325071e+01
1.247922347269930121e+01
1.276874701539264123e+01
1.303956075979574081e+01
1.506292549615920429e+01
1.321766331856394494e+01
1.346198460904069272e+01
1.250031859870712303e+01
1.267589850105563087e+01
1.221157077681510650e+01
1.247922347269930121e+01
1.243819381114116140e+01
1.288846665670572023e+01
1.344842509346632120e+01
1.332177487762037948e+01
1.226329548322441987e+01
1.355748004030184717e+01
1.293811335295808362e+01
1.504061766382793941e+01
1.243060990883821759e+01
1.269400879578405572e+01
1.351808586002380075e+01
1.509790867059648001e+01
1.300672493008207731e+01
1.290712498235207306e+01
1.288138636335074416e+01
1.237854139831482314e+01
1.351165514765371078e+01
1.503276300085263628e+01
1.252938843192094787e+01
1.319780841352039502e+01
1.406692728120989067e+01
1.290712498235207306e+01
1.317876724356502471e+01
1.254386703266957603e+01
1.499028226518802320e+01
1.328562117780159824e+01
1.320590850678514094e+01
1.284737167948603265e+01
1.348604341465685152e+01
1.272667851885526957e+01
1.269654073425289553e+01
1.265190217579695364e+01
1.260897064838160908e+01
1.248484274229319801e+01
1.279772498323366925e+01
1.290712498235207306e+01
1.305070019949462967e+01
1.399886610698859357e+01
1.393449150376622292e+01
1.219644020665594830e+01
1.367803086657747791e+01
1.348025626477733852e+01
1.362838417032511273e+01
1.297149958557444371e+01
1.285747828609970789e+01
1.372137531719820558e+01
1.260897064838160908e+01
1.279694127167142526e+01
1.328062045206422681e+01
1.259858806276963072e+01
1.313115160773798884e+01
1.328562117780159824e+01
1.399886610698859357e+01
1.265861734463397248e+01
1.266735678280388733e+01
1.516853883242113454e+01
1.242957677644693781e+01
1.290712498235207306e+01
1.506292549615920429e+01
1.499921103355946528e+01
1.237227665890039319e+01
1.259424274141160183e+01
1.245427855148366270e+01
1.274729457541906008e+01
1.214139631054319146e+01
1.286556930716217728e+01
1.306168568965054178e+01
1.265066434516332805e+01
1.313431912241777688e+01
1.257409971400794468e+01
1.311636164419764228e+01
1.503276300085263628e+01
1.367172862094584218e+01
1.269400879578405572e+01
1.518367615203251297e+01
1.243819381114116140e+01
1.279210571363977245e+01
1.511959438279055057e+01
1.209174961429082629e+01
1.312540713728980890e+01
1.306556776863735969e+01
1.233147985859122109e+01
1.511346339306087749e+01
1.248981185869873478e+01
1.229789799339936351e+01
1.281826936679751761e+01
1.290712498235207306e+01
1.272667851885526957e+01
1.296064281802270912e+01
1.303154100471479104e+01
1.312498898569400652e+01
1.310982351261189649e+01
1.294647581528037428e+01
1.506606335561687082e+01
1.281186513703745078e+01
1.303956075979574081e+01
1.260225547954458847e+01
1.300579994001215134e+01
1.247922347269930121e+01
1.293811335295808362e+01
1.286791606304988100e+01
1.257409971400794468e+01
1.297149958557444371e+01
1.503078090336961736e+01
1.205229265143361417e+01
1.332038619574062999e+01
1.247922347269930121e+01
1.303956075979574081e+01
1.363280070958539447e+01
1.308993616334897858e+01
1.505569742194119343e+01
1.284737167948603265e+01
1.361121871659674021e+01
1.506606335561687082e+01
1.314644130709463177e+01
1.505569742194119343e+01
1.310982351261189649e+01
1.355539389736345868e+01
1.509600740046443335e+01
1.269142363925529438e+01
1.513402945578014958e+01
1.393449150376622292e+01
1.290262357302821172e+01
1.508240969710499968e+01
1.281826936679751761e+01
1.286791606304988100e+01
1.270888268311998992e+01
1.263962640423453720e+01
1.306017681635953132e+01
1.511959438279055057e+01
1.274535624953645474e+01
1.500200609556103615e+01
1.298991406354337741e+01
1.295639690511111830e+01
1.378836979460485779e+01
1.233147985859122109e+01
1.499028226518802320e+01
1.231294217947678327e+01
1.506994768653818717e+01
1.507434319213053087e+01
1.326927914605159131e+01
1.334886299024763723e+01
1.507676548261816940e+01
1.326509107866497494e+01
1.292135911630747991e+01
1.275274209722278940e+01
1.406692728120989067e+01
1.279694127167142526e+01
1.295014804531112773e+01
1.326436661474243017e+01
