2.082408323949474505e-01
5.116637936421373212e-01
9.342310193819031161e-01
-2.640668519837364059e+00
-1.942179762952124467e+00
-8.439527359102215742e-01
-8.495976317488935781e-01
-1.177428872343366517e-01
3.279912766595539653e-01
-2.083158814889906285e+00
-9.348481933988009862e-01
-1.594914424016988519e-01
2.958981127552581802e-01
1.118618810029225363e+00
-2.368731499133958973e+00
7.358746685240988850e-01
1.743528583434026946e-01
1.184998270842415602e+00
-4.093697400387765195e-01
-1.126556178345884396e+00
-5.362191322364259216e-01
6.738291367057945846e-01
-2.249378505681965734e+00
1.728200198166055301e+00
5.622831719259846484e-01
-4.469780674832984912e-01
-9.776965621603894707e-02
1.533468190374837337e-01
1.842346219102234672e-01
-1.686071299211190810e+00
-1.584025172024526196e+00
-1.812183646554206273e+00
6.312733098204073023e-01
-1.755553137840559330e+00
-8.055027871834838926e-01
6.084299136160834821e-03
6.376869227150906427e-01
-5.258279175695466101e-01
-1.065398487069160849e+00
1.411199119773913768e+00
-1.954153876460298922e-01
-2.268681952157652670e+00
7.308246679670021839e-02
-7.414453095017869977e-01
-1.027869728398751681e+00
1.937792032938581363e-02
1.222648001111197757e+00
-1.883193232708067766e-01
5.291937218706881385e-01
-9.487949808067045465e-01
-1.813858491559223296e+00
1.283166189361770071e+00
-8.263643063364069230e-02
-3.763652047297556980e+00
-2.341309338699967824e-01
-2.442538330022800075e+00
2.839061711852199910e+00
-5.038260637800086039e-01
5.398473156250945815e-01
-7.149037512141620532e-01
3.753640544232150766e-01
1.111884129148054123e+00
1.610949683514547814e+00
-4.775490267300250835e-01
1.201445137287469489e+00
1.358267636523040389e+00
9.456009223262580310e-01
3.754169989795294593e-01
-7.394046347649091411e-02
5.616174068545809472e-01
-1.269843698579461722e-01
-1.055146447010342214e+00
-7.413113189504689782e-01
6.424174267502109903e-02
-5.308576102984642331e-01
-1.833097032463330833e-01
-7.635426390442524580e-01
9.426377982988508597e-01
1.263029177105854606e+00
1.245826998792410434e+00
7.988150968243959982e-01
2.294706594713641135e+00
-3.101155590643704385e-01
4.003767556014500850e-01
1.530401827575716300e+00
-1.974163039808931153e+00
-2.160746985514942597e+00
-1.454498716623951138e+00
-1.522420001668467915e+00
1.680425599713212537e-01
1.050994559652442151e+00
1.018193418063450956e-01
-2.011220229642745327e-01
-4.749360433453346797e-01
-4.431622022206924139e-01
5.291393947052914770e-01
2.036317503289521991e-01
-8.785544033216043935e-01
3.090829006521077282e+00
-2.842577930667303798e-01
-5.595292604827676319e-01
2.985048832192527257e-01
-2.187860624325602688e-01
1.399204878739149560e+00
-7.901787231824301469e-03
-8.127552885446427400e-01
9.182500580774991539e-01
-1.329673231715378545e+00
-7.984615397814857907e-02
-3.280487461412697758e-01
-7.165652292244659716e-01
-1.653147302702573818e+00
-5.462051782124460741e-01
4.318148475784810980e-01
-2.162682086502761170e+00
2.955368080694108501e-01
6.856320900344338165e-01
-4.906379568282345227e-01
1.020059527337955352e+00
6.506219328613511710e-01
-4.169329626039122022e-02
-2.176243378965106723e-01
2.511050322236564547e+00
3.152034012969426313e-01
5.708526542222873701e-01
-9.005395207323567686e-01
-8.640052325273128719e-01
-3.063499584042373991e-01
4.187685923177495995e-01
1.422211815811070368e+00
-6.016637400407686131e-01
-1.568539944816572662e+00
2.907005533246723172e-01
-9.614652228703883807e-01
-5.821755919509967736e-01
3.150306585970790718e-01
3.303257406535587970e-01
1.484160550700821757e+00
-2.687955370973178937e+00
-4.037225111305279834e-01
1.396666132757582224e+00
8.753482830108844093e-01
-1.985372557657873349e+00
-7.428562375509180082e-01
-1.660728146200239064e-01
-1.876305436796537718e+00
-5.320127129376875930e-01
1.438604027725942203e+00
1.129358578287384118e-01
-3.504356615132848685e-01
-1.827547253433739194e-01
-1.067948956170656771e+00
2.898007199979412141e-01
-8.392812619793608153e-01
-4.483661413004139895e+00
1.903353961319367571e-01
-9.416236118870112692e-01
3.345412425569251752e-02
-5.577339120575801334e-02
-2.956634135753528181e+00
2.512980543432940736e-02
-4.375599217748792902e-01
-1.687515800840844848e+00
-4.736513894151541670e-01
-2.604464762586983784e-01
-7.788184706851335459e-01
2.285907284395863326e-02
-1.034825835379167280e+00
1.536330343644571605e-01
-4.320508296159809580e-01
-4.614546182397220586e-01
2.524064442089581917e+00
1.595915363274065912e+00
1.409256082625090611e+00
-1.403105161546084556e+00
-9.632755317526693339e-01
-7.372421334285351735e-01
1.380297239510769880e-01
-1.451969449867476447e+00
-1.272876469216450923e+00
9.332649785738647563e-02
-1.503076262341922931e+00
3.080302335736359587e-01
-2.074944084244612075e-01
-1.165271549860381173e+00
-5.032487113272949841e-01
-3.479067904584490778e-01
-7.304264367125116175e-01
1.153166162481829016e+00
8.000945040263670593e-01
3.077295331976787618e-01
-8.295636311432712517e-01
-7.946721808553963706e-01
1.143037535922292403e+00
1.670228076139282480e+00
-4.812754537872236393e-01
-2.326783565913751739e-01
6.872163953436616346e-01
-5.573453300266060367e-02
2.182512472181439289e+00
-6.542369932226194118e-02
2.282055522388333757e-01
3.268646218783595736e-01
-1.521720400124365824e+00
4.377983001756238224e-01
-1.274079228411852116e-01
1.065683573249835536e+00
2.562504687269165693e+00
1.663485069100483438e+00
1.079604491701138480e+00
1.392438655120084467e+00
9.840847845693879714e-01
-1.369530530284778225e-01
-7.872351041529619398e-01
-4.927126837908995527e-01
4.567115411679072978e-01
9.326897214190111862e-01
4.396556751270906949e-01
-1.773042606653827624e+00
5.932579531110483001e-02
1.788562042860268042e-01
-2.865124067560387844e-01
-2.432883897971722942e-01
-1.610732598323863174e+00
6.519019453743140069e-01
1.732953121006307329e-01
5.302911574151542018e-01
-6.836107213707461883e-01
-4.411920365157014912e-01
2.948504093490026956e-01
2.193452961045923022e-01
-3.420833424937468337e-01
-4.889844590005396618e-01
-1.440688922892868096e+00
-1.042233991202828447e+00
-9.037009865104034256e-01
-3.917535906914555999e-01
-4.119637918936442489e+00
1.140715180393398143e+00
-5.690579830281242493e-03
-1.150149422516513927e-02
5.862845185168235052e-01
-1.159057389326036080e+00
2.165264202146951200e-01
-7.220381866141668548e-01
-5.618160043606108545e-01
-8.213551387191955211e-01
2.197049499604456779e-01
3.852094636940252004e-01
-3.275493347439459302e-01
-2.867947548637874711e+00
4.453240249854678035e-01
-2.321597510344361459e-01
-3.014176578226736014e-01
3.952144894600594371e-01
4.180764385152023199e-01
-2.880607550848078291e-01
-1.771000848981467479e+00
1.452100987321737480e-01
1.048432339982805717e+00
-5.549663165188131186e-01
-3.174657906922990214e-01
-2.401896614473474911e-01
4.645684597286964257e-02
-6.749955996873243658e-01
-1.001510910212769279e+00
-5.573924821050898482e-01
1.379925989027654676e-01
-3.689203040223826280e-01
-2.157714565962613129e+00
8.032083756800196817e-01
-5.253855293201442622e-01
-2.554849689364972587e+00
1.487746400845235684e+00
5.131677415378483875e-01
1.365411258414503060e+00
-1.263698901447135370e+00
-2.976999808540385928e-01
5.450599730442636792e-01
-9.761655091927193828e-01
-8.961618978584906525e-01
-3.111227646811836611e-01
7.217435217590709717e-01
-1.805857686472839285e+00
5.005943348518810954e-01
8.190252700621877269e-01
7.439855329335351986e-01
9.915664224641148605e-01
3.747508630754557979e-01
-9.822836697981680854e-03
-6.564713441783949222e-01
-2.106780669222444669e+00
-1.981944515239625781e+00
4.538994428407021053e-01
-8.567846442220259373e-01
2.461122323642364329e-01
-5.904835171948358274e-01
-6.915559215726134745e-01
-1.160389936450814119e+00
2.982557432885999837e+00
4.731208154241958730e-01
3.940920479027441026e-01
-6.215880083805531697e-01
-8.782288086526401916e-01
7.661351382778140984e-01
-1.064224549237890338e+00
-9.959842829203062742e-01
1.810485693900946824e+00
1.824028229439794035e+00
-6.343873274906491888e-01
-5.252929904576320030e-01
2.096930432486745932e+00
7.066586787499506972e-01
2.398194219858099885e+00
8.663711131018619893e-01
-3.778793628872381127e-01
-6.714691295181521857e-01
-3.655620295830808251e-03
1.589780628858286637e-01
1.675206447112792096e+00
3.812684652783160932e-01
-1.262401156629997523e-01
-1.103161643784843389e-02
1.081808803465586388e+00
-1.239582832370329735e+00
-2.069668881991370002e-01
2.780950709249315200e-01
-3.411461107427757877e-01
-7.083381649514093326e-01
-1.144327803079099981e+00
2.982060052711881792e-01
1.093468089632486651e-01
1.776421438986125478e+00
1.233626097492477980e+00
-8.620349773865033649e-01
1.064676509671256127e-01
2.550761255314561549e+00
1.237332313239463577e+00
-7.390608012917648795e-02
1.806861090648424595e+00
8.561574891408918475e-02
1.002136300563105653e+00
1.822735366071064123e+00
9.352248316863220889e-01
-1.021896410064629564e-02
-2.470347529286377242e+00
-5.032914786082339775e-01
5.314187373784372559e-01
-4.658869597635088566e-01
1.033597021978002184e+00
1.443738690063341767e+00
-3.809551351589242629e-01
-1.646337057392120995e-01
7.500067990353851410e-01
-3.477346248670953432e+00
1.915203682470625779e+00
7.349284068160265582e-01
-1.223738562495642279e+00
-5.155540971953657126e-01
-5.286730761654112598e-01
-3.825725019354554224e+00
4.324276606851301143e-03
-9.194778780769545523e-02
5.378460416305880232e-02
1.151403104466293126e+00
-4.908344227093439094e-02
-5.681219400907870920e-01
1.024922972371123953e+00
-9.486793604536317703e-01
-9.434921788114440933e-01
9.880064371799751610e-01
2.019768046051185206e-01
1.630137002038388183e-01
6.240153018836567256e-01
4.717805391616526900e-01
-6.135227189606838882e-01
-5.102151152743500395e-01
1.144276057275598113e+00
1.858015546173472365e-01
-6.470833905950973408e-01
1.246964735837149257e-01
2.799681239171745162e+00
-1.763110047890755760e+00
-2.941225136206303548e-01
-4.242712505241552079e-01
-3.674240818142008869e-01
-1.730648531980684135e-01
-6.435838183319031458e-02
7.465820140826104345e-02
-3.427753589236033349e-01
-5.863543077042814300e-01
9.086080037601160231e-02
5.697763221474923950e-02
-2.102287141409813653e+00
3.367165851919386999e-01
-1.079129289297139138e+00
-1.585469947973794591e+00
-2.120345290988247200e+00
-7.061763364998387971e-01
-1.088752797638679937e+00
-1.500013243189116219e+00
-1.423226999430073691e+00
-7.166407744974990779e-01
-2.663360577976412458e-01
-9.058572987977910884e-01
-1.368064146323621499e-01
1.835474871305075306e-01
-2.397991070907893540e+00
-6.795046170203009606e-01
8.850807261715386565e-01
3.637118914694612015e-02
-1.949562518094842267e-01
7.865541911852510504e-01
8.443128718339675265e-01
-1.074833989557304026e+00
1.079924108480860623e+00
3.874075776836651275e-01
-6.078340319323664032e-01
3.518686557023871786e-01
1.741743095117704643e+00
3.549139843519482640e-01
1.801920225856373348e+00
1.163593359024971408e+00
-7.602734116461778990e-01
3.480732577745480061e-01
-1.928956444646330315e+00
-9.829221210341915205e-02
1.717800579879513290e+00
2.335383037447382459e-01
-1.192059291972878521e+00
-4.005972920525522896e-01
-2.880587738175997004e-01
5.424835950212572033e-01
-9.188880929424008137e-01
-1.492957825677732053e-01
1.138580774191060296e+00
