2.089266868428647062e+00
2.029717468954692183e+00
1.918054233359451244e+00
2.180346911439042135e+00
2.023055230870059340e+00
2.041212406090408216e+00
2.023131127749392633e+00
2.077314306183601023e+00
2.129540781019529927e+00
2.059725407639989569e+00
2.005532158697817202e+00
2.029717468954692183e+00
2.020199147255770544e+00
2.154618564800915070e+00
2.163291568034864554e+00
2.167587704391625625e+00
2.168598727994857533e+00
2.057191546248671621e+00
2.139393242203642576e+00
2.486470578865408232e+00
2.073606844739542598e+00
2.057191546248671621e+00
2.021749822268303909e+00
2.025469565749231649e+00
2.086235719990853887e+00
2.171020211620894536e+00
2.152746515477055311e+00
1.922105583411145346e+00
2.175545482860270496e+00
1.918054233359451244e+00
2.544430161457936546e+00
2.144183437901094447e+00
2.041212406090408216e+00
1.932625856196593217e+00
1.931333164723013640e+00
2.005532158697817202e+00
2.139393242203642576e+00
2.011075341196516320e+00
2.009711879100914977e+00
1.997542679804138022e+00
2.112356122511704903e+00
2.051162330064029593e+00
2.486470578865408232e+00
1.918054233359451244e+00
2.164440939193879920e+00
2.067827754499659498e+00
2.011075341196516320e+00
2.144183437901094447e+00
2.002615284955130637e+00
2.152746515477055311e+00
2.041212406090408216e+00
2.051162330064029593e+00
2.087023735442802508e+00
1.926098729711346547e+00
2.002615284955130637e+00
2.023131127749392633e+00
2.021028072710724821e+00
1.980641824438084342e+00
2.086235719990853887e+00
2.143480926058042080e+00
2.170363512561265917e+00
2.110170796284917660e+00
2.162952380937801067e+00
2.118490673586297390e+00
2.152769159503432839e+00
2.016237877013272062e+00
2.142836275243787281e+00
2.049734536955298836e+00
2.122738576791757925e+00
2.129540781019529927e+00
2.059725407639989569e+00
2.046372134366577278e+00
2.135853208861413055e+00
2.053656979060396903e+00
2.046130354307178933e+00
2.013793408877108781e+00
2.015126691248210644e+00
2.082213584925532768e+00
2.152769159503432839e+00
2.101650404196249600e+00
2.086235719990853887e+00
1.971575889486615107e+00
2.077661317865777679e+00
2.053586869683933003e+00
2.136451790371292514e+00
2.023055230870059340e+00
1.922105583411145346e+00
2.150730469808497247e+00
2.029487104108690598e+00
2.218730503622182937e+00
1.926098729711346547e+00
2.284951575677022007e+00
2.019439389256141748e+00
2.036993430650483994e+00
2.025198368941504956e+00
2.079430772898059665e+00
2.059725407639989569e+00
2.041212406090408216e+00
2.019105925319893746e+00
2.073125990522913131e+00
2.051162330064029593e+00
2.399249434587059415e+00
2.021810447488761486e+00
2.176340445235607657e+00
2.039034364694653600e+00
1.908372203196766037e+00
2.139393242203642576e+00
2.036601443339146833e+00
1.999583211601387189e+00
2.041212406090408216e+00
1.932625856196593217e+00
2.100940289871233269e+00
2.055603823102536420e+00
2.053471748895576710e+00
2.051162330064029593e+00
2.008341883140637663e+00
2.011078148737103000e+00
2.129540781019529927e+00
2.082114634005837406e+00
2.048675343559418494e+00
2.086961643721475745e+00
2.006965336620390783e+00
2.029591150286684353e+00
2.164036510354992782e+00
2.175206230472684688e+00
2.232611940721735966e+00
2.329179521101383266e+00
1.985801552714253404e+00
2.051162330064029593e+00
2.011075341196516320e+00
2.169595632579003563e+00
2.091777324541390204e+00
2.185490588630173203e+00
2.041212406090408216e+00
2.166627952576608340e+00
2.024435705660490914e+00
2.041212406090408216e+00
2.086235719990853887e+00
1.992408636035908120e+00
2.046372134366577278e+00
1.963434507971211662e+00
2.086162057294204786e+00
2.046440267388633494e+00
2.082466163352741262e+00
2.154493789164603879e+00
2.009711879100914977e+00
1.986409665060994589e+00
2.172504158211508329e+00
2.133111676148916835e+00
2.222561888856595669e+00
1.987761030476909774e+00
2.128687523888187272e+00
2.038323505973258065e+00
2.026933321986090775e+00
2.030078671296182691e+00
2.379840873745568963e+00
2.353739067257728745e+00
2.165776313921003560e+00
2.026242133577941029e+00
2.144183437901094447e+00
2.134233513927473957e+00
2.063556792874402301e+00
1.912561115007815671e+00
2.005532158697817202e+00
2.128687523888187272e+00
2.013782730574870339e+00
2.144248052990043618e+00
2.229472898208357368e+00
2.218730503622182937e+00
2.214608919084729788e+00
2.317498749232977939e+00
1.919411178285671538e+00
2.144183437901094447e+00
2.148624930939602162e+00
2.100603128681969967e+00
2.317498749232977939e+00
2.138982441672815593e+00
2.052003188557314672e+00
2.013782730574870339e+00
2.009711879100914977e+00
1.928728714431238389e+00
2.005158105723640727e+00
2.020438030059519274e+00
2.005532158697817202e+00
2.098553266534882056e+00
2.079400551431364708e+00
2.107196394235535841e+00
2.399249434587059415e+00
2.025646964033658293e+00
2.163488910063229742e+00
2.092357431302831916e+00
2.055603823102536420e+00
2.132690119412985474e+00
2.011078148737103000e+00
2.040333544872860116e+00
2.004192525118813961e+00
2.459622426514369131e+00
1.986409665060994589e+00
2.101650404196249600e+00
2.055603823102536420e+00
1.964733924555916555e+00
2.001393311033831335e+00
2.065752528712878622e+00
2.089334653617739512e+00
2.005511421576395392e+00
2.155555685401494781e+00
2.122612258123750095e+00
2.055603823102536420e+00
2.086235719990853887e+00
2.041212406090408216e+00
2.114029873163376205e+00
2.035666416051121974e+00
2.143159507742254277e+00
2.057191546248671621e+00
1.919411178285671538e+00
2.446760175094794487e+00
2.139393242203642576e+00
2.123853088459454863e+00
1.915320775303572143e+00
2.170118192673127222e+00
2.218730503622182937e+00
2.078626552658437543e+00
2.529428009658954757e+00
1.967281130600839312e+00
2.055603823102536420e+00
2.030334595768926942e+00
2.139393242203642576e+00
2.544430161457936546e+00
2.005532158697817202e+00
2.134233513927473957e+00
2.129540781019529927e+00
2.076574524741938266e+00
2.148624930939602162e+00
2.148624930939602162e+00
1.982751132223660839e+00
2.004802363225024475e+00
2.076396749181278256e+00
2.041212406090408216e+00
1.993214612153787924e+00
2.112356122511704903e+00
2.019380791128795316e+00
2.092604319438453153e+00
2.229472898208357368e+00
1.997132165456695141e+00
2.329179521101383266e+00
2.128687523888187272e+00
2.008341883140637663e+00
2.051162330064029593e+00
2.035666416051121974e+00
2.062971004374114514e+00
2.041212406090408216e+00
2.175872715705794658e+00
2.229472898208357368e+00
2.129540781019529927e+00
2.028213363112670198e+00
2.388397622923680075e+00
2.038508742773439408e+00
1.928728714431238389e+00
2.014108159985894542e+00
2.036870974660372813e+00
1.932625856196593217e+00
2.116369977344158659e+00
2.035666416051121974e+00
2.172962644924828268e+00
2.235579620724131189e+00
1.976801182265706114e+00
2.009711879100914977e+00
2.017795228039687139e+00
2.073707943531390097e+00
2.004192525118813961e+00
2.013036263087218725e+00
2.055603823102536420e+00
2.025646964033658293e+00
2.175429347358105669e+00
2.218730503622182937e+00
2.071491822607474997e+00
2.029591150286684353e+00
2.070355172022346313e+00
2.041212406090408216e+00
2.019119837548411844e+00
2.010858694088789367e+00
1.992408636035908120e+00
2.179876506455381335e+00
2.077278549919817419e+00
2.139461375225698347e+00
2.029591150286684353e+00
2.446760175094794487e+00
2.086235719990853887e+00
2.071791826060239927e+00
2.092175933824731437e+00
2.486470578865408232e+00
1.985302485850097387e+00
1.993214612153787924e+00
2.015126691248210644e+00
2.366601318677303389e+00
2.067127688003789210e+00
2.238405647413557631e+00
1.923443077000986268e+00
2.029567266804591430e+00
2.051162330064029593e+00
2.061970931426426290e+00
2.126443643358163271e+00
1.988718929275973046e+00
2.013782730574870339e+00
2.088463934364906738e+00
2.012423114279758618e+00
2.107196394235535841e+00
2.051162330064029593e+00
2.013943208383081274e+00
2.341262380921028008e+00
2.006965336620390783e+00
2.094886606718357580e+00
2.100940289871233269e+00
2.055603823102536420e+00
1.985805798488032847e+00
2.011078148737103000e+00
2.165054091812519399e+00
2.317498749232977939e+00
2.109258984850337804e+00
2.118490673586297390e+00
2.148624930939602162e+00
2.051162330064029593e+00
2.137327644579327224e+00
2.112356122511704903e+00
2.117146318209157219e+00
2.051980376652532634e+00
2.136451790371292514e+00
1.991051140310247103e+00
2.229472898208357368e+00
2.046372134366577278e+00
2.144183437901094447e+00
2.133111676148916835e+00
2.109258984850337804e+00
2.005532158697817202e+00
2.095262831915000401e+00
2.329179521101383266e+00
2.122738576791757925e+00
2.094886606718357580e+00
2.112356122511704903e+00
2.016237877013272062e+00
2.167227865282956412e+00
1.937733453832380492e+00
2.122612258123750095e+00
2.051162330064029593e+00
2.019119837548411844e+00
2.008341883140637663e+00
2.379840873745568963e+00
2.021028072710724821e+00
2.087325803601976837e+00
2.098553266534882056e+00
2.057191546248671621e+00
2.152434525547918920e+00
2.136341750510053927e+00
2.070467802226164888e+00
2.129441687648601977e+00
2.076574524741938266e+00
2.131216167733672950e+00
2.013782730574870339e+00
2.226132783985982577e+00
2.067127688003789210e+00
1.941498292855997621e+00
2.446760175094794487e+00
2.059725407639989569e+00
1.927416922222454199e+00
2.150212654085737363e+00
2.107263342711471754e+00
2.023654683231389750e+00
2.130014538487549736e+00
2.029487104108690598e+00
2.180695572035312058e+00
2.043472587386237826e+00
2.092604319438453153e+00
2.051162330064029593e+00
2.011078148737103000e+00
2.035002132060486080e+00
2.139016394446284774e+00
2.130369879995964943e+00
2.035666416051121974e+00
2.036870974660372813e+00
1.918054233359451244e+00
2.156479952162241975e+00
2.041212406090408216e+00
2.410519857070043681e+00
2.052318072549873751e+00
2.029591150286684353e+00
1.993214612153787924e+00
1.999583211601387189e+00
2.076574524741938266e+00
2.046372134366577278e+00
1.912561115007815671e+00
2.067577760774130802e+00
2.002986211222078428e+00
2.029591150286684353e+00
2.041212406090408216e+00
1.979564061620685766e+00
2.110170796284917660e+00
2.017795228039687139e+00
2.055603823102536420e+00
2.070382758161970038e+00
1.918054233359451244e+00
2.016579529998200560e+00
2.017795228039687139e+00
2.035666416051121974e+00
2.074725244622024345e+00
2.025646964033658293e+00
2.156577900711468043e+00
2.034519400693063140e+00
2.117146318209157219e+00
2.043387142675055390e+00
1.920761622737805041e+00
2.092604319438453153e+00
1.999583211601387189e+00
2.074812536183969325e+00
2.169298528876705934e+00
2.128687523888187272e+00
1.927416922222454199e+00
2.161425231981826123e+00
1.908372203196766037e+00
2.134233513927473957e+00
2.079430772898059665e+00
1.966650740741934467e+00
2.130014538487549736e+00
2.006965336620390783e+00
2.393449471028342934e+00
2.020438030059519274e+00
1.919411178285671760e+00
2.109565030251364881e+00
2.090153273293760883e+00
2.021749822268303909e+00
2.027666563198519789e+00
2.148116850403430700e+00
2.377972683514087304e+00
2.107196394235535841e+00
2.005532158697817202e+00
2.145824064368193174e+00
2.007242640974164605e+00
