-1.313594500616804606e+00
2.775545850217621124e-01
1.159981406147839955e+00
2.741122961861965357e-01
1.456459749737696596e-01
-1.492021193468642704e+00
-3.040807291887955288e-01
5.323126072356295424e+00
3.096933833909482070e-01
-8.097988970034689649e-01
1.696571787431436107e+00
-8.429184288791155000e-01
6.559575491375974066e-01
-8.193743743681433100e-01
7.340189977908964103e-01
-1.599401464642151938e+00
-9.502273021865170755e-01
-7.162426844506940560e-01
3.761635048861211583e-01
-8.651311637963803314e-01
1.389793907156174235e+00
1.045701924244619718e+00
2.974211461005158430e-01
-1.266385655231650809e+00
4.392866070091503428e-01
1.238293223372983198e-01
-5.791643721997048466e-01
8.802869534347091962e-01
-1.028043625582332421e+00
4.789018874232154332e-01
-5.547851831190874217e-01
-3.081971563479503629e-01
1.571297313097949289e+00
4.144605151817458144e-01
1.962271187892280500e-01
1.961006860122379569e-01
-8.693872161376868801e-01
-6.171936879700034018e-01
-2.815524468750507658e-01
1.955751772741659567e+00
-9.938853533695977127e-01
-7.443869903151526524e-01
9.483463712659514488e-01
2.549517075692164236e-01
-6.628996254073277195e-01
3.611834945840498023e-01
3.240144797790685538e-01
-1.453969824244635278e+00
-8.407284609654191998e-02
-1.426999048181186946e+00
1.428571508621929054e+00
-8.711659949127453784e-01
-7.252874970168075031e-01
2.179704878395776202e-01
3.395613334215513146e-01
2.495961116669508151e+00
-3.242245259703356308e-01
4.703578441420223910e-02
-1.182474343171030506e+00
7.108942291556068493e-01
9.682895171863515893e-01
-7.166693095390280765e-01
-1.305075751162285025e+00
-1.258568877338695602e+00
1.993212889874978355e+00
-3.755859149127585561e-01
-9.047257362597924679e-01
1.851552229482856360e+00
-3.318789703272502223e-01
3.041459928376114008e-01
9.564869461803638950e-01
1.854142156885696169e+00
3.689921457640513713e-01
-6.265969638845196067e-03
-1.051943756240016237e+00
2.761242561648615257e-01
-1.014281622509605185e+00
5.373219685683751301e+00
6.607894498955984020e-01
-8.524389167629018438e-01
1.325486357626067369e+00
9.021939858476332175e-01
1.436384778600438006e+00
-2.595642519773948553e-01
8.663015586366418219e-02
2.600835482219623906e-01
5.219337802719152541e-02
5.212606936735459939e-01
-5.823723335064276974e-01
-1.481003871752408774e+00
4.579385851109552541e-01
4.401039060354893784e-01
-2.177811705049033097e-01
7.177074898519201218e-01
-1.325871540969278950e+00
-7.313765150866552434e-01
-1.011053931140484696e+00
-1.436100534558883091e+00
-8.578004953493445495e-01
-5.216697562879448746e-01
3.824455472285034907e-01
-2.288347805758524089e-02
7.750250631428940995e-01
5.103398677842754250e-01
3.247991023097444585e-01
1.002375103510840582e+00
-1.887977101784653167e+00
1.774878760091791463e+00
-8.973892209585305757e-01
3.976786702834340659e-01
4.890597592123372903e-03
1.258231207368578908e-01
-1.393744951659371178e+00
-6.075461941748836470e-01
-7.212032739157261396e-01
-3.387005909865067332e-01
-4.625699362342975962e-01
1.563082567177177529e-01
-9.626782574703673934e-02
3.414875151245640450e-01
5.940954877855043892e-02
2.060159534458364305e+00
9.507577857542438837e-02
-1.326229551821996644e+00
-6.580571070155643021e-01
2.414111212009530938e+00
-4.751854589894864422e-01
1.910883482075019235e-01
-1.669275453139880128e+00
1.571626758024116111e-01
2.010363189196044509e+00
2.838949111703898964e-01
-1.162703960286119331e+00
1.102478216863153504e+00
1.283855249073725391e+00
3.303135634963970113e-01
-1.015300581287169379e+00
-5.033609711526708663e-01
-4.067973304580566052e-01
1.235441601583240345e+00
1.300116599045395560e+00
1.787802371491200137e+00
-2.689906694973222545e-01
-1.077624755618388219e+00
-1.201320300061121005e+00
2.046554557923765671e-01
9.479523693245370808e-01
-1.875070674246561708e+00
-7.990327296292289161e-02
1.293383780587553933e-01
-1.295801633762490024e+00
-1.654687456762236497e+00
-4.318100602538456623e-01
9.125667707912376025e-01
-1.989405683905105970e+00
-2.841375699140941125e-01
-2.849119499768524855e-01
-3.839933310388798371e-01
-2.273878613976230423e-01
1.590484388276239835e+00
2.871325680999424090e+00
5.786656721074362811e-03
2.422331752217186246e-02
7.493794430905489357e-01
-1.086837641501283036e+00
9.707237904861107936e-01
1.253074956293096287e+00
2.515247381494582490e-01
-1.684725144911849215e+00
6.016183841426350210e-01
-9.081456486926375860e-02
5.765320897711676551e-01
-4.515494936199964671e-01
-1.268218489951924988e-01
8.779563881253705793e-01
2.400885785424905772e-01
-5.192827110958327941e-01
-1.797894717303048395e+00
-5.129214980008274249e-01
1.899926357521809717e+00
-1.127354727898132181e+00
1.913382015302997008e+00
1.604928316308375624e+00
-1.755590235689562795e-01
-1.274201160514783771e-01
-1.042523377664038353e+00
-2.083739838811622669e-01
8.470321311257193730e-02
2.595731075375989905e-01
-1.233479977169419373e+00
-8.797902742919300190e-01
1.095444192042972942e+00
-1.551611826438650477e+00
-2.261630073404801156e-01
3.763729526677070947e-01
-7.528048621837332144e-01
-4.235272184387851580e-01
1.910131683710510897e+00
-1.147646768570256492e+00
-7.412117802640629805e-01
1.034138805724487575e+00
-9.523539976776570493e-01
-1.165458378254192184e-01
-1.579178843843566993e+00
2.929840576711499001e+00
-3.715331062928922679e-01
2.710658571416211804e-01
-3.488395960981203747e-01
-5.369533929862376764e-01
-6.977102084264046322e-01
9.162526830003897907e-03
-1.151169609460354071e+00
-1.524567731150586303e+00
-6.311966420330367145e-02
1.535422363411499402e+00
7.676178439959595590e-01
2.572850485965974876e+00
2.558309070183834577e-01
-6.705922901136502912e-01
-2.985412683430300751e-01
-8.063239797652127505e-02
-8.593532700912744904e-01
-6.605265827153924407e-01
4.713869997936760425e-01
-3.781735851488558509e-01
-2.024494877599512854e+00
-6.837025757266888826e-02
-1.970467432935999186e-01
-1.179605667598587239e-02
1.958900188254810937e+00
4.024994231218838835e-03
3.671523579759081723e-01
-1.106885629454641001e-01
2.523635683413574693e+00
-4.670053866988717606e-01
1.928391698968346946e+00
-1.336283495988240366e+00
9.267912990286881758e-01
4.586715242983024354e-01
6.488848539764016099e-01
-2.948027582479512687e-01
3.261660976081485197e-01
-1.092799989826011675e+00
2.486489308610495996e+00
-9.595972828250360909e-01
-3.688895089910712022e-01
3.856807530174860554e-01
4.176355907282754409e-01
1.875768672144376037e+00
2.069822417921216851e-01
-1.097499927617534565e+00
1.675521224763285799e+00
-4.926460376859032042e-01
-2.386763276463501476e-02
2.609873361645297929e-01
-1.087234686572331910e+00
-1.694627511451838320e+00
-4.727608267092973243e-02
3.186686245396501693e-01
7.439238794546395583e-01
1.476981928339419659e+00
4.702921375035778451e-01
4.390351598551214263e-01
-1.955303792456148493e+00
6.600200772689485129e-02
2.011477347812545002e-01
7.069909919451340397e-01
-1.024889641171937482e+00
-8.360446576660816032e-01
3.750663290571100705e-01
-2.198813911479367889e+00
8.037743452434518154e-01
4.806330078163953412e-01
-9.323117503060266431e-01
-2.265266595022403795e-01
-1.718614177769045848e-01
5.227208225809677061e-02
-6.497025284738151552e-01
1.631585854100090272e+00
-5.918827968456957800e-01
2.629734164836156629e-01
8.851322161269613575e-01
-1.543833617753617160e-01
-1.041889978307493081e+00
1.570437798107545024e+00
-1.130734348691805335e+00
5.657132941734420717e-01
1.028153216924916347e+00
-8.256097786503135971e-01
-1.027301222313443896e+00
4.443864848844262250e-01
-1.345132949904667807e+00
5.166198625610414485e-02
3.188616788129023383e-01
-2.466718371302146495e-01
6.831458079213309498e-01
-5.690739149730260626e-01
5.407379871108937142e-01
5.107598054757137795e+00
-4.332499009025681524e-01
1.637461766361743454e+00
6.115917960095177408e-01
-8.412048516772462348e-01
-1.698391960933716971e-01
-6.291940979302702575e-01
1.427525408786949779e+00
-1.788042570087644001e-01
2.897720608036628565e-01
1.178826176951240923e-01
-1.979797268418456990e-01
-6.489571086306621384e-01
-5.670580296556741035e-02
3.564296635064416185e-01
-6.112996941823346519e-01
-2.501641732875309887e-01
3.693280311455603426e-01
-1.003293309224550178e+00
7.452501649949492268e-01
2.071526936089074789e-01
4.867096292907311383e-01
7.273986830719679775e-01
-8.247989524879352219e-01
-1.511500717564403518e+00
-2.758002216434747855e-01
9.202308014659904556e-01
-5.980717514538355095e-01
-9.540255901586807141e-01
-1.895962361763718906e-01
-2.072885424422604358e-02
-1.761637530489800874e+00
-2.773127844969016653e-01
-6.218798875780826574e-01
-6.356995175243081997e-01
5.334995464893065725e-02
-4.919569603517015555e-01
-2.907893452692187908e-01
-1.014328831899931949e+00
-1.250831391980589125e+00
-2.901826316660320315e-01
8.808988069406264998e-01
-9.612761933417500737e-01
4.064853189655210364e-01
1.715728114267715265e-01
-2.046762944099844439e-01
-7.245582748756015379e-01
5.571627925877536969e-01
9.245528356946748350e-01
-5.389368260343053302e-02
1.274143249403992539e-01
-8.961418758515981020e-01
3.231165200040707064e-01
-9.952087364843816841e-01
1.362524838537705896e-01
2.534967499314813022e+00
-2.918771573057605262e-01
-2.154982016933648936e-01
8.438585357882277815e-01
7.533654250372271433e-01
2.885732310145036617e-01
1.813187704177769699e-02
1.498676421887142618e-01
6.956629668150650092e-01
3.212851467949343620e-01
5.090028890724296318e-01
4.381459213957495519e-02
-7.923336242966294574e-01
1.019498325210250522e+00
-1.529090558094838848e+00
-2.392900315989719140e-01
-6.531374110132023292e-01
7.984947268605140369e-01
-6.744467563440627034e-01
1.086311663955688678e+00
2.001991079277891217e+00
-1.406848933679698099e+00
2.911582726990631920e-01
1.139914080286502929e-01
1.117982347600016579e+00
2.463776492866534551e-01
6.933196983359295185e-02
2.320349111574998346e+00
-1.033375603958589739e+00
1.067302284799294565e+00
-7.264339902210187327e-01
2.939101417329358923e-01
9.978030823229699919e-01
1.106403965371192122e-01
-1.355168197195868451e+00
2.588511613672122569e-01
1.729096137187134397e-01
-9.619489229071053193e-01
-4.253199079234767366e-01
-3.774858571116962991e-01
2.152852927423945240e-01
-1.570238958355377301e+00
-5.084965753478416506e-01
8.901377842436447585e-01
-6.028848097684980090e-01
-2.410510160797509627e-01
7.511613601775636306e-01
-5.326406529889649022e-01
4.389533445081733598e-01
-1.135040471935735651e+00
-5.352749315955230847e-01
3.091509682461276998e-01
-9.166166080832746643e-02
3.242911111604511176e-01
-3.886934646659531700e-01
6.838117007390973612e-01
-1.728732732718372689e-01
-8.028750033280026566e-01
7.736429425446250674e-01
-3.620217893681443866e-01
-1.439459691305883915e+00
-2.796307687591059743e-01
7.226603681655202616e-02
-8.055092540674894108e-01
6.073872409157948793e-01
-1.484140643619077604e+00
-1.138864477127491531e-01
-1.585564195476597993e+00
8.144635252269087911e-01
-6.207781422282475647e-01
4.791393453313222417e-01
-5.470621307280268963e-01
-4.476659776877160019e-02
-3.090691031521417553e-01
8.990881816351701250e-01
3.807631435369044359e-01
9.253005715119204666e-01
-7.905285390624414710e-01
-9.065054094099751769e-03
-2.929676681297190832e-01
1.849040420437186583e-01
-6.257779608383806647e-02
-9.933359883415381342e-01
