4.062800000000000182e+03
4.447699999999999818e+03
4.238300000000000182e+03
4.956100000000000364e+03
4.178399999999999636e+03
4.047800000000000182e+03
4.235199999999999818e+03
4.553399999999999636e+03
4.184000000000000000e+03
4.460899999999999636e+03
4.382300000000000182e+03
4.204199999999999818e+03
3.736599999999999909e+03
4.368199999999999818e+03
4.727000000000000000e+03
4.327899999999999636e+03
4.725500000000000000e+03
4.251699999999999818e+03
4.157500000000000000e+03
4.457800000000000182e+03
4.432899999999999636e+03
4.081199999999999818e+03
4.207000000000000000e+03
4.353199999999999818e+03
4.453500000000000000e+03
4.123399999999999636e+03
3.989900000000000091e+03
4.038599999999999909e+03
5.483000000000000000e+03
3.847699999999999818e+03
4.039699999999999818e+03
4.331100000000000364e+03
4.399600000000000364e+03
3.847699999999999818e+03
3.991300000000000182e+03
4.084199999999999818e+03
4.197800000000000182e+03
3.917800000000000182e+03
4.563500000000000000e+03
3.844599999999999909e+03
4.302699999999999818e+03
4.045900000000000091e+03
3.659400000000000091e+03
3.991300000000000182e+03
5.313399999999999636e+03
4.859300000000000182e+03
4.338600000000000364e+03
4.620500000000000000e+03
4.296699999999999818e+03
4.425199999999999818e+03
3.772400000000000091e+03
4.327800000000000182e+03
4.591800000000000182e+03
2.899400000000000091e+03
4.457600000000000364e+03
3.659000000000000000e+03
4.847500000000000000e+03
3.887199999999999818e+03
4.688600000000000364e+03
3.718099999999999909e+03
5.000600000000000364e+03
5.827199999999999818e+03
4.100300000000000182e+03
4.469800000000000182e+03
4.726399999999999636e+03
4.531100000000000364e+03
4.644300000000000182e+03
4.114600000000000364e+03
4.331500000000000000e+03
4.512000000000000000e+03
3.945099999999999909e+03
3.620099999999999909e+03
4.316800000000000182e+03
4.113100000000000364e+03
3.811400000000000091e+03
4.568300000000000182e+03
3.521300000000000182e+03
4.858199999999999818e+03
5.205100000000000364e+03
5.082399999999999636e+03
4.844100000000000364e+03
4.814300000000000182e+03
4.574800000000000182e+03
4.095500000000000000e+03
4.569500000000000000e+03
3.870500000000000000e+03
3.701099999999999909e+03
4.800699999999999818e+03
3.943400000000000091e+03
4.459300000000000182e+03
3.533199999999999818e+03
3.807900000000000091e+03
4.262899999999999636e+03
3.893699999999999818e+03
4.130600000000000364e+03
4.424600000000000364e+03
4.064300000000000182e+03
3.977699999999999818e+03
4.384500000000000000e+03
4.003800000000000182e+03
4.307600000000000364e+03
4.236800000000000182e+03
4.453399999999999636e+03
4.784899999999999636e+03
4.053199999999999818e+03
3.724400000000000091e+03
4.402100000000000364e+03
4.181000000000000000e+03
3.695699999999999818e+03
3.990300000000000182e+03
4.786100000000000364e+03
3.972300000000000182e+03
4.429399999999999636e+03
4.025800000000000182e+03
3.987199999999999818e+03
3.717000000000000000e+03
4.127399999999999636e+03
4.976600000000000364e+03
4.180699999999999818e+03
3.998000000000000000e+03
4.017099999999999909e+03
4.418699999999999818e+03
4.510699999999999818e+03
3.947699999999999818e+03
3.740099999999999909e+03
4.358800000000000182e+03
4.157300000000000182e+03
4.171300000000000182e+03
4.111699999999999818e+03
4.129000000000000000e+03
4.288699999999999818e+03
5.102600000000000364e+03
3.966300000000000182e+03
4.525100000000000364e+03
4.570699999999999818e+03
3.428800000000000182e+03
4.220100000000000364e+03
4.711699999999999818e+03
3.559900000000000091e+03
4.122800000000000182e+03
4.683000000000000000e+03
4.387500000000000000e+03
4.103300000000000182e+03
3.787599999999999909e+03
5.064699999999999818e+03
4.178399999999999636e+03
4.305199999999999818e+03
4.876600000000000364e+03
3.719500000000000000e+03
4.509399999999999636e+03
4.197000000000000000e+03
4.379000000000000000e+03
4.448800000000000182e+03
4.244199999999999818e+03
4.724300000000000182e+03
4.006500000000000000e+03
4.207100000000000364e+03
4.476899999999999636e+03
4.142100000000000364e+03
4.332899999999999636e+03
4.319399999999999636e+03
3.978800000000000182e+03
3.824099999999999909e+03
4.093500000000000000e+03
4.445300000000000182e+03
4.244199999999999818e+03
5.462600000000000364e+03
3.946199999999999818e+03
4.830199999999999818e+03
4.418600000000000364e+03
4.104899999999999636e+03
3.982699999999999818e+03
4.794300000000000182e+03
4.482199999999999818e+03
4.770000000000000000e+03
3.220800000000000182e+03
4.561899999999999636e+03
3.830400000000000091e+03
3.943400000000000091e+03
3.763800000000000182e+03
3.503000000000000000e+03
4.209199999999999818e+03
3.892500000000000000e+03
4.047500000000000000e+03
4.810199999999999818e+03
3.770199999999999818e+03
4.206399999999999636e+03
4.277899999999999636e+03
4.338600000000000364e+03
4.284399999999999636e+03
4.488100000000000364e+03
4.217500000000000000e+03
3.829699999999999818e+03
4.355399999999999636e+03
4.372899999999999636e+03
4.347500000000000000e+03
4.011199999999999818e+03
4.320000000000000000e+03
3.621000000000000000e+03
4.274500000000000000e+03
4.339399999999999636e+03
4.129300000000000182e+03
4.691199999999999818e+03
4.141100000000000364e+03
4.016599999999999909e+03
4.311300000000000182e+03
4.812500000000000000e+03
4.375899999999999636e+03
4.724000000000000000e+03
4.757300000000000182e+03
4.212800000000000182e+03
4.036800000000000182e+03
4.672800000000000182e+03
4.699399999999999636e+03
3.995300000000000182e+03
4.062699999999999818e+03
4.184399999999999636e+03
4.026300000000000182e+03
3.689300000000000182e+03
4.444399999999999636e+03
4.417600000000000364e+03
4.203399999999999636e+03
4.376600000000000364e+03
4.342000000000000000e+03
4.220300000000000182e+03
4.559300000000000182e+03
4.551300000000000182e+03
3.394500000000000000e+03
4.359600000000000364e+03
4.792199999999999818e+03
4.267699999999999818e+03
4.785500000000000000e+03
5.037800000000000182e+03
4.177300000000000182e+03
4.194699999999999818e+03
4.260399999999999636e+03
3.836300000000000182e+03
3.660900000000000091e+03
4.257899999999999636e+03
4.518399999999999636e+03
3.609300000000000182e+03
4.898199999999999818e+03
4.960699999999999818e+03
4.176000000000000000e+03
3.548199999999999818e+03
3.858000000000000000e+03
4.770500000000000000e+03
4.204100000000000364e+03
3.793800000000000182e+03
4.672100000000000364e+03
3.830800000000000182e+03
3.926099999999999909e+03
4.892800000000000182e+03
4.277699999999999818e+03
4.451600000000000364e+03
4.169100000000000364e+03
4.108199999999999818e+03
3.824099999999999909e+03
3.887900000000000091e+03
4.256699999999999818e+03
3.995300000000000182e+03
4.665100000000000364e+03
4.133899999999999636e+03
3.921599999999999909e+03
4.708399999999999636e+03
4.753100000000000364e+03
4.313199999999999818e+03
4.129300000000000182e+03
4.004300000000000182e+03
4.207000000000000000e+03
3.947599999999999909e+03
4.402000000000000000e+03
4.177699999999999818e+03
5.187300000000000182e+03
5.024100000000000364e+03
4.711500000000000000e+03
5.002899999999999636e+03
3.812900000000000091e+03
4.070199999999999818e+03
3.994599999999999909e+03
4.218199999999999818e+03
3.950800000000000182e+03
4.054900000000000091e+03
3.619400000000000091e+03
4.299199999999999818e+03
4.620000000000000000e+03
4.084599999999999909e+03
3.866099999999999909e+03
3.909900000000000091e+03
3.954500000000000000e+03
3.620500000000000000e+03
4.155500000000000000e+03
4.692800000000000182e+03
4.451600000000000364e+03
4.064300000000000182e+03
4.156800000000000182e+03
4.026199999999999818e+03
3.527300000000000182e+03
4.551899999999999636e+03
3.959400000000000091e+03
3.896599999999999909e+03
3.904599999999999909e+03
4.417100000000000364e+03
3.581500000000000000e+03
3.967500000000000000e+03
4.289500000000000000e+03
4.127600000000000364e+03
4.312800000000000182e+03
4.341300000000000182e+03
4.524500000000000000e+03
3.867000000000000000e+03
5.206699999999999818e+03
4.725100000000000364e+03
3.918300000000000182e+03
3.267699999999999818e+03
4.540800000000000182e+03
4.272600000000000364e+03
3.195699999999999818e+03
4.356399999999999636e+03
4.497100000000000364e+03
4.410800000000000182e+03
4.289600000000000364e+03
4.240000000000000000e+03
3.810099999999999909e+03
4.227199999999999818e+03
4.395600000000000364e+03
4.193500000000000000e+03
4.175699999999999818e+03
4.526100000000000364e+03
4.217699999999999818e+03
4.471100000000000364e+03
3.820300000000000182e+03
4.197600000000000364e+03
4.710100000000000364e+03
4.039000000000000000e+03
3.788199999999999818e+03
4.711899999999999636e+03
4.829199999999999818e+03
4.362899999999999636e+03
4.042099999999999909e+03
4.995500000000000000e+03
3.533199999999999818e+03
4.353500000000000000e+03
4.027000000000000000e+03
3.357500000000000000e+03
4.177699999999999818e+03
3.499599999999999909e+03
4.194399999999999636e+03
4.095000000000000000e+03
4.736699999999999818e+03
5.036199999999999818e+03
4.729800000000000182e+03
4.182600000000000364e+03
4.141100000000000364e+03
3.527099999999999909e+03
4.260500000000000000e+03
4.316100000000000364e+03
4.191899999999999636e+03
3.833500000000000000e+03
4.175399999999999636e+03
2.899400000000000091e+03
4.838899999999999636e+03
4.526100000000000364e+03
4.141899999999999636e+03
4.882899999999999636e+03
4.832899999999999636e+03
4.012599999999999909e+03
5.546899999999999636e+03
3.581500000000000000e+03
3.915900000000000091e+03
4.469699999999999818e+03
4.450600000000000364e+03
4.112899999999999636e+03
4.231100000000000364e+03
4.468199999999999818e+03
5.449399999999999636e+03
4.300199999999999818e+03
3.735199999999999818e+03
4.459600000000000364e+03
4.786100000000000364e+03
4.782699999999999818e+03
4.638600000000000364e+03
3.422699999999999818e+03
5.028600000000000364e+03
4.922199999999999818e+03
4.788600000000000364e+03
4.463500000000000000e+03
4.552699999999999818e+03
4.263899999999999636e+03
4.421000000000000000e+03
3.899199999999999818e+03
4.136899999999999636e+03
4.509199999999999818e+03
3.852000000000000000e+03
4.003099999999999909e+03
4.715300000000000182e+03
4.307199999999999818e+03
1.716200000000000045e+03
4.562500000000000000e+03
3.998500000000000000e+03
4.409300000000000182e+03
4.141899999999999636e+03
3.975699999999999818e+03
4.413199999999999818e+03
4.770500000000000000e+03
5.234699999999999818e+03
4.051900000000000091e+03
4.266500000000000000e+03
3.778099999999999909e+03
3.769699999999999818e+03
5.320800000000000182e+03
4.055199999999999818e+03
3.970800000000000182e+03
4.788199999999999818e+03
4.185699999999999818e+03
3.325300000000000182e+03
4.407500000000000000e+03
3.527300000000000182e+03
4.634699999999999818e+03
4.981600000000000364e+03
4.296000000000000000e+03
4.118500000000000000e+03
4.356699999999999818e+03
4.307199999999999818e+03
4.432800000000000182e+03
4.107800000000000182e+03
4.144100000000000364e+03
5.185899999999999636e+03
4.051900000000000091e+03
3.744500000000000000e+03
4.026599999999999909e+03
4.153600000000000364e+03
4.504800000000000182e+03
3.842000000000000000e+03
3.598099999999999909e+03
4.058099999999999909e+03
