1.025779573260509281e+01
1.051372311076809218e+01
1.009319224534295145e+01
1.066929819727891093e+01
1.037361668897283451e+01
1.049704787220244917e+01
1.053348315029578686e+01
1.081557418584481667e+01
1.045822007773588425e+01
1.046684418398262295e+01
1.057118654355888410e+01
1.051372311076809218e+01
1.053554873412725890e+01
1.052993395644472230e+01
1.051544319516843551e+01
1.050868256875112650e+01
1.050714584352204994e+01
1.050360281642997329e+01
1.071967987024797786e+01
1.038897068511250410e+01
1.044879361925009498e+01
1.050360281642997329e+01
1.036847638830465179e+01
1.053872124679750222e+01
1.081750521441151669e+01
1.050355913194552926e+01
1.069807619287964329e+01
1.011033011897466238e+01
1.049725475968802613e+01
1.009319224534295145e+01
1.028757947154666752e+01
1.071161122963884971e+01
1.049704787220244917e+01
1.015242697703783037e+01
1.014744536899237559e+01
1.057118654355888410e+01
1.071967987024797786e+01
1.032442425423997179e+01
1.031854355818436808e+01
1.056262790855519462e+01
1.048537154754147416e+01
1.048037922074182760e+01
1.038897068511250410e+01
1.009319224534295145e+01
1.051360002422830320e+01
1.028820437626619011e+01
1.032442425423997179e+01
1.071161122963884971e+01
1.055516336848337922e+01
1.069807619287964329e+01
1.049704787220244917e+01
1.048037922074182760e+01
1.026035894759771949e+01
1.012672281929437723e+01
1.055516336848337922e+01
1.053348315029578686e+01
1.054591584878991206e+01
1.059039398534202903e+01
1.081750521441151669e+01
1.054742997433126739e+01
1.050451821874568203e+01
1.076932153076687726e+01
1.051599162866939707e+01
1.076995325569452433e+01
1.073365219353227573e+01
1.055398448939904021e+01
1.054832868448762540e+01
1.052319786219213782e+01
1.074495511966511252e+01
1.045822007773588425e+01
1.046684418398262295e+01
1.048844786135095575e+01
1.055699860483511543e+01
1.031152402555220249e+01
1.032192421805875071e+01
1.033727711228693202e+01
1.034156212787168450e+01
1.080729147161533099e+01
1.073365219353227573e+01
1.050257360170131804e+01
1.081750521441151669e+01
1.060393738392338747e+01
1.027281914391086381e+01
1.052148224304717417e+01
1.044925632026569495e+01
1.037361668897283451e+01
1.011033011897466238e+01
1.043641142463200211e+01
1.039813463364962942e+01
1.069499987907016170e+01
1.012672281929437723e+01
1.032010304696278169e+01
1.033828632338249065e+01
1.052201634458965884e+01
1.033769363677221520e+01
1.082292807204295571e+01
1.046684418398262295e+01
1.049704787220244917e+01
1.053641336792931504e+01
1.082249486663770810e+01
1.048037922074182760e+01
1.052262787405527433e+01
1.053436837207777366e+01
1.049620703233745900e+01
1.032959022781943226e+01
1.005022546044528475e+01
1.071967987024797786e+01
1.052766564595529530e+01
1.057925973881617665e+01
1.049704787220244917e+01
1.015242697703783037e+01
1.077932209988130907e+01
1.047318461874941775e+01
1.031180410185480589e+01
1.048037922074182760e+01
1.031257794157206398e+01
1.056258450025053364e+01
1.045822007773588425e+01
1.044120973166202937e+01
1.031864732354883607e+01
1.026043249758236797e+01
1.030652687352255548e+01
1.053238081203070742e+01
1.051424585281908897e+01
1.049770763758430014e+01
1.067694931433763728e+01
1.025860382434229479e+01
1.058179397449053560e+01
1.048037922074182760e+01
1.032442425423997179e+01
1.067703315606728331e+01
1.079201966543028846e+01
1.048570361961786190e+01
1.049704787220244917e+01
1.068002562814711887e+01
1.053267919179364753e+01
1.049704787220244917e+01
1.081750521441151669e+01
1.057074105542402087e+01
1.048844786135095575e+01
1.061344416181578865e+01
1.055177329931795427e+01
1.051133777521834389e+01
1.026610021731036682e+01
1.053014419215619135e+01
1.031854355818436808e+01
1.059169606314593182e+01
1.050143135678992401e+01
1.045340340273209279e+01
1.068945208663290458e+01
1.057847345647163273e+01
1.073688192440781997e+01
1.033023189562322486e+01
1.038856204398970284e+01
1.052991227127802176e+01
1.018014723780597031e+01
1.022157244254737662e+01
1.051148936426460168e+01
1.053167552927552464e+01
1.071161122963884971e+01
1.072827988109947306e+01
1.046129639154536584e+01
1.006915781425831113e+01
1.057118654355888410e+01
1.073688192440781997e+01
1.033593300820312244e+01
1.054634072288756919e+01
1.068048832916271706e+01
1.069499987907016170e+01
1.070134031383695827e+01
1.027552010724967246e+01
1.009898855172236587e+01
1.071161122963884971e+01
1.070441662764643986e+01
1.077974620600460121e+01
1.027552010724967246e+01
1.055336445753385632e+01
1.031398527443469959e+01
1.033593300820312244e+01
1.031854355818436808e+01
1.013724437940762968e+01
1.055166870318400285e+01
1.036325594500434200e+01
1.057118654355888410e+01
1.080241855245590443e+01
1.044329369293959608e+01
1.049397155839296758e+01
1.052262787405527433e+01
1.038365898593485248e+01
1.068356464297219866e+01
1.025458091576606989e+01
1.047318461874941775e+01
1.056022940045948211e+01
1.056258450025053364e+01
1.051786926212326101e+01
1.029416625958988973e+01
1.043265073206497817e+01
1.059169606314593182e+01
1.050257360170131804e+01
1.047318461874941775e+01
1.061212150948540867e+01
1.028145746934230687e+01
1.029167148582638092e+01
1.025772119415225880e+01
1.055119772558309421e+01
1.052835100552045589e+01
1.076361282092772775e+01
1.047318461874941775e+01
1.081750521441151669e+01
1.049704787220244917e+01
1.076617371971290638e+01
1.050564991551079963e+01
1.054787999105373686e+01
1.050360281642997329e+01
1.009898855172236587e+01
1.045280445144439874e+01
1.071967987024797786e+01
1.056675581478260995e+01
1.008134593267504187e+01
1.050487915733511812e+01
1.069499987907016170e+01
1.027142064555076573e+01
1.031472944051058960e+01
1.060930869047897041e+01
1.047318461874941775e+01
1.052980973254630648e+01
1.071967987024797786e+01
1.028757947154666752e+01
1.057118654355888410e+01
1.072827988109947306e+01
1.045822007773588425e+01
1.044580114717025943e+01
1.070441662764643986e+01
1.070441662764643986e+01
1.058692400779816722e+01
1.055214662280987170e+01
1.027468532225037556e+01
1.049704787220244917e+01
1.058627320551449458e+01
1.048537154754147416e+01
1.053619110318408758e+01
1.081049174771319699e+01
1.068048832916271706e+01
1.056325758890840127e+01
1.025860382434229479e+01
1.073688192440781997e+01
1.031257794157206398e+01
1.048037922074182760e+01
1.050564991551079963e+01
1.029638001141056769e+01
1.049704787220244917e+01
1.049682116942705967e+01
1.068048832916271706e+01
1.045822007773588425e+01
1.039338708293445990e+01
1.053748241721099710e+01
1.052708367409406520e+01
1.013724437940762968e+01
1.033737455086289359e+01
1.052758284560735191e+01
1.015242697703783037e+01
1.075196858636343222e+01
1.050564991551079963e+01
1.050078543671129339e+01
1.067395684225780172e+01
1.059644678964012421e+01
1.031854355818436808e+01
1.035257250698531273e+01
1.027877272619151761e+01
1.029416625958988973e+01
1.054213973238967483e+01
1.047318461874941775e+01
1.038365898593485248e+01
1.049740940946508516e+01
1.069499987907016170e+01
1.082509629697601206e+01
1.053238081203070742e+01
1.028407453060752452e+01
1.049704787220244917e+01
1.035795482819139757e+01
1.054455599504766639e+01
1.057074105542402087e+01
1.049179067349307637e+01
1.027338002157145169e+01
1.074256978411536778e+01
1.053238081203070742e+01
1.045280445144439874e+01
1.081750521441151669e+01
1.052866965877275440e+01
1.079142230601922314e+01
1.038897068511250410e+01
1.058263875402064969e+01
1.058627320551449458e+01
1.034156212787168450e+01
1.020141872316795606e+01
1.045647971654157438e+01
1.067144938802713483e+01
1.011587644160855604e+01
1.053012217834334763e+01
1.048037922074182760e+01
1.029807186113497153e+01
1.075806502849047064e+01
1.057685578985022445e+01
1.033593300820312244e+01
1.025869189318995467e+01
1.054280184313839897e+01
1.049397155839296758e+01
1.048037922074182760e+01
1.054118740316024549e+01
1.024062770619017648e+01
1.030652687352255548e+01
1.078745928459985848e+01
1.077932209988130907e+01
1.047318461874941775e+01
1.030987409216192852e+01
1.056258450025053364e+01
1.051262667748346580e+01
1.027552010724967246e+01
1.078521649829606233e+01
1.076995325569452433e+01
1.070441662764643986e+01
1.048037922074182760e+01
1.055533914682662910e+01
1.048537154754147416e+01
1.047730290693234600e+01
1.050674635971011384e+01
1.044925632026569495e+01
1.057296568269747539e+01
1.068048832916271706e+01
1.048844786135095575e+01
1.071161122963884971e+01
1.045340340273209279e+01
1.078521649829606233e+01
1.057118654355888410e+01
1.078692361387806642e+01
1.025860382434229479e+01
1.074495511966511252e+01
1.078745928459985848e+01
1.048537154754147416e+01
1.055398448939904021e+01
1.050923478642015496e+01
1.017157321811869863e+01
1.076361282092772775e+01
1.048037922074182760e+01
1.035795482819139757e+01
1.031257794157206398e+01
1.018014723780597031e+01
1.054591584878991206e+01
1.043806618838188882e+01
1.080241855245590443e+01
1.050360281642997329e+01
1.053358699243738705e+01
1.055645936675265872e+01
1.045233263407517654e+01
1.056306415738758098e+01
1.044580114717025943e+01
1.056157731602197458e+01
1.033593300820312244e+01
1.068463541162911490e+01
1.045647971654157438e+01
1.018512856292757540e+01
1.045280445144439874e+01
1.046684418398262295e+01
1.013202393610731988e+01
1.073483482532699540e+01
1.077211261271951415e+01
1.053315224597562327e+01
1.075324835348668095e+01
1.039813463364962942e+01
1.049082841071896155e+01
1.051433024729817944e+01
1.081049174771319699e+01
1.048037922074182760e+01
1.056258450025053364e+01
1.052816567738288001e+01
1.055332272429702556e+01
1.056230506906601363e+01
1.050564991551079963e+01
1.052758284560735191e+01
1.009319224534295145e+01
1.052678523330997606e+01
1.049704787220244917e+01
1.050675211614669458e+01
1.031352362653269950e+01
1.053238081203070742e+01
1.058627320551449458e+01
1.057925973881617665e+01
1.044580114717025943e+01
1.048844786135095575e+01
1.006915781425831113e+01
1.049969054987961492e+01
1.055464250468494569e+01
1.053238081203070742e+01
1.049704787220244917e+01
1.059213121958340409e+01
1.076932153076687726e+01
1.035257250698531273e+01
1.047318461874941775e+01
1.082682095268174649e+01
1.009319224534295145e+01
1.053860893683244981e+01
1.035257250698531273e+01
1.050564991551079963e+01
1.081988884129595085e+01
1.038365898593485248e+01
1.069252840044238617e+01
1.041636057182459751e+01
1.047730290693234600e+01
1.052555107164470627e+01
1.010470099930610033e+01
1.081049174771319699e+01
1.057925973881617665e+01
1.027707471012946172e+01
1.050609535283659390e+01
1.073688192440781997e+01
1.013202393610731988e+01
1.051848524238124583e+01
1.005022546044528475e+01
1.072827988109946951e+01
1.082292807204295571e+01
1.061003150732251932e+01
1.075324835348668095e+01
1.030652687352255548e+01
1.015773867621548021e+01
1.036325594500434200e+01
1.009898855172236587e+01
1.075739144399487124e+01
1.079448959780542339e+01
1.036847638830465179e+01
1.033693621779482896e+01
1.054054499452359117e+01
1.055133505585980203e+01
1.049397155839296758e+01
1.057118654355888410e+01
1.054403823713960797e+01
1.054894481458155830e+01
