2.517609323793327247e-01
5.927447945098952564e-01
1.316774964833505202e+00
1.444784057508229580e+00
2.712702495105368539e-01
-5.214418933159011837e-01
-7.290858885516675325e-02
-1.295469887572549550e-01
1.314369845876330566e-02
7.933452999259806848e-01
1.817248871177562786e-01
-1.122516121312885223e-01
-1.317184000539113109e+00
2.183099052396816342e-01
9.639526500879811444e-01
1.884133463148698340e-01
9.814554204004288795e-01
5.519815971156909890e-02
-9.671910982777931487e-01
6.546825077753635203e-01
7.765675538197951422e-01
-3.912072169533609700e-01
3.641864802901256248e-01
2.075385942028016573e-01
-3.950446832599079361e-01
-2.237853777164153513e-01
-1.396948530718674419e+00
7.224917115001567858e-01
2.395326917798371813e+00
2.433990351867543478e-01
1.134512108328010332e-01
-4.301427190740035877e-01
5.135726017965733803e-01
5.639862332725121413e-02
4.747937403736101625e-01
-5.906938918823197993e-01
-8.477990512757672681e-01
-2.887965026880785491e-01
1.449990511308303587e+00
-1.116554209744733850e+00
1.704208442234585452e-01
-4.691897204606212402e-01
-8.434590262899530622e-01
6.460675214277070699e-01
2.055659255160252386e+00
1.775293249456649569e+00
8.517459627711241321e-01
3.890804236748655054e-01
1.175402333654970884e-02
-1.127928604518062261e-01
-1.374129660327452429e+00
3.649153179337645825e-01
1.327758710811234755e+00
-2.810294704396311793e+00
3.870994441668076380e-01
-1.513781809061935046e+00
1.397920781081313457e+00
-1.087115877045180756e+00
1.838414167550655454e-01
-1.216721125544279802e+00
1.508560796924541592e+00
2.662526827771579452e+00
-3.032003472809132738e-01
-2.083044673451142359e-01
5.324936835688488523e-01
6.070953238265159868e-01
7.227203493815256286e-01
-3.341348394575011094e-01
-5.450107161102596409e-01
6.002430246419572235e-01
-7.296870338258124589e-01
-1.833598045185819148e+00
4.693805434968064544e-02
2.264874804619711191e-01
-4.532014595229356124e-01
1.092417170418067851e+00
-1.494537450355051034e+00
5.716613265167861391e-01
1.648570283534247727e+00
1.461449459890505231e+00
5.562284913434162315e-01
1.050454360841429846e+00
1.263673241022137406e+00
-3.757769779618543304e-01
7.195674034169157185e-01
-5.772924004506236884e-01
-2.322004564512826774e-01
1.141077538829811555e+00
-4.498495001107480351e-01
-3.160157772716238028e-03
-7.805195771454033205e-01
-4.008273264733921426e-01
4.737089039627162546e-01
-9.531579126492701892e-01
1.991128150869804769e-01
-4.842376003624766501e-01
-3.664944734363225765e-01
-7.347409096270918205e-01
2.706899244262094273e-01
-1.451614728798625187e+00
3.063654286882745437e-01
-2.934270752976086624e-02
4.361800743701647609e-01
1.122430206523292950e+00
5.480394495544026190e-02
2.526815899701863669e-02
-2.539530740365904538e-01
-1.862443230360504853e-01
-1.680439511187812318e+00
-6.962191573084939300e-01
2.529799698390357676e+00
-1.407772326484426628e+00
6.817236438171652146e-01
3.988784934892802142e-02
-6.476882102353197501e-01
-8.244402407079522987e-01
-4.500864402817331134e-01
1.385264989968709504e+00
7.061195714751716812e-02
-3.669576851473052570e-02
1.474892842138733617e-01
1.116940142292608185e+00
6.228140115207463356e-01
-6.263247953085694375e-01
-1.044857628200868360e+00
-1.423938999287511498e-01
3.948458318149873358e-01
-3.625448045648388962e-01
-2.711306659163321697e-01
2.932817187404177517e-01
-4.328678421771935403e-01
1.138209026029319171e+00
-5.158142585388644230e-01
8.694875077970478650e-01
3.604880207024201422e-01
-2.129309413942281015e+00
-7.378929339466455163e-03
2.396732487057205707e-01
-1.881771202521801634e+00
-2.660031021491826575e-01
7.334047656102078427e-01
2.037841547797105413e-01
-3.563979689565937026e-01
-3.690252526307144509e-01
1.564142361979281581e+00
4.451327427667672865e-01
-7.757976707674298089e-02
1.283882884756987863e+00
-8.625982450914123634e-01
9.664960437751567157e-02
-2.913932497600872917e-01
-3.800271485310879882e-01
8.719627197774020289e-01
4.000106894915348432e-01
1.061303690786789655e+00
2.827653302134998659e-01
5.662112152465703652e-01
4.827089921354442703e-01
-2.914058112491005881e-01
-4.249368316779619792e-01
-5.220170310745374520e-01
-6.069721272313940430e-01
2.521487113798112634e-01
-5.660409841478090121e-01
-1.905913892560695821e-01
5.661573248566430516e-01
2.238974786528139305e+00
-9.115794128605274604e-01
6.323174312657406926e-01
-8.868320663348994159e-02
2.613318638415074724e-01
6.039266483175435019e-01
8.648236041165138221e-01
2.699865511290660755e-02
4.563341144822632423e-01
-1.516021751044654087e+00
5.486319665668524248e-01
-3.914994953848693338e-01
-2.534827867989872807e-01
-7.079151242351262585e-01
-9.047038870031870461e-01
-1.864133371617783252e-01
-4.824979457752620604e-01
-6.883449813197362044e-01
5.220369852852735360e-01
-1.194059285257045078e+00
-2.297012867068612754e-02
4.523929437799349695e-02
6.647455509116153571e-01
-4.681186660966785151e-01
1.136575941978511528e+00
6.800399618924050926e-02
-9.983347237495726612e-01
1.398843894737757110e-01
3.215656123995713211e-01
9.705822161033350604e-01
-2.533204867154311146e-01
-3.970878011935469881e-02
-1.165948186449633939e+00
2.350646622927494156e-01
-4.869415390761763773e-02
4.297378327417628596e-01
1.444793104207647394e+00
4.178113883490688907e-01
-6.533321321346290400e-01
1.060878654981753655e-01
6.466240611118962978e-01
5.286426593292219422e-01
2.693278825545362132e-01
1.511118154216190002e+00
-7.839527967906596562e-01
-5.846816866646478150e-01
7.793116322243113236e-01
1.173485621870267837e+00
6.388467699215505391e-01
-2.000098546101778119e-01
-8.874129846385941933e-01
-5.857270001034980966e-01
-1.751039715704038879e-01
4.338336897250568702e-01
-7.676966053752100339e-02
5.146314380257727139e-01
6.711185297325289456e-01
-3.464701404580574490e-02
7.624532811519811604e-02
6.913767652118130158e-01
1.682810135503279569e-01
-1.169368437986963327e+00
1.241541778594326129e-01
8.011430473976938194e-01
1.657814507568891316e-01
1.765938054315384198e+00
1.537535157786299234e+00
-8.553258483647120380e-01
-3.207907613288528692e-01
-6.568505428877711994e-02
-2.818256613335002880e-01
-1.731099908224392303e+00
-1.825498468996496759e-01
5.528134680799100531e-01
-1.652586135333411477e+00
7.054534748300532732e-01
8.795141537857241731e-01
-2.988491196770086122e-01
-7.874722007497101384e-01
-1.939336671957253788e+00
1.985855665161871508e+00
3.478355196689431484e-03
-1.336352159183984201e+00
1.396154082589116996e+00
-1.189947139191308789e+00
-6.305126807631034058e-01
7.676679190908642925e-01
1.838846025708852916e-01
9.277191665690238676e-01
-1.853067872244166803e-01
-3.606773870310293617e-01
3.720360467103533963e-02
-3.221583131000129718e-01
-5.061331566297859810e-03
4.701449414978202124e-01
3.718509507756461163e-01
-2.927158162506580119e-01
-6.500742658878434499e-01
4.727311422537079921e-01
9.370253701066358909e-01
8.036006021851694880e-01
2.052320242720356569e-01
7.488587728154684486e-02
5.987789951439501657e-01
-7.991073690449583822e-01
6.034773644095139389e-01
2.376859833588246540e-01
1.868649597160117803e+00
9.517161426936774360e-01
1.987528675569254777e-01
1.803612859273004743e+00
-3.568289086315728498e-01
-4.538003578943719529e-01
-1.806319579114554486e-01
-1.447838098424090447e-01
-8.719385126002132669e-01
-3.402655646802316691e-01
-7.682352524184773435e-01
-5.560619213206655642e-01
8.921401462560728524e-01
-1.590898810254856854e-01
-1.935909273409630149e+00
-7.441750681362708786e-01
-1.486312009469901385e+00
-9.217767143150424891e-01
-4.030316467789727963e-01
9.037691367629876460e-01
1.091327368447265744e+00
3.455338606946632973e-01
-5.342790435482180217e-02
-7.404229483813209445e-01
-7.640095532290592795e-01
6.736835562498986185e-01
-7.328324931040671730e-01
-2.064679531073464192e-01
-1.647886678145675354e+00
2.321795736921423992e-01
-1.296559953471765336e+00
4.479375851412185916e-02
2.967331861787710079e-02
-1.680142285883563791e-01
3.214550455619092362e-01
1.562106305721618349e-01
1.091664234155607760e+00
-3.753928834082717048e-01
1.368986086491166709e+00
3.582872913423917338e-01
-8.344058731399760509e-01
-1.695004322059544988e+00
6.047014590566174297e-01
6.518437371319965590e-02
-1.570968976002993012e+00
-5.409389947596313641e-01
-1.402240824364076044e-01
-1.759632245900157876e-01
2.540386945724088519e-01
-1.071922944491497526e-01
-7.532174909531333951e-01
5.098951361058585291e-02
4.131620500674599294e-01
4.991533019338086075e-02
-3.270045442185870455e-01
1.451304400000464900e-01
1.548207849216397605e-02
-2.944751886759974790e-02
-6.643175839435827568e-01
-9.495493435210015098e-01
9.918831682490135693e-01
-1.264240298831233345e+00
-3.066569914889127890e-01
5.246957300402252944e-01
5.644497014624721976e-01
2.783981984048384262e-01
-6.499613151124203902e-01
1.487490061904271688e+00
-9.221095331092988845e-01
-4.819995965423045092e-01
-5.264734479262918043e-01
-2.047195817844642995e+00
4.620844771295701259e-01
-7.181169326624535776e-01
-2.233583188834694089e-01
-1.739633309252604509e-01
3.462015036010116509e-01
1.968999183300234934e+00
9.247520273412582759e-01
-2.294359210602515964e-01
-8.572295620875446109e-02
-1.694558321798713685e+00
2.894545376550478055e-01
3.424974520089350827e-02
4.264777115554722053e-01
-1.137662932880164846e+00
1.777170953970506114e-03
-2.994678051832202037e+00
1.169543067252856172e+00
9.773952323990700020e-01
9.355847238508380181e-01
9.016623803861457676e-01
6.159011561209914998e-01
-6.122196844671098370e-01
2.344291970698886729e+00
-1.492926666783526146e+00
-6.380450847187629781e-01
5.760763657718565023e-01
-3.807827039296395322e-01
-2.675382257072854153e-01
-1.791425267727604353e-01
4.878004194137031679e-01
2.198668224733048682e+00
-1.428143002863473067e-04
-1.522371271370219548e+00
4.696459849000707565e-01
2.716800110249860900e+00
1.043058448145795847e+00
1.185778085337710008e+00
-1.583091860623600189e+00
2.029954833922982260e+00
1.615460668129490518e+00
1.134003440998246681e+00
3.612762375990019592e-01
1.125200650058684415e+00
1.509988167490496358e-01
1.872254950190908929e+00
-8.695761132508789126e-01
-3.688936983925813484e-01
6.190879228857715244e-01
-1.123547142811679000e+00
-8.023780727228730925e-01
3.648026367893086319e-01
6.803769400850518956e-01
-9.564505275161110376e+00
-1.406634175995428726e-01
6.660023253403720700e-01
3.221628232793648516e-01
2.393264238782379649e-01
-7.707949896801420397e-01
-4.636363908444156579e-01
1.761457171391126009e+00
2.087614111088152313e+00
-2.071081551819245470e-01
1.224219758341992953e-01
-1.181813834841243027e+00
-1.584227580563736179e-02
1.672163752800204461e+00
-6.925889051733258306e-01
6.752319312109364077e-03
1.104434644554474376e+00
-9.434232464972693855e-01
-1.434310917153814868e+00
3.260648899794043043e-01
-5.567534356568480947e-01
3.703896842310651638e-01
8.623183111775988285e-01
-1.449472789564593134e-01
-1.058789086579391636e+00
9.556267558107401916e-01
8.856350962530963322e-01
9.743260145750284318e-01
9.474444347367197983e-01
-1.138282599721939681e+00
1.305815804473196895e+00
-5.594072716165002235e-02
-6.397661273835689721e-01
-5.206557975842864838e-01
-2.437594938995437388e-01
5.105045359622168988e-01
-1.246278548595088242e+00
-1.482650430260964436e+00
-5.448327655909535050e-01
