3.278999999999999915e+00
2.955000000000000071e+00
2.694999999999999840e+00
3.269000000000000128e+00
2.896999999999999797e+00
2.854000000000000092e+00
3.244000000000000217e+00
2.998000000000000220e+00
3.225000000000000089e+00
3.080999999999999961e+00
2.879999999999999893e+00
3.222999999999999865e+00
2.669000000000000039e+00
2.690999999999999837e+00
3.025999999999999801e+00
3.004999999999999893e+00
3.270999999999999908e+00
3.246999999999999886e+00
3.134999999999999787e+00
2.895999999999999908e+00
3.067000000000000171e+00
3.012000000000000011e+00
3.104000000000000092e+00
2.908999999999999808e+00
2.883000000000000007e+00
2.984999999999999876e+00
3.025999999999999801e+00
2.757000000000000117e+00
3.116000000000000103e+00
3.310000000000000053e+00
3.063000000000000167e+00
3.238999999999999879e+00
3.327999999999999847e+00
3.189000000000000057e+00
2.759999999999999787e+00
2.886000000000000121e+00
3.003000000000000114e+00
3.087000000000000188e+00
3.362999999999999989e+00
3.130999999999999783e+00
3.149999999999999911e+00
2.939999999999999947e+00
3.048999999999999932e+00
3.278999999999999915e+00
3.407999999999999918e+00
3.158999999999999808e+00
2.959999999999999964e+00
3.060999999999999943e+00
2.983000000000000096e+00
2.830999999999999961e+00
3.028000000000000025e+00
3.463000000000000078e+00
3.132000000000000117e+00
2.944999999999999840e+00
3.076000000000000068e+00
3.024999999999999911e+00
2.849000000000000199e+00
3.494000000000000217e+00
3.435000000000000053e+00
2.563000000000000167e+00
3.097999999999999865e+00
3.112999999999999989e+00
2.838999999999999968e+00
3.117999999999999883e+00
3.061999999999999833e+00
3.442000000000000171e+00
2.942000000000000171e+00
2.625000000000000000e+00
2.951000000000000068e+00
3.037999999999999812e+00
3.133000000000000007e+00
2.466000000000000192e+00
3.115000000000000213e+00
3.095000000000000195e+00
3.087000000000000188e+00
3.013999999999999790e+00
2.858999999999999986e+00
2.802999999999999936e+00
2.970000000000000195e+00
3.005999999999999783e+00
3.311999999999999833e+00
2.979000000000000092e+00
3.237999999999999989e+00
3.088999999999999968e+00
2.947000000000000064e+00
3.475999999999999979e+00
2.607000000000000206e+00
3.152000000000000135e+00
2.932999999999999829e+00
2.987999999999999989e+00
2.948999999999999844e+00
2.876999999999999780e+00
3.009999999999999787e+00
2.834000000000000075e+00
3.040999999999999925e+00
3.124000000000000110e+00
3.201000000000000068e+00
2.919999999999999929e+00
2.995000000000000107e+00
2.744000000000000217e+00
3.200000000000000178e+00
3.471000000000000085e+00
2.786000000000000032e+00
3.192000000000000171e+00
2.927000000000000046e+00
3.016999999999999904e+00
3.201999999999999957e+00
2.920999999999999819e+00
2.654999999999999805e+00
2.777000000000000135e+00
