3.004000000000000004e+00
3.023000000000000131e+00
3.289000000000000146e+00
2.686999999999999833e+00
2.645999999999999908e+00
2.819999999999999840e+00
2.802999999999999936e+00
3.189999999999999947e+00
3.221999999999999975e+00
2.620000000000000107e+00
3.068999999999999950e+00
2.892999999999999794e+00
3.100000000000000089e+00
3.190999999999999837e+00
3.040000000000000036e+00
3.153999999999999915e+00
3.049999999999999822e+00
3.290000000000000036e+00
3.043000000000000149e+00
2.798000000000000043e+00
2.645999999999999908e+00
2.919999999999999929e+00
3.254999999999999893e+00
3.126999999999999780e+00
3.354999999999999982e+00
3.040999999999999925e+00
2.536000000000000032e+00
3.475999999999999979e+00
3.116999999999999993e+00
3.197999999999999954e+00
2.746999999999999886e+00
2.533999999999999808e+00
3.104000000000000092e+00
3.197999999999999954e+00
3.196000000000000174e+00
3.353000000000000203e+00
3.129000000000000004e+00
3.298000000000000043e+00
3.293000000000000149e+00
3.508999999999999897e+00
2.759999999999999787e+00
2.888999999999999790e+00
2.833000000000000185e+00
3.196000000000000174e+00
2.927999999999999936e+00
2.916999999999999815e+00
3.378000000000000114e+00
3.130999999999999783e+00
2.911999999999999922e+00
1.995000000000000107e+00
2.783999999999999808e+00
3.279999999999999805e+00
2.850999999999999979e+00
2.942000000000000171e+00
3.165999999999999925e+00
2.692000000000000171e+00
3.210999999999999854e+00
3.069999999999999840e+00
2.791999999999999815e+00
2.873000000000000220e+00
3.043000000000000149e+00
3.020000000000000018e+00
3.073999999999999844e+00
2.883000000000000007e+00
3.126999999999999780e+00
3.162999999999999812e+00
3.161999999999999922e+00
2.944999999999999840e+00
2.866999999999999993e+00
3.027000000000000135e+00
3.085999999999999854e+00
3.088000000000000078e+00
3.093999999999999861e+00
3.003000000000000114e+00
3.145999999999999908e+00
3.192000000000000171e+00
2.607000000000000206e+00
3.229000000000000092e+00
3.217999999999999972e+00
3.222999999999999865e+00
2.839999999999999858e+00
3.170999999999999819e+00
3.028000000000000025e+00
2.944999999999999840e+00
3.225999999999999979e+00
2.690999999999999837e+00
2.786000000000000032e+00
2.494000000000000217e+00
3.133000000000000007e+00
3.197000000000000064e+00
3.004000000000000004e+00
3.177000000000000046e+00
3.165000000000000036e+00
2.637000000000000011e+00
3.170999999999999819e+00
3.004999999999999893e+00
3.053999999999999826e+00
2.763999999999999790e+00
3.419999999999999929e+00
3.068000000000000060e+00
2.818999999999999950e+00
2.908999999999999808e+00
3.044000000000000039e+00
3.318999999999999950e+00
3.130999999999999783e+00
3.137999999999999901e+00
3.302000000000000046e+00
2.851999999999999869e+00
2.950000000000000178e+00
2.759999999999999787e+00
3.088999999999999968e+00
2.927000000000000046e+00
2.798999999999999932e+00
3.451000000000000068e+00
2.580000000000000071e+00
2.827999999999999847e+00
3.258999999999999897e+00
2.903000000000000025e+00
2.886000000000000121e+00
3.067000000000000171e+00
2.920999999999999819e+00
3.048999999999999932e+00
3.037999999999999812e+00
3.037999999999999812e+00
3.073999999999999844e+00
3.059000000000000163e+00
2.794999999999999929e+00
2.926000000000000156e+00
3.310999999999999943e+00
3.158999999999999808e+00
2.846000000000000085e+00
3.087000000000000188e+00
3.051000000000000156e+00
2.724000000000000199e+00
2.705000000000000071e+00
3.103000000000000203e+00
2.963999999999999968e+00
3.129000000000000004e+00
2.765000000000000124e+00
3.040999999999999925e+00
3.222999999999999865e+00
3.350000000000000089e+00
2.641000000000000014e+00
2.927999999999999936e+00
2.991999999999999993e+00
2.645999999999999908e+00
2.786000000000000032e+00
3.144000000000000128e+00
3.084000000000000075e+00
3.024000000000000021e+00
3.152000000000000135e+00
3.112999999999999989e+00
2.947000000000000064e+00
3.241999999999999993e+00
2.959999999999999964e+00
3.345000000000000195e+00
2.585999999999999854e+00
3.047000000000000153e+00
3.213000000000000078e+00
2.621999999999999886e+00
3.105999999999999872e+00
3.233999999999999986e+00
2.914000000000000146e+00
3.016000000000000014e+00
2.857000000000000206e+00
3.241999999999999993e+00
3.105999999999999872e+00
2.895000000000000018e+00
3.111000000000000210e+00
3.149999999999999911e+00
2.891999999999999904e+00
3.112999999999999989e+00
3.162999999999999812e+00
2.904999999999999805e+00
2.991999999999999993e+00
2.450000000000000178e+00
3.108000000000000096e+00
3.233000000000000096e+00
3.133000000000000007e+00
3.040999999999999925e+00
2.939999999999999947e+00
2.846000000000000085e+00
3.311999999999999833e+00
2.857000000000000206e+00
2.963999999999999968e+00
2.702999999999999847e+00
2.819999999999999840e+00
2.798999999999999932e+00
3.378000000000000114e+00
2.883999999999999897e+00
3.189999999999999947e+00
2.924999999999999822e+00
2.793000000000000149e+00
3.040999999999999925e+00
2.927999999999999936e+00
2.987999999999999989e+00
2.841000000000000192e+00
2.915999999999999925e+00
3.092999999999999972e+00
3.119000000000000217e+00
3.100999999999999979e+00
3.209999999999999964e+00
2.865000000000000213e+00
2.706999999999999851e+00
3.158999999999999808e+00
3.024000000000000021e+00
2.912999999999999812e+00
2.971000000000000085e+00
3.254000000000000004e+00
2.867999999999999883e+00
3.079000000000000181e+00
3.197000000000000064e+00
3.024999999999999911e+00
2.758000000000000007e+00
3.133999999999999897e+00
3.105999999999999872e+00
3.044999999999999929e+00
3.136000000000000121e+00
3.309000000000000163e+00
2.911999999999999922e+00
3.129999999999999893e+00
3.108000000000000096e+00
2.950000000000000178e+00
2.883999999999999897e+00
2.932999999999999829e+00
2.938000000000000167e+00
3.275999999999999801e+00
3.322000000000000064e+00
2.939000000000000057e+00
2.960999999999999854e+00
3.061999999999999833e+00
3.083000000000000185e+00
3.073999999999999844e+00
2.842999999999999972e+00
2.831999999999999851e+00
3.061999999999999833e+00
3.041999999999999815e+00
2.882000000000000117e+00
3.160000000000000142e+00
3.020000000000000018e+00
2.983000000000000096e+00
3.116000000000000103e+00
2.798000000000000043e+00
3.071000000000000174e+00
2.775999999999999801e+00
3.168000000000000149e+00
3.037999999999999812e+00
3.031000000000000139e+00
3.345000000000000195e+00
2.619000000000000217e+00
2.823999999999999844e+00
2.998000000000000220e+00
2.665000000000000036e+00
2.890000000000000124e+00
3.552999999999999936e+00
3.145999999999999908e+00
2.888999999999999790e+00
2.914000000000000146e+00
3.371999999999999886e+00
3.028999999999999915e+00
3.133999999999999897e+00
2.926000000000000156e+00
2.861000000000000210e+00
2.745999999999999996e+00
3.072999999999999954e+00
2.979999999999999982e+00
3.226999999999999869e+00
3.209999999999999964e+00
3.158999999999999808e+00
3.254999999999999893e+00
3.142999999999999794e+00
3.000000000000000000e+00
2.709999999999999964e+00
3.298000000000000043e+00
3.271999999999999797e+00
3.326000000000000068e+00
2.774999999999999911e+00
3.233000000000000096e+00
2.951000000000000068e+00
3.088999999999999968e+00
2.798999999999999932e+00
2.896999999999999797e+00
2.995000000000000107e+00
2.737999999999999989e+00
2.753000000000000114e+00
3.100999999999999979e+00
3.361000000000000210e+00
2.920999999999999819e+00
3.133000000000000007e+00
3.192000000000000171e+00
3.020000000000000018e+00
2.898000000000000131e+00
2.596000000000000085e+00
3.552999999999999936e+00
2.926000000000000156e+00
3.130999999999999783e+00
3.168000000000000149e+00
3.411999999999999922e+00
3.004000000000000004e+00
3.019000000000000128e+00
3.016999999999999904e+00
2.778999999999999915e+00
2.822999999999999954e+00
2.137000000000000011e+00
2.895999999999999908e+00
2.911999999999999922e+00
3.153000000000000025e+00
3.104999999999999982e+00
3.044999999999999929e+00
2.858999999999999986e+00
3.096999999999999975e+00
3.221999999999999975e+00
2.853000000000000203e+00
3.063000000000000167e+00
3.314999999999999947e+00
3.133999999999999897e+00
2.900999999999999801e+00
3.254000000000000004e+00
2.803999999999999826e+00
3.160000000000000142e+00
3.083000000000000185e+00
3.168000000000000149e+00
3.040000000000000036e+00
3.004000000000000004e+00
2.798999999999999932e+00
2.846000000000000085e+00
3.404999999999999805e+00
3.254000000000000004e+00
2.888999999999999790e+00
2.725999999999999979e+00
2.875999999999999890e+00
2.980999999999999872e+00
2.883000000000000007e+00
2.818000000000000060e+00
3.081999999999999851e+00
2.778999999999999915e+00
3.420999999999999819e+00
3.075000000000000178e+00
3.020999999999999908e+00
2.975999999999999979e+00
3.061999999999999833e+00
3.004000000000000004e+00
3.064999999999999947e+00
2.954000000000000181e+00
3.400999999999999801e+00
2.709999999999999964e+00
2.855999999999999872e+00
2.838000000000000078e+00
2.681000000000000050e+00
2.907000000000000028e+00
2.873000000000000220e+00
3.120999999999999996e+00
3.365000000000000213e+00
2.891000000000000014e+00
2.668000000000000149e+00
3.009999999999999787e+00
3.516999999999999904e+00
2.983000000000000096e+00
3.109999999999999876e+00
2.990000000000000213e+00
2.942000000000000171e+00
2.875000000000000000e+00
3.374000000000000110e+00
3.305000000000000160e+00
2.992999999999999883e+00
3.146999999999999797e+00
2.958000000000000185e+00
3.230999999999999872e+00
2.137000000000000011e+00
3.121999999999999886e+00
3.032000000000000028e+00
2.883000000000000007e+00
3.079000000000000181e+00
3.128000000000000114e+00
3.023000000000000131e+00
2.806000000000000050e+00
3.165000000000000036e+00
3.190999999999999837e+00
2.908999999999999808e+00
3.088999999999999968e+00
3.577999999999999847e+00
3.137000000000000011e+00
2.892999999999999794e+00
2.914000000000000146e+00
3.095000000000000195e+00
2.874000000000000110e+00
2.849000000000000199e+00
3.067000000000000171e+00
3.362000000000000099e+00
3.335999999999999854e+00
2.930000000000000160e+00
2.927999999999999936e+00
3.029999999999999805e+00
2.468999999999999861e+00
2.771999999999999797e+00
3.087000000000000188e+00
3.093999999999999861e+00
2.478000000000000203e+00
3.177000000000000046e+00
3.254999999999999893e+00
2.794000000000000039e+00
3.173999999999999932e+00
3.081999999999999851e+00
2.875999999999999890e+00
3.037999999999999812e+00
2.954000000000000181e+00
3.317000000000000171e+00
3.009999999999999787e+00
3.011000000000000121e+00
3.345000000000000195e+00
2.825000000000000178e+00
2.994000000000000217e+00
3.063000000000000167e+00
3.108999999999999986e+00
2.896999999999999797e+00
3.076000000000000068e+00
3.145000000000000018e+00
3.411999999999999922e+00
2.983000000000000096e+00
2.916999999999999815e+00
3.124000000000000110e+00
2.823999999999999844e+00
3.427000000000000046e+00
2.878000000000000114e+00
3.515000000000000124e+00
3.225999999999999979e+00
3.075000000000000178e+00
3.375999999999999890e+00
3.317000000000000171e+00
3.040000000000000036e+00
2.984999999999999876e+00
2.803999999999999826e+00
3.101999999999999869e+00
3.121999999999999886e+00
3.137000000000000011e+00
2.892999999999999794e+00
