-2.320812279241255827e-01
2.494476993685628419e-01
6.000196821179518691e-01
-1.032448669837823463e+00
-2.077808988047380012e+00
-6.501153113000009975e-01
-1.048973968789771227e+00
5.876015522062070229e-01
1.102092704382439781e+00
-1.454625349787673549e+00
6.155665600493299694e-01
-3.879185631822468783e-01
4.794197016453462523e-01
3.997095297912574008e-01
-2.766004460793614061e-01
3.233782881714661883e-01
-1.838563847360212000e-01
2.962806314189608603e+00
4.087408701601175087e-01
-8.361923375195134955e-01
-1.227248715896017917e+00
5.400079369228683729e-02
3.818984219845167338e-01
1.334725790934608858e+00
2.615790805291480225e+00
-2.088989611560919391e-01
-1.926798022834509849e+00
1.376207206947875683e+00
2.021127991711808292e-01
2.233230423851439161e-01
-9.816965948181206603e-01
-2.006697009940716203e+00
7.426755636717291553e-01
2.040889298740363456e-01
1.971529033528634234e-01
2.868027109891003956e+00
8.351091941979023048e-01
5.754073677853831503e-01
5.569117179759230929e-01
2.499200433132980681e+00
-1.788191855641291017e+00
-2.311473545869434654e-01
-6.332809002367650875e-01
2.150748859574622973e-01
-8.165269265431316370e-01
-8.249418940970426606e-01
9.090360998588710162e-01
8.854962469951728199e-01
-6.303683740746514053e-01
-4.391641996551529203e+00
-8.240981757351578674e-01
1.706788651455183325e+00
-9.944892462314258719e-01
-8.330755942523655477e-01
7.005795130985635888e-01
-1.615279635626007515e+00
1.940226773316814146e+00
1.206932880306325418e-03
-1.797631428699106859e+00
-1.258399383399670279e+00
-2.042502201664171402e-01
-3.897243334011890603e-02
-1.115577784715700849e-01
-6.864049734369391809e-01
1.565784270981522841e+00
1.496217016085686691e+00
1.582784346102231454e-01
-2.525983598321756007e-01
-5.897388135403495157e-01
-5.986760046920586859e-02
8.077059536787074556e-01
7.066962237781269085e-01
-2.329661586561642406e-01
-5.224435599727289548e-01
1.250769936906900304e-01
1.497268517737970484e-01
-2.220261931816768453e+00
8.388577051098290438e-01
2.285315523827415873e+00
8.322704481143256006e-01
-1.429831065500843046e+00
4.560790379512326687e-01
-2.005204646411152536e-01
-2.497133925698400980e-01
1.188098446175320344e+00
-1.900898484152961254e+00
-1.452580942251840312e+00
-2.968207587862190966e+00
-1.287336842819699623e-01
8.255830482166609530e-01
-5.821992812646460402e-01
1.228736182168087776e+00
4.435340534584196470e-02
-2.297604182281061558e+00
1.069568515687459448e-01
-2.273727476599293751e-01
6.492719409804289521e-01
-9.204960718268775377e-01
2.180694269076054681e+00
-9.389932848215536143e-02
-5.711087651370481133e-01
-4.002080015119741652e-01
1.941138115605620940e-01
1.218776381187839819e+00
-1.873172595710163695e-03
-5.549782346322643806e-03
1.702021409500897864e+00
-7.504820246995659305e-01
-3.866572085568443784e-01
-9.397532751739958723e-01
-2.434602580651522019e-01
-5.896764194454071628e-01
-6.308897631269526629e-01
1.718808898458226597e+00
-1.714570457845353557e+00
-1.336239894127466910e+00
2.188926095129313687e+00
-7.886806401707356917e-01
-2.061182681386346249e-02
-2.468797234624919568e-01
-6.545524740928797547e-01
-4.423144937853034642e-01
6.893977766598924362e-01
-2.802924960022034062e-01
-1.344919154595031197e-02
1.273848925332370652e-01
-9.202673858192692569e-01
-7.046215604456422810e-01
1.863127174452147150e+00
7.106535853242408997e-04
-3.219567689399803201e-01
1.711304709516062450e-01
-5.466221610900944688e-02
-1.112730108296374532e+00
-1.020871852465557339e+00
5.175288751905061657e-01
5.168225793211202179e-02
8.188137960094414858e-01
-1.474703392699595605e+00
4.741058653372692833e-01
6.669967480552091432e-01
7.841315782992668293e-01
-2.163920696457161341e+00
-6.534915392609141893e-01
-5.866509606931575860e-01
-2.058996892711365767e+00
-1.798702316450319749e+00
3.128196564534206359e-01
3.105192335640619139e-01
-1.677402678924966306e-01
4.972182530919422305e-01
6.665815399111590933e-01
-9.138647852885178891e-01
3.226423938921251233e-01
-2.084746069478012331e-01
2.463854852239308446e+00
-2.058529096076828324e+00
-2.215972308119244782e-01
1.107955886561455605e+00
-1.590866791703271055e+00
6.773637404774145443e-01
1.576334125940881847e+00
-9.243955485688852836e-01
2.010534435270345532e-01
-5.914801376990386217e-01
3.388048644484210059e-01
-1.087691440250916630e-01
-8.635937499141037588e-01
3.118549429983267784e-01
5.041765847305490489e-01
-3.836412287534609611e-01
-1.282269219221358614e-01
1.044959027432856624e+00
-1.914347370903618228e-01
-2.540616613113489408e-01
-2.909363055000777631e+00
-1.400473486633525000e-01
6.055021112735100575e-01
-1.103668089573488220e-01
-4.797442179113731164e-01
-8.443722943992830743e-01
-9.504970795668024053e-01
6.201717741784307236e-01
-1.030889361110243208e+00
-3.229217489651838302e-01
-9.190806750363765820e-01
-1.493200405850995338e+00
-1.040233270729036930e+00
8.898019873477648334e-01
-1.781901647014961509e-01
7.096674629415133939e-01
-1.851206140517190277e-02
-1.727135772047989404e+00
4.684751598361008296e-01
-3.650424209697511468e-02
-6.849027850478464075e-01
-6.536133388351865747e-01
-7.993101159602464811e-01
5.545584787901634144e-02
9.379910493945474714e-01
3.106803005999892592e-02
2.288094016467883129e-01
-1.095345899646171572e+00
-1.671567775650567800e+00
6.871899504197696018e-01
-4.203781883892583893e-01
-4.016428572275713704e-01
2.068199031845485980e-01
1.808709595440629814e+00
-4.172158649087021609e-01
2.936333969726990789e-01
1.160689109089622972e+00
-5.176204093138893070e-01
-1.189981845307486186e+00
-4.214426371339507343e-02
8.736090122040092165e-01
4.186209515942263537e-01
-1.075939513115367063e-01
6.878425910514505137e-01
-8.484708265347856715e-01
4.250382152844777162e-01
2.024397333142886890e-01
1.596974515330019384e-01
-1.081317622914309995e+00
2.060926499154738453e-02
-3.220006325171691497e-01
1.570965597692036475e+00
2.417346448570643069e+00
-3.977502761832871214e-01
-3.827576817704184120e-02
1.472865482001173565e-01
9.158734251715269226e-01
6.394483665498682523e-01
-4.931035092684771248e-01
-1.217543241757292671e+00
1.700482326472081140e-01
-1.416199172165525377e-01
-3.490904941884014345e-01
1.182505432431057324e+00
-2.704633342675408225e-01
-1.386088898908531819e-01
7.913874406445010612e-01
-1.427586417484398629e+00
1.528881713720000313e-01
-1.030104509458071194e+00
9.405099478963244719e-01
-4.895740444000637459e-01
4.651742598711106069e-01
1.905626701628555075e+00
-2.298683250948495793e+00
-6.307471002354190226e-01
-3.829293251537130849e-01
-2.192400628943387719e+00
-8.646188041836641025e-01
1.624286875134208330e+00
9.760847274636299531e-01
-5.559250536741289217e-01
-9.491463794622743144e-01
1.056496941164343006e+00
1.695446358830720868e-01
-5.918303805808779183e-02
-3.494005031902011060e-01
-4.968012253915565779e-01
-1.628938466911172833e+00
2.334382990112883194e-01
-5.035032354349754380e-01
2.833429287071938529e-01
2.007547405305360189e-01
4.164021381453605342e-01
4.093120869424380359e-01
6.599145108761075296e-01
3.493518084973212812e-01
-1.828671478271734374e+00
1.106070577797848564e+00
1.276546327472056097e+00
1.261660368781256203e+00
-1.342698796500513936e+00
7.584326683803960245e-01
-1.205280152156482792e-02
-2.980566044809898618e-01
-1.147667278271877978e+00
-7.958470950921296971e-01
-3.682385819353441447e-01
-1.613171377988770416e+00
-1.434756567266702643e+00
1.183263038252654775e+00
2.406673125822946346e+00
-8.054176510352847318e-01
-3.423341054622550117e-01
7.294663185236897052e-01
4.619995973321981420e-01
-8.541877328875073783e-01
-3.162520441226646994e+00
1.639579946373620700e+00
-6.754564681155308947e-02
1.088863940463874469e+00
8.195866021025056680e-01
1.105228384202010306e+00
1.920470882418619241e-02
4.059911643067417031e-01
-3.844723795337580130e-01
-1.383268694584383729e+00
-1.210312972398406517e+00
-4.006428277917261305e+00
-7.658126444825886781e-01
-5.537201594568765817e-01
4.675285676416252034e-01
8.314885835196694774e-01
1.503421727292634791e-01
-5.201971561823860446e-01
-2.463912592868796880e-01
9.117829214202066712e-01
-9.723472900784949635e-01
6.602369653369291047e-01
6.608099573981627284e-01
1.198627501245379978e+00
-9.431089417559413990e-01
1.763859166635761477e+00
-1.415826433212668434e+00
1.475893292092638642e+00
6.840402530983237250e-01
1.145156552720280718e+00
-4.887900038962977867e-01
-3.648958612803249180e-01
-1.514424164163650444e+00
-5.540600812793087249e-01
2.271277453947579517e+00
1.068517735675120095e+00
-8.986276858377749699e-01
-1.059723547851681991e+00
-3.696937913135228682e-01
-2.984676865747297736e-01
-8.089208443251290070e-01
-1.330334288684652089e+00
1.742497663876469705e-01
-1.012775144462586319e+00
2.169398501165862747e+00
1.343067969683498508e-01
-2.645569250702538011e-01
3.034932109961836419e-02
-1.357123230408228964e-01
-5.940291638377522832e-01
7.815890098749297410e-01
8.649617546183130390e-02
9.935190080429450177e-01
-1.804769644124683214e+00
-4.434918582007459364e-01
-9.720132781804465827e-01
-9.858693365206778747e-01
-7.645337112400444335e-01
-3.088482322311012496e-01
3.286619050605366077e-02
1.127770058738410297e+00
-6.884483504706917500e-02
-2.348824061711474620e+00
5.551749081544511411e-01
1.864431378229425285e+00
-7.218287494340832611e-01
3.749502274661587475e-01
3.913452879396963624e-01
-8.473522065140781656e-01
-4.871080544636905985e-01
2.252500612171197680e+00
6.530618760226296615e-01
5.014989777912918223e-01
6.096858043797314108e-01
-2.455301851074218611e-01
2.182722795812931160e+00
-4.024795153241882417e+00
2.646279999657209503e-01
8.068727252195970756e-01
-1.023992862757722389e+00
7.025200769953674484e-01
1.151347960210716392e+00
1.341447110777972407e-01
-1.617604768750658728e+00
8.030847113678504789e-02
1.130674241713058192e+00
-4.554401241468206130e-01
-2.242261455540446313e-01
2.376911660597339715e+00
9.067592157473758352e-01
-4.679477079379588678e-01
-9.689064904285934476e-01
1.136114150069601481e+00
-1.049159878480804720e+00
-1.166602874147252056e+00
8.366225828949405141e-01
2.080715863897276474e+00
8.053495788207669648e-01
1.774664801209433485e-01
-5.443301901259696152e-01
6.268755013746283300e-01
-2.319928530765195340e+00
-1.553540022926409581e+00
3.125668175251359315e-01
-2.758706944739053868e-01
-2.157091269317268356e+00
4.573122010404120363e-01
4.589558514455122640e-01
-1.133250958097702821e+00
5.234848359378224680e-02
5.879833354195751483e-01
-1.079943164202353145e+00
-5.134758785471148501e-01
1.120804239327444635e-01
6.283662591102920913e-01
-2.810561298279007914e-01
8.534478508302055511e-02
8.288815751138103316e-01
-1.470008273840790247e+00
-4.464883243166574422e-02
-5.074588074530544252e-02
1.136101600593984462e-01
-3.968006091140742764e-01
-2.908032578832456805e-01
2.278111851087063766e-01
1.131449275821624578e+00
6.972281950507346060e-02
-9.107158305237382789e-01
1.674309153376495052e-01
-9.957093728091008789e-01
1.121534220051312980e+00
-2.812665856156705280e-01
1.471611943209722551e+00
3.367422506601945864e-01
3.369091114104218465e-01
1.695959206087556348e+00
6.394159008379530773e-01
-5.275514755961561164e-01
-6.741747446635609764e-01
-1.058364389730916733e+00
1.635438209319759750e-01
1.031959261430074326e+00
5.779265904508759655e-02
-6.912722175714602901e-01
