2.939000000000000057e+00
2.642999999999999794e+00
2.782000000000000028e+00
2.532999999999999918e+00
2.712000000000000188e+00
2.544000000000000039e+00
3.148000000000000131e+00
2.668000000000000149e+00
3.145000000000000018e+00
2.738999999999999879e+00
2.500999999999999890e+00
3.297000000000000153e+00
2.349000000000000199e+00
2.951000000000000068e+00
2.952999999999999847e+00
2.642999999999999794e+00
3.053999999999999826e+00
2.700000000000000178e+00
2.831999999999999851e+00
2.738999999999999879e+00
2.927999999999999936e+00
2.584999999999999964e+00
2.892999999999999794e+00
2.666999999999999815e+00
2.690999999999999837e+00
2.637999999999999901e+00
3.068999999999999950e+00
2.645999999999999908e+00
2.662999999999999812e+00
2.883999999999999897e+00
2.967000000000000082e+00
2.649000000000000021e+00
3.036999999999999922e+00
2.656000000000000139e+00
2.939000000000000057e+00
2.833000000000000185e+00
2.892999999999999794e+00
2.871999999999999886e+00
2.766999999999999904e+00
2.802999999999999936e+00
2.866000000000000103e+00
3.023000000000000131e+00
2.818999999999999950e+00
2.829000000000000181e+00
2.741000000000000103e+00
2.854999999999999982e+00
2.798999999999999932e+00
2.685000000000000053e+00
2.883000000000000007e+00
2.884999999999999787e+00
2.662999999999999812e+00
3.123000000000000220e+00
2.818999999999999950e+00
2.666999999999999815e+00
3.229999999999999982e+00
2.697999999999999954e+00
3.032999999999999918e+00
3.222999999999999865e+00
3.189000000000000057e+00
2.678999999999999826e+00
2.825000000000000178e+00
2.745999999999999996e+00
2.650999999999999801e+00
2.876999999999999780e+00
2.785000000000000142e+00
3.108000000000000096e+00
3.125000000000000000e+00
2.934000000000000163e+00
2.778000000000000025e+00
2.496999999999999886e+00
2.277000000000000135e+00
2.620000000000000107e+00
2.673000000000000043e+00
2.777000000000000135e+00
2.790000000000000036e+00
2.843999999999999861e+00
2.513999999999999790e+00
2.342000000000000082e+00
2.718999999999999861e+00
2.891999999999999904e+00
3.016999999999999904e+00
2.830999999999999961e+00
2.692000000000000171e+00
2.842999999999999972e+00
2.573999999999999844e+00
3.040999999999999925e+00
3.004999999999999893e+00
2.648000000000000131e+00
2.654999999999999805e+00
2.564000000000000057e+00
2.728000000000000203e+00
2.556999999999999940e+00
2.845000000000000195e+00
2.555000000000000160e+00
3.073999999999999844e+00
2.568999999999999950e+00
2.871999999999999886e+00
2.726999999999999869e+00
2.700000000000000178e+00
2.710999999999999854e+00
2.626999999999999780e+00
3.241000000000000103e+00
2.813000000000000167e+00
2.775999999999999801e+00
3.279999999999999805e+00
2.866999999999999993e+00
2.810999999999999943e+00
2.704000000000000181e+00
2.505999999999999783e+00
2.623000000000000220e+00
