1.261619684844714584e+01
1.274680553476006750e+01
1.418546795655398540e+01
1.185711582971270239e+01
1.409205754816251321e+01
1.259852970602107192e+01
1.241454916642005557e+01
1.295196351495849107e+01
1.277451427423839547e+01
1.233482743799488190e+01
1.219958166877708727e+01
1.274680553476006750e+01
1.245993359488557317e+01
1.297846569150456375e+01
1.285557375616654774e+01
1.279250509248006828e+01
1.277744828400313182e+01
1.143500909354076178e+01
1.247787987244158536e+01
1.128750202468152430e+01
1.211996366865604990e+01
1.143500909354076178e+01
1.409710195310729297e+01
1.192381386108585062e+01
1.230128845013649475e+01
1.274105411568650581e+01
1.228483460747484202e+01
1.417149877360291654e+01
1.267182434315084372e+01
1.418546795655398540e+01
1.110762288203999582e+01
1.241023742532093976e+01
1.259852970602107192e+01
1.413180213589570400e+01
1.413695265551982772e+01
1.219958166877708727e+01
1.247787987244158536e+01
1.413547512603394551e+01
1.414001618797265003e+01
1.281206269491639382e+01
1.302555610035833844e+01
1.246023025584097965e+01
1.128750202468152430e+01
1.418546795655398540e+01
1.283884461931690879e+01
1.294077643428320634e+01
1.413547512603394551e+01
1.241023742532093976e+01
1.273567505022803026e+01
1.228483460747484202e+01
1.259852970602107192e+01
1.246023025584097965e+01
1.265159418796837976e+01
1.415702155183686095e+01
1.273567505022803026e+01
1.241454916642005557e+01
1.198813068914899915e+01
1.305170921740539924e+01
1.230128845013649475e+01
1.312648812591598890e+01
1.275097011924458812e+01
1.245795121457223686e+01
1.286049072769279356e+01
1.187382103056581073e+01
1.134846112526490103e+01
1.205577313626964475e+01
1.313468805348924207e+01
1.210136472640119543e+01
1.269681270424002761e+01
1.277451427423839547e+01
1.233482743799488190e+01
1.252787270296162525e+01
1.322089245370848154e+01
1.313521026920225232e+01
1.323076616839030351e+01
1.358019503577956222e+01
1.412150594308287666e+01
1.288336312551563267e+01
1.134846112526490103e+01
1.316936463286578096e+01
1.230128845013649475e+01
1.316973198646575050e+01
1.279615168552577487e+01
1.207170441724360366e+01
1.266722379921943187e+01
1.409205754816251321e+01
1.417149877360291654e+01
1.244316393716095170e+01
1.406604618530033157e+01
1.278251800487155521e+01
1.415702155183686095e+01
1.167596372123836801e+01
1.352592109188439196e+01
1.174968276797579669e+01
1.346775529719400666e+01
1.237879301947683963e+01
1.233482743799488190e+01
1.259852970602107192e+01
1.247707820451349825e+01
1.300892789512567482e+01
1.246023025584097965e+01
1.155786263265739322e+01
1.243486493202121679e+01
1.265950893979909964e+01
1.331576704753567064e+01
1.421600787719435921e+01
1.247787987244158536e+01
1.222984003544690879e+01
1.227470596806808700e+01
1.259852970602107192e+01
1.413180213589570400e+01
1.260374336821500663e+01
1.239591342777783112e+01
1.313762861525986736e+01
1.246023025584097965e+01
1.414449871412795190e+01
1.212643013932909142e+01
1.277451427423839547e+01
1.198581057072186518e+01
1.319907926965015932e+01
1.265257102072437156e+01
1.414892218274330382e+01
1.186272787130290141e+01
1.284474300801419311e+01
1.267706670182972495e+01
1.256765423553272321e+01
1.153589938856070773e+01
1.298105221434595258e+01
1.246023025584097965e+01
1.413547512603394551e+01
1.202291789499727770e+01
1.274398136028989370e+01
1.251544614025270263e+01
1.259852970602107192e+01
1.206997083813601002e+01
1.239473707964047300e+01
1.259852970602107192e+01
1.230128845013649475e+01
1.288728628518879482e+01
1.252787270296162525e+01
1.326885240193716164e+01
1.370720754886709258e+01
1.160081115882533709e+01
1.272271727201134084e+01
1.298018838794427054e+01
1.414001618797265003e+01
1.242878584999687952e+01
1.271852254842851870e+01
1.271946573206449038e+01
1.272452144371835558e+01
1.295360475397717259e+01
1.262168840494902788e+01
1.332401328644901817e+01
1.407660651104668048e+01
1.231309961643801820e+01
1.137941969860571767e+01
1.145983947462465125e+01
1.281927648397451236e+01
1.236781268307250059e+01
1.241023742532093976e+01
1.254853687550103203e+01
1.227683087684168228e+01
1.420327890258220016e+01
1.219958166877708727e+01
1.262168840494902788e+01
1.412621948183251597e+01
1.311667704875145191e+01
1.261723096869939198e+01
1.278251800487155521e+01
1.284360399465450442e+01
1.157237440436126441e+01
1.418086888058842554e+01
1.241023742532093976e+01
1.234592059725779123e+01
1.260900817583811495e+01
1.157237440436126441e+01
1.318285519502651582e+01
1.315668337069488736e+01
1.412621948183251597e+01
1.414001618797265003e+01
1.414709478362733286e+01
1.269663655086178089e+01
1.410209251807757624e+01
1.219958166877708727e+01
1.214958883825704739e+01
1.202824016275607555e+01
1.309621310341778511e+01
1.155786263265739322e+01
1.408180930537566411e+01
1.211954757130267879e+01
1.256721589283610463e+01
1.239591342777783112e+01
1.325837102302582515e+01
1.212643013932909142e+01
1.169744083513073818e+01
1.415758986032798106e+01
1.137019774027822550e+01
1.242878584999687952e+01
1.316936463286578096e+01
1.239591342777783112e+01
1.325346645307453741e+01
1.416601504667431932e+01
1.297032864477167635e+01
1.261512440463596718e+01
1.269117528058565192e+01
1.296548353912214502e+01
1.181273504078286152e+01
1.239591342777783112e+01
1.230128845013649475e+01
1.259852970602107192e+01
1.239731067999805525e+01
1.267168123546906777e+01
1.313058166328112364e+01
1.143500909354076178e+01
1.418086888058842554e+01
1.140984664410461136e+01
1.247787987244158536e+01
1.335801382769298762e+01
1.419449154464799179e+01
1.275466564447585682e+01
1.278251800487155521e+01
1.278154094941489838e+01
1.115448363874500259e+01
1.322282902344751854e+01
1.239591342777783112e+01
1.230958799069441056e+01
1.247787987244158536e+01
1.110762288203999582e+01
1.219958166877708727e+01
1.254853687550103203e+01
1.277451427423839547e+01
1.207291072551731759e+01
1.234592059725779123e+01
1.234592059725779123e+01
1.302311785464844363e+01
1.270212645286979836e+01
1.281518209408298681e+01
1.259852970602107192e+01
1.235128128065653463e+01
1.302555610035833844e+01
1.247275900318421193e+01
1.222471313754804711e+01
1.261723096869939198e+01
1.281815492758881270e+01
1.153589938856070773e+01
1.262168840494902788e+01
1.414449871412795190e+01
1.246023025584097965e+01
1.267168123546906777e+01
1.300940428778227265e+01
1.259852970602107192e+01
1.266676013809899537e+01
1.261723096869939198e+01
1.277451427423839547e+01
1.407135196376939135e+01
1.159238173733461430e+01
1.220805529137093437e+01
1.414709478362733286e+01
1.357723922601312516e+01
1.222669067887442651e+01
1.413180213589570400e+01
1.277338801682847524e+01
1.267168123546906777e+01
1.271152673313162040e+01
1.252060129239399089e+01
1.310268440726265915e+01
1.414001618797265003e+01
1.411191004106848368e+01
1.285522114586934883e+01
1.415758986032798106e+01
1.257314318004037723e+01
1.239591342777783112e+01
1.408180930537566411e+01
1.267361985470484420e+01
1.278251800487155521e+01
1.303070687386448334e+01
1.186272787130290141e+01
1.290433716340420389e+01
1.259852970602107192e+01
1.410702872131682284e+01
1.260757348142990963e+01
1.288728628518879482e+01
1.260424922033915074e+01
1.280192532464002753e+01
1.155081832830529720e+01
1.186272787130290141e+01
1.140984664410461136e+01
1.230128845013649475e+01
1.381225066309382044e+01
1.273801411885916934e+01
1.128750202468152430e+01
1.298799079090286313e+01
1.235128128065653463e+01
1.412150594308287666e+01
1.142019057079826538e+01
1.222178233466777719e+01
1.247593072963274885e+01
1.416672878609605846e+01
1.232017199661178708e+01
1.246023025584097965e+01
1.302329395160269954e+01
1.175473847962966190e+01
1.294007243589973832e+01
1.412621948183251597e+01
1.262888930128831433e+01
1.258285209836266105e+01
1.309621310341778511e+01
1.246023025584097965e+01
1.255876873328491783e+01
1.149839841293031739e+01
1.414892218274330382e+01
1.269710054992000892e+01
1.260374336821500663e+01
1.239591342777783112e+01
1.381255666957188488e+01
1.212643013932909142e+01
1.282987732792405566e+01
1.157237440436126441e+01
1.200578030574960486e+01
1.187382103056581073e+01
1.234592059725779123e+01
1.246023025584097965e+01
1.320308949133980114e+01
1.302555610035833844e+01
1.295791365323769284e+01
1.151371100402988468e+01
1.266722379921943187e+01
1.290682866652134564e+01
1.261723096869939198e+01
1.252787270296162525e+01
1.241023742532093976e+01
1.271946573206449038e+01
1.200578030574960486e+01
1.219958166877708727e+01
1.269137650330945100e+01
1.153589938856070773e+01
1.269681270424002761e+01
1.269710054992000892e+01
1.302555610035833844e+01
1.205577313626964475e+01
1.279784426295003819e+01
1.411068252791609368e+01
1.181273504078286152e+01
1.246023025584097965e+01
1.410702872131682284e+01
1.414449871412795190e+01
1.137941969860571767e+01
1.198813068914899915e+01
1.190710866023274228e+01
1.214958883825704739e+01
1.143500909354076178e+01
1.300841649604511119e+01
1.321501712756418989e+01
1.216954040182271868e+01
1.329585726370955001e+01
1.207291072551731759e+01
1.327550531045432081e+01
1.412621948183251597e+01
1.266947290154445049e+01
1.222178233466777719e+01
1.409431402515740217e+01
1.140984664410461136e+01
1.233482743799488190e+01
1.415208534859761613e+01
1.138501626302072189e+01
1.250403423640191747e+01
1.240656488011718750e+01
1.169968993745575681e+01
1.406604618530033157e+01
1.259135338387751801e+01
1.164786410196406941e+01
1.222471313754804711e+01
1.246023025584097965e+01
1.212643013932909142e+01
1.224900979509140164e+01
1.318243721763594145e+01
1.328524905587494054e+01
1.267168123546906777e+01
1.222669067887442651e+01
1.418546795655398540e+01
1.295260468728442049e+01
1.259852970602107192e+01
1.152238157384122452e+01
1.315261548378743051e+01
1.186272787130290141e+01
1.235128128065653463e+01
1.227470596806808700e+01
1.207291072551731759e+01
1.252787270296162525e+01
1.420327890258220016e+01
1.129827489666702434e+01
1.273001038822600961e+01
1.186272787130290141e+01
1.259852970602107192e+01
1.306615665739337295e+01
1.245795121457223686e+01
1.411191004106848368e+01
1.239591342777783112e+01
1.304534135380644777e+01
1.418546795655398540e+01
1.251697005902801330e+01
1.411191004106848368e+01
1.267168123546906777e+01
1.298736872795292996e+01
1.408180930537566411e+01
1.222683804632164239e+01
1.404432119463736228e+01
1.295791365323769284e+01
1.215746133839820686e+01
1.417621231235255408e+01
1.222471313754804711e+01
1.227470596806808700e+01
1.283884277792280670e+01
1.276697845575537826e+01
1.262168840494902788e+01
1.415208534859761613e+01
1.288251740046054472e+01
1.421600787719435921e+01
1.254853687550103203e+01
1.237879301947683963e+01
1.323047026795062919e+01
1.169968993745575681e+01
1.414892218274330382e+01
1.133749485520156419e+01
1.410209251807757624e+01
1.418086888058842554e+01
1.285089258616882013e+01
1.276816209706877281e+01
1.409710195310729297e+01
1.344193133021499698e+01
1.306631951484057019e+01
1.162597089071832812e+01
1.309621310341778511e+01
1.219958166877708727e+01
1.309633960287837695e+01
1.266429345584560018e+01
