5.798082183983864768e-01
1.032553324465906197e+00
5.521796178949227585e-01
-4.363040928897182757e-01
-2.947244929432786709e+00
6.063913252729345033e-02
-4.733852480040746935e-03
-2.474835589630756862e-03
-8.876723603379206295e-01
-1.381182666955688809e+00
-1.570904377585514711e-01
-3.691256065828234928e-02
-9.488084757965645766e-01
-2.347611146965599693e-01
1.713129408107533225e-02
2.973369221417287989e-01
1.209372612386958173e-01
3.655149443103208551e+00
5.908927681986501090e-01
-6.528657587006473362e-01
4.474147379753498077e-01
-1.988804311369682276e+00
1.352232708500497926e+00
2.109957578980094617e+00
1.735813545655836343e+00
-9.560628338067960197e-01
8.700262760896024794e-01
2.715272224975646687e-01
-4.516481759787229766e-01
1.420367323364295942e+00
-5.783020119544705073e-01
-5.396546182712519402e-01
9.198104542589329302e-01
1.472940971459609116e+00
-5.627417380900796573e-01
2.055075292725330183e+00
1.867458452468810925e+00
-6.378330493897420572e-01
7.339419029395842786e-01
1.691549818780040182e+00
-1.123641596139768745e-01
-1.251865573797657394e+00
-7.447419342525900543e-01
-6.102696866525207930e-01
-1.168182493876549710e+00
6.241940518539035136e-03
1.160575861843549106e+00
-5.887233603483913447e-01
8.902992710768490303e-01
8.214791474463287169e-03
3.208334106971544863e-01
5.046321349077371732e-01
5.649037501385428817e-01
-2.381841104712240753e+00
1.029352938100443066e-01
-6.116389179372313523e-01
2.166878029625909807e+00
1.238200357620652392e-01
-1.418124299779445874e+00
-1.388607332247826287e+00
1.054212081596265227e+00
1.021286389573569542e+00
2.091856258195817553e+00
3.571710694517274409e-02
1.864970526446944721e+00
1.381907125071601294e+00
1.015137891822571303e+00
-4.549293871680323842e-01
2.756930411610280518e-01
2.825086098111753152e-01
-9.271223570285093141e-01
-3.445762813025787241e-01
-1.720108530095099120e+00
-1.022705763212082619e+00
-1.581192819202186239e+00
-2.211965655502131922e-01
6.409977771319430584e-02
-8.692299646372793065e-01
1.558343077054137549e+00
-8.871482500247047931e-02
2.024108945749428567e+00
-5.733421154566109568e-01
-1.018808078386179566e-01
1.950757098178420301e-01
8.443472316099471797e-01
-2.880587341590106765e-01
-1.752354251141516661e+00
-7.912601173435152013e-01
1.206634747420667342e+00
-1.918665022270549941e-02
1.551723048660208271e+00
3.206132755049863059e-01
-5.414362257733017492e-01
-9.493020549206950820e-01
-2.262047653613010745e-01
-1.067825112575188085e+00
-1.868138072403701944e-01
-3.656305840277782049e-01
2.083625866942912630e+00
-1.244388993037993663e+00
-4.005018114553535180e-01
-5.859605376631182860e-01
4.193465951318506302e-01
7.673255019586942838e-02
1.283804888294105828e-01
-1.769103556668481181e+00
6.037165137118083447e-01
-1.542477760249590268e+00
2.377043019695466441e-01
-1.028984908236575402e+00
1.643106396683368775e+00
-4.950721378584035937e-01
-6.795986723431275411e-01
-1.547791963698245121e+00
-1.888966391265473721e+00
-2.058681173582192214e-01
2.831800376328194702e+00
-4.541561725331797472e-01
4.316086332430181804e-01
-1.555405582255918184e-01
-6.555870971800623614e-01
-1.256765572752068127e+00
1.641730049888943999e+00
9.883611457114085397e-01
7.871728363129750772e-01
3.466782574693821027e-03
-5.640592263469058620e-01
2.245947700201893049e+00
-2.019198365234523285e-01
-9.971933814765865378e-01
-5.696610348409503199e-01
-1.372238887793431061e-01
-1.700135414708058568e-01
-3.220550764944572486e-01
-1.729357161508734197e+00
-2.480694067216262233e-01
1.517582354365780484e+00
2.139943198756077081e+00
-2.870355808829049060e+00
-8.793884483749589975e-01
4.773585502409417036e-01
-2.658098804451389796e-01
-1.805318102765378407e+00
-1.247286922469004633e+00
-7.724887243121552061e-01
-2.994227545585493200e+00
-1.474374674739260982e+00
-7.161764451771962525e-02
3.655583671033121439e-04
2.208078694918893248e-01
-5.851577177507857330e-01
-4.706154549861210103e-03
-6.465621731683024453e-01
-6.703836005581186308e-01
-9.552393297597727706e-01
-1.217093760755653814e-01
-8.786417792257787962e-01
-3.059035278203975014e-02
1.294049742865289954e+00
-2.598240963294531358e+00
-1.514883044350342212e-01
3.672134058077528018e-01
-9.397242588549649389e-02
1.669300698949528414e-02
-5.850967496348541408e-01
-7.189868797973613113e-01
-1.079992267081363311e+00
-6.183279536277548338e-01
-5.259983586485748042e-01
-6.802935068833331211e-01
2.581238587319688582e-01
5.999655925294536951e-01
5.758736898713288088e-01
-8.889691537394053267e-01
-9.943305986169990174e-01
-2.291352764635440631e-01
-2.224739529062557952e-01
9.483100956789760616e-01
1.147686059451058949e+00
-1.732895725691560029e-01
1.669941154430813757e-01
1.526761126500999932e+00
1.683732159550644925e-01
2.557374528572889383e-01
2.901773454893475865e-02
4.997117512694429498e-01
-2.728930054550604556e-01
5.633684264514455808e-01
1.213149509938862280e+00
-3.353718945484052139e-01
-2.733570278391312947e-01
-4.219884150252692923e-01
-7.300297686692814869e-01
2.861092030510278494e+00
1.255613886038053462e+00
-2.545930328330673120e+00
-6.795802452695454132e-01
2.994389540980795683e+00
4.874823875800616269e-01
-3.664545355546612315e-01
-1.172699507318278656e+00
-2.113732153267298575e+00
2.367852557825879389e-01
-1.171731065076029088e+00
7.608891255288256772e-02
1.554020279563545159e+00
-6.896300732585912696e-01
7.878384359666701364e-01
2.111678798597753925e-01
-4.401678614895952468e-01
2.005037511756302404e+00
3.753784454421716932e-01
1.639232912731243552e-01
2.786952946566185307e+00
-1.027917041431493317e+00
3.584657765694493903e-01
-1.556881350345908910e-01
1.101212296192038531e+00
-5.703088552159556457e-01
2.942832881824018476e-01
9.993195095585045984e-02
2.556813918402223162e-01
8.579392324604316611e-02
-1.604810344787499066e+00
1.927561388129779563e-02
6.967115851527514447e-01
1.967566709839012676e-02
1.411237935681902977e-01
2.465170917423049890e-01
5.007026585717838651e-01
5.265568908534964399e-01
-1.094473615905593888e+00
-3.701451566174014385e-01
-8.889691537394053267e-01
-1.583892378447856464e+00
-1.488042415984885958e+00
-6.613428932390952308e-01
1.603912795920570566e+00
-4.797294682855570147e-01
1.729237937834687544e-01
1.250955654267986994e-01
1.135671239880353456e+00
-5.173218600582969451e-01
2.887597198681751465e+00
-8.938986030985918152e-01
6.524409839865158434e-01
2.029442772564488129e-02
-9.389772684863902930e-01
-1.192658853685468978e+00
8.778261204492353587e-01
-1.592517433223344714e+00
-1.271725462749117852e-01
1.408763167847880415e-01
-5.839323604544827129e-01
8.954105633083726534e-01
-2.806750819728688895e-01
-2.227371161559834611e+00
-3.893173029478074615e-02
-2.438496669057662880e-01
-4.527832682037893353e-01
-9.798488718402090791e-01
6.561287974566053505e-01
-2.389593839885690851e-01
-1.143202623997405576e+00
-4.079266979028076112e-01
-8.929858996814086236e-01
1.881762265615481988e-01
-2.060728258236445232e+00
4.318662606634722789e-01
1.292975812598512242e+00
1.188022356739825369e+00
-6.368410556867493133e-01
4.023109023290466491e-01
4.055407085914742304e-01
9.335786855916158311e-01
9.188411033950305562e-01
7.786437317953537329e-02
-3.277681499910095608e-01
2.444325984037764021e-01
-2.816718030058384392e-01
-9.424016631129888966e-02
-1.701620988525693656e+00
6.180699224837074013e-01
-1.794295306563966186e+00
9.265579301441926319e-01
1.135521730230182547e+00
-1.327542422757108931e-01
-1.004482665855718250e-02
7.874229820125846491e-01
1.412229638848808255e+00
-6.643933387592668716e-01
-9.964825375112297268e-01
-1.899398394504719034e+00
8.462772858020702893e-01
-1.768761684197876494e-01
5.505437548532213787e-01
-8.123880722087134520e-01
-1.853559997508532620e-01
-7.408796695516960407e-01
2.951990845714856301e-02
-1.543602955002949251e-01
-4.514481681496437249e-01
-1.220911465710681432e+00
1.331060089557359660e+00
-7.561534635637601198e-01
4.777043656158563856e-01
-2.123109042361628340e-01
-6.956075303748689986e-01
-2.632074296005953995e-01
-6.548543766447100234e-01
-1.548497730437400799e+00
8.248010039009412431e-01
2.824348593124749174e-01
2.345692583075966287e+00
-2.951230503797855897e-01
1.675195874789595640e+00
5.995368826913681781e-01
-7.932921697614924161e-01
9.616250227477587398e-01
8.419960911903369150e-01
-7.131382750331395348e-01
1.806873231453886841e-01
-2.611032459910378467e-01
9.786923281191977075e-01
-6.503113674936069621e-01
3.394396805670523154e-01
1.348643065956166121e+00
2.646937779671377222e-01
6.792929262456961492e-01
6.840200521046857496e-02
2.579622402068863507e-01
-1.017941514207652415e-01
1.082988804195723631e+00
-1.388334225052035020e-01
-1.604101609131453499e+00
1.810696939003013650e-01
2.185932064556425747e+00
3.396293883987844819e-01
3.607480515189934872e-02
8.384438766920424557e-01
-7.857943537531296707e-01
1.597119010313405862e+00
4.732421763687323368e-01
-7.080228671117071160e-02
-1.140644309406237511e+00
3.408973084508836182e-01
-9.744548020263700538e-02
7.900773106792737810e-01
-2.756627942092784722e-01
-6.785297642711347610e-01
1.064081714378606103e+00
-8.442579033384728371e-01
6.266335332085011256e-01
-5.823822738103916485e-01
-1.562727912572446032e+00
6.421545896183296076e-01
2.415364697561526719e-01
-7.951296696951932752e-01
-4.520623606863098942e-01
2.662415463692567874e-01
-2.320409761631407886e+00
-1.418431608174424152e-01
1.629519034663824417e-01
1.834786896838418724e-01
-9.300897827614418301e-01
5.475120233856085594e-01
-1.290356828329367378e+00
8.640519759664052613e-01
1.390008777526968053e+00
-1.058812267460096601e+00
-1.309874613700156898e+00
-9.410783886550276867e-01
2.502460840990273216e-01
-6.775987269269675983e-02
2.622173481302139120e-01
-1.284589135476738031e+00
-6.626175585305146276e-01
-2.076193950329366655e-01
-1.995130847734345680e+00
1.590532748588055600e+00
2.492317016949753827e-01
1.227116827055877657e+00
-3.503749973504687310e-01
-9.596638213350493496e-01
1.736137749030391308e+00
-6.974891549907016319e-01
-8.109578572105493599e-01
-3.423857808527718677e-02
1.062536371691459314e-01
1.013706509916784348e+00
-1.184316834521071726e+00
-1.318414626944975243e+00
1.906593627023063453e+00
-1.047169958294318359e+00
-9.783358009970781755e-01
5.144267662365658023e-01
-1.887935513859984926e+00
5.123404195911439585e-01
-9.046430617057741319e-01
-3.514939077297126735e-01
-2.983998407295973543e+00
-1.720807692132695799e+00
2.157687906059660432e-01
-3.472199096042111743e-01
8.170802160380793988e-02
-1.377431538104450515e-01
1.468101738698270042e-01
-1.367762262233545023e+00
-2.636911850443345084e+00
-1.351595932617456919e+00
-8.245542043538115484e-01
8.333782573286229178e-01
-7.354634902571928479e-02
-2.409453761083941437e-01
-4.737308014831460024e-01
1.667752144988546403e+00
-8.921505056254934729e-01
-2.336321942090694159e-01
2.057777672529681467e+00
-1.866299095672809383e+00
8.975207322692404510e-01
9.654527756269248862e-01
-6.649031066835260351e-01
-1.359083748697807348e+00
1.237232388558023866e+00
-1.593294657080022825e+00
-1.350363543018259005e+00
1.170625121135337787e+00
9.510357574155156590e-02
-1.120371038727805635e+00
1.050538837519064822e-01
-1.174970420797780246e+00
2.783377842732840390e-01
-1.121422268323069238e+00
-5.394870014024397836e-02
1.128312641756209711e+00
