2.299999999999999822e+00
2.213000000000000078e+00
2.466000000000000192e+00
2.254999999999999893e+00
2.221999999999999975e+00
2.071000000000000174e+00
2.641999999999999904e+00
2.379000000000000004e+00
2.717000000000000082e+00
2.388999999999999790e+00
1.989999999999999991e+00
2.448999999999999844e+00
2.212000000000000188e+00
2.221000000000000085e+00
2.205999999999999961e+00
2.249000000000000110e+00
2.583000000000000185e+00
2.466000000000000192e+00
2.645000000000000018e+00
2.279999999999999805e+00
2.111000000000000210e+00
2.157999999999999918e+00
2.306000000000000050e+00
2.241000000000000103e+00
1.941999999999999948e+00
2.208000000000000185e+00
2.112000000000000099e+00
2.269000000000000128e+00
2.266999999999999904e+00
2.511000000000000121e+00
2.588000000000000078e+00
2.113999999999999879e+00
2.553999999999999826e+00
2.295999999999999819e+00
2.407999999999999918e+00
1.961000000000000076e+00
2.205000000000000071e+00
2.197000000000000064e+00
2.226999999999999869e+00
2.588000000000000078e+00
2.257000000000000117e+00
2.407999999999999918e+00
2.302000000000000046e+00
2.277000000000000135e+00
2.689000000000000057e+00
2.657000000000000028e+00
2.245000000000000107e+00
2.290999999999999925e+00
2.501999999999999780e+00
2.394000000000000128e+00
2.080000000000000071e+00
2.435000000000000053e+00
2.434000000000000163e+00
2.149999999999999911e+00
2.654999999999999805e+00
2.166999999999999815e+00
2.148000000000000131e+00
2.645000000000000018e+00
2.529999999999999805e+00
2.398000000000000131e+00
2.283999999999999808e+00
2.108000000000000096e+00
2.258000000000000007e+00
2.347999999999999865e+00
1.822000000000000064e+00
2.322000000000000064e+00
2.032999999999999918e+00
2.105999999999999872e+00
2.246999999999999886e+00
2.456999999999999851e+00
2.289000000000000146e+00
2.307999999999999829e+00
2.152000000000000135e+00
2.201000000000000068e+00
2.326000000000000068e+00
2.044000000000000039e+00
1.683999999999999941e+00
2.158999999999999808e+00
2.423999999999999932e+00
2.080000000000000071e+00
2.274999999999999911e+00
2.181999999999999940e+00
2.387000000000000011e+00
2.270999999999999908e+00
2.387999999999999901e+00
2.396999999999999797e+00
2.174999999999999822e+00
2.238999999999999879e+00
2.017999999999999794e+00
2.052999999999999936e+00
2.248000000000000220e+00
1.816999999999999948e+00
2.277000000000000135e+00
2.161000000000000032e+00
2.193000000000000060e+00
2.299999999999999822e+00
2.157999999999999918e+00
2.024999999999999911e+00
2.129000000000000004e+00
2.301000000000000156e+00
2.068999999999999950e+00
2.821000000000000174e+00
2.097999999999999865e+00
2.383000000000000007e+00
2.245000000000000107e+00
2.266000000000000014e+00
2.166999999999999815e+00
1.860999999999999988e+00
1.800999999999999934e+00
2.173999999999999932e+00
