2.916416208604272753e-01
-2.403622363607557100e-01
-1.368542420376825108e-01
-1.648961145079431034e+00
-1.050961493017356752e+00
-1.002339126715309670e+00
1.928205800491249733e-01
2.571775852577016241e+00
-9.752192614097268675e-02
-1.809381947903029586e-01
-4.378309347452853939e-01
-1.651272492933056446e+00
3.662131714410118422e-01
7.595943891180292340e-01
-8.304573998866001672e-01
9.991652222868477873e-01
-3.523826752656342709e-01
1.615131551806825883e+00
-1.012035761561934200e+00
-1.193920159817162263e+00
-1.600666634953114675e+00
-1.177851407965994218e-01
-8.648285007233857957e-01
1.100948820103087478e+00
1.165053975348369769e-01
-8.918693774588668521e-01
5.226736253045557445e-01
-3.044834069106050478e-01
-3.636838659849400135e-01
-9.809068206772221243e-01
-4.981048515514206465e-01
-4.864983414499693959e-01
5.626671366822163511e-01
-8.915155030306397554e-01
1.112840355667431336e+00
3.841183245180941619e-02
1.269621251233584491e+00
-1.195289960823026520e+00
-1.168141062889168635e+00
7.036723539874110145e-01
3.592848795085801239e-01
-7.080030064947581137e-01
-1.234559508335440065e-01
1.031442198047980208e+00
-3.965579807875968532e-01
-5.122253757287936748e-01
1.713860030318929084e+00
-2.871075473935220668e-01
2.862024406593600023e+00
-1.881516023260555032e-02
-1.293846369220878367e+00
9.610189112741265305e-01
-5.666660249451962450e-01
-2.929608323906215617e+00
-5.143122413524210401e-01
-1.898066997860903715e+00
6.942944369498348367e-01
1.585639168853295311e-01
1.047783498828786630e+00
-2.045037544875802915e+00
8.107000368969714543e-01
1.788652356729460546e+00
1.384958532106935758e+00
-1.622844039376441505e-01
2.198340038992096623e+00
-1.446862212595692698e+00
4.280300597240230820e-01
3.400030578501721940e-02
7.700174438522949805e-01
-4.076545306293506421e-01
-9.660574795090715039e-01
1.840408772011548066e-01
-1.012514005410650952e+00
2.835092802208952767e-01
1.064758862233362136e+00
1.283758146158729962e+00
-1.480963209353868049e+00
-2.204002024148505046e-01
1.080913258454725856e+00
8.916258065305531222e-01
-4.399108915480010595e-01
1.983039199091054750e+00
-1.400005527091449542e+00
-9.352246884575401431e-01
-3.521587046916169750e-01
-1.202607600899667784e+00
-1.656115920402674968e+00
-1.691186815576098734e+00
-8.152700466942383595e-02
5.182949875958069441e-01
2.553896925163083420e+00
8.587072814315973579e-01
6.260723975356391469e-02
9.749315886486564775e-01
4.702706448610890488e-01
1.936948114390679432e-01
1.600198989462512600e+00
-8.454434437454045881e-01
-5.655188469617160596e-01
6.370413053354543331e-01
-4.473612278589431113e-01
-1.032327913170242861e-01
6.578289485584101204e-01
2.283091377368465569e+00
1.470274205391642441e+00
-8.853471666575001287e-01
9.889455462741518488e-02
-6.322288085052690798e-02
-1.712699266683675114e+00
-3.929397628708569679e-01
1.052526811060350509e+00
-2.051047752689022730e+00
-5.206066221038948560e-01
-4.517063226486948135e-01
-9.465228208793351472e-01
9.328681438023718187e-01
1.029949002020464022e+00
-1.037021798852394650e+00
7.279988052999708525e-01
3.743691157938005554e-01
-5.670468126698950950e-01
-8.881340873937875191e-01
6.770859589110608256e-01
-6.163404934145616521e-01
6.011603745870701676e-01
-8.681419757745051369e-01
4.994927518329964067e-01
2.056409730711630246e-01
1.346231529584607900e+00
1.069280555875828265e+00
1.159026939855489990e+00
2.062800801352099977e+00
-7.571934090226092318e-01
1.687670060161653163e-01
3.356501156888519466e-01
1.149853866275962533e+00
1.398989443637027819e+00
-1.483751135121842701e-01
-8.457213614016615422e-01
1.312441136183391532e-01
2.754078053995544728e+00
-1.998546717454753596e-01
-9.295303292116353644e-01
-1.524707613253201144e+00
-4.707808069000017637e-02
-1.132626226338065756e+00
-4.078088103368089357e-01
3.788857938004491221e-01
4.007665253581939591e-01
3.791654043770916749e-01
4.561073138904087609e-01
1.510590766057185452e-01
-5.574837667846632705e-01
1.687820911634248633e+00
-1.024108231701280625e+00
8.203031516190448791e-01
-9.113886386143463803e-01
2.632130772320453449e-01
5.775498788145363438e-01
-1.387102672381203661e+00
-2.694283879225959577e+00
-4.976463125364007922e-01
1.395215352192319624e+00
1.242093418111270831e+00
-1.786776290670502254e+00
1.606955990724490801e+00
-1.578546154209483632e-01
-1.009202154126842332e+00
-1.516979502396280877e+00
-4.399243631917403863e-01
-7.030598381656947282e-01
1.611707164962044248e+00
-1.276846465894705185e+00
9.161774518143894763e-01
-5.743965202942061948e-02
-7.404342736520428403e-01
2.158016454038067966e+00
-3.140442793259283216e-01
-1.782448539924171016e-01
-1.066459345090507549e+00
-2.053024463672719624e-01
2.014874504676021638e-01
-9.447132064711679655e-01
-1.115208718639789653e-01
5.385539282888487378e-01
-1.119500133457000501e+00
-8.125708601810024412e-01
-7.085583604013191428e-01
1.803251347965511675e+00
-7.079921629874297295e-01
-4.464711673814026893e-01
-1.157765293555831215e-01
-8.549648419857763804e-02
2.449334517200561501e-01
7.734785114905444736e-01
2.638051848784526143e-01
2.521633581971342575e-01
-6.152493786176697066e-01
1.917380459540907633e+00
5.030744248764558169e-01
1.399666222530264736e+00
7.322155012454855116e-01
-3.168461000764411645e-02
-9.606147333161133561e-01
1.696510252544325636e+00
3.687061494046941501e-01
-4.161130364223340587e-03
-4.313372934171275652e-01
7.568418396617085930e-01
1.555358745252750918e-01
1.395672678801440636e+00
-4.961613434971394176e-01
-4.012274947259437119e-01
-2.194504174968640031e-01
-6.941713439201156743e-02
-7.079638603069847713e-01
-5.570296957727109977e-01
-2.568066863141701961e-01
2.812875910597354978e-01
-1.607156450093972788e-01
-2.739197915899360125e-01
-6.404758599935136409e-01
-8.386242188843121559e-01
-1.826883275848697030e+00
-1.066419720687705741e+00
7.914279698030861621e-01
-1.291046401832011803e+00
-9.895736578774898262e-02
-1.040480871701770366e-01
7.200661065236592107e-01
-1.137071389069028472e-02
1.375087990705807506e-01
-1.479351520030429690e+00
-1.265937718828750835e+00
-2.581197047560532254e-01
5.835062036270012298e-01
1.795533889573627528e-01
-5.662212254585093918e-01
1.040192155213512271e+00
8.380153018666926246e-02
1.529541062554038433e+00
9.144049310632647032e-01
-8.615540988371986897e-01
1.191124783336707349e+00
-4.981895115992006351e-02
1.643460272919249621e-01
-7.131941911357075892e-02
3.216874342893933370e-01
1.035379315977877024e+00
-6.308055247507209085e-02
2.284058220255901217e-01
1.935841141151458111e-01
-3.195916407726828723e-01
-2.733830166426730046e-01
1.323861922836835570e+00
-3.804946307712318565e-01
-2.607715340302466100e-01
1.493852648932982419e+00
-6.736719972314104687e-01
4.911568660077302861e-01
1.171441909045642556e-02
6.500494085623621521e-01
2.631102409197035308e-01
-9.040540202057152364e-01
-8.956584229246803419e-01
-5.643284954947462850e-01
-1.970874026239508719e-02
8.318120610362335077e-01
-9.330442463404914344e-01
-9.718587570626832095e-01
-9.641232653129778729e-01
-2.838200271933902785e-01
-1.788135472830500783e+00
-3.943527805309560152e-01
1.250075046782114452e+00
2.962690562049432597e+00
-1.217605001420374755e+00
6.624918452085842846e-01
-2.960368396337135777e-01
1.342755766205758095e+00
-1.898324546355551479e-01
3.180880048343778799e-01
2.632051290862494897e-01
-1.492096510454210545e+00
9.722356513780100462e-02
2.254812993517913977e+00
5.548203024165257458e-02
4.538320504616890627e-01
-8.803297123234341548e-01
3.565975655578456749e+00
-1.050425694419970357e+00
-3.419744930642792946e-02
-1.178734985930357082e+00
1.243263662935510494e+00
3.541508597146023618e-01
2.123323242595664684e-01
-5.446638906674702296e-01
2.187333681726409296e+00
-9.414514250412550078e-01
1.318512288444707359e+00
-9.972694222933419228e-01
-7.776740462609048610e-01
3.437984781154655445e-01
-1.046779534946780776e+00
-1.110676883422085259e+00
4.372919267710946856e-01
2.364378859874015915e-01
8.385108671548254788e-01
1.139660993196013994e+00
-1.002124218587154170e+00
8.053985151171606516e-01
2.890026370385943011e+00
-8.780502190579164701e-01
-3.929575818134506959e-01
-9.454927733579922000e-01
6.265159423847538323e-01
-1.629707620348838648e-01
-2.799277758078422274e-01
1.954285214125877912e-01
2.944287959111022701e+00
-1.479351520030429690e+00
4.547957969646259091e-01
-1.758556250244179553e-01
6.834594923122050414e-02
-1.453008851475694474e+00
9.053308118659074699e-01
1.115382507029476944e+00
1.887562870718220820e+00
-1.028134721627417258e+00
8.343309873089629347e-01
7.455047796826372863e-01
-6.946871613600482664e-01
1.182442813681538807e+00
-4.417538526584215836e-02
4.343140618382009444e-04
1.029463934442407108e-01
1.316462014561112559e+00
1.653282323396889408e+00
1.136322459133122020e+00
4.056152957093882988e-02
1.426244182918892101e-01
2.625835280100083047e+00
-2.645119190391878941e-02
2.289857562722040496e-01
1.607502267947730212e-02
-1.894126250283887369e+00
1.339316757790122991e-01
1.649534873713034200e+00
5.181282288942772318e-01
-3.234688668852865323e-01
4.278314174421096183e-01
-1.372816515836219331e+00
8.816576776834635920e-01
-1.412593925206369061e-01
-9.867208988421370952e-01
1.081984662788439078e+00
8.253063165444795013e-01
2.175927731996106784e-01
-7.073772804070306286e-01
4.497015740609708323e-01
-2.834170788652413453e+00
3.445441270803880074e-01
-1.648159218083272037e+00
2.653413318085257266e+00
1.567606539966529544e-01
2.189109315345091344e-01
-1.174630753250188064e+00
2.103766499098784770e+00
-9.500616856237874552e-01
1.745417457314139276e-01
-2.374376847922311518e-01
-2.119857090071841366e-01
-8.276306974344307399e-01
5.648355544038841103e-02
-2.157346604201271778e-01
-1.384658211804114525e-01
1.019635393134500634e-01
-3.023859257522402699e-01
-1.817740807618267507e+00
9.631354934137681401e-01
-8.250097405715465237e-01
5.828805902775401337e-01
-1.809642302147831672e-01
-8.305305583813833020e-03
4.413932541022230760e-01
-1.250103944300565706e+00
-4.313884414954682334e-01
2.645306431424826688e+00
4.232055219256394274e-01
1.337094682544521726e-02
1.383321073570967230e-01
-8.817209608972818857e-02
-3.017999941464811001e-02
-1.343013622584405597e+00
1.329702232223560487e-01
6.383022368142926561e-01
5.626117859898889240e-01
6.235876472624013456e-01
2.381372405633640499e-01
7.258211149728065470e-01
-1.815281150233223562e+00
-1.164367400600437863e+00
-8.466935469379267554e-01
8.816946507950771394e-01
3.467135833981580678e-02
1.583062798066708021e+00
-7.082720421278617673e-01
-1.914625970035823022e+00
-2.083704455730529315e+00
1.447195200383346037e-01
-5.533597598207675716e-01
7.047080858475035514e-01
-1.307130639129024940e-01
-7.374008653742831765e-01
-6.443027003979793221e-01
1.151511079729937714e+00
-1.326088332761865995e+00
2.095890278567853038e+00
-5.349257908862578015e-01
1.266544946552358608e+00
1.862622119310650026e+00
5.900453631578302938e-01
2.093103357831565425e+00
1.320707360173081657e+00
6.178727873638788504e-01
-5.793852589073380521e-01
2.167726013231994955e-03
2.935807306372440362e+00
-7.875365704511344545e-01
1.908962130293935244e-01
-2.164276673552092689e-01
-1.804118962426573269e-01
4.833476601639029036e-01
2.249791789773917472e+00
-2.663491608588013371e-01
1.751778275698167686e+00
