6.480360696327558401e-02
9.468908688987589528e-01
7.608451974608314572e-01
7.035057811581779674e-02
5.443637725194818699e-01
7.511535468322527720e-01
3.692521871321350346e-01
9.687840715993800700e-01
1.039892275656521647e+00
4.428501188129896349e-01
7.446877071196986719e-01
9.468908688987589528e-01
4.031156664209927243e-01
5.191418025010907655e-01
3.742505363867500989e-01
3.034016534267021115e-01
2.868699678997117530e-01
-3.873008398714894440e-02
6.728057312404569501e-01
9.390591518570445828e-02
2.277947372592166175e-01
-3.873008398714894440e-02
5.688291856935379087e-01
4.099066764085605996e-01
9.645559435152044614e-01
2.475597522190717825e-01
4.513917731763861241e-01
6.846228048555786927e-01
1.754998940167151744e-01
7.608451974608314572e-01
-9.701663406513638677e-02
5.926929802542684200e-01
7.511535468322527720e-01
4.872896750354840378e-01
5.114896351538469332e-01
7.446877071196986719e-01
6.728057312404569501e-01
7.693868518242261700e-01
7.950669645019523557e-01
7.398151662452985278e-01
1.323080416862588038e+00
5.841513258908737072e-01
9.390591518570445828e-02
7.608451974608314572e-01
3.552139499454529670e-01
4.063205029123100331e-01
7.693868518242261700e-01
5.926929802542684200e-01
6.576411736090523874e-01
4.513917731763861241e-01
7.511535468322527720e-01
5.841513258908737072e-01
9.790153323039518796e-02
6.096187773454637693e-01
6.576411736090523874e-01
3.692521871321350346e-01
4.836123181513034552e-01
1.021795100869690387e+00
9.645559435152044614e-01
7.077860412993022265e-01
2.581771209843282122e-01
4.502940925301910369e-01
3.798779526949154217e-01
4.184483307719553125e-01
-5.256141267836689224e-02
5.637250691374919853e-01
7.187898790017683837e-01
2.180040303376689081e-01
9.554325232621554420e-01
1.039892275656521647e+00
4.428501188129896349e-01
6.642640768770622373e-01
8.385561530031715449e-01
6.448057083326403927e-01
7.733180175967255821e-01
1.338074900883773566e+00
6.931644592189734055e-01
8.866808539697785818e-01
-5.256141267836689224e-02
1.504043054844794725e+00
9.645559435152044614e-01
1.175929776570701080e+00
2.444750295516104899e-01
2.105238762494483495e-01
9.326532790940991191e-01
5.443637725194818699e-01
6.846228048555786927e-01
7.462213810555216043e-01
4.240225134676336438e-01
1.110208113161911925e+00
6.096187773454637693e-01
3.970523998157471368e-01
1.238144227120050900e+00
2.242954327681072613e-01
1.136753032189639967e+00
1.082623933401601235e+00
4.428501188129896349e-01
7.511535468322527720e-01
4.165929112343960128e-01
1.039414085371534568e+00
5.841513258908737072e-01
3.501141151866349333e-01
3.840774862563396397e-01
1.630806639344424269e-01
8.955725276900761145e-01
9.434973053585125058e-01
6.728057312404569501e-01
2.621228513077724642e-01
8.463518611591887009e-01
7.511535468322527720e-01
4.872896750354840378e-01
5.830055359731716180e-01
5.104456841481308516e-01
6.479534657301595502e-01
5.841513258908737072e-01
8.208840802309040896e-01
6.506145390926825200e-01
1.039892275656521647e+00
1.165129868650005562e-01
7.297264833815386709e-01
9.883186719531700248e-02
8.468386062990127527e-01
3.423111110734193829e-01
3.619063839265646010e-01
1.808244699798677857e-01
8.951527316081389074e-01
2.782995644548496017e-01
9.349056309144998522e-01
5.841513258908737072e-01
7.693868518242261700e-01
1.949607951085408075e-01
7.285261580941071458e-01
2.808737701961483424e-02
7.511535468322527720e-01
2.363363916226131067e-01
3.553337145487329707e-01
7.511535468322527720e-01
9.645559435152044614e-01
8.245589376325739295e-01
6.642640768770622373e-01
1.315857078095355348e+00
1.716205081891237327e+00
8.588013300557406637e-02
1.678708526991936623e-01
5.212394687085364353e-01
7.950669645019523557e-01
1.074082279038204746e+00
2.237027669829831922e-01
9.836507804932033139e-01
1.048433930019916360e+00
9.020700458938275546e-01
8.537683692226636367e-01
9.078756430971850477e-01
4.717634848764511446e-01
3.039509512150768700e-01
1.279733000828695566e-01
2.071333108336901319e-01
3.331668183295928287e-01
3.373026122974742691e-01
5.926929802542684200e-01
7.596952011956492612e-01
3.810759356709958467e-01
8.643892956308327769e-01
7.446877071196986719e-01
8.537683692226636367e-01
7.184360064706787341e-01
6.947034431749710137e-01
9.411949334574938320e-01
1.110208113161911925e+00
1.177803678497051365e+00
3.109164073033348075e-01
7.353016805463852279e-01
5.926929802542684200e-01
5.189873385115255644e-01
5.881809147302945462e-01
3.109164073033348075e-01
7.847595880866489182e-01
6.729368894858822614e-01
7.184360064706787341e-01
7.950669645019523557e-01
5.602875313301431959e-01
6.173271464827259081e-01
5.934279363273518015e-01
7.446877071196986719e-01
7.532293614830933848e-01
1.494214553518951050e-01
1.409969886817778573e+00
3.501141151866349333e-01
4.958313293988787507e-01
2.823785934719680313e-01
2.108393529385388376e-02
5.104456841481308516e-01
8.931385351991441013e-01
6.506145390926825200e-01
1.732979313690030665e-01
8.991615186044903396e-01
1.771004544551875171e-01
1.074082279038204746e+00
1.504043054844794725e+00
5.104456841481308516e-01
1.293432070133485823e+00
9.520389597219107713e-01
4.409538373641410658e-01
6.381992847278183945e-02
6.117846881621105126e-01
5.033989568655972136e-01
3.508527654368158721e-01
5.104456841481308516e-01
9.645559435152044614e-01
7.511535468322527720e-01
4.019646089329977912e-01
8.452267148592689239e-01
7.132713440050100218e-01
-3.873008398714894440e-02
7.353016805463852279e-01
2.156749651970848447e-01
6.728057312404569501e-01
1.046666862338632598e+00
8.123424258675093768e-01
2.621521097073244988e-01
1.110208113161911925e+00
2.289069693427894236e-01
-4.618793795191322715e-02
1.249572800967605701e+00
5.104456841481308516e-01
3.019661116029901393e-01
6.728057312404569501e-01
-9.701663406513638677e-02
7.446877071196986719e-01
7.596952011956492612e-01
1.039892275656521647e+00
1.864191407451443183e-01
5.189873385115255644e-01
5.189873385115255644e-01
9.862000772436712026e-01
6.229231995178423631e-01
2.649829320713052994e-01
7.511535468322527720e-01
9.560142891518097485e-01
1.323080416862588038e+00
4.131634165543065507e-01
8.548935155225851901e-01
9.411949334574938320e-01
7.465437393554505974e-01
2.782995644548496017e-01
8.537683692226636367e-01
8.208840802309040896e-01
5.841513258908737072e-01
8.452267148592689239e-01
4.875326644954078859e-01
7.511535468322527720e-01
1.703777324265036697e-01
9.411949334574938320e-01
1.039892275656521647e+00
4.478273486620132360e-01
3.788219293625694206e-01
2.529862136436040743e-01
5.602875313301431959e-01
1.332490668481449703e+00
2.607561440220234061e-01
4.872896750354840378e-01
1.065094951254774713e+00
8.452267148592689239e-01
2.163729639344804667e-01
8.537771350940666082e-01
1.086867796558591337e+00
7.950669645019523557e-01
6.430270791260035423e-01
3.089476537438180515e-01
8.991615186044903396e-01
4.984362912966542325e-01
5.104456841481308516e-01
4.958313293988787507e-01
1.773210300736547396e-01
1.110208113161911925e+00
1.067081170550597591e+00
3.423111110734193829e-01
3.643040919598856675e-01
7.511535468322527720e-01
6.181604317088549294e-01
5.301586617252382894e-01
8.245589376325739295e-01
1.089670706041072634e-01
2.506696789613034326e-01
9.442178736897055558e-02
3.423111110734193829e-01
2.156749651970848447e-01
9.645559435152044614e-01
1.976710628947101256e+00
7.220333272138237390e-01
9.390591518570445828e-02
9.432829192030940391e-01
9.560142891518097485e-01
6.931644592189734055e-01
1.685588000917928042e-01
3.248344405076775132e-01
8.167794497008156185e-01
6.594866315033343085e-01
3.080063540869897309e-01
5.841513258908737072e-01
5.043236418303500557e-01
2.890785822948203077e-01
8.860506922325477319e-01
7.184360064706787341e-01
7.653202186698493392e-02
5.072621650248407832e-01
1.409969886817778573e+00
5.841513258908737072e-01
4.855467543689861998e-01
2.437093822931704068e-01
8.468386062990127527e-01
6.781973311899083257e-01
5.830055359731716180e-01
5.104456841481308516e-01
1.840319443237222075e+00
6.506145390926825200e-01
3.450807739130627994e-01
3.109164073033348075e-01
5.722667235008866982e-01
4.184483307719553125e-01
5.189873385115255644e-01
5.841513258908737072e-01
8.131828924500439371e-01
1.323080416862588038e+00
1.242967665876399508e+00
1.597397912543030429e-02
9.326532790940991191e-01
8.471391345305825382e-01
9.411949334574938320e-01
6.642640768770622373e-01
5.926929802542684200e-01
9.836507804932033139e-01
5.722667235008866982e-01
7.446877071196986719e-01
6.721621274470717111e-01
2.782995644548496017e-01
9.554325232621554420e-01
6.781973311899083257e-01
1.323080416862588038e+00
5.637250691374919853e-01
3.093003654224641963e-01
3.918069176419685107e-01
3.508527654368158721e-01
5.841513258908737072e-01
6.181604317088549294e-01
8.208840802309040896e-01
1.279733000828695566e-01
4.836123181513034552e-01
6.180892375242130754e-02
7.532293614830933848e-01
-3.873008398714894440e-02
5.559109292539492486e-01
8.301439794469107625e-01
2.738369391085733184e-01
9.494006616988830416e-01
1.864191407451443183e-01
9.186414255457950873e-01
7.184360064706787341e-01
9.921924348565998031e-01
3.248344405076775132e-01
3.215663827684274167e-01
2.156749651970848447e-01
4.428501188129896349e-01
5.848862819639570887e-01
-3.018842962375245520e-02
4.898838812901988859e-01
3.635779997733799007e-01
2.328370871315037505e-01
4.240225134676336438e-01
9.673708255882473850e-02
1.272557295196463656e-01
8.548935155225851901e-01
5.841513258908737072e-01
6.506145390926825200e-01
2.707796795318468952e-01
7.841770056328272176e-01
9.333035257105901650e-01
8.452267148592689239e-01
2.607561440220234061e-01
7.608451974608314572e-01
4.878920478710444542e-01
7.511535468322527720e-01
3.194580616667312967e-01
6.675759894835184838e-01
3.423111110734193829e-01
9.560142891518097485e-01
8.463518611591887009e-01
1.864191407451443183e-01
6.642640768770622373e-01
8.643892956308327769e-01
-1.117701527724666022e-01
6.517174897084334617e-01
3.423111110734193829e-01
7.511535468322527720e-01
1.040022005415247364e+00
4.502940925301910369e-01
6.430270791260035423e-01
5.104456841481308516e-01
1.085892545852475521e+00
7.608451974608314572e-01
4.493201630291316917e-01
6.430270791260035423e-01
8.452267148592689239e-01
1.012397198610402782e+00
4.958313293988787507e-01
3.896175900343905596e-01
3.301080371318256823e-01
1.242967665876399508e+00
2.345259054010249145e-01
7.098943521072840213e-01
8.548935155225851901e-01
8.463518611591887009e-01
2.908327605105558433e-01
2.754658365728666070e-01
8.537683692226636367e-01
5.848862819639570887e-01
4.052628984297452774e-01
9.434973053585125058e-01
7.596952011956492612e-01
1.082623933401601235e+00
1.260414793134193800e+00
2.328370871315037505e-01
8.468386062990127527e-01
8.536426082230796908e-02
5.934279363273518015e-01
7.353016805463852279e-01
1.183162941141171487e+00
7.550853937188470866e-01
5.688291856935414614e-01
1.093472796109228540e+00
6.289235735841369745e-01
4.055940541791436260e-01
1.409969886817778573e+00
7.446877071196986719e-01
6.678667939574012280e-01
5.848662129790191955e-01
