1.277679949297579665e+00
-1.229608317859918420e+00
-7.833686587954133973e-01
2.373023829890818615e+00
7.157255499098997831e-01
-4.251164121181240096e-01
8.985834866778532604e-01
-1.036034078645256429e+00
-7.813548572543318471e-01
8.420288095257693062e-01
-3.428693426938835831e-01
-1.229608317859918420e+00
7.893100959667064265e-01
2.818279980845811994e-01
5.994113566725308706e-01
7.547031613897347002e-01
7.909385284589839360e-01
2.427238302958974803e+00
-1.031022821059919548e-01
1.103408023026601903e+00
1.725919075928000979e+00
2.427238302958974803e+00
5.463070456999125080e-01
8.408917402427508181e-01
-1.120307243121055896e+00
8.771015571733743466e-01
8.069221077253750929e-01
-2.555425538113283435e-01
1.035047666700888325e+00
-7.833686587954133973e-01
1.483798004186054564e+00
2.261658361795859939e-01
-4.251164121181240096e-01
1.110953219113037793e+00
9.433729286831958882e-01
-3.428693426938835831e-01
-1.031022821059919548e-01
-8.425180504459747199e-01
-1.020348126188080684e+00
-2.971788522807077837e-01
-1.345572819567558032e+00
2.612725379799729075e-01
1.103408023026601903e+00
-7.833686587954133973e-01
6.411371502293765623e-01
5.291180398141285268e-01
-8.425180504459747199e-01
2.261658361795859939e-01
-3.201322275279377960e-02
8.069221077253750929e-01
-4.251164121181240096e-01
2.612725379799729075e-01
1.205133474495481138e+00
2.638465960912541042e-01
-3.201322275279377960e-02
8.985834866778532604e-01
5.802740161662292007e-01
-1.207094319208330102e+00
-1.120307243121055896e+00
-1.316563515416076524e-01
8.538296255914114008e-01
6.370709670398776447e-01
5.870767707499440213e-01
8.106890791248126948e-01
2.476144863152033970e+00
2.970012254020769071e-01
-1.557753742309954392e-01
1.386643168636777279e+00
-1.264715019660312523e+00
-7.813548572543318471e-01
8.420288095257693062e-01
-6.799558030560504118e-02
-4.182879228680844164e-01
6.388585223288082912e-03
-2.752941682683797131e-01
-1.513169939458230973e+00
-3.146919454618897216e-01
-7.710968315847107624e-01
2.476144863152033970e+00
-1.706118887712587684e+00
-1.120307243121055896e+00
-1.704468451864402212e+00
8.838628797245324797e-01
1.410780729732888705e+00
-5.676941867782443474e-01
7.157255499098997831e-01
-2.555425538113283435e-01
-1.962512825184524468e-01
1.549066722538485985e+00
-9.214506196922448433e-01
2.638465960912541042e-01
4.994254864982806130e-01
-1.294134521720939013e+00
1.497199435784260846e+00
-1.071897826019524436e+00
-1.537786964929626965e+00
8.420288095257693062e-01
-4.251164121181240096e-01
7.458206415712341775e-01
-1.263948671384633293e+00
2.612725379799729075e-01
5.929443153416283918e-01
8.507440225226777786e-01
1.062269050752375321e+00
-5.432606162068717159e-01
-2.048201044444272867e+00
-1.031022821059919548e-01
1.244277018943247270e+00
-7.023463083570389287e-01
-4.251164121181240096e-01
1.110953219113037793e+00
2.088270383081743953e-01
5.642070604487851027e-01
-5.109014961895839068e-04
2.612725379799729075e-01
-1.199126922961207153e+00
-1.023354483403878662e-02
-7.813548572543318471e-01
2.183293614946713479e+00
-1.797470299671955485e-01
1.203094299926082744e+00
-1.378857261159664782e+00
1.079904683875995586e+00
6.264681800571352266e-01
1.023376868572171361e+00
-4.929789024515516815e-01
7.360260817805817091e-01
-9.267124093015683961e-01
2.612725379799729075e-01
-8.425180504459747199e-01
1.860868509254967940e+00
-2.607505754363862449e-01
1.358157288842624544e+00
-4.251164121181240096e-01
1.690812374127606876e+00
9.434967302266020761e-01
-4.251164121181240096e-01
-1.120307243121055896e+00
-5.706368499704137509e-01
-6.799558030560504118e-02
-2.155997090142603767e+00
-2.341983546298084029e+00
1.986625747645017981e+00
1.051769561880634640e+00
2.772301786492031850e-01
-1.020348126188080684e+00
-1.507584303811682513e+00
9.293930561729144557e-01
-6.693005118168723344e-01
-7.983730657116965279e-01
-8.207559102488084513e-01
-8.468693673065484928e-01
-5.702274915532531407e-01
1.218469241593809427e+00
1.109302751683601596e+00
1.035532898008453273e+00
8.778161949985594514e-01
6.894616786400122876e-01
1.001680937007230821e+00
2.261658361795859939e-01
-4.602231139185182229e-01
1.095924335411525563e+00
-1.500392569527325692e+00
-3.428693426938835831e-01
-8.468693673065484928e-01
-4.896927804772634452e-01
-1.029809485114294570e-01
-5.847123952356089172e-01
-9.214506196922448433e-01
-1.056126570360146344e+00
6.710409855449599448e-01
-6.064844836899193625e-01
2.261658361795859939e-01
5.291003586483982168e-01
1.921267110859995741e-01
6.710409855449599448e-01
-3.003726459513832991e-01
-5.527141148515630348e-02
-4.896927804772634452e-01
-1.020348126188080684e+00
6.054564373504738306e-01
9.807531303343691720e-02
3.759652040082885338e-01
-3.428693426938835831e-01
-3.730720038118217619e-01
2.048037873994713376e+00
-1.518689530866991877e+00
5.929443153416283918e-01
1.051803827462476359e+00
1.501576216611614445e+00
1.373507948717367588e+00
5.642070604487851027e-01
-5.379256120290627496e-01
-1.023354483403878662e-02
1.677522847045141763e+00
-1.741183843410257559e+00
9.376530121624327974e-01
-1.507584303811682513e+00
-1.706118887712587684e+00
5.642070604487851027e-01
-2.083634276037904520e+00
-2.107350436094858726e+00
4.532061441610639174e-01
1.279836048330734721e+00
1.159601620296867308e-01
3.163343277256391306e-01
1.049702022758051134e+00
5.642070604487851027e-01
-1.120307243121055896e+00
-4.251164121181240096e-01
7.930244205800678348e-01
-8.117626655061614960e-01
-1.436794423935815745e-01
2.427238302958974803e+00
-6.064844836899193625e-01
8.607979865411948817e-01
-1.031022821059919548e-01
-8.744403177040819264e-01
-1.139977531310645942e+00
8.451169522684922608e-01
-9.214506196922448433e-01
9.179861017820658553e-01
1.382528003168700392e+00
-1.942105668921460637e+00
5.642070604487851027e-01
1.115707591321620562e+00
-1.031022821059919548e-01
1.483798004186054564e+00
-3.428693426938835831e-01
-4.602231139185182229e-01
-7.813548572543318471e-01
1.895975211055362042e+00
5.291003586483982168e-01
5.291003586483982168e-01
-1.092233442365757368e+00
8.001752031431176582e-02
8.389121471202686253e-01
-4.251164121181240096e-01
-1.090104582003117661e+00
-1.345572819567558032e+00
7.568872100393632119e-01
-7.325489694749833802e-01
-5.847123952356089172e-01
-3.188911516024165449e-01
7.360260817805817091e-01
-8.468693673065484928e-01
-1.199126922961207153e+00
2.612725379799729075e-01
-8.117626655061614960e-01
3.511112370204110822e-01
-4.251164121181240096e-01
1.046274798084817714e+00
-5.847123952356089172e-01
-7.813548572543318471e-01
1.384222599821042454e+00
5.357474837658804390e-01
1.273759854086869314e+00
6.054564373504738306e-01
-1.500930007204025030e+00
1.248687219618420441e+00
1.110953219113037793e+00
-1.715434048370018560e+00
-8.117626655061614960e-01
9.454590588545025431e-01
-4.105430537778007594e-01
-1.417076112277671385e+00
-1.020348126188080684e+00
3.250022660271651570e-02
7.425470290383922034e-01
-1.741183843410257559e+00
4.817218592111268682e-01
5.642070604487851027e-01
1.051803827462476359e+00
1.031055966435448834e+00
-9.214506196922448433e-01
-1.353227040651464597e+00
1.079904683875995586e+00
6.212127068284417630e-01
-4.251164121181240096e-01
2.046972044407173730e-01
3.793575702803385075e-01
-5.706368499704137509e-01
1.180879213918099691e+00
8.702849904730668440e-01
1.956423086527073529e+00
1.079904683875995586e+00
8.607979865411948817e-01
-1.120307243121055896e+00
-2.912978809045698281e+00
-2.397989880477844615e-01
1.103408023026601903e+00
-9.537449149827159633e-01
-1.090104582003117661e+00
-3.146919454618897216e-01
9.546712206197973671e-01
1.327080188306726471e+00
-3.368296610701024818e-01
-8.147915824946311281e-02
1.096216452466277635e+00
2.612725379799729075e-01
3.143075350512605226e-01
1.268130987440911017e+00
-7.690633751540746355e-01
-4.896927804772634452e-01
1.251972744882003719e+00
4.532418220583966928e-01
-1.518689530866991877e+00
2.612725379799729075e-01
5.233148506686309265e-01
8.049428168253041083e-01
-1.378857261159664782e+00
-9.834548057226327744e-02
2.088270383081743953e-01
5.642070604487851027e-01
-2.614026553322059243e+00
-1.023354483403878662e-02
6.633477924843058648e-01
6.710409855449599448e-01
2.667985642841387839e-01
8.106890791248126948e-01
5.291003586483982168e-01
2.612725379799729075e-01
-3.626729398474353716e-01
-1.345572819567558032e+00
-1.185957897402286632e+00
2.233808762301830342e+00
-5.676941867782443474e-01
-6.435004401798990470e-01
-5.847123952356089172e-01
-6.799558030560504118e-02
2.261658361795859939e-01
-6.693005118168723344e-01
2.667985642841387839e-01
-3.428693426938835831e-01
-7.887060113099582381e-02
7.360260817805817091e-01
-1.264715019660312523e+00
-9.834548057226327744e-02
-1.345572819567558032e+00
2.970012254020769071e-01
7.417739295789034237e-01
1.772153821791134565e+00
1.049702022758051134e+00
2.612725379799729075e-01
2.046972044407173730e-01
-1.199126922961207153e+00
1.035532898008453273e+00
5.802740161662292007e-01
2.408130531691212717e+00
-3.730720038118217619e-01
2.427238302958974803e+00
2.012347154135350480e-01
-3.998495007142344182e-01
1.536682918412001220e+00
-6.612450885873443207e-01
1.895975211055362042e+00
-5.938247271875849442e-01
-4.896927804772634452e-01
-6.863187202742404569e-01
1.327080188306726471e+00
2.258556657848855398e+00
8.607979865411948817e-01
8.420288095257693062e-01
4.351145956588498565e-01
2.397035641841030351e+00
5.093194616956659981e-01
9.168934094986165295e-01
1.466996774666316394e+00
1.549066722538485985e+00
1.207685803321812967e+00
1.840324683834421604e+00
-7.325489694749833802e-01
2.612725379799729075e-01
-1.023354483403878662e-02
1.216342471380090551e+00
-2.990956987805779566e-01
-6.259621992324073680e-01
-8.117626655061614960e-01
1.248687219618420441e+00
-7.833686587954133973e-01
3.503235140436150585e-01
-4.251164121181240096e-01
6.540227770875918223e-01
-4.352099564945447613e-02
1.079904683875995586e+00
-1.090104582003117661e+00
-7.023463083570389287e-01
1.895975211055362042e+00
-6.799558030560504118e-02
-1.500392569527325692e+00
2.685502610047737715e+00
-1.289820448192615515e-02
1.079904683875995586e+00
-4.251164121181240096e-01
-1.265910356534913239e+00
6.370709670398776447e-01
3.250022660271651570e-02
5.642070604487851027e-01
-1.413929095087214316e+00
-7.833686587954133973e-01
6.402137208599019136e-01
3.250022660271651570e-02
-8.117626655061614960e-01
-1.176768414516599304e+00
1.051803827462476359e+00
1.060817633611138566e+00
2.199407266198269539e+00
-1.185957897402286632e+00
1.333329057181227739e+00
-4.305433888267021225e-01
-7.325489694749833802e-01
-7.023463083570389287e-01
7.822525874737886742e-01
8.159349442243029049e-01
-8.468693673065484928e-01
4.351145956588498565e-01
5.314361752865974786e-01
-2.048201044444272867e+00
-4.602231139185182229e-01
-1.537786964929626965e+00
-1.977091478737423635e+00
1.466996774666316394e+00
-1.378857261159664782e+00
1.120426231483970136e+00
3.759652040082885338e-01
-6.064844836899193625e-01
-2.200700430825874410e+00
-3.464540469153654656e-01
5.463070456998879720e-01
-9.770330139193283969e-01
4.120021901076366400e-02
4.824072780409124905e-01
-1.518689530866991877e+00
-3.428693426938835831e-01
-4.415840233368623774e-02
2.028228565254085181e-01
