2.821000000000000174e+00
2.822000000000000064e+00
3.134999999999999787e+00
2.599000000000000199e+00
2.733999999999999986e+00
2.568000000000000060e+00
2.677000000000000046e+00
2.708000000000000185e+00
2.879999999999999893e+00
2.609999999999999876e+00
2.467999999999999972e+00
2.749000000000000110e+00
2.920999999999999819e+00
2.729000000000000092e+00
2.535000000000000142e+00
2.774999999999999911e+00
2.701999999999999957e+00
2.919000000000000039e+00
2.850000000000000089e+00
2.462000000000000188e+00
2.654999999999999805e+00
2.552000000000000046e+00
2.936999999999999833e+00
2.759999999999999787e+00
2.761000000000000121e+00
2.468999999999999861e+00
2.964999999999999858e+00
3.366000000000000103e+00
2.802000000000000046e+00
3.134999999999999787e+00
2.442000000000000171e+00
2.725000000000000089e+00
2.773000000000000131e+00
3.134999999999999787e+00
3.033999999999999808e+00
2.737000000000000099e+00
3.041999999999999815e+00
3.021999999999999797e+00
2.884999999999999787e+00
3.136000000000000121e+00
2.746999999999999886e+00
2.720000000000000195e+00
2.556000000000000050e+00
3.033999999999999808e+00
2.641999999999999904e+00
2.717000000000000082e+00
3.307999999999999829e+00
2.591000000000000192e+00
2.818999999999999950e+00
2.609999999999999876e+00
2.781000000000000139e+00
2.803999999999999826e+00
2.786999999999999922e+00
2.591000000000000192e+00
2.943000000000000060e+00
2.830999999999999961e+00
3.115000000000000213e+00
2.873000000000000220e+00
2.761000000000000121e+00
2.624000000000000110e+00
2.866000000000000103e+00
2.947000000000000064e+00
2.964999999999999858e+00
2.689999999999999947e+00
2.841000000000000192e+00
2.666999999999999815e+00
2.910000000000000142e+00
2.850000000000000089e+00
2.789000000000000146e+00
2.822999999999999954e+00
2.541999999999999815e+00
2.685999999999999943e+00
2.333000000000000185e+00
2.827999999999999847e+00
2.623000000000000220e+00
2.967999999999999972e+00
2.999000000000000110e+00
2.879000000000000004e+00
2.850999999999999979e+00
2.837000000000000188e+00
2.805000000000000160e+00
3.040000000000000036e+00
2.564000000000000057e+00
2.657000000000000028e+00
2.971000000000000085e+00
2.564000000000000057e+00
2.794999999999999929e+00
2.455999999999999961e+00
3.073999999999999844e+00
3.095000000000000195e+00
2.955999999999999961e+00
2.903000000000000025e+00
2.749000000000000110e+00
2.630999999999999783e+00
2.926000000000000156e+00
2.738999999999999879e+00
2.813000000000000167e+00
2.665999999999999925e+00
3.029999999999999805e+00
2.733999999999999986e+00
2.700000000000000178e+00
2.648000000000000131e+00
2.785000000000000142e+00
2.839999999999999858e+00
2.895999999999999908e+00
3.100000000000000089e+00
2.673000000000000043e+00
2.592000000000000082e+00
2.720000000000000195e+00
2.633999999999999897e+00
3.149999999999999911e+00
2.588000000000000078e+00
2.701999999999999957e+00
2.766000000000000014e+00
2.730999999999999872e+00
3.115000000000000213e+00
2.826000000000000068e+00
2.817000000000000171e+00
2.591000000000000192e+00
2.891999999999999904e+00
2.608000000000000096e+00
3.075000000000000178e+00
2.827999999999999847e+00
2.773000000000000131e+00
2.686999999999999833e+00
2.665000000000000036e+00
2.600999999999999979e+00
2.823999999999999844e+00
2.664000000000000146e+00
3.076000000000000068e+00
2.634999999999999787e+00
2.809000000000000163e+00
2.805000000000000160e+00
2.775999999999999801e+00
2.588999999999999968e+00
2.862999999999999989e+00
2.802999999999999936e+00
2.778000000000000025e+00
2.529999999999999805e+00
2.633999999999999897e+00
2.926000000000000156e+00
2.822999999999999954e+00
2.259999999999999787e+00
2.644000000000000128e+00
2.645000000000000018e+00
2.733999999999999986e+00
2.626999999999999780e+00
2.915999999999999925e+00
2.904999999999999805e+00
2.924999999999999822e+00
2.903000000000000025e+00
2.736000000000000210e+00
2.826000000000000068e+00
3.096000000000000085e+00
2.557999999999999829e+00
2.693999999999999950e+00
2.325000000000000178e+00
2.795999999999999819e+00
2.761000000000000121e+00
2.513999999999999790e+00
2.535000000000000142e+00
2.791999999999999815e+00
2.878000000000000114e+00
2.544999999999999929e+00
2.721999999999999975e+00
3.096000000000000085e+00
2.633000000000000007e+00
2.589999999999999858e+00
2.596999999999999975e+00
2.939000000000000057e+00
2.649000000000000021e+00
3.209000000000000075e+00
2.991000000000000103e+00
2.924999999999999822e+00
2.633000000000000007e+00
2.633000000000000007e+00
2.567000000000000171e+00
2.895000000000000018e+00
3.073999999999999844e+00
3.007000000000000117e+00
3.145000000000000018e+00
2.915000000000000036e+00
2.980999999999999872e+00
2.749000000000000110e+00
2.906000000000000139e+00
2.543000000000000149e+00
2.947000000000000064e+00
2.846000000000000085e+00
3.307999999999999829e+00
2.668000000000000149e+00
2.540000000000000036e+00
2.741999999999999993e+00
2.829000000000000181e+00
2.746999999999999886e+00
2.794000000000000039e+00
2.846000000000000085e+00
2.532999999999999918e+00
2.847999999999999865e+00
2.849000000000000199e+00
2.741999999999999993e+00
2.983999999999999986e+00
2.911999999999999922e+00
2.640000000000000124e+00
2.353000000000000203e+00
2.942000000000000171e+00
2.987999999999999989e+00
2.721000000000000085e+00
2.886000000000000121e+00
2.660000000000000142e+00
2.738999999999999879e+00
3.016999999999999904e+00
2.943999999999999950e+00
2.766000000000000014e+00
2.806999999999999940e+00
3.200000000000000178e+00
2.665999999999999925e+00
2.568000000000000060e+00
2.817000000000000171e+00
2.935999999999999943e+00
2.645999999999999908e+00
2.733999999999999986e+00
2.802999999999999936e+00
2.721000000000000085e+00
2.862999999999999989e+00
2.714999999999999858e+00
2.810000000000000053e+00
2.843999999999999861e+00
2.491999999999999993e+00
2.653000000000000025e+00
2.819999999999999840e+00
2.978000000000000203e+00
2.621999999999999886e+00
2.601999999999999869e+00
2.583000000000000185e+00
2.924999999999999822e+00
2.749000000000000110e+00
2.688000000000000167e+00
2.858000000000000096e+00
2.855999999999999872e+00
3.035000000000000142e+00
2.935999999999999943e+00
2.906000000000000139e+00
2.710999999999999854e+00
3.005999999999999783e+00
2.571000000000000174e+00
2.879000000000000004e+00
2.678999999999999826e+00
2.758000000000000007e+00
2.754000000000000004e+00
2.681000000000000050e+00
2.513999999999999790e+00
2.645000000000000018e+00
2.817000000000000171e+00
2.758999999999999897e+00
3.193000000000000060e+00
2.745999999999999996e+00
2.713999999999999968e+00
2.878000000000000114e+00
2.895000000000000018e+00
2.847999999999999865e+00
3.200000000000000178e+00
2.746999999999999886e+00
2.797000000000000153e+00
2.350999999999999979e+00
2.755999999999999783e+00
2.771999999999999797e+00
3.031000000000000139e+00
2.911999999999999922e+00
2.786000000000000032e+00
2.936999999999999833e+00
3.096000000000000085e+00
2.609999999999999876e+00
2.936999999999999833e+00
2.755999999999999783e+00
3.266999999999999904e+00
3.045999999999999819e+00
2.428999999999999826e+00
2.835999999999999854e+00
2.947999999999999954e+00
3.180000000000000160e+00
2.781000000000000139e+00
2.750000000000000000e+00
2.665999999999999925e+00
2.579000000000000181e+00
2.641000000000000014e+00
2.991000000000000103e+00
2.795999999999999819e+00
2.797000000000000153e+00
2.767999999999999794e+00
3.016999999999999904e+00
2.458000000000000185e+00
2.829000000000000181e+00
2.529999999999999805e+00
3.193000000000000060e+00
2.621999999999999886e+00
2.817000000000000171e+00
2.721999999999999975e+00
3.044000000000000039e+00
2.646999999999999797e+00
2.902000000000000135e+00
2.599000000000000199e+00
2.504999999999999893e+00
2.673999999999999932e+00
3.169999999999999929e+00
2.653999999999999915e+00
2.783999999999999808e+00
2.908999999999999808e+00
2.907000000000000028e+00
2.834000000000000075e+00
2.544000000000000039e+00
2.853000000000000203e+00
2.971000000000000085e+00
2.774000000000000021e+00
2.890000000000000124e+00
2.960999999999999854e+00
2.845000000000000195e+00
2.915999999999999925e+00
2.786999999999999922e+00
2.697000000000000064e+00
2.861000000000000210e+00
2.762999999999999901e+00
2.968999999999999861e+00
2.733999999999999986e+00
2.959999999999999964e+00
2.805000000000000160e+00
2.665999999999999925e+00
2.995000000000000107e+00
3.060000000000000053e+00
2.831999999999999851e+00
2.717999999999999972e+00
2.705000000000000071e+00
2.713000000000000078e+00
2.883999999999999897e+00
2.845000000000000195e+00
2.633999999999999897e+00
2.700000000000000178e+00
2.919000000000000039e+00
2.991999999999999993e+00
3.035000000000000142e+00
2.814000000000000057e+00
2.705999999999999961e+00
2.955999999999999961e+00
2.664000000000000146e+00
2.720000000000000195e+00
3.041999999999999815e+00
2.936999999999999833e+00
2.548000000000000043e+00
2.697999999999999954e+00
2.669999999999999929e+00
2.677000000000000046e+00
2.794000000000000039e+00
2.632000000000000117e+00
3.032000000000000028e+00
2.806999999999999940e+00
2.439999999999999947e+00
2.899000000000000021e+00
2.774000000000000021e+00
3.012000000000000011e+00
2.682999999999999829e+00
2.652000000000000135e+00
2.591000000000000192e+00
2.462000000000000188e+00
2.745999999999999996e+00
3.056000000000000050e+00
2.641999999999999904e+00
2.763999999999999790e+00
2.701000000000000068e+00
2.831999999999999851e+00
3.169999999999999929e+00
2.528000000000000025e+00
2.633999999999999897e+00
2.681000000000000050e+00
2.838000000000000078e+00
2.829000000000000181e+00
2.685000000000000053e+00
2.571000000000000174e+00
2.815999999999999837e+00
2.737999999999999989e+00
2.682999999999999829e+00
3.149999999999999911e+00
2.782000000000000028e+00
2.811999999999999833e+00
2.282000000000000028e+00
2.685999999999999943e+00
2.706999999999999851e+00
2.608999999999999986e+00
2.942000000000000171e+00
2.966000000000000192e+00
2.611000000000000210e+00
3.266000000000000014e+00
2.547000000000000153e+00
2.774000000000000021e+00
2.958000000000000185e+00
2.569999999999999840e+00
2.846999999999999975e+00
2.789000000000000146e+00
2.841000000000000192e+00
2.713999999999999968e+00
2.717999999999999972e+00
3.012000000000000011e+00
2.420999999999999819e+00
2.799999999999999822e+00
2.755999999999999783e+00
2.915000000000000036e+00
2.678999999999999826e+00
2.677000000000000046e+00
2.845000000000000195e+00
2.794999999999999929e+00
2.557999999999999829e+00
2.891999999999999904e+00
2.572000000000000064e+00
2.802000000000000046e+00
2.689999999999999947e+00
2.883999999999999897e+00
2.858000000000000096e+00
3.213999999999999968e+00
2.769000000000000128e+00
3.044000000000000039e+00
2.801000000000000156e+00
2.677000000000000046e+00
2.968999999999999861e+00
2.725999999999999979e+00
3.202999999999999847e+00
2.565999999999999837e+00
2.996999999999999886e+00
2.838999999999999968e+00
2.705000000000000071e+00
3.104000000000000092e+00
2.845000000000000195e+00
2.653000000000000025e+00
2.568999999999999950e+00
2.787999999999999812e+00
3.185999999999999943e+00
2.692000000000000171e+00
2.720000000000000195e+00
2.923999999999999932e+00
