2.964999999999999858e+00
2.822000000000000064e+00
2.803999999999999826e+00
2.903000000000000025e+00
2.656000000000000139e+00
2.576000000000000068e+00
3.036000000000000032e+00
2.693000000000000060e+00
3.039000000000000146e+00
2.790999999999999925e+00
2.815999999999999837e+00
2.742999999999999883e+00
2.309000000000000163e+00
2.564000000000000057e+00
2.920999999999999819e+00
2.753000000000000114e+00
3.154999999999999805e+00
2.795999999999999819e+00
2.786000000000000032e+00
2.684000000000000163e+00
2.709000000000000075e+00
2.600999999999999979e+00
2.628000000000000114e+00
2.653000000000000025e+00
2.873000000000000220e+00
2.676000000000000156e+00
2.959000000000000075e+00
2.693000000000000060e+00
2.560999999999999943e+00
2.714999999999999858e+00
2.899000000000000021e+00
2.802000000000000046e+00
3.039000000000000146e+00
2.746999999999999886e+00
2.834999999999999964e+00
2.745999999999999996e+00
2.935999999999999943e+00
2.871999999999999886e+00
2.950000000000000178e+00
2.677999999999999936e+00
2.781000000000000139e+00
3.145000000000000018e+00
3.075000000000000178e+00
2.826999999999999957e+00
2.609999999999999876e+00
3.076000000000000068e+00
2.621999999999999886e+00
2.862999999999999989e+00
3.012000000000000011e+00
2.649999999999999911e+00
2.806000000000000050e+00
2.918000000000000149e+00
2.853000000000000203e+00
2.656000000000000139e+00
3.213999999999999968e+00
2.766000000000000014e+00
2.609999999999999876e+00
3.063000000000000167e+00
3.277000000000000135e+00
2.886000000000000121e+00
2.883999999999999897e+00
2.902000000000000135e+00
3.012000000000000011e+00
2.734999999999999876e+00
2.884999999999999787e+00
3.067000000000000171e+00
3.129999999999999893e+00
2.716000000000000192e+00
2.688000000000000167e+00
2.782999999999999918e+00
2.693999999999999950e+00
2.744000000000000217e+00
2.730999999999999872e+00
2.883999999999999897e+00
2.983999999999999986e+00
2.486000000000000210e+00
2.666999999999999815e+00
2.275999999999999801e+00
2.662999999999999812e+00
2.878000000000000114e+00
2.980999999999999872e+00
2.817000000000000171e+00
2.900999999999999801e+00
2.666999999999999815e+00
2.729999999999999982e+00
3.366000000000000103e+00
2.999000000000000110e+00
2.690999999999999837e+00
2.646999999999999797e+00
2.419000000000000039e+00
2.657000000000000028e+00
2.549999999999999822e+00
2.644000000000000128e+00
2.656000000000000139e+00
2.688000000000000167e+00
2.641000000000000014e+00
2.790000000000000036e+00
2.479999999999999982e+00
2.979000000000000092e+00
2.818999999999999950e+00
2.669999999999999929e+00
3.410000000000000142e+00
2.726999999999999869e+00
2.940999999999999837e+00
3.321000000000000174e+00
2.896999999999999797e+00
2.790000000000000036e+00
2.712000000000000188e+00
2.569999999999999840e+00
2.729999999999999982e+00
