7.231430301942254335e-01
3.346178772239897237e-01
4.101785238046029569e-01
-4.369116058493594523e-01
-1.590595452149001776e+00
-2.179909444567793120e+00
-9.473288062803760790e-01
-1.227095529565877419e+00
-1.570286865618190225e-02
-1.238972847414636203e+00
-3.199130358113766004e+00
-4.889308801034578655e-01
7.699320999329233306e-01
8.552662757708451302e-02
-6.881780944831892288e-01
4.411960822264813786e-01
1.159768152410023123e-01
2.983220784510682844e+00
1.302296863552156125e+00
-6.130878490119092694e-01
-3.839010489251349911e-01
-1.034044418235633422e+00
-5.526403603348661875e-01
4.073602361038861086e-01
-1.528821720653578964e-01
-8.877016737246614664e-01
2.996522435488426339e+00
1.710811265723798824e+00
6.552912600572275981e-01
4.101785238046029569e-01
-5.711937868602506851e-01
1.871594965285012721e-02
6.407543270152711579e-02
4.089566865816119945e-01
-1.399757860984552071e-01
-3.574315981677796406e-01
3.556653265086413107e+00
-1.001238673194126683e-01
-8.207056839485138422e-01
2.035800951527980018e+00
-6.225608587074504818e-01
-2.658447937444454734e-01
-3.099813264105686916e-01
-1.383399436896650125e-01
-2.017986970482986697e-01
4.080108603384223487e-03
1.481800689080317701e+00
-1.443217990170804432e+00
-2.678184133548567880e-01
-1.009905663420063826e+00
1.541311195081855323e-01
6.760814622680391128e-01
5.396213474574839131e-01
-2.392614963151339591e+00
6.455164909039797783e-01
1.510278601944420873e-01
4.379423745792315081e+00
-2.457075889553774484e-01
-1.528821720653578964e-01
-5.076491008922213721e-01
9.002775384588957985e-01
1.062828875815799101e+00
1.295288323395691332e+00
-1.317026671318903830e-01
2.372564886925207173e+00
-8.468413512523429443e-01
8.135806257377391493e-01
5.539894292957532329e-01
1.894871055732860188e-01
-2.171002174543160967e-01
-1.964430925047157217e+00
-7.685792851020408767e-01
-1.830831175051805371e+00
3.673881882532842869e-01
-6.497689509793261875e-01
6.982388354531428032e-01
-2.245075765641534327e-01
8.765126277634002760e-02
2.485184998438269677e+00
-3.939824345993804822e-01
3.347874990622711211e-01
8.631207328486786290e-01
-5.740197258802184344e-01
-7.986458384929039367e-01
3.682204875024585600e-01
-2.418759218402195543e+00
-1.386424246300442142e+00
-1.279613876735569811e+00
1.805226456809115032e-01
8.085551398505151921e-01
-5.554042867332165123e-01
5.939125106859507452e-01
-3.031787440410611545e-01
-6.870895898875339913e-01
5.765283366047279090e-01
-5.374092629205439176e-01
1.007446951353343501e+00
-1.122535473045141119e+00
1.574833364187258278e+00
-1.112577499324284735e+00
-4.870903603745715404e-01
-1.756475878680850422e-01
-2.008066178582641470e-01
8.429124422607134903e-01
5.484546578165565567e-01
2.263462522685798228e-01
-6.821635051228599478e-01
-1.372886964299935730e+00
-6.845399137410040913e-01
-1.470910205946998728e+00
4.915098951314988418e-01
-1.657679693483397498e+00
-3.462568498661326433e-01
7.539094017299696748e-02
-1.436628874267295297e-01
4.047101841583347070e-01
7.664156444727867612e-01
-2.381325366983683689e-01
-8.661894242074735795e-01
6.210223543005666258e-01
-2.771213705795073090e-01
1.879307513712712430e-01
1.271756934600836608e+00
3.925519400962428906e-01
1.207428577953084253e-01
-6.080991098690992080e-01
-3.565928899338973723e-01
-5.178634575387737193e-01
-8.823877841308296333e-01
1.907342280102463095e-01
-2.968814637108485588e-01
-2.601355108754029311e-01
7.765503136015091679e-01
9.782460121964674238e-02
-8.679198307489526254e-01
4.031664938149798760e-01
4.027387524316985989e-01
3.488278335310898010e-02
-2.460436815903363605e+00
-1.336212784946643195e+00
-1.179400238153354985e-01
-2.159700265498009156e-02
-4.194419987889511425e+00
-1.652645932945665253e-01
-2.977347752204251852e-01
-1.587888134984259070e+00
-1.971893750310381499e+00
1.163503683167751213e+00
1.028456413071833081e-01
2.158725674674516481e-01
9.458931343294986471e-02
-2.611358776305757190e-01
2.091888623672449599e-01
2.986841902918799252e-01
-1.674221548727557130e+00
5.342920589246844681e-02
-1.186493705677514221e+00
5.190851815151191762e-01
-3.106200804893822776e-01
-2.259326789412916536e+00
-2.300507490816698475e+00
8.721097778986397486e-01
-9.564990483862124693e-01
-2.407204496192191456e+00
-4.167827359839278434e-01
2.982026577831534131e-01
-4.595953056334168840e-01
-8.831723161920783660e-01
-9.481239387531742446e-01
2.007034294486831627e-01
-2.200827813927060117e-01
8.195119091865971095e-01
3.074940350527892274e+00
2.416489546315689907e+00
-1.354446214347864386e+00
-2.736020855575511113e-01
-8.050355460945948227e-01
6.689824645372267620e-01
1.787084811791203320e-01
-1.795048925260821493e-01
4.630271607374418230e-01
4.800973676154103864e-01
-3.207608549243315954e-01
-2.257986929971040890e-01
1.759263496060321286e+00
-1.441332931141237061e+00
4.178491342742530340e-02
5.055079446314458824e-01
1.480578851857326850e+00
-9.442763885290941794e-02
-5.194183279788358032e-01
9.763254051648545540e-02
3.302525038467225005e-01
-1.099550467325833281e-01
1.173300779864179022e+00
-1.017502340408690475e+00
-4.357859576529507506e-01
4.487326363330177426e-01
-3.516731226588352688e-01
9.763254051648545540e-02
3.356409177556582413e-01
-6.734973207618625279e-01
-3.680833455326541492e-01
-1.346417875363890682e+00
6.873024265092012586e-01
1.326394594058358356e+00
3.136225508665109185e-01
1.733991371069819376e+00
-1.251385753637428877e+00
-3.165913039808130325e-01
1.650536979732862619e+00
1.888941001911050188e+00
1.360739922184739104e-01
1.716518246371179446e+00
7.692853415226149627e-01
-2.077325622016127499e-02
-1.816144839572865211e+00
1.967762263104422538e-01
-6.566302969682239477e-01
-1.209047964831312383e-01
-4.868416368707967345e-01
5.222063855501979379e-01
3.202096313768247882e-01
-5.278645184431723925e-01
-2.025040636716437803e-01
9.329214687093918823e-02
1.233543691223175198e+00
-4.119000734100422556e-01
-1.267306263658816157e+00
8.248690603304238422e-01
3.372487402297757453e-01
-6.666544944598583600e-01
-1.206435500582978326e+00
-1.410065414530465633e+00
1.738443358015731854e-01
-7.337346395059779480e-01
-3.344995487430574288e-02
1.030364014522948235e+00
6.817247474757763825e-01
4.049811990759388247e-01
8.692695250525134254e-01
1.617930395121584208e+00
-4.774000352193613628e-01
1.026614701482274850e+00
-4.554433843947064964e-01
1.361178485265621907e+00
-1.859103462972473864e+00
1.577299030627976328e-01
-2.892482916297461348e-01
-2.135049847873475293e-01
-2.750403110449666677e+00
-6.180787246820591135e-02
-1.111184070288177284e-01
-4.397939950868913761e-01
8.333823793344796727e-01
1.349702927009578390e-01
-5.079321288384693878e-01
-9.623688126140185206e-01
3.471559284594880057e-01
4.393088542612491043e-01
7.687124490049811465e-01
-4.276550801647705513e-01
1.946132783813104006e-01
-1.362536998607461358e+00
-2.747877166253090420e-01
-1.041071045229327474e+00
-5.114289327273924268e-02
-6.833471521641890645e-01
3.882068117098913529e-01
-5.455582082131311683e-01
1.985993108408531826e+00
-1.349444852960963948e+00
-5.517065736638195883e-01
4.397818687192203702e-01
1.465571037984283898e+00
1.163820841941890505e+00
-2.972842985114585890e+00
5.858489088274732026e-01
2.076093220492231772e+00
7.589546974925418521e-01
-4.028863714690913977e-01
-9.380914070258645765e-01
7.662958098585764821e-02
-5.121710272752630910e-01
-1.143278353639116812e-01
3.136558328550173691e+00
4.245994000024030379e-01
2.457109194000146046e-01
-3.407950033515690924e-01
1.290803541120650877e+00
-6.258055223366542075e-01
-4.899268392491791801e-01
-2.847154823088815512e+00
8.318549466641930179e-01
-2.137740147515475586e-01
1.250687837479568465e+00
-3.700631840422197172e-01
-8.654165184247840370e-02
-1.070758693955917495e+00
1.800727291436501787e+00
-5.925511903258766644e-01
-1.873971780846060309e+00
-1.536977360999685960e+00
7.045850601615976094e-01
-5.488378820849960232e-02
-3.554450223665603370e-01
-9.504168913551812314e-02
1.858845280587032356e+00
3.113534047588334755e-02
-5.198126261791045089e-01
-9.838862392296767734e-01
9.888388369861770277e-01
-3.563293990950162082e-01
1.780297078923458676e+00
5.112429402295410874e-01
9.798298466933310635e-01
1.080954560123922770e+00
2.510873245153097955e-01
-2.978158754953723619e-01
1.759850125040059110e+00
5.616042977765233202e-01
2.585427987229806934e+00
-6.911916980455956594e-02
1.303712984447759904e-01
-3.823078112373121673e-01
6.001140595745316220e-02
4.557926066638761098e-01
1.335496734418097686e+00
-5.847772154478822482e-02
-4.153335441960313568e-01
-2.028211654575068912e-01
-5.682849637771008044e-01
1.778689259252829391e+00
8.420188213057629989e-01
-1.438199372017950228e+00
-2.459536428560539847e-02
1.681725617706788523e+00
1.147350865718520962e+00
4.049811990759388247e-01
7.645708866627772826e-01
1.190479367729400245e-01
-5.517038146554124056e-01
-3.033860005577208030e-01
-2.658447937444454734e-01
4.914100934836534811e-03
-5.488530435493707005e-01
-4.322753391039528270e-01
-3.870092755484466074e-01
1.037400735837710752e-01
-7.842225008921074325e-01
1.571787274129028855e+00
-3.783288951344034867e-01
1.346100093769591943e+00
1.225257842729386981e+00
-1.442409029117291963e+00
2.438002022179347694e+00
5.927437832754105934e-02
-1.547705390243530044e-01
-5.996239819964221951e-01
-5.863028136898911225e-01
-2.385882776251619486e+00
-6.888274144166235402e-01
2.527495566331047772e-01
-2.221252091015747665e-02
1.405411800062059680e-01
-3.230790563779442071e-01
-7.715909965024199124e-01
1.736237673832868200e+00
7.063992246633887806e-01
-5.268215704362096963e-01
-4.882969198884135054e-01
-8.824118128392632876e-01
1.063138533261719587e+00
8.000447272340404092e-01
-7.453855382375290661e-01
-7.870940589527267717e-01
2.481063071933636843e-01
-4.679212479496870358e-01
-7.410051054737691878e-01
4.927317323544898042e-01
3.511646420446513095e-01
5.048448040812044679e-01
-1.318015765753949298e+00
-3.039749944531967563e-01
-6.397610272807283116e-02
-2.020110819542140668e+00
1.806074762598585348e+00
3.222130317971015234e+00
-1.584747528187590682e+00
1.144306798081078158e+00
-9.055128156683625029e-01
-5.859826671187815528e-01
2.753011582918273970e+00
-2.158613775372998589e+00
-4.538477788794325063e-01
-9.717321228517139531e-02
-1.050203989860190701e+00
-2.135794673663491683e-01
-1.270335902145893758e+00
-2.561163099088435979e-01
-2.774198200898944755e+00
-1.259098847802839316e+00
-2.668619041233872835e-01
2.281383682114729861e-01
-1.861956993086922640e+00
-1.791711480124059674e-01
-1.023082642284108168e+00
-4.171839656133783381e-01
-1.545783453802841434e+00
-8.889100758188167584e-01
-2.041551944222607329e+00
2.191568535726685363e-01
-4.191446175882460046e-02
9.743612323370659523e-01
1.119246522581335945e+00
8.458482364980126622e-01
3.450920927508075997e-01
-7.690535535128964484e-02
6.091474522682474024e-01
-1.211298960454446183e+00
2.503847331736375748e-01
5.626159016014289360e-01
8.918149792613769833e-01
-3.478116025682714829e-01
-2.357936838694346948e-01
-1.161474792340690509e+00
-1.039447382631030870e+00
1.925295087427560059e+00
-1.029711702790242711e+00
-6.787944295770321768e-01
-7.039660354851036139e-01
2.587520389821441613e-01
9.311534982196160160e-01
-8.473846221386126532e-01
-4.903424895401790884e-02
5.823170088342620732e-01
