2.523000000000000131e+00
2.729999999999999982e+00
2.709000000000000075e+00
2.209000000000000075e+00
2.394000000000000128e+00
2.257000000000000117e+00
2.533999999999999808e+00
2.576999999999999957e+00
2.229999999999999982e+00
2.274000000000000021e+00
2.307999999999999829e+00
2.419000000000000039e+00
2.451000000000000068e+00
2.520999999999999908e+00
2.454000000000000181e+00
2.402000000000000135e+00
2.250000000000000000e+00
2.555000000000000160e+00
2.154999999999999805e+00
2.107000000000000206e+00
2.318000000000000060e+00
2.193000000000000060e+00
2.717000000000000082e+00
2.346000000000000085e+00
2.479999999999999982e+00
2.162999999999999812e+00
2.572000000000000064e+00
2.795999999999999819e+00
2.403999999999999915e+00
2.549999999999999822e+00
2.000999999999999890e+00
2.314000000000000057e+00
2.568000000000000060e+00
2.549999999999999822e+00
2.839999999999999858e+00
2.407000000000000028e+00
2.520000000000000018e+00
2.597999999999999865e+00
2.451000000000000068e+00
2.661999999999999922e+00
2.262999999999999901e+00
2.282999999999999918e+00
1.937000000000000055e+00
2.839999999999999858e+00
2.263999999999999790e+00
2.532999999999999918e+00
3.153999999999999915e+00
2.435999999999999943e+00
2.407999999999999918e+00
2.604000000000000092e+00
2.225999999999999979e+00
2.366999999999999993e+00
2.343999999999999861e+00
2.146999999999999797e+00
2.448999999999999844e+00
2.270000000000000018e+00
2.612999999999999989e+00
2.399000000000000021e+00
2.380999999999999783e+00
2.229000000000000092e+00
2.541999999999999815e+00
2.587000000000000188e+00
2.596999999999999975e+00
2.318000000000000060e+00
2.455999999999999961e+00
2.343999999999999861e+00
2.753000000000000114e+00
2.424999999999999822e+00
2.450000000000000178e+00
2.455000000000000071e+00
2.267999999999999794e+00
2.355999999999999872e+00
2.125999999999999890e+00
2.516999999999999904e+00
2.382000000000000117e+00
2.640000000000000124e+00
2.976999999999999869e+00
2.714999999999999858e+00
2.386000000000000121e+00
2.613999999999999879e+00
2.156000000000000139e+00
2.775999999999999801e+00
2.229999999999999982e+00
2.299999999999999822e+00
2.467999999999999972e+00
2.516000000000000014e+00
2.297000000000000153e+00
2.254000000000000004e+00
2.531000000000000139e+00
2.599000000000000199e+00
2.741999999999999993e+00
2.379999999999999893e+00
2.395999999999999908e+00
2.201999999999999957e+00
2.436999999999999833e+00
2.387000000000000011e+00
2.467000000000000082e+00
2.693999999999999950e+00
2.390000000000000124e+00
2.563000000000000167e+00
2.488999999999999879e+00
2.162999999999999812e+00
2.455999999999999961e+00
2.428999999999999826e+00
2.725000000000000089e+00
2.613999999999999879e+00
2.287999999999999812e+00
2.343999999999999861e+00
2.283999999999999808e+00
2.245999999999999996e+00
2.585999999999999854e+00
2.343999999999999861e+00
2.400999999999999801e+00
2.736000000000000210e+00
2.487000000000000099e+00
2.681999999999999940e+00
2.486000000000000210e+00
2.169000000000000039e+00
2.382000000000000117e+00
2.350000000000000089e+00
2.384999999999999787e+00
2.544000000000000039e+00
2.343999999999999861e+00
2.487999999999999989e+00
2.379000000000000004e+00
2.532999999999999918e+00
2.157000000000000028e+00
2.595000000000000195e+00
2.470000000000000195e+00
2.612000000000000099e+00
2.637000000000000011e+00
2.552999999999999936e+00
2.105999999999999872e+00
2.392999999999999794e+00
2.310999999999999943e+00
2.597999999999999865e+00
2.442000000000000171e+00
2.363999999999999879e+00
2.218999999999999861e+00
2.358999999999999986e+00
2.625000000000000000e+00
2.577999999999999847e+00
1.999000000000000110e+00
2.334999999999999964e+00
2.346000000000000085e+00
2.394000000000000128e+00
2.281000000000000139e+00
2.402000000000000135e+00
2.509999999999999787e+00
2.326999999999999957e+00
2.418000000000000149e+00
2.447000000000000064e+00
2.271999999999999797e+00
2.642999999999999794e+00
2.350000000000000089e+00
2.222999999999999865e+00
1.844000000000000083e+00
2.366999999999999993e+00
2.422000000000000153e+00
2.232000000000000206e+00
2.419000000000000039e+00
2.233999999999999986e+00
2.690999999999999837e+00
2.491000000000000103e+00
2.278000000000000025e+00
2.642999999999999794e+00
2.556999999999999940e+00
2.130999999999999783e+00
2.166999999999999815e+00
2.266999999999999904e+00
2.314999999999999947e+00
2.846000000000000085e+00
2.443999999999999950e+00
2.548000000000000043e+00
2.346000000000000085e+00
2.233999999999999986e+00
2.277000000000000135e+00
2.802000000000000046e+00
2.531000000000000139e+00
2.523000000000000131e+00
2.892999999999999794e+00
2.383000000000000007e+00
2.496999999999999886e+00
2.132000000000000117e+00
2.236000000000000210e+00
2.213999999999999968e+00
2.259999999999999787e+00
2.162999999999999812e+00
3.153999999999999915e+00
2.535000000000000142e+00
2.224000000000000199e+00
2.564000000000000057e+00
2.599000000000000199e+00
2.289000000000000146e+00
2.379999999999999893e+00
2.443000000000000060e+00
2.169999999999999929e+00
2.258999999999999897e+00
2.508000000000000007e+00
2.483999999999999986e+00
2.354000000000000092e+00
2.581999999999999851e+00
2.444999999999999840e+00
2.156000000000000139e+00
2.556999999999999940e+00
2.503000000000000114e+00
2.188000000000000167e+00
2.491000000000000103e+00
2.475999999999999979e+00
2.709999999999999964e+00
2.475000000000000089e+00
2.325000000000000178e+00
2.275999999999999801e+00
2.295999999999999819e+00
2.577999999999999847e+00
2.311999999999999833e+00
2.435000000000000053e+00
2.380999999999999783e+00
2.548999999999999932e+00
2.238999999999999879e+00
2.439999999999999947e+00
2.184000000000000163e+00
2.140000000000000124e+00
2.355999999999999872e+00
2.162999999999999812e+00
2.580999999999999961e+00
2.407000000000000028e+00
2.001999999999999780e+00
2.338999999999999968e+00
2.495999999999999996e+00
2.402000000000000135e+00
2.423000000000000043e+00
2.412999999999999812e+00
2.250999999999999890e+00
2.396999999999999797e+00
2.480999999999999872e+00
2.422000000000000153e+00
2.343999999999999861e+00
2.551000000000000156e+00
2.400999999999999801e+00
2.771999999999999797e+00
2.317000000000000171e+00
2.172000000000000153e+00
2.447000000000000064e+00
2.311999999999999833e+00
2.564999999999999947e+00
2.516000000000000014e+00
2.367999999999999883e+00
2.418000000000000149e+00
2.496999999999999886e+00
2.286000000000000032e+00
2.309000000000000163e+00
2.451999999999999957e+00
2.274000000000000021e+00
2.837000000000000188e+00
2.406000000000000139e+00
2.301000000000000156e+00
2.690999999999999837e+00
2.326000000000000068e+00
2.540000000000000036e+00
2.577999999999999847e+00
2.596999999999999975e+00
2.455999999999999961e+00
2.274000000000000021e+00
2.271999999999999797e+00
2.399000000000000021e+00
2.641000000000000014e+00
2.581999999999999851e+00
2.541999999999999815e+00
2.717000000000000082e+00
2.658999999999999808e+00
2.310999999999999943e+00
2.238999999999999879e+00
2.303999999999999826e+00
2.706999999999999851e+00
2.920999999999999819e+00
2.258999999999999897e+00
2.472999999999999865e+00
2.366999999999999993e+00
2.745000000000000107e+00
2.475000000000000089e+00
2.343999999999999861e+00
2.435000000000000053e+00
2.444999999999999840e+00
2.321000000000000174e+00
2.420999999999999819e+00
2.250000000000000000e+00
2.201000000000000068e+00
2.436999999999999833e+00
2.604000000000000092e+00
2.145999999999999908e+00
2.620999999999999996e+00
2.123000000000000220e+00
2.837000000000000188e+00
2.248000000000000220e+00
2.291999999999999815e+00
2.318000000000000060e+00
2.802999999999999936e+00
2.505999999999999783e+00
2.592000000000000082e+00
2.302000000000000046e+00
2.220000000000000195e+00
2.242999999999999883e+00
2.668000000000000149e+00
2.302000000000000046e+00
2.509999999999999787e+00
2.624000000000000110e+00
2.451999999999999957e+00
2.507000000000000117e+00
2.221000000000000085e+00
2.471999999999999975e+00
2.495000000000000107e+00
2.545999999999999819e+00
2.470000000000000195e+00
2.704000000000000181e+00
2.376999999999999780e+00
2.383000000000000007e+00
2.617999999999999883e+00
2.343999999999999861e+00
2.476999999999999869e+00
2.553999999999999826e+00
2.428999999999999826e+00
2.455999999999999961e+00
2.327999999999999847e+00
2.318000000000000060e+00
2.287999999999999812e+00
2.384999999999999787e+00
2.676000000000000156e+00
2.330000000000000071e+00
2.634999999999999787e+00
2.439000000000000057e+00
2.494000000000000217e+00
2.346999999999999975e+00
2.323999999999999844e+00
2.467999999999999972e+00
2.313000000000000167e+00
2.620000000000000107e+00
2.642999999999999794e+00
2.604999999999999982e+00
2.241000000000000103e+00
2.374000000000000110e+00
2.741999999999999993e+00
2.314000000000000057e+00
2.295999999999999819e+00
2.984999999999999876e+00
2.238999999999999879e+00
2.044999999999999929e+00
2.161000000000000032e+00
2.234999999999999876e+00
2.112999999999999989e+00
2.419999999999999929e+00
2.265000000000000124e+00
2.509999999999999787e+00
2.543000000000000149e+00
2.254999999999999893e+00
2.516999999999999904e+00
2.549999999999999822e+00
2.548999999999999932e+00
2.415000000000000036e+00
2.500999999999999890e+00
2.146999999999999797e+00
2.310000000000000053e+00
2.529999999999999805e+00
2.628000000000000114e+00
2.326999999999999957e+00
2.250000000000000000e+00
2.439999999999999947e+00
2.366000000000000103e+00
2.668000000000000149e+00
2.347999999999999865e+00
2.350000000000000089e+00
2.204000000000000181e+00
2.484999999999999876e+00
2.370000000000000107e+00
2.498000000000000220e+00
2.329000000000000181e+00
2.524999999999999911e+00
2.346999999999999975e+00
2.577999999999999847e+00
2.585999999999999854e+00
2.279999999999999805e+00
2.632000000000000117e+00
2.447000000000000064e+00
2.354000000000000092e+00
2.266000000000000014e+00
2.335999999999999854e+00
2.108000000000000096e+00
2.619000000000000217e+00
2.505999999999999783e+00
2.613999999999999879e+00
2.309000000000000163e+00
2.369000000000000217e+00
2.370999999999999996e+00
2.178999999999999826e+00
2.519000000000000128e+00
2.511000000000000121e+00
2.577999999999999847e+00
2.410000000000000142e+00
2.342999999999999972e+00
2.455000000000000071e+00
2.318999999999999950e+00
2.596000000000000085e+00
2.463999999999999968e+00
2.771999999999999797e+00
2.516000000000000014e+00
2.254000000000000004e+00
2.612999999999999989e+00
2.120999999999999996e+00
2.282999999999999918e+00
2.738999999999999879e+00
2.185999999999999943e+00
2.399999999999999911e+00
2.317000000000000171e+00
2.281000000000000139e+00
2.512000000000000011e+00
2.758000000000000007e+00
2.439000000000000057e+00
2.802999999999999936e+00
2.504000000000000004e+00
2.375000000000000000e+00
2.621999999999999886e+00
2.333000000000000185e+00
2.746999999999999886e+00
2.350999999999999979e+00
2.579000000000000181e+00
2.391000000000000014e+00
2.442000000000000171e+00
2.805000000000000160e+00
2.612999999999999989e+00
2.411000000000000032e+00
2.319999999999999840e+00
1.917000000000000037e+00
2.690999999999999837e+00
2.450000000000000178e+00
2.343999999999999861e+00
2.494000000000000217e+00
