2.620999999999999996e+00
2.375999999999999890e+00
2.150999999999999801e+00
2.418000000000000149e+00
2.571000000000000174e+00
1.943999999999999950e+00
2.737000000000000099e+00
2.314999999999999947e+00
2.420999999999999819e+00
2.580999999999999961e+00
2.361000000000000210e+00
2.415000000000000036e+00
2.091000000000000192e+00
2.516000000000000014e+00
2.516999999999999904e+00
2.369000000000000217e+00
2.722999999999999865e+00
2.428999999999999826e+00
2.293000000000000149e+00
2.456999999999999851e+00
2.314999999999999947e+00
2.217000000000000082e+00
2.527000000000000135e+00
2.329000000000000181e+00
2.259999999999999787e+00
2.255999999999999783e+00
2.423000000000000043e+00
2.388999999999999790e+00
2.431000000000000050e+00
2.395999999999999908e+00
2.539000000000000146e+00
2.331999999999999851e+00
2.533999999999999808e+00
2.331999999999999851e+00
2.418000000000000149e+00
2.363999999999999879e+00
2.342999999999999972e+00
2.580999999999999961e+00
2.596000000000000085e+00
2.512000000000000011e+00
2.185000000000000053e+00
2.892999999999999794e+00
2.544000000000000039e+00
2.588999999999999968e+00
2.388999999999999790e+00
2.612000000000000099e+00
2.366999999999999993e+00
2.474000000000000199e+00
2.548999999999999932e+00
2.491999999999999993e+00
2.454000000000000181e+00
2.778000000000000025e+00
2.423999999999999932e+00
2.395000000000000018e+00
2.758000000000000007e+00
2.362999999999999989e+00
2.241000000000000103e+00
2.904999999999999805e+00
2.579000000000000181e+00
2.581999999999999851e+00
2.758000000000000007e+00
2.354999999999999982e+00
2.619000000000000217e+00
2.382000000000000117e+00
2.298000000000000043e+00
2.520999999999999908e+00
2.362999999999999989e+00
2.237000000000000099e+00
2.362999999999999989e+00
2.475999999999999979e+00
2.270000000000000018e+00
2.275999999999999801e+00
2.309000000000000163e+00
2.460999999999999854e+00
2.528000000000000025e+00
2.326000000000000068e+00
2.060999999999999943e+00
2.202999999999999847e+00
2.290999999999999925e+00
2.141999999999999904e+00
2.496999999999999886e+00
2.408999999999999808e+00
2.254000000000000004e+00
2.424999999999999822e+00
2.201999999999999957e+00
2.795999999999999819e+00
2.976999999999999869e+00
2.287999999999999812e+00
2.172000000000000153e+00
2.189999999999999947e+00
2.350000000000000089e+00
2.290000000000000036e+00
2.244000000000000217e+00
2.459000000000000075e+00
2.450000000000000178e+00
2.149000000000000021e+00
2.528000000000000025e+00
2.267999999999999794e+00
2.600999999999999979e+00
2.486000000000000210e+00
2.181999999999999940e+00
2.927999999999999936e+00
2.209000000000000075e+00
2.262999999999999901e+00
2.474000000000000199e+00
2.567000000000000171e+00
2.309000000000000163e+00
2.257000000000000117e+00
2.282999999999999918e+00
2.148000000000000131e+00
