1.244669591243076212e+01
1.334448887439538822e+01
1.548161081409246798e+01
1.207949790554250846e+01
1.524985200667813778e+01
1.308230909073061099e+01
1.357440609267774967e+01
1.406101856177125953e+01
1.278855478820974767e+01
1.266957934215625414e+01
1.273812107433262852e+01
1.334448887439538822e+01
1.359998215885109829e+01
1.280146480325158187e+01
1.260517122614658447e+01
1.251302509061565793e+01
1.249198749573263179e+01
1.181206844154969460e+01
1.275837977497187126e+01
1.143879007287527116e+01
1.242060773062534906e+01
1.181206844154969460e+01
1.525368721301495256e+01
1.228425466138913791e+01
1.280698958493003481e+01
1.244275570659285535e+01
1.246501380808329706e+01
1.547440544626262948e+01
1.235582609668840703e+01
1.548161081409246798e+01
1.115401974940269270e+01
1.264933011528269802e+01
1.308230909073061099e+01
1.544615748061280769e+01
1.545038515946617430e+01
1.273812107433262852e+01
1.275837977497187126e+01
1.527704528001950912e+01
1.527902142973903921e+01
1.397079683136331596e+01
1.315821775321274600e+01
1.285389564935565687e+01
1.143879007287527116e+01
1.548161081409246798e+01
1.258011462862762109e+01
1.286385613051710841e+01
1.527704528001950912e+01
1.264933011528269802e+01
1.386829030394350148e+01
1.246501380808329706e+01
1.308230909073061099e+01
1.285389564935565687e+01
1.248206488198685271e+01
1.546532412539862911e+01
1.386829030394350148e+01
1.357440609267774967e+01
1.238190065128988593e+01
1.435013698311171915e+01
1.280698958493003481e+01
1.305813251782898909e+01
1.245593775182325480e+01
1.342880689753293488e+01
1.261261741332228326e+01
1.207968912731617905e+01
1.159745987821664492e+01
1.249095031097905917e+01
1.307276080809556262e+01
1.356119576811277305e+01
1.313992334032242937e+01
1.278855478820974767e+01
1.266957934215625414e+01
1.296294530904483011e+01
1.322820024139848094e+01
1.318961047954525512e+01
1.336009072152956811e+01
1.399738466384774505e+01
1.526983991218967063e+01
1.394868206096630381e+01
1.159745987821664492e+01
1.340538851656631536e+01
1.280698958493003481e+01
1.455789989983597721e+01
1.265408531479468301e+01
1.356980139210779512e+01
1.266467133586215965e+01
1.524985200667813778e+01
1.547440544626262948e+01
1.249433105146695411e+01
1.522775589836559185e+01
1.266028625225121473e+01
1.546532412539862911e+01
1.221068063119651015e+01
1.389912235253112627e+01
1.205476131362800984e+01
1.379300517228833556e+01
1.294886188862699505e+01
1.266957934215625414e+01
1.308230909073061099e+01
1.361117778840169024e+01
1.415800317997062052e+01
1.285389564935565687e+01
1.189632639326032404e+01
1.358511407404729887e+01
1.234134194914257421e+01
1.351456518845478172e+01
1.549084323020411524e+01
1.275837977497187126e+01
1.353494596492829771e+01
1.287249387632961728e+01
1.308230909073061099e+01
1.544615748061280769e+01
1.356600920031169544e+01
1.275624965945490885e+01
1.319386633797022057e+01
1.285389564935565687e+01
1.528078163071393902e+01
1.261031409266484005e+01
1.278855478820974767e+01
1.231960826682395016e+01
1.330308844091927156e+01
1.248308142187327796e+01
1.528232400556455772e+01
1.219758434409048320e+01
1.258889975641196024e+01
1.236208441064528429e+01
1.241131464072030965e+01
1.197985039531786455e+01
1.423077320142593827e+01
1.285389564935565687e+01
1.527704528001950912e+01
1.217521494099628754e+01
1.374103199399958619e+01
1.219662378546732562e+01
1.308230909073061099e+01
1.221604219655239199e+01
1.356514696961032307e+01
1.308230909073061099e+01
1.280698958493003481e+01
1.408130951444547030e+01
1.296294530904483011e+01
1.473731441067220160e+01
1.410377084410153259e+01
1.190778547700347545e+01
1.256146225304335218e+01
1.280434852970372894e+01
1.527902142973903921e+01
1.315342742269995391e+01
1.241346753821198412e+01
1.272202875586169668e+01
1.258398925413679237e+01
1.418581231778881424e+01
1.300555053832544061e+01
1.352963667188487662e+01
1.523717084749768880e+01
1.353971100911506298e+01
1.171335904253925264e+01
1.184989358407745286e+01
1.255136156788570467e+01
1.355447491915003866e+01
1.264933011528269802e+01
1.287774355665765214e+01
1.259328234404183178e+01
1.548821221098420153e+01
1.273812107433262852e+01
1.300555053832544061e+01
1.527245264386517398e+01
1.304067389741895688e+01
1.246010580178920080e+01
1.266028625225121473e+01
1.274695656954986589e+01
1.204163166803664353e+01
1.547942059300796203e+01
1.264933011528269802e+01
1.255168412538195000e+01
1.357187614678598919e+01
1.204163166803664353e+01
1.315928364906843306e+01
1.322752031078220547e+01
1.527245264386517398e+01
1.527902142973903921e+01
1.545825274708791142e+01
1.382006065174089038e+01
1.525732336702401781e+01
1.273812107433262852e+01
1.253355554025966967e+01
1.234631477160806590e+01
1.327758153489852688e+01
1.189632639326032404e+01
1.524159194653985239e+01
1.226483335762128313e+01
1.240267423312867656e+01
1.275624965945490885e+01
1.329647863956288312e+01
1.261031409266484005e+01
1.199740389362847104e+01
1.528474776737433771e+01
1.157773689871466871e+01
1.315342742269995391e+01
1.340538851656631536e+01
1.275624965945490885e+01
1.470927905446618134e+01
1.528627769613115817e+01
1.291067079960532205e+01
1.244566976044109552e+01
1.381355190240219954e+01
1.277983264599234836e+01
1.199301881001752612e+01
1.275624965945490885e+01
1.280698958493003481e+01
1.308230909073061099e+01
1.338770010315881542e+01
1.321011607239839947e+01
1.306543113066911310e+01
1.181206844154969460e+01
1.547942059300796203e+01
1.164532805000449400e+01
1.275837977497187126e+01
1.347896847022932221e+01
1.548534716478689788e+01
1.246089537559594440e+01
1.266028625225121473e+01
1.263485098131843820e+01
1.122534143020531161e+01
1.465362827408169011e+01
1.275624965945490885e+01
1.353908276262541754e+01
1.275837977497187126e+01
1.115401974940269270e+01
1.273812107433262852e+01
1.287774355665765214e+01
1.278855478820974767e+01
1.237978047506924639e+01
1.255168412538195000e+01
1.255168412538195000e+01
1.430127315317900916e+01
1.382666349661673522e+01
1.267971052221994910e+01
1.308230909073061099e+01
1.301155511900299366e+01
1.315821775321274600e+01
1.360827990244755803e+01
1.266792834225665842e+01
1.246010580178920080e+01
1.397940808120004341e+01
1.197985039531786455e+01
1.300555053832544061e+01
1.528078163071393902e+01
1.285389564935565687e+01
1.321011607239839947e+01
1.297434251662892990e+01
1.308230909073061099e+01
1.234983287458773482e+01
1.246010580178920080e+01
1.278855478820974767e+01
1.523255820564638796e+01
1.195277344551891119e+01
1.353699931294068470e+01
1.545825274708791142e+01
1.399205772902636014e+01
1.353516422332291391e+01
1.544615748061280769e+01
1.327898458299580575e+01
1.321011607239839947e+01
1.240456545033809910e+01
1.237048738516420343e+01
1.443882703837040182e+01
1.527902142973903921e+01
1.526399100854026969e+01
1.273566361594822105e+01
1.528474776737433771e+01
1.368843562300645722e+01
1.275624965945490885e+01
1.524159194653985239e+01
1.235796338086629120e+01
1.266028625225121473e+01
1.419578619096859207e+01
1.219758434409048320e+01
1.280788069318970557e+01
1.308230909073061099e+01
1.526075859132567025e+01
1.372171738564747834e+01
1.408130951444547030e+01
1.228025978759215242e+01
1.266179199671404554e+01
1.170321994293051659e+01
1.219758434409048320e+01
1.164532805000449400e+01
1.280698958493003481e+01
1.427668636482513520e+01
1.373284170046440522e+01
1.143879007287527116e+01
1.424227613027522032e+01
1.301155511900299366e+01
1.526983991218967063e+01
1.178230243278762757e+01
1.252675631169378079e+01
1.233702168170302471e+01
1.547158427536111169e+01
1.354109317681717606e+01
1.285389564935565687e+01
1.299740335631700283e+01
1.191672181190310376e+01
1.416398865834139897e+01
1.527245264386517398e+01
1.245904579340446006e+01
1.369753746746984113e+01
1.327758153489852688e+01
1.285389564935565687e+01
1.367537864334129694e+01
1.191584030279283368e+01
1.528232400556455772e+01
1.367838044329832847e+01
1.356600920031169544e+01
1.275624965945490885e+01
1.440091449299673876e+01
1.261031409266484005e+01
1.256686294862973874e+01
1.204163166803664353e+01
1.228638477690610031e+01
1.207968912731617905e+01
1.255168412538195000e+01
1.285389564935565687e+01
1.319588946547160901e+01
1.315821775321274600e+01
1.304916809352357276e+01
1.184761326875817922e+01
1.266467133586215965e+01
1.411144787040718640e+01
1.246010580178920080e+01
1.296294530904483011e+01
1.264933011528269802e+01
1.272202875586169668e+01
1.228638477690610031e+01
1.273812107433262852e+01
1.367100314940218553e+01
1.197985039531786455e+01
1.313992334032242937e+01
1.367838044329832847e+01
1.315821775321274600e+01
1.249095031097905917e+01
1.252057656135825425e+01
1.542733133710791726e+01
1.199301881001752612e+01
1.285389564935565687e+01
1.526075859132567025e+01
1.528078163071393902e+01
1.171335904253925264e+01
1.238190065128988593e+01
1.228406343961546554e+01
1.253355554025966967e+01
1.181206844154969460e+01
1.285201368463770777e+01
1.321752720207945586e+01
1.246939889169424198e+01
1.336502810581048273e+01
1.237978047506924639e+01
1.332778609463975705e+01
1.527245264386517398e+01
1.251746322178874138e+01
1.252675631169378079e+01
1.541125309661352816e+01
1.164532805000449400e+01
1.266957934215625414e+01
1.546188890109697489e+01
1.160750290747673752e+01
1.346661724984092601e+01
1.357053279692845038e+01
1.185019577955505277e+01
1.522775589836559185e+01
1.226696420062712534e+01
1.194861273255957812e+01
1.266792834225665842e+01
1.285389564935565687e+01
1.261031409266484005e+01
1.353421676797170647e+01
1.315852893469440055e+01
1.334560961728524475e+01
1.321011607239839947e+01
1.353516422332291391e+01
1.548161081409246798e+01
1.275855371895481838e+01
1.308230909073061099e+01
1.183706613396368468e+01
1.322031822809971580e+01
1.219758434409048320e+01
1.301155511900299366e+01
1.287249387632961728e+01
1.237978047506924639e+01
1.296294530904483011e+01
1.548821221098420153e+01
1.179558562087158791e+01
1.386111023642293993e+01
1.219758434409048320e+01
1.308230909073061099e+01
1.437508299959560709e+01
1.342880689753293488e+01
1.526399100854026969e+01
1.275624965945490885e+01
1.422136260633937255e+01
1.548161081409246798e+01
1.364034557789989499e+01
1.526399100854026969e+01
1.321011607239839947e+01
1.412096316055415279e+01
1.524159194653985239e+01
1.238871680996887470e+01
1.520668756254056930e+01
1.304916809352357276e+01
1.354614917294026810e+01
1.547701817793813106e+01
1.266792834225665842e+01
1.287249387632961728e+01
1.271244842829829480e+01
1.247758693399067553e+01
1.300555053832544061e+01
1.546188890109697489e+01
1.264642008851433630e+01
1.549084323020411524e+01
1.287774355665765214e+01
1.294886188862699505e+01
1.466748378422523658e+01
1.185019577955505277e+01
1.528232400556455772e+01
1.164335560694823002e+01
1.525732336702401781e+01
1.547942059300796203e+01
1.342085688669276600e+01
1.377484254712708633e+01
1.525368721301495256e+01
1.374572458399215868e+01
1.295191550012660286e+01
1.200611509712355129e+01
1.327758153489852688e+01
1.273812107433262852e+01
1.300464710652106426e+01
1.378239850639647379e+01
