1.073881937060841674e+00
2.448223262073375928e+00
2.401184861517257629e-01
-5.074955837634589351e-01
-1.266321787720688041e+00
-1.050022949737737132e+00
5.593102867795672895e-01
4.821614608493403065e-01
-6.814353069088365800e-01
-5.574810559937294352e-01
-4.978376603396526545e-01
-6.273103332890647699e-02
-3.681592907328187086e-02
8.443571701928609397e-01
5.999615725335429861e-01
3.780874960131536677e-01
-3.986605460323975891e-01
3.226808122389580369e+00
-1.498868074293346231e+00
-4.580651112607473929e-01
-8.656230667824133668e-03
-5.235932011273607412e-01
4.153336904763539339e-01
4.397331773507585639e-01
1.211803458875235551e+00
-8.035431194464083271e-01
1.928044199795267977e+00
7.227153845812926969e-01
4.855478703960121600e-01
-6.060319791151324020e-01
-7.858257658978536897e-01
-2.421460546053286200e-01
1.346417220960189454e+00
-5.855501018678120895e-01
9.826754471076970532e-01
5.228886450578363876e-01
1.250411571708764491e+00
-2.362835385733322580e-01
-9.971681737253743627e-01
1.164212272233556389e+00
-7.418052982214510260e-01
-6.549444278059015634e-01
-1.255519916482403575e+00
9.646359579468292145e-01
-3.817585068518071778e-01
8.720998201474713385e-01
2.918013691248741104e+00
6.875309437823655667e-01
-5.399239432402134220e-01
2.187410572163388967e+00
-1.276640607511811965e+00
-2.454065042652948253e-02
9.145059356962502439e-02
-2.573678368955445439e+00
-2.606083677845050239e-01
-1.224910666982332641e+00
3.175733112226571286e+00
-9.780610945422304470e-01
1.684731094954012853e-01
-8.535422561972419997e-01
1.173124290668311254e+00
1.048363090653249952e+00
1.383557176836721414e+00
4.009184858032792120e-01
2.420249178117419575e+00
1.689790970975911244e-01
1.996205318698488274e+00
-1.840713796309361439e-01
3.597942840792180408e-01
4.916699682882704203e-01
-6.017565762536950524e-01
-2.050731979786296066e-01
-1.468657773862678484e+00
5.832806744075987870e-01
-2.496654414382308285e-01
7.738851142884077827e-01
1.870736347821300827e+00
1.569939728228842979e+00
1.684607500983398287e+00
9.896001768726451209e-01
-2.087949706559964813e+00
1.546750149007327213e+00
-5.996386448203995245e-01
-1.025676602877869881e+00
6.380989995926374947e-01
-6.482940885963681676e-01
-1.871593267078535794e+00
-3.792272614223461402e-01
-5.580238405848899630e-01
1.363392356656685456e+00
4.297254912977596097e-01
4.470470377135243867e-01
-5.075213060016633415e-01
-7.291549757500679352e-01
-2.232196958190345581e-01
5.909402512287989517e-02
9.111847779124262470e-01
2.379801328818513806e+00
-4.601641399959428558e-01
3.068900051193306222e-01
9.199911732368780681e-01
-4.662797111896102575e-01
9.139938645373997528e-03
6.279699495761801309e-01
1.560498397766349132e+00
-2.751943939358020286e-01
-5.328737528222166064e-01
-7.081336910213076319e-01
-9.032980665272720699e-01
-1.130693367142701522e+00
-3.971895308262904378e-01
-7.324556787553858639e-01
3.221609820797818879e-01
1.822149083090438992e+00
9.042328832941186612e-01
2.098713586015058530e-01
1.514096261531129528e+00
-9.854277138723936957e-01
5.652436043897909324e-01
-3.828647109692518424e-01
3.063713661938641808e-01
-5.221102503082410973e-01
5.241078931168149380e-01
7.944759680347622810e-01
3.491857086128020149e-01
1.149101099254131952e+00
-5.471613207913789134e-01
4.775319266477748847e-01
7.706548939647822616e-01
-1.622761596757715252e-01
2.715197776574482802e+00
5.626563747541510896e-01
-9.303643989989321961e-01
-2.938777568910793878e-02
1.210352330356859463e-01
1.020149194713322993e+00
3.488013944964756807e-01
-7.606066713392282616e-03
-1.950129655123411077e+00
-1.823328912647405320e-01
2.961499021755152894e-01
3.585493522249311726e-01
-2.477554042493241404e+00
-4.407826411111441869e-03
-9.660060724368189911e-02
-1.283173363690301549e+00
-1.273598476943895497e+00
4.394077270374298627e-01
8.315723864306554525e-01
-5.982182905493890063e-02
-7.207249526193144629e-01
4.560133458178496357e-01
-9.257774689646031119e-01
2.564763909590149840e-02
-6.719790866246894145e-01
-5.538082037789791856e-02
-1.924057038996773272e+00
1.693548490058717493e-01
-1.992166158539286358e-01
-8.476209438208894831e-01
3.526536524552158491e-01
-7.831600042456499100e-01
1.386753707578523842e-01
1.412976011790783470e+00
-8.269183089543549192e-01
5.264861192143492977e-03
8.962112200888049385e-01
-9.697324608526139977e-01
-9.164067241438071942e-01
-4.685205469931270073e-01
2.115710213961778663e-01
9.996712936926028803e-01
7.496884905429552770e-01
1.657899055849029413e+00
-7.237623527619688746e-01
-2.019317496611638674e-01
-6.721032710614417427e-01
2.190042190609439832e+00
-5.838457637956472324e-01
-6.290178124647081148e-01
1.278196432738476718e+00
-6.708102385211472951e-01
-7.503081524464459973e-01
-2.235720695071344633e+00
-9.731145972572877723e-01
-7.087527885231200697e-01
-8.304662620295389930e-01
-4.662797111896102575e-01
2.938495568496059640e+00
1.809179420521618731e+00
-4.750023339478113282e-01
1.604374294711597093e+00
9.735983374726244755e-01
-5.354886457928297316e-01
1.138119557250095948e+00
-1.040908753051091207e+00
-2.358391738313669606e-01
-1.494349643270840744e+00
4.003500230021531103e-01
9.675135343832316215e-01
-1.561100028932119299e+00
-3.258472826187098770e-01
3.632652074758077054e-01
-8.398174420186850231e-01
5.341367065906046374e-01
7.588475895556224815e-01
-7.915413701909317368e-01
1.022659587200511755e+00
1.169058109231509546e+00
2.513558361932711982e+00
2.945640685129042313e-01
-6.588097033401911773e-01
-6.194128766231346006e-01
5.015515376870810504e-01
-4.584277203398390843e-01
4.397947714295817878e-01
5.827217022352122466e-01
-3.281698888039298878e-01
-6.133956839381368153e-01
-4.352160265809709716e-01
4.898396429617501990e-01
-8.179401406826986021e-01
-1.664413470745870760e-01
-1.504198687064160600e+00
-1.440044964880142775e+00
9.192808507447988164e-01
3.663884317225372667e-01
-7.811687937664795189e-01
-1.815299894396583125e-01
9.539931051658601113e-01
2.080676731083432873e-01
8.267256889478867832e-01
5.965451170150606330e-01
-6.218250793707686963e-01
-9.533036103452083854e-01
-7.664711739874642722e-03
3.820792387648451749e-01
-4.020554446555406614e-01
1.731121268053728013e+00
-2.458355733568562754e-02
2.260306672831664976e+00
-3.213482716331166889e-01
-7.686226791967626371e-01
-3.613153692796320926e-01
2.340632649921527975e-01
1.390558790632516306e+00
-6.661625568229311289e-01
-1.693746633341278868e-02
4.913492554706860166e-02
6.062121959075122968e-01
-8.359910381531648893e-01
-8.978603350720355467e-03
6.774948254343187148e-01
-4.584134543865265310e-01
1.091651221526450888e+00
7.433225916179685422e-01
-9.934404166571264572e-01
1.559833641591323872e-01
-9.323764414323291172e-01
6.322146949989696507e-01
-4.392111638675900154e-01
1.406076100178790034e+00
3.441219448727915187e-01
-2.225946072121397223e-01
-2.115068889908376659e-01
-1.047503907227779196e+00
-9.210042837362673873e-03
-3.129719573760825213e-01
1.000833447859531544e+00
3.973895820052104622e-01
1.363475173806134144e+00
-3.597278270494431718e-01
-2.014660656845726816e+00
-3.980787850215009721e-02
1.979160771304981026e+00
2.937869931071270813e+00
-3.372713178943461121e-01
5.779812339016333622e-01
-2.278194878753457830e-01
5.643649823485401562e-01
3.303418769432747010e-02
-1.135927106153024946e+00
6.977798322183491608e-01
5.165564980095352920e-01
8.872189598454232051e-01
1.324049198874539313e+00
1.226354754504835609e-01
-1.649566793848094681e+00
-5.211322273384363379e-01
9.317867653855977927e-01
-2.683652307461886766e-01
6.549564771628967330e-01
-2.652918495724580605e+00
1.070113068071058215e+00
2.826843643199509690e-02
-2.970439011148077735e-01
4.542365722152170993e-02
7.633104635577414587e-01
3.895078003874032357e-01
1.743789196081705795e+00
-4.439738501596540154e-01
-3.848244150238538386e-01
-1.861029188465038509e+00
1.392541761183244131e-01
-1.123846403565689350e-01
2.949025710404094558e-01
1.124692729623658183e+00
6.299371648222104048e-01
2.913335591385195489e-01
-1.899471354982917304e-01
-8.924898974356406667e-01
2.054869209957713161e-01
6.503138711274426553e-01
8.575559239088957897e-01
8.926689873525847085e-01
3.650431132609651130e-01
2.441913015439973467e-01
1.850889603845335740e+00
4.166121562177435012e-01
2.060160044776492505e+00
1.706030269686617640e+00
4.512080427156244244e-01
2.469239877314114151e-01
-4.077826003888933570e-01
-3.925469482117385223e-01
3.776920265056962767e-01
1.942324829378448137e-01
1.156150193280792493e+00
3.194202384690433827e-02
1.997723604014445931e+00
7.108228727678377323e-01
7.441034721155674880e-01
4.474305485627173007e-01
-3.349606412555446444e-01
2.444958910327621818e-02
2.392294229024665986e-01
1.717313315813420171e+00
1.255267098607576903e+00
1.090900758200023857e+00
-8.718700365988923950e-01
2.251840130072756685e-01
4.516744464362157374e-01
4.651163799828048062e-01
-5.584533655888859194e-01
1.922565003082986834e+00
-2.037301075159998920e+00
-9.233353634702942125e-01
-1.524978416832540873e+00
-5.006736835280910514e-01
-2.169752099416188074e+00
1.780220726832502987e+00
-5.441320431332613561e-01
5.276342888556475597e-01
1.691082374218278117e+00
-9.110045275471820858e-01
1.563504707307246111e+00
6.804809255302178839e-01
-4.904035978301425347e-01
4.439403838875600194e-01
1.305872754934107594e+00
-2.542440793655279752e+00
4.294672707684759616e-01
1.409071334404410569e+00
-1.841337884900602906e-01
1.064317856699795950e+00
-1.269906304606090108e+00
-8.907242357183907389e-02
1.171291291628824727e+00
1.650760993290816825e-01
2.448477136525673281e-01
8.871610103974142403e-01
-1.451772144088744110e+00
8.884836895605590090e-01
2.925179472396488567e-01
3.392117410885076567e-01
-4.033890747350384887e-01
5.312354279388019629e-01
-4.931414517389962615e-01
9.010066637876330553e-01
-4.176714080736107504e-01
-4.099251663237345467e-01
1.866872952830143984e+00
1.033743726859721823e+00
-3.109351589170617491e-01
-2.671990660272798301e-01
-5.432734101587234354e-01
-2.627659815474357785e+00
2.385634210648775788e+00
9.572537558850654493e-01
-2.736744180292055573e-01
6.532874881020391822e-01
-7.968422128206884558e-01
8.024917129925345227e-01
-1.615915765247457170e+00
-1.727394052155303561e-01
5.122910502775213093e-01
-3.339710932348050609e-01
3.913767296592807199e-01
-1.252226777537619462e+00
-1.093955058306269157e+00
-9.560603068439184060e-01
-2.392910810913306818e-01
4.066449319170870047e-01
1.858884356024305573e+00
-6.435221385086591361e-01
-4.547826321321529197e-01
-1.163323806480496964e-01
-1.380639140511626950e+00
-1.118240129312949582e+00
4.065234114179565039e-01
-1.628079084273333477e+00
2.870437077353985567e-01
-1.909255200172956801e-01
-2.317476003211736135e-01
9.668978170891834312e-01
5.196414104044935200e-01
4.937417868740039406e-01
7.521843010705838717e-01
1.017244389791312376e+00
-6.551687014062942960e-02
3.292231293853822849e-01
8.318743595756346032e-01
5.628862998870131085e-01
6.436753217137310967e-01
-3.248715119773457616e-01
-1.413865569176828263e+00
4.750738145687306846e-02
2.378150866380625228e+00
-1.434847236635675150e-01
-3.332485392878360986e-01
-3.228691196509119177e-01
-1.695062007263438808e+00
1.507165431762309549e+00
9.757897982199036369e-01
-2.304221520327018879e-01
1.170975010320536580e-01
