3.326000000000000068e+00
2.894000000000000128e+00
2.907000000000000028e+00
2.895999999999999908e+00
2.922000000000000153e+00
2.952999999999999847e+00
3.343999999999999861e+00
2.940999999999999837e+00
3.616000000000000103e+00
2.899000000000000021e+00
2.761000000000000121e+00
3.154999999999999805e+00
2.516999999999999904e+00
3.505999999999999783e+00
2.645999999999999908e+00
2.713999999999999968e+00
3.468999999999999861e+00
3.044000000000000039e+00
2.878000000000000114e+00
2.955999999999999961e+00
3.092000000000000082e+00
2.829000000000000181e+00
2.974000000000000199e+00
3.101999999999999869e+00
2.821000000000000174e+00
2.596000000000000085e+00
3.091000000000000192e+00
3.025999999999999801e+00
2.689000000000000057e+00
2.952999999999999847e+00
2.811999999999999833e+00
3.123000000000000220e+00
3.399999999999999911e+00
3.250000000000000000e+00
2.854000000000000092e+00
3.004999999999999893e+00
3.129999999999999893e+00
2.898000000000000131e+00
2.814000000000000057e+00
3.060999999999999943e+00
2.857000000000000206e+00
2.926000000000000156e+00
3.153999999999999915e+00
3.032000000000000028e+00
2.767999999999999794e+00
3.112000000000000099e+00
3.085999999999999854e+00
3.229000000000000092e+00
3.399999999999999911e+00
2.839999999999999858e+00
3.045999999999999819e+00
3.516999999999999904e+00
2.902000000000000135e+00
2.783999999999999808e+00
3.205999999999999961e+00
3.087000000000000188e+00
2.790000000000000036e+00
3.084999999999999964e+00
3.250999999999999890e+00
3.104999999999999982e+00
3.021999999999999797e+00
2.805000000000000160e+00
2.766999999999999904e+00
2.806999999999999940e+00
2.850999999999999979e+00
2.794000000000000039e+00
3.137000000000000011e+00
2.603000000000000203e+00
2.831999999999999851e+00
2.853000000000000203e+00
2.827999999999999847e+00
2.817000000000000171e+00
2.891000000000000014e+00
3.188000000000000167e+00
3.032999999999999918e+00
2.846999999999999975e+00
2.680000000000000160e+00
2.701000000000000068e+00
2.787999999999999812e+00
2.809000000000000163e+00
3.270999999999999908e+00
2.634999999999999787e+00
3.201999999999999957e+00
2.790999999999999925e+00
2.771999999999999797e+00
3.399000000000000021e+00
3.415000000000000036e+00
2.853000000000000203e+00
2.778999999999999915e+00
2.802000000000000046e+00
2.859999999999999876e+00
2.849000000000000199e+00
3.008999999999999897e+00
2.694999999999999840e+00
3.027000000000000135e+00
2.866000000000000103e+00
2.669999999999999929e+00
2.693999999999999950e+00
3.033999999999999808e+00
2.829000000000000181e+00
3.305000000000000160e+00
3.442000000000000171e+00
2.729000000000000092e+00
2.968999999999999861e+00
3.016999999999999904e+00
3.160000000000000142e+00
2.823999999999999844e+00
2.741000000000000103e+00
2.979999999999999982e+00
2.870000000000000107e+00
