2.874000000000000110e+00
2.943999999999999950e+00
3.508000000000000007e+00
2.777000000000000135e+00
3.047000000000000153e+00
2.916999999999999815e+00
2.875999999999999890e+00
2.951999999999999957e+00
3.091000000000000192e+00
2.870999999999999996e+00
3.044000000000000039e+00
3.044999999999999929e+00
3.047000000000000153e+00
2.951999999999999957e+00
2.790000000000000036e+00
3.108999999999999986e+00
3.129000000000000004e+00
3.037999999999999812e+00
2.884999999999999787e+00
2.799999999999999822e+00
2.831999999999999851e+00
2.750999999999999890e+00
3.241000000000000103e+00
3.009999999999999787e+00
3.064999999999999947e+00
2.919999999999999929e+00
2.802000000000000046e+00
3.399000000000000021e+00
2.967000000000000082e+00
3.174999999999999822e+00
2.714999999999999858e+00
2.749000000000000110e+00
2.931000000000000050e+00
3.174999999999999822e+00
3.217999999999999972e+00
2.883000000000000007e+00
3.028000000000000025e+00
3.322000000000000064e+00
3.077999999999999847e+00
2.970000000000000195e+00
2.802000000000000046e+00
2.580000000000000071e+00
2.535000000000000142e+00
3.217999999999999972e+00
2.922000000000000153e+00
2.904999999999999805e+00
3.515000000000000124e+00
2.657000000000000028e+00
2.818000000000000060e+00
2.802999999999999936e+00
2.873000000000000220e+00
2.996999999999999886e+00
2.960999999999999854e+00
2.950000000000000178e+00
2.875999999999999890e+00
2.745999999999999996e+00
3.100000000000000089e+00
3.071000000000000174e+00
3.017999999999999794e+00
2.842999999999999972e+00
2.955000000000000071e+00
2.967000000000000082e+00
3.020999999999999908e+00
2.770000000000000018e+00
3.111000000000000210e+00
2.899000000000000021e+00
2.899999999999999911e+00
2.867999999999999883e+00
2.778999999999999915e+00
3.055000000000000160e+00
2.696000000000000174e+00
2.653999999999999915e+00
2.942000000000000171e+00
2.810000000000000053e+00
2.841000000000000192e+00
3.158999999999999808e+00
3.415000000000000036e+00
2.988999999999999879e+00
3.052999999999999936e+00
3.362999999999999989e+00
3.217000000000000082e+00
3.141000000000000014e+00
2.866999999999999993e+00
2.709999999999999964e+00
3.196000000000000174e+00
3.505999999999999783e+00
3.196000000000000174e+00
2.754000000000000004e+00
3.436999999999999833e+00
3.208000000000000185e+00
3.380999999999999783e+00
2.650999999999999801e+00
3.181999999999999940e+00
2.823999999999999844e+00
2.874000000000000110e+00
3.172000000000000153e+00
2.927000000000000046e+00
2.758000000000000007e+00
2.930000000000000160e+00
2.774999999999999911e+00
2.851999999999999869e+00
2.839999999999999858e+00
2.748000000000000220e+00
2.798000000000000043e+00
2.978000000000000203e+00
3.666999999999999815e+00
2.991999999999999993e+00
2.694999999999999840e+00
2.638999999999999790e+00
2.700000000000000178e+00
3.024999999999999911e+00
2.834000000000000075e+00
2.805000000000000160e+00
2.729000000000000092e+00
2.967999999999999972e+00
3.218999999999999861e+00
3.156000000000000139e+00
2.963000000000000078e+00
2.560000000000000053e+00
2.867999999999999883e+00
2.783999999999999808e+00
3.153999999999999915e+00
2.849000000000000199e+00
3.229000000000000092e+00
2.924999999999999822e+00
2.608000000000000096e+00
2.577999999999999847e+00
2.911999999999999922e+00
2.657000000000000028e+00
3.112000000000000099e+00
2.669999999999999929e+00
3.142999999999999794e+00
2.890000000000000124e+00
2.947000000000000064e+00
2.420999999999999819e+00
2.821000000000000174e+00
3.028999999999999915e+00
2.940999999999999837e+00
2.604000000000000092e+00
2.931000000000000050e+00
3.012000000000000011e+00
2.890000000000000124e+00
2.842000000000000082e+00
2.936999999999999833e+00
3.095000000000000195e+00
3.047000000000000153e+00
2.939999999999999947e+00
3.257000000000000117e+00
2.838999999999999968e+00
3.060999999999999943e+00
2.778000000000000025e+00
2.810999999999999943e+00
2.869000000000000217e+00
3.665000000000000036e+00
2.818000000000000060e+00
2.967999999999999972e+00
2.733999999999999986e+00
2.916999999999999815e+00
2.847999999999999865e+00
2.777000000000000135e+00
2.891999999999999904e+00
2.717000000000000082e+00
2.892999999999999794e+00
2.998000000000000220e+00
3.059000000000000163e+00
3.665000000000000036e+00
3.048000000000000043e+00
2.971999999999999975e+00
2.733999999999999986e+00
2.998000000000000220e+00
2.567000000000000171e+00
3.430000000000000160e+00
2.971000000000000085e+00
2.988999999999999879e+00
2.741999999999999993e+00
2.380999999999999783e+00
2.750999999999999890e+00
3.173000000000000043e+00
3.436999999999999833e+00
3.225999999999999979e+00
2.926000000000000156e+00
2.759999999999999787e+00
3.270999999999999908e+00
3.073999999999999844e+00
3.257000000000000117e+00
2.900999999999999801e+00
2.874000000000000110e+00
3.201000000000000068e+00
3.515000000000000124e+00
2.851999999999999869e+00
2.930000000000000160e+00
2.910000000000000142e+00
2.976999999999999869e+00
3.157999999999999918e+00
2.948999999999999844e+00
3.241999999999999993e+00
2.854999999999999982e+00
3.048000000000000043e+00
2.950000000000000178e+00
2.899999999999999911e+00
2.971999999999999975e+00
3.375000000000000000e+00
2.754000000000000004e+00
2.758000000000000007e+00
2.787999999999999812e+00
3.142999999999999794e+00
3.100000000000000089e+00
2.770000000000000018e+00
2.830999999999999961e+00
2.906000000000000139e+00
2.725999999999999979e+00
2.939999999999999947e+00
3.044999999999999929e+00
2.991999999999999993e+00
3.262999999999999901e+00
2.793000000000000149e+00
2.596000000000000085e+00
3.087000000000000188e+00
3.310000000000000053e+00
3.107000000000000206e+00
2.995000000000000107e+00
2.862999999999999989e+00
3.048000000000000043e+00
2.835999999999999854e+00
2.680000000000000160e+00
2.741999999999999993e+00
2.841000000000000192e+00
2.891000000000000014e+00
3.161000000000000032e+00
2.947000000000000064e+00
3.060999999999999943e+00
2.794000000000000039e+00
2.803999999999999826e+00
2.524000000000000021e+00
2.769000000000000128e+00
2.674999999999999822e+00
3.181999999999999940e+00
3.048999999999999932e+00
3.117999999999999883e+00
2.991000000000000103e+00
2.991999999999999993e+00
2.826000000000000068e+00
2.928999999999999826e+00
2.983999999999999986e+00
2.709999999999999964e+00
2.786000000000000032e+00
3.416999999999999815e+00
2.842999999999999972e+00
2.822000000000000064e+00
2.907999999999999918e+00
3.012999999999999901e+00
2.862999999999999989e+00
3.088000000000000078e+00
2.802999999999999936e+00
3.634999999999999787e+00
2.865000000000000213e+00
2.842000000000000082e+00
2.892999999999999794e+00
2.979999999999999982e+00
2.708000000000000185e+00
3.262999999999999901e+00
3.087000000000000188e+00
3.077999999999999847e+00
3.032999999999999918e+00
3.144000000000000128e+00
2.916999999999999815e+00
3.338999999999999968e+00
3.375000000000000000e+00
2.850000000000000089e+00
3.241000000000000103e+00
3.152000000000000135e+00
2.721000000000000085e+00
3.161000000000000032e+00
3.150999999999999801e+00
3.420999999999999819e+00
3.061999999999999833e+00
2.806000000000000050e+00
3.051000000000000156e+00
2.753000000000000114e+00
3.274000000000000021e+00
2.822999999999999954e+00
2.910000000000000142e+00
2.786000000000000032e+00
2.807999999999999829e+00
2.987000000000000099e+00
3.019000000000000128e+00
2.795999999999999819e+00
2.798000000000000043e+00
3.000000000000000000e+00
3.157000000000000028e+00
2.658999999999999808e+00
2.927000000000000046e+00
3.017999999999999794e+00
3.634999999999999787e+00
2.955999999999999961e+00
2.887000000000000011e+00
2.955000000000000071e+00
3.386000000000000121e+00
2.846000000000000085e+00
2.858000000000000096e+00
2.915000000000000036e+00
2.912999999999999812e+00
2.939999999999999947e+00
3.294999999999999929e+00
2.903999999999999915e+00
2.810000000000000053e+00
3.303999999999999826e+00
2.980999999999999872e+00
2.790000000000000036e+00
2.718999999999999861e+00
3.144000000000000128e+00
2.809000000000000163e+00
2.871999999999999886e+00
3.073999999999999844e+00
3.056999999999999940e+00
2.974000000000000199e+00
2.838999999999999968e+00
2.724000000000000199e+00
3.173000000000000043e+00
3.116000000000000103e+00
2.963000000000000078e+00
2.919999999999999929e+00
2.862000000000000099e+00
2.943000000000000060e+00
3.262000000000000011e+00
2.681000000000000050e+00
3.013999999999999790e+00
3.029999999999999805e+00
3.024000000000000021e+00
2.903999999999999915e+00
2.692000000000000171e+00
3.025999999999999801e+00
3.209000000000000075e+00
2.971999999999999975e+00
2.927999999999999936e+00
2.603000000000000203e+00
3.079000000000000181e+00
2.983999999999999986e+00
3.496999999999999886e+00
2.831999999999999851e+00
2.983999999999999986e+00
3.380999999999999783e+00
3.059000000000000163e+00
2.974000000000000199e+00
3.214999999999999858e+00
3.161000000000000032e+00
2.733000000000000096e+00
3.051000000000000156e+00
2.720000000000000195e+00
3.000000000000000000e+00
2.930000000000000160e+00
2.987000000000000099e+00
3.023000000000000131e+00
2.697000000000000064e+00
2.624000000000000110e+00
2.673999999999999932e+00
3.044000000000000039e+00
3.399999999999999911e+00
3.212000000000000188e+00
2.914000000000000146e+00
2.950000000000000178e+00
2.819999999999999840e+00
2.866999999999999993e+00
3.306999999999999940e+00
3.005999999999999783e+00
2.911000000000000032e+00
2.642999999999999794e+00
3.148000000000000131e+00
3.294999999999999929e+00
3.044000000000000039e+00
2.849000000000000199e+00
2.818999999999999950e+00
2.818000000000000060e+00
3.132000000000000117e+00
2.875000000000000000e+00
2.895999999999999908e+00
3.060999999999999943e+00
2.676000000000000156e+00
2.750000000000000000e+00
3.024999999999999911e+00
3.052999999999999936e+00
3.059000000000000163e+00
2.745999999999999996e+00
2.817000000000000171e+00
3.073999999999999844e+00
2.641000000000000014e+00
2.774000000000000021e+00
2.712000000000000188e+00
2.842999999999999972e+00
3.233999999999999986e+00
2.714999999999999858e+00
2.629999999999999893e+00
2.873000000000000220e+00
2.871999999999999886e+00
3.015000000000000124e+00
2.730999999999999872e+00
3.153000000000000025e+00
2.778999999999999915e+00
2.823999999999999844e+00
3.349000000000000199e+00
2.888999999999999790e+00
3.392999999999999794e+00
2.886000000000000121e+00
2.990000000000000213e+00
3.416999999999999815e+00
2.789000000000000146e+00
3.423000000000000043e+00
2.903000000000000025e+00
2.838000000000000078e+00
3.100999999999999979e+00
2.975999999999999979e+00
3.000000000000000000e+00
3.035000000000000142e+00
2.732000000000000206e+00
2.790000000000000036e+00
3.205999999999999961e+00
2.987999999999999989e+00
3.386000000000000121e+00
2.882000000000000117e+00
3.123000000000000220e+00
2.983000000000000096e+00
3.103000000000000203e+00
3.391999999999999904e+00
2.564000000000000057e+00
3.583000000000000185e+00
3.286999999999999922e+00
2.950000000000000178e+00
3.301000000000000156e+00
3.423000000000000043e+00
2.762000000000000011e+00
3.040999999999999925e+00
2.557999999999999829e+00
3.290000000000000036e+00
3.100000000000000089e+00
2.811999999999999833e+00
2.926000000000000156e+00
