1.304184825808324710e+01
1.363966570986307936e+01
1.680829034236959529e+01
1.248169854991408911e+01
1.670953944185445295e+01
1.340369740892106520e+01
1.295213006977649428e+01
1.375907319074495838e+01
1.397233485026842814e+01
1.300817677920150039e+01
1.451363864208024168e+01
1.363966570986307936e+01
1.300307949074720071e+01
1.363895239962166883e+01
1.345335416646759619e+01
1.336112219788041244e+01
1.333944109452836635e+01
1.346652060806273354e+01
1.330424169330868978e+01
1.259079735669608269e+01
1.271736108042727409e+01
1.346652060806273354e+01
1.672179736219266744e+01
1.409122946701000956e+01
1.476937565711085121e+01
1.328761011993100460e+01
1.301798148150415813e+01
1.677255728197586038e+01
1.319143057987262146e+01
1.680829034236959529e+01
1.237782237978969491e+01
1.320174735417258916e+01
1.340369740892106520e+01
1.667507962054845905e+01
1.668743015487152448e+01
1.451363864208024168e+01
1.330424169330868978e+01
1.681809504467225480e+01
1.682990082446493929e+01
1.346546904735170180e+01
1.434041957992042704e+01
1.319194265186993320e+01
1.259079735669608269e+01
1.680829034236959529e+01
1.342867429364558518e+01
1.349597346416320320e+01
1.681809504467225480e+01
1.320174735417258916e+01
1.335697813147286972e+01
1.301798148150415813e+01
1.340369740892106520e+01
1.319194265186993320e+01
1.308767146680196802e+01
1.673636564874319177e+01
1.335697813147286972e+01
1.295213006977649428e+01
1.418656941232123359e+01
1.382642898134243303e+01
1.476937565711085121e+01
1.387133458075049575e+01
1.330164944920729120e+01
1.306936265411309428e+01
1.346063640835677866e+01
1.410103416931266551e+01
1.343984609811302811e+01
1.428906375145733243e+01
1.388446732759971169e+01
1.267901585957125121e+01
1.364947041216573531e+01
1.397233485026842814e+01
1.300817677920150039e+01
1.329443699100603204e+01
1.402413624293435923e+01
1.379583836266627195e+01
1.394896568086815591e+01
1.454068204494161165e+01
1.678236198427851633e+01
1.365447585724853319e+01
1.343984609811302811e+01
1.456499447054333629e+01
1.476937565711085121e+01
1.401354076908070212e+01
1.328502496539229583e+01
1.266014045130457255e+01
1.382723960932559315e+01
1.670953944185445295e+01
1.677255728197586038e+01
1.355814358228942140e+01
1.664756416901783354e+01
1.406396407041855312e+01
1.673636564874319177e+01
1.295056870277078431e+01
1.444525129054703960e+01
1.384544330502332343e+01
1.434451780452404179e+01
1.489856409859775965e+01
1.300817677920150039e+01
1.340369740892106520e+01
1.302295550671384383e+01
1.384750449098809888e+01
1.319194265186993320e+01
1.289103138308555785e+01
1.297463005101492683e+01
1.317467727252748944e+01
1.408821268271336713e+01
1.688977574841483431e+01
1.330424169330868978e+01
1.277349529667586303e+01
1.463429247031437974e+01
1.340369740892106520e+01
1.667507962054845905e+01
1.325482937259005389e+01
1.309660270655870917e+01
1.379966889985691658e+01
1.319194265186993320e+01
1.684165279292290052e+01
1.439832416937236559e+01
1.397233485026842814e+01
1.255652868109413056e+01
1.389778701755148127e+01
1.308895126931884434e+01
1.685335023534686627e+01
1.400280353965280078e+01
1.343735876035710497e+01
1.319859599463434741e+01
1.377314837164432682e+01
1.280466426341825503e+01
1.371716856342739987e+01
1.319194265186993320e+01
1.681809504467225480e+01
1.266862081847863131e+01
1.344925342519397837e+01
1.298793305424019628e+01
1.340369740892106520e+01
1.272716578272993182e+01
1.293068648487136763e+01
1.340369740892106520e+01
1.476937565711085121e+01
1.357568855707189392e+01
1.329443699100603204e+01
1.417496017772629280e+01
1.487276244367405376e+01
1.365344287662727396e+01
1.318285472947398951e+01
1.364160403549308143e+01
1.682990082446493929e+01
1.488875939629510370e+01
1.325594760620671231e+01
1.389679913348641804e+01
1.398213955257108410e+01
1.367531962423909953e+01
1.352881658393159903e+01
1.410187448127428134e+01
1.667248855358452531e+01
1.284789435617699915e+01
1.262946599976103101e+01
1.272077838997743093e+01
1.340000022137233415e+01
1.290236581103440550e+01
1.320174735417258916e+01
1.341350211122372293e+01
1.292635226135403315e+01
1.685518773473491905e+01
1.451363864208024168e+01
1.352881658393159903e+01
1.679432490987977644e+01
1.385565652101086087e+01
1.383704431162824910e+01
1.406396407041855312e+01
1.415238999777576012e+01
1.284385446281638643e+01
1.679643146594145620e+01
1.320174735417258916e+01
1.310640740886136513e+01
1.326187168550679196e+01
1.284385446281638643e+01
1.396214672430383530e+01
1.382993274246679150e+01
1.679432490987977644e+01
1.682990082446493929e+01
1.671199265989001148e+01
1.330302775451877473e+01
1.673400790348955525e+01
1.451363864208024168e+01
1.452344334438289941e+01
1.260530951921301757e+01
1.444967999783546020e+01
1.289103138308555785e+01
1.668488432285111500e+01
1.279106172271385411e+01
1.298031724550120813e+01
1.309660270655870917e+01
1.408577550040709347e+01
1.439832416937236559e+01
1.377588378086249854e+01
1.687657868329576161e+01
1.268586165306254898e+01
1.488875939629510370e+01
1.456499447054333629e+01
1.309660270655870917e+01
1.414964915712921290e+01
1.689958045071749027e+01
1.354045448073532398e+01
1.304047714422948623e+01
1.329556710811855424e+01
1.361901188249968797e+01
1.401260824195545851e+01
1.309660270655870917e+01
1.476937565711085121e+01
1.340369740892106520e+01
1.299845806793973146e+01
1.351901188162894130e+01
1.387788733109370831e+01
1.346652060806273354e+01
1.679643146594145620e+01
1.273058309228008866e+01
1.330424169330868978e+01
1.425241021377061301e+01
1.683184809062024456e+01
1.330689770785141235e+01
1.406396407041855312e+01
1.326440628009156697e+01
1.243395412850653869e+01
1.409952775754195464e+01
1.309660270655870917e+01
1.284454511997111936e+01
1.330424169330868978e+01
1.237782237978969491e+01
1.451363864208024168e+01
1.341350211122372293e+01
1.397233485026842814e+01
1.265881611617597358e+01
1.310640740886136513e+01
1.310640740886136513e+01
1.378195830444234993e+01
1.331054941327898078e+01
1.331208532636881081e+01
1.340369740892106520e+01
1.475957095480819348e+01
1.434041957992042704e+01
1.301791686677329984e+01
1.464409717261703570e+01
1.383704431162824910e+01
1.347427660108498593e+01
1.280466426341825503e+01
1.352881658393159903e+01
1.684165279292290052e+01
1.319194265186993320e+01
1.351901188162894130e+01
1.359990621516629972e+01
1.340369740892106520e+01
1.318452783603725109e+01
1.383704431162824910e+01
1.397233485026842814e+01
1.666004826407367645e+01
1.292659850220788265e+01
1.275578565688382504e+01
1.671199265989001148e+01
1.453544747476907872e+01
1.277088984835900831e+01
1.667507962054845905e+01
1.377474889665955082e+01
1.351901188162894130e+01
1.324618566466892133e+01
1.371460340739302630e+01
1.390655596109106007e+01
1.682990082446493929e+01
1.675828399016228687e+01
1.336974285780804017e+01
1.687657868329576161e+01
1.314009265284864192e+01
1.309660270655870917e+01
1.668488432285111500e+01
1.319388247675200532e+01
1.406396407041855312e+01
1.388167300931202774e+01
1.400280353965280078e+01
1.344173063667204282e+01
1.340369740892106520e+01
1.674617035104584772e+01
1.318423935818302795e+01
1.357568855707189392e+01
1.310094713368718011e+01
1.329321064548489062e+01
1.366324757892993169e+01
1.400280353965280078e+01
1.273058309228008866e+01
1.476937565711085121e+01
1.507382874850390664e+01
1.344071305392552595e+01
1.259079735669608269e+01
1.372780180382412674e+01
1.475957095480819348e+01
1.678236198427851633e+01
1.267605695075989303e+01
1.285081654457202305e+01
1.366109681043006852e+01
1.676054340383694097e+01
1.285469458747321347e+01
1.319194265186993320e+01
1.362120602110318224e+01
1.393078372410798949e+01
1.365481557387384548e+01
1.679432490987977644e+01
1.305815348429339728e+01
1.315243375931660097e+01
1.444967999783546020e+01
1.319194265186993320e+01
1.312198153480554019e+01
1.276364320000107533e+01
1.685335023534686627e+01
1.338276134363620962e+01
1.325482937259005389e+01
1.309660270655870917e+01
1.496784772862567436e+01
1.439832416937236559e+01
1.341550776621416574e+01
1.284385446281638643e+01
1.429886845375999016e+01
1.410103416931266551e+01
1.310640740886136513e+01
1.319194265186993320e+01
1.399505157407821798e+01
1.434041957992042704e+01
1.423792524078432820e+01
1.355115544154543095e+01
1.382723960932559315e+01
1.360482018961158523e+01
1.383704431162824910e+01
1.329443699100603204e+01
1.320174735417258916e+01
1.389679913348641804e+01
1.429886845375999016e+01
1.451363864208024168e+01
1.337474033209209701e+01
1.280466426341825503e+01
1.364947041216573531e+01
1.338276134363620962e+01
1.434041957992042704e+01
1.428906375145733243e+01
1.336884269252504254e+01
1.662523228081360571e+01
1.401260824195545851e+01
1.319194265186993320e+01
1.674617035104584772e+01
1.684165279292290052e+01
1.262946599976103101e+01
1.418656941232123359e+01
1.247189384761143316e+01
1.452344334438289941e+01
1.346652060806273354e+01
1.368523706919016014e+01
1.401452388555218320e+01
1.278125702041119816e+01
1.414798919553143541e+01
1.265881611617597358e+01
1.411414208960192873e+01
1.679432490987977644e+01
1.390660383578907577e+01
1.285081654457202305e+01
1.658739932502720649e+01
1.273058309228008866e+01
1.300817677920150039e+01
1.672420320118689929e+01
1.347632531036538950e+01
1.312585475843574478e+01
1.294342805651355732e+01
1.385524800732598116e+01
1.664756416901783354e+01
1.308409831693406389e+01
1.371198784087857447e+01
1.464409717261703570e+01
1.319194265186993320e+01
1.439832416937236559e+01
1.278968493237136173e+01
1.396146871448796745e+01
1.413032592443839697e+01
1.351901188162894130e+01
1.277088984835900831e+01
1.680829034236959529e+01
1.359930429414406916e+01
1.340369740892106520e+01
1.285365916511904238e+01
1.382345969373264971e+01
1.400280353965280078e+01
1.475957095480819348e+01
1.463429247031437974e+01
1.265881611617597358e+01
1.329443699100603204e+01
1.685518773473491905e+01
1.334020527567787084e+01
1.334908383377540098e+01
1.400280353965280078e+01
1.340369740892106520e+01
1.384903042187711186e+01
1.306936265411309428e+01
1.675828399016228687e+01
1.309660270655870917e+01
1.390474162144773729e+01
1.680829034236959529e+01
1.307045330329189881e+01
1.675828399016228687e+01
1.351901188162894130e+01
1.381387440530212452e+01
1.668488432285111500e+01
1.293615696365668910e+01
1.659720402732986244e+01
1.423792524078432820e+01
1.271742159677691397e+01
1.678452020757712049e+01
1.464409717261703570e+01
1.463429247031437974e+01
1.334604181664087719e+01
1.332444583481855993e+01
1.352881658393159903e+01
1.672420320118689929e+01
1.349341351142282974e+01
1.688977574841483431e+01
1.341350211122372116e+01
1.489856409859775965e+01
1.411199374048974065e+01
1.385524800732598116e+01
1.685335023534686627e+01
1.258099265439342673e+01
1.673400790348955525e+01
1.679643146594145620e+01
1.390393733814645927e+01
1.348408130338764188e+01
1.672179736219266744e+01
1.430028097225879335e+01
1.377579103161659546e+01
1.296037340507344027e+01
1.444967999783546020e+01
1.451363864208024168e+01
1.382327945517348056e+01
1.325916812022174973e+01
