2.500000000000000000e+00
2.713000000000000078e+00
3.001999999999999780e+00
2.490000000000000213e+00
3.367999999999999883e+00
2.698999999999999844e+00
2.520000000000000018e+00
2.751999999999999780e+00
2.815999999999999837e+00
2.181999999999999940e+00
2.674999999999999822e+00
2.529999999999999805e+00
2.947999999999999954e+00
2.569999999999999840e+00
2.714999999999999858e+00
2.310999999999999943e+00
2.628000000000000114e+00
2.431999999999999940e+00
2.310999999999999943e+00
2.391000000000000014e+00
2.548000000000000043e+00
2.269000000000000128e+00
3.048000000000000043e+00
2.500999999999999890e+00
2.855999999999999872e+00
2.504000000000000004e+00
2.468999999999999861e+00
3.039000000000000146e+00
2.729000000000000092e+00
3.452999999999999847e+00
2.725999999999999979e+00
2.241999999999999993e+00
2.423999999999999932e+00
3.452999999999999847e+00
2.782000000000000028e+00
2.580000000000000071e+00
2.773000000000000131e+00
3.619000000000000217e+00
2.862999999999999989e+00
3.056999999999999940e+00
2.579000000000000181e+00
2.277000000000000135e+00
2.007000000000000117e+00
2.782000000000000028e+00
2.400999999999999801e+00
2.685999999999999943e+00
3.225999999999999979e+00
2.455999999999999961e+00
2.363999999999999879e+00
2.472999999999999865e+00
2.362000000000000099e+00
2.911999999999999922e+00
2.623000000000000220e+00
3.212000000000000188e+00
2.696000000000000174e+00
2.362000000000000099e+00
2.733000000000000096e+00
2.545999999999999819e+00
2.539000000000000146e+00
2.387000000000000011e+00
2.676000000000000156e+00
2.720000000000000195e+00
2.706999999999999851e+00
2.528000000000000025e+00
2.640000000000000124e+00
2.620000000000000107e+00
2.682999999999999829e+00
2.509999999999999787e+00
2.343999999999999861e+00
3.116999999999999993e+00
2.487000000000000099e+00
2.298000000000000043e+00
2.580000000000000071e+00
2.751999999999999780e+00
2.612999999999999989e+00
2.661999999999999922e+00
1.975999999999999979e+00
2.370999999999999996e+00
2.314000000000000057e+00
3.007000000000000117e+00
2.798000000000000043e+00
2.697999999999999954e+00
2.701000000000000068e+00
2.479999999999999982e+00
2.716000000000000192e+00
3.237999999999999989e+00
3.524999999999999911e+00
2.487000000000000099e+00
2.994000000000000217e+00
2.682999999999999829e+00
3.108000000000000096e+00
2.419999999999999929e+00
2.657999999999999918e+00
2.370999999999999996e+00
2.770999999999999908e+00
2.588999999999999968e+00
2.403000000000000025e+00
2.846999999999999975e+00
2.746999999999999886e+00
2.315999999999999837e+00
2.524999999999999911e+00
2.474000000000000199e+00
2.471999999999999975e+00
2.633999999999999897e+00
2.630999999999999783e+00
2.992999999999999883e+00
2.634999999999999787e+00
2.318999999999999950e+00
2.782000000000000028e+00
2.450000000000000178e+00
3.181000000000000050e+00
2.567000000000000171e+00
2.279999999999999805e+00
2.620999999999999996e+00
2.358000000000000096e+00
3.208000000000000185e+00
2.669000000000000039e+00
2.705000000000000071e+00
2.323999999999999844e+00
2.781000000000000139e+00
2.853000000000000203e+00
3.197000000000000064e+00
2.729999999999999982e+00
2.714999999999999858e+00
2.577999999999999847e+00
2.971000000000000085e+00
2.545999999999999819e+00
2.717000000000000082e+00
2.580999999999999961e+00
3.020000000000000018e+00
2.455000000000000071e+00
2.658999999999999808e+00
2.342999999999999972e+00
2.354999999999999982e+00
2.443000000000000060e+00
2.525999999999999801e+00
2.892999999999999794e+00
2.431000000000000050e+00
2.286999999999999922e+00
2.404999999999999805e+00
2.681999999999999940e+00
2.600000000000000089e+00
2.197000000000000064e+00
2.548000000000000043e+00
2.700000000000000178e+00
3.367999999999999883e+00
2.365000000000000213e+00
2.818999999999999950e+00
2.479000000000000092e+00
2.595000000000000195e+00
2.592999999999999972e+00
2.766000000000000014e+00
2.459999999999999964e+00
3.338000000000000078e+00
2.661000000000000032e+00
2.904999999999999805e+00
2.666999999999999815e+00
2.532999999999999918e+00
2.678999999999999826e+00
2.423000000000000043e+00
2.600000000000000089e+00
2.592000000000000082e+00
3.767999999999999794e+00
2.596999999999999975e+00
2.616999999999999993e+00
3.338000000000000078e+00
2.435999999999999943e+00
2.515000000000000124e+00
2.907000000000000028e+00
2.587000000000000188e+00
2.693999999999999950e+00
3.060999999999999943e+00
2.789000000000000146e+00
2.673999999999999932e+00
2.556000000000000050e+00
2.282000000000000028e+00
2.431999999999999940e+00
2.487999999999999989e+00
2.994000000000000217e+00
3.490000000000000213e+00
2.975000000000000089e+00
2.790999999999999925e+00
3.065999999999999837e+00
2.633999999999999897e+00
2.754000000000000004e+00
2.572000000000000064e+00
2.596000000000000085e+00
2.657000000000000028e+00
3.225999999999999979e+00
2.629999999999999893e+00
2.583000000000000185e+00
2.436999999999999833e+00
2.681000000000000050e+00
2.547000000000000153e+00
2.729000000000000092e+00
3.237000000000000099e+00
2.705000000000000071e+00
2.907999999999999918e+00
2.845000000000000195e+00
2.615000000000000213e+00
2.884999999999999787e+00
3.612999999999999989e+00
2.564999999999999947e+00
2.512000000000000011e+00
2.556000000000000050e+00
2.670999999999999819e+00
2.488999999999999879e+00
2.665000000000000036e+00
2.608999999999999986e+00
2.468999999999999861e+00
2.638999999999999790e+00
2.778999999999999915e+00
2.515000000000000124e+00
2.737000000000000099e+00
2.851999999999999869e+00
2.942000000000000171e+00
2.420999999999999819e+00
2.571000000000000174e+00
3.141000000000000014e+00
2.677000000000000046e+00
2.697999999999999954e+00
2.900999999999999801e+00
2.494000000000000217e+00
2.721000000000000085e+00
2.531000000000000139e+00
2.709999999999999964e+00
2.580000000000000071e+00
2.604000000000000092e+00
2.499000000000000110e+00
2.444999999999999840e+00
2.803999999999999826e+00
2.548999999999999932e+00
2.298000000000000043e+00
2.373000000000000220e+00
2.533999999999999808e+00
2.576000000000000068e+00
2.525999999999999801e+00
2.581999999999999851e+00
2.835999999999999854e+00
2.689000000000000057e+00
2.536000000000000032e+00
2.604999999999999982e+00
2.685000000000000053e+00
2.629000000000000004e+00
2.479999999999999982e+00
2.563000000000000167e+00
3.245000000000000107e+00
2.342999999999999972e+00
2.125999999999999890e+00
2.462000000000000188e+00
2.467999999999999972e+00
2.491000000000000103e+00
3.036999999999999922e+00
3.055000000000000160e+00
2.903999999999999915e+00
2.734999999999999876e+00
2.540999999999999925e+00
3.767999999999999794e+00
2.900999999999999801e+00
2.664000000000000146e+00
2.851999999999999869e+00
2.455999999999999961e+00
2.346000000000000085e+00
2.508000000000000007e+00
2.642999999999999794e+00
2.443999999999999950e+00
2.960999999999999854e+00
3.612999999999999989e+00
2.619000000000000217e+00
3.048000000000000043e+00
2.668000000000000149e+00
2.517999999999999794e+00
3.278999999999999915e+00
2.674999999999999822e+00
2.908999999999999808e+00
2.999000000000000110e+00
2.406000000000000139e+00
2.693000000000000060e+00
2.721000000000000085e+00
2.822000000000000064e+00
2.366000000000000103e+00
2.648000000000000131e+00
2.791999999999999815e+00
2.403000000000000025e+00
2.666999999999999815e+00
2.487999999999999989e+00
2.621999999999999886e+00
2.553999999999999826e+00
2.662999999999999812e+00
2.835999999999999854e+00
2.412999999999999812e+00
2.596999999999999975e+00
2.271999999999999797e+00
2.903999999999999915e+00
2.829000000000000181e+00
2.600000000000000089e+00
2.569999999999999840e+00
3.088000000000000078e+00
2.685999999999999943e+00
2.798000000000000043e+00
2.617999999999999883e+00
2.374000000000000110e+00
2.587000000000000188e+00
2.180000000000000160e+00
2.646999999999999797e+00
2.705999999999999961e+00
2.862000000000000099e+00
2.537999999999999812e+00
2.427999999999999936e+00
2.726999999999999869e+00
2.766000000000000014e+00
2.759999999999999787e+00
2.596000000000000085e+00
2.895000000000000018e+00
2.918000000000000149e+00
2.729999999999999982e+00
2.464999999999999858e+00
2.616000000000000103e+00
2.748000000000000220e+00
2.501999999999999780e+00
2.619000000000000217e+00
2.423999999999999932e+00
2.682999999999999829e+00
2.476999999999999869e+00
2.456999999999999851e+00
2.621999999999999886e+00
2.930000000000000160e+00
2.750999999999999890e+00
2.528000000000000025e+00
2.822000000000000064e+00
2.508000000000000007e+00
2.451000000000000068e+00
2.729000000000000092e+00
2.682999999999999829e+00
2.861000000000000210e+00
2.423999999999999932e+00
2.521999999999999797e+00
2.617999999999999883e+00
2.710999999999999854e+00
2.847999999999999865e+00
2.637000000000000011e+00
3.108000000000000096e+00
2.650999999999999801e+00
2.450000000000000178e+00
3.244000000000000217e+00
3.278999999999999915e+00
2.787999999999999812e+00
2.624000000000000110e+00
2.595000000000000195e+00
2.319999999999999840e+00
2.537999999999999812e+00
2.596000000000000085e+00
2.782999999999999918e+00
2.423000000000000043e+00
2.771999999999999797e+00
2.559000000000000163e+00
2.904999999999999805e+00
3.029999999999999805e+00
2.459000000000000075e+00
2.298000000000000043e+00
3.212000000000000188e+00
2.379000000000000004e+00
2.543000000000000149e+00
2.674999999999999822e+00
2.483999999999999986e+00
2.593999999999999861e+00
2.685000000000000053e+00
2.605999999999999872e+00
2.180000000000000160e+00
2.589999999999999858e+00
2.710999999999999854e+00
2.358000000000000096e+00
2.685000000000000053e+00
2.783999999999999808e+00
2.636000000000000121e+00
2.380999999999999783e+00
2.825000000000000178e+00
2.512000000000000011e+00
2.422000000000000153e+00
3.181000000000000050e+00
2.948999999999999844e+00
2.771999999999999797e+00
2.500000000000000000e+00
2.528999999999999915e+00
2.689999999999999947e+00
2.525999999999999801e+00
2.662999999999999812e+00
2.664000000000000146e+00
2.718999999999999861e+00
2.942000000000000171e+00
2.366000000000000103e+00
2.141000000000000014e+00
2.781000000000000139e+00
2.096999999999999975e+00
2.673000000000000043e+00
2.508999999999999897e+00
3.045999999999999819e+00
2.443999999999999950e+00
2.579000000000000181e+00
2.914000000000000146e+00
2.480999999999999872e+00
2.733000000000000096e+00
2.496999999999999886e+00
2.446000000000000174e+00
3.245000000000000107e+00
2.569999999999999840e+00
3.478000000000000203e+00
2.746999999999999886e+00
2.249000000000000110e+00
2.928999999999999826e+00
2.710999999999999854e+00
2.806000000000000050e+00
2.587000000000000188e+00
2.483000000000000096e+00
2.826000000000000068e+00
3.250000000000000000e+00
2.342000000000000082e+00
3.088000000000000078e+00
2.814000000000000057e+00
2.476999999999999869e+00
2.615000000000000213e+00
2.628000000000000114e+00
2.972999999999999865e+00
2.051000000000000156e+00
3.121999999999999886e+00
3.294000000000000039e+00
2.524999999999999911e+00
2.922000000000000153e+00
3.478000000000000203e+00
2.681000000000000050e+00
2.513999999999999790e+00
2.442000000000000171e+00
2.702999999999999847e+00
2.766000000000000014e+00
2.407999999999999918e+00
2.623000000000000220e+00
