-4.675005173219650562e-02
1.127950606720393489e+00
-3.711581028747943378e-01
4.591016033748145930e-01
7.944321197172912186e-01
1.282929164755609808e+00
-5.973718895707177401e-01
4.156232895736197142e-01
4.375138565396173296e-01
-2.581863130232901149e+00
5.451785897102497946e-01
-4.551528061217274823e-01
2.143943599048920845e+00
8.194539173112047950e-03
6.522289740204914033e-01
-8.088321572815214688e-01
3.684404433211073138e-01
-3.449115246620230169e-01
-1.747629478689684657e+00
-5.785986016811074384e-01
6.672357674840704300e-01
-1.436896129549749768e+00
-1.373135762307747809e-01
-3.014250147874574792e-01
1.724890478067125477e+00
-7.593119013837758280e-02
-1.503371771985992922e-01
-2.410946010112935134e-01
8.216760978570565310e-01
9.340800080617851497e-01
7.651582629770390387e-01
-2.186302114215897152e+00
-1.064204564954368104e+00
1.031517714811132302e+00
-8.801989088805458605e-01
-1.337327825888490196e-01
2.177223220346436339e+00
1.474753084676803327e+00
-7.266576683208428866e-01
2.592592785764706864e+00
-6.412708738423398280e-01
-2.024101148430013541e+00
-1.890471386048398816e+00
-9.689430885046750319e-01
-5.168205599080456514e-01
4.642689411341128225e-01
2.983083813449046717e-01
-4.491988104985980557e-01
-1.781736240670466431e+00
-1.168970819836184921e-01
-1.572968998069753876e+00
3.433087533185495310e+00
3.989020165861928424e-01
2.771808043540296418e-01
2.690573774848198374e-01
-1.553436580040560733e+00
1.269755128029154578e+00
-1.038950726048163187e+00
-5.749363211020631637e-01
-7.852620627327240310e-01
5.693280642267503078e-01
6.950501075546103857e-01
6.177444420905815470e-01
-1.795931650809931210e-02
1.220372953882745692e+00
3.616638115478212345e-01
3.148038750590838597e-01
-6.025422561154790690e-01
-1.881986893431592645e+00
1.660761776327762673e+00
-1.152007633083623195e-01
-1.967589225991434043e+00
-1.539978940977979327e-01
5.735790558748005141e-01
-4.424932477473748904e-02
-2.058813111392594486e-01
-2.861420855842351507e+00
-1.871037645049657083e+00
-1.030723663060607809e+00
9.263819067488249237e-01
1.292481615789738303e+00
-2.399976016397214196e-01
6.180822404841230799e-01
-7.875838914060926399e-01
1.053043321476056088e-01
4.130905752490282579e-01
1.179003794411950024e+00
-6.703225071073997121e-01
-2.357280453783835994e-01
-6.433366363240176911e-02
-2.022853765774212248e-02
-7.411915997348321739e-01
-1.604844189563524592e-01
-9.918328530113168506e-01
3.413975708202481307e-01
-3.603775516432656256e-01
-8.131400062266088691e-01
2.605561447696596478e+00
8.044015374101729510e-01
-2.352420634943795719e+00
1.468156558323151402e-02
-4.495480086829619637e-01
-9.016941636024515816e-01
4.614329635881594949e-01
-5.216385811702230896e-02
-4.602026146524452743e-01
9.617857971152988794e-01
-1.753356168234158741e+00
1.207311945653901208e+00
-8.485834736263814237e-01
2.317379027772953071e-01
-3.860090850352493330e-01
-1.899762288687264933e+00
6.489396998751174872e-02
-1.371683505783333201e+00
2.281575747431123236e-01
6.121048637868411468e-01
4.729832936652899125e-03
-1.071518753279609770e+00
6.343929902090437167e-01
1.297833788102084940e+00
1.873367090515726807e-01
1.404902173079850991e+00
6.596157764972988558e-01
2.388268735511040186e-01
1.190766993201207491e+00
-1.867360867095404220e-01
1.311077386690872038e-01
4.917813148727303019e-01
-2.867905852271154798e-01
4.610286825511478170e-02
5.799509906642494328e-02
-5.450229851789275548e-01
-1.629928485263198112e+00
-9.999352677824425994e-02
-5.512966445022715600e-01
3.024905081510299798e+00
-1.322218465621304295e+00
-2.396217485671194858e+00
-1.098442961570909038e+00
-4.874822790697320163e-01
-6.122970706409214259e-01
-2.004349068074634310e+00
7.738497990435738716e-02
5.041385240166532666e-01
7.053590679599682778e-01
-2.002655843826454340e+00
1.149357169926403133e+00
-8.138772842270528551e-01
-3.635809285726014917e-01
-6.232219005003407641e-01
1.858615088289098827e+00
-7.009466199053552282e-01
7.317465981739336156e-01
3.238884577816190657e-01
1.301755652299394495e+00
3.190318834606869491e-01
-1.773825001390626904e-02
4.206102391529157880e-01
-7.230343150808816732e-01
5.367729941771023361e-01
8.567293802532662816e-01
1.870037322363117704e+00
-1.328882829230289102e-02
5.498129898756051182e-01
6.436601871738740765e-01
-5.990075652723935162e-01
-6.037114446903687481e-01
8.152755775398397020e-01
-4.680598281593201793e-01
3.489945958129107573e-01
-1.973968057661152631e-01
2.431813377741493643e+00
1.513409039425830382e+00
-4.590756958081162464e-01
-1.163175192822667015e+00
-6.701382702701906835e-01
-4.504354145460671699e-01
-3.410370449271007964e-01
1.071011374097894597e+00
-3.746707883095692360e-01
9.214470346504872733e-01
-9.560316018368186786e-02
2.504328674973883562e-01
1.215847998681638176e+00
9.575715614862274627e-01
-6.310005670538215705e-01
2.343286415945674273e-01
3.957460880942517689e-01
1.433212604513180333e+00
2.859944084862152680e-01
-6.223030557697324383e-01
1.977839240942150523e-01
-2.560010270582502856e-01
1.573340235627580741e+00
2.845676704250255651e-01
5.403916825697797632e-01
1.883802945817883545e+00
2.731690614842959275e-01
8.848076403921426580e-01
8.610693988391953102e-01
1.392136395432860496e+00
-1.868618003447431244e-02
-1.661810126960044150e-03
-5.723684276290749162e-01
4.030340478880751198e-01
-2.150558545492830265e-01
1.319134727458598944e+00
-8.060488028121676196e-02
-6.901721370125304400e-01
2.137392642317694769e-01
1.859192814556754669e+00
-3.192170860106740560e-01
1.813734877005536150e+00
-7.725689159324692357e-01
1.451551809187467734e+00
-8.509215842577597666e-01
-3.177233428591758613e-01
1.746541183877882647e-03
5.708997254008671973e-01
-6.710284681788132415e-03
1.419455936039316635e+00
-1.329268346660510691e-01
-1.685551881618313208e-01
1.659210309050540011e-01
6.382043033974066359e-01
4.874392197646938985e-01
2.990729328163911349e-01
-7.012900485856519150e-01
-7.745617168501964800e-01
3.902427281860931241e-01
7.220417325014726329e-01
-1.640226062217306158e+00
-1.033414505039726317e+00
-1.076570029244925397e+00
-4.579795416629402482e-01
-5.992430865328277761e-02
2.665101610541986688e-01
1.479846198095712495e+00
-2.238636493993730325e-01
-5.295299398340184149e-01
1.950954896960904392e-02
3.652217677572419663e-02
-2.420519024554029786e-01
-4.304551611419354940e-01
8.590287877215822820e-02
3.352428536040035212e-01
-1.493499013894348026e+00
-3.571997444880180783e+00
-4.306776165305626902e-01
-6.985272563730841044e-01
-8.077449599686713222e-02
1.437385098671912553e+00
1.402970112266259228e+00
-4.916531744127152215e-01
5.115112259366842995e-01
-4.116076865898763426e-01
1.977714230500041692e+00
7.406668756339239712e-01
3.591818460836384008e-01
-6.841536165607599029e-01
-1.117233633831512085e+00
-1.836627216725694067e+00
-4.334279041322876280e-02
-8.007088090656075408e-02
-1.731381719441612344e+00
-4.592971222679990140e-01
1.500997126332392684e+00
2.652257328418722304e-01
-2.541773014244431139e-01
2.318387182486333631e-01
5.588313085026588162e-02
5.498477176144156431e-01
6.110963663535209367e-01
8.233115487310059821e-01
1.957418182903085446e+00
-8.796793259917372598e-01
5.166967663183248405e-01
1.476948402632056290e+00
-7.742687712400898592e-01
-1.655041213934504540e+00
-1.984810226561938840e-01
1.105163729569081710e+00
-5.042522632616236455e-01
1.301442909214506338e+00
-3.173403262113049794e-01
1.984399112868870385e-01
-4.696642757577896843e-01
-5.227753411439249875e-01
1.211174492558651394e+00
-4.994587712480141328e-01
-6.401522122927434388e-01
-2.483031055830275058e+00
-5.794106889218981760e-01
9.739557357505366220e-01
9.963716621307919796e-01
-3.382366876203274364e-01
-9.452355240772583600e-02
4.813716425109801356e-01
2.396998270920500662e+00
1.430709597712605252e-01
-9.346921450902402340e-01
-6.445622103573291906e-01
-2.412746447523274274e+00
5.018505953144543064e-01
4.675350456321188952e-01
3.991765393953518593e-01
1.248961392279882149e-01
-1.246209907016657681e+00
5.250069817706927155e-01
-1.004348219773488537e+00
7.550871007431652071e-01
-2.047368521720129286e-01
3.377483025825052998e+00
5.082693784356213662e-01
1.054912219430118370e+00
-2.770430978238034858e-01
5.164899430238449607e-02
1.383085927328934872e+00
-1.991195984362536531e-01
1.034969349977897579e+00
-8.303587782487577007e-01
2.555759258345501328e-01
-1.019224836300082648e+00
-1.043581738247090884e+00
9.426858027830999909e-01
9.505031986521504939e-01
4.396625459171508155e-01
-5.556118071620934629e-01
2.501773909092687376e+00
-1.335881277556484614e-02
-9.161245121863623719e-01
1.244013153236609881e+00
6.029965517016313559e-01
1.423876249262601146e+00
-6.343227352961360310e-01
-4.073008425760449303e-01
-1.537003429338165972e-01
-1.391769555498532374e-01
2.028825805901397494e+00
3.897387672676557724e-01
5.801318211153824733e-02
9.278983467777566219e-01
-6.147376869207711314e-01
4.041240077076511672e-01
4.342665462427131029e-01
8.374233046400052505e-01
4.820845741917327287e-01
1.235927880731988671e+00
-1.822471282834144501e+00
3.885326117731882634e-01
8.366001993012738003e-02
6.356088016943869379e-01
-4.351972909351578545e-01
5.176747743191149054e-01
8.072578743009318769e-01
1.067938755264396855e+00
-2.408912060055540538e-01
-8.364179678340171176e-01
-1.514885128216284516e+00
3.809110033157967479e-01
-6.962152365382540120e-01
3.577718699734231400e-01
-1.187621367424910979e+00
1.079843768211649069e-01
-1.374219115072342623e-01
4.425553522310874399e-01
7.307603937013759099e-01
-2.307437447974557188e+00
3.295109011228035123e-01
1.486575240754778537e+00
-1.688008455759172133e+00
1.393782974520959339e+00
1.451711214323518906e+00
1.786888341021298510e-01
-8.548613597127033836e-01
7.376216578191648887e-01
-4.626599176551481341e-01
-1.140251503580712145e+00
1.343001960279482099e-01
1.516130776118850498e+00
1.930210767802562621e+00
-3.305646480659676922e-01
-2.946505910823393193e-01
1.113883263499738430e+00
-7.612405977513444499e-01
3.392401999828005832e-01
1.713620913478022256e+00
1.581758163690202279e+00
-5.732046072358282229e-01
-7.564876706573607779e-01
-3.064004534794880108e+00
1.779539109644666217e+00
-3.659669161902025625e+00
-2.589805118660445937e-01
-6.335037346438195938e-01
-1.693896656897569963e-01
-5.642028193331157793e-01
-8.067585997718371704e-01
-6.134175720939099019e-01
-8.952849021127731177e-01
-1.019395061380112821e+00
-5.890428701604930595e-01
-1.549168696465666573e+00
4.508240249757060614e-01
7.836996776115235930e-01
1.201141862421428064e+00
4.897093276918883242e-02
-2.157180148957985821e+00
-5.544056553977061430e-01
7.821049601423973874e-01
1.385031193529124405e+00
1.543135291542028498e-01
-1.698024371330039972e-01
2.397396149955452138e+00
3.960735293607282603e-01
-7.591866272717966435e-01
-1.944934182875133200e-01
2.422715594448050513e+00
-1.143975836581732075e+00
-8.551250109846647574e-01
8.876201539052188672e-01
-4.444127406478955433e-01
-1.797542088983861808e+00
6.260789694136342787e-02
4.710035420567186826e-01
-7.047270949537256524e-01
1.751846031095882994e+00
1.115028952155055597e+00
1.699950981818762821e-02
-2.700469487409988822e-01
-6.109371140354376006e-01
-2.235958868866864402e-01
1.208721933073008126e+00
-6.841690587120443645e-01
-1.284693931213434503e-01
