2.361000000000000210e+00
2.012999999999999901e+00
1.895000000000000018e+00
2.080000000000000071e+00
1.985999999999999988e+00
2.249000000000000110e+00
2.351999999999999869e+00
2.138999999999999790e+00
2.591000000000000192e+00
1.719999999999999973e+00
2.262000000000000011e+00
1.909000000000000030e+00
2.132000000000000117e+00
1.909000000000000030e+00
2.133999999999999897e+00
2.031000000000000139e+00
2.580000000000000071e+00
2.075000000000000178e+00
2.337000000000000188e+00
1.895999999999999908e+00
1.889999999999999902e+00
2.132000000000000117e+00
1.919999999999999929e+00
1.836000000000000076e+00
2.192000000000000171e+00
1.788000000000000034e+00
2.391000000000000014e+00
2.079000000000000181e+00
1.834000000000000075e+00
1.995999999999999996e+00
1.957999999999999963e+00
2.237999999999999989e+00
2.608000000000000096e+00
1.683000000000000052e+00
2.220000000000000195e+00
1.995000000000000107e+00
2.248000000000000220e+00
2.241999999999999993e+00
2.170999999999999819e+00
1.764999999999999902e+00
1.875999999999999890e+00
2.920999999999999819e+00
2.129000000000000004e+00
2.169999999999999929e+00
1.995000000000000107e+00
2.456999999999999851e+00
2.040999999999999925e+00
2.346999999999999975e+00
2.446000000000000174e+00
1.949999999999999956e+00
1.875999999999999890e+00
2.958000000000000185e+00
2.278999999999999915e+00
2.217000000000000082e+00
2.552000000000000046e+00
2.330999999999999961e+00
2.266999999999999904e+00
2.193999999999999950e+00
2.504000000000000004e+00
2.189000000000000057e+00
2.153000000000000025e+00
1.949000000000000066e+00
2.076999999999999957e+00
1.758999999999999897e+00
2.383999999999999897e+00
2.327999999999999847e+00
2.225000000000000089e+00
2.178999999999999826e+00
2.142999999999999794e+00
2.116999999999999993e+00
2.099000000000000199e+00
2.229000000000000092e+00
2.504000000000000004e+00
2.068999999999999950e+00
2.319999999999999840e+00
1.733000000000000096e+00
2.065999999999999837e+00
1.798000000000000043e+00
2.262999999999999901e+00
1.870000000000000107e+00
2.383999999999999897e+00
2.024999999999999911e+00
2.516999999999999904e+00
1.877000000000000002e+00
2.169000000000000039e+00
2.085999999999999854e+00
2.718999999999999861e+00
2.088999999999999968e+00
2.020000000000000018e+00
2.064000000000000057e+00
1.885000000000000009e+00
1.852999999999999980e+00
2.024999999999999911e+00
1.985000000000000098e+00
1.959999999999999964e+00
2.073999999999999844e+00
1.957000000000000073e+00
1.850999999999999979e+00
2.007000000000000117e+00
2.358000000000000096e+00
1.870999999999999996e+00
2.692000000000000171e+00
1.822000000000000064e+00
1.909999999999999920e+00
2.023000000000000131e+00
2.161000000000000032e+00
2.024999999999999911e+00
1.903999999999999915e+00
2.491000000000000103e+00
1.953000000000000069e+00
