2.089999999999999858e+00
2.047000000000000153e+00
2.071000000000000174e+00
2.024000000000000021e+00
2.625999999999999890e+00
1.985999999999999988e+00
1.983999999999999986e+00
2.201999999999999957e+00
2.104999999999999982e+00
2.048999999999999932e+00
2.162999999999999812e+00
2.210999999999999854e+00
2.278999999999999915e+00
1.731999999999999984e+00
2.390000000000000124e+00
1.965000000000000080e+00
1.866000000000000103e+00
1.989999999999999991e+00
1.897999999999999909e+00
2.065999999999999837e+00
1.808999999999999941e+00
2.021999999999999797e+00
2.387999999999999901e+00
2.036999999999999922e+00
2.640000000000000124e+00
1.893000000000000016e+00
2.266000000000000014e+00
2.085999999999999854e+00
2.093999999999999861e+00
3.035000000000000142e+00
2.245000000000000107e+00
1.844000000000000083e+00
2.104000000000000092e+00
3.035000000000000142e+00
2.698999999999999844e+00
1.677000000000000046e+00
2.125999999999999890e+00
3.161000000000000032e+00
2.399999999999999911e+00
2.061999999999999833e+00
2.241000000000000103e+00
2.165000000000000036e+00
1.971999999999999975e+00
2.698999999999999844e+00
2.003000000000000114e+00
2.185000000000000053e+00
2.430000000000000160e+00
2.200000000000000178e+00
2.059000000000000163e+00
2.213000000000000078e+00
1.834000000000000075e+00
2.115000000000000213e+00
1.903000000000000025e+00
2.436999999999999833e+00
2.152000000000000135e+00
1.643000000000000016e+00
2.541999999999999815e+00
1.818000000000000060e+00
2.109999999999999876e+00
1.782000000000000028e+00
1.796999999999999931e+00
1.800000000000000044e+00
1.862999999999999989e+00
1.917000000000000037e+00
2.181000000000000050e+00
2.113999999999999879e+00
1.923999999999999932e+00
2.470000000000000195e+00
2.125999999999999890e+00
2.298000000000000043e+00
2.169000000000000039e+00
2.221999999999999975e+00
1.764999999999999902e+00
1.887999999999999901e+00
1.955000000000000071e+00
1.931000000000000050e+00
2.718999999999999861e+00
1.929000000000000048e+00
2.035000000000000142e+00
2.446000000000000174e+00
2.076999999999999957e+00
2.262999999999999901e+00
2.004999999999999893e+00
2.160000000000000142e+00
2.173999999999999932e+00
1.909000000000000030e+00
2.682999999999999829e+00
2.072000000000000064e+00
2.152000000000000135e+00
2.173999999999999932e+00
2.399000000000000021e+00
2.105999999999999872e+00
2.174999999999999822e+00
2.218999999999999861e+00
2.112999999999999989e+00
2.311999999999999833e+00
2.249000000000000110e+00
2.091000000000000192e+00
2.251999999999999780e+00
1.818000000000000060e+00
2.088000000000000078e+00
2.330000000000000071e+00
1.975000000000000089e+00
2.045999999999999819e+00
2.011000000000000121e+00
2.604000000000000092e+00
1.989999999999999991e+00
2.140000000000000124e+00
2.345000000000000195e+00
1.747999999999999998e+00
2.714999999999999858e+00
1.941000000000000059e+00
1.987999999999999989e+00
2.096999999999999975e+00
2.188000000000000167e+00
2.225000000000000089e+00
2.313000000000000167e+00
1.846000000000000085e+00
2.093999999999999861e+00
2.017999999999999794e+00
2.154999999999999805e+00
2.129000000000000004e+00
1.917999999999999927e+00
2.053999999999999826e+00
1.798000000000000043e+00
1.963000000000000078e+00
1.834999999999999964e+00
2.037999999999999812e+00
2.286999999999999922e+00
2.456999999999999851e+00
1.975000000000000089e+00
2.051000000000000156e+00
1.860000000000000098e+00
2.198999999999999844e+00
2.081999999999999851e+00
2.197000000000000064e+00
2.373000000000000220e+00
2.193000000000000060e+00
1.939999999999999947e+00
2.103000000000000203e+00
2.254000000000000004e+00
2.130999999999999783e+00
1.852000000000000091e+00
1.649999999999999911e+00
2.007000000000000117e+00
2.625999999999999890e+00
1.951000000000000068e+00
1.953000000000000069e+00
2.326000000000000068e+00
2.491000000000000103e+00
2.240000000000000213e+00
2.216000000000000192e+00
2.048999999999999932e+00
2.625000000000000000e+00
1.887000000000000011e+00
2.142999999999999794e+00
2.515000000000000124e+00
2.123000000000000220e+00
2.210999999999999854e+00
1.951999999999999957e+00
2.052999999999999936e+00
2.255999999999999783e+00
3.278000000000000025e+00
2.196000000000000174e+00
1.921999999999999931e+00
2.625000000000000000e+00
1.893999999999999906e+00
2.258999999999999897e+00
2.213999999999999968e+00
2.001999999999999780e+00
1.953999999999999959e+00
2.750000000000000000e+00
2.092999999999999972e+00
1.981999999999999984e+00
2.190999999999999837e+00
2.439000000000000057e+00
2.166999999999999815e+00
1.927000000000000046e+00
2.152000000000000135e+00
2.244000000000000217e+00
2.920999999999999819e+00
1.705000000000000071e+00
2.383999999999999897e+00
2.193000000000000060e+00
2.087000000000000188e+00
1.945000000000000062e+00
2.117999999999999883e+00
2.455000000000000071e+00
2.430000000000000160e+00
2.029999999999999805e+00
2.186999999999999833e+00
2.076999999999999957e+00
2.262999999999999901e+00
2.228000000000000203e+00
1.885000000000000009e+00
2.548000000000000043e+00
2.072000000000000064e+00
2.016000000000000014e+00
2.240000000000000213e+00
2.096000000000000085e+00
2.032000000000000028e+00
2.612000000000000099e+00
1.911000000000000032e+00
1.631999999999999895e+00
2.327999999999999847e+00
1.868999999999999995e+00
2.120000000000000107e+00
2.585999999999999854e+00
2.367999999999999883e+00
1.993000000000000105e+00
2.037999999999999812e+00
2.257000000000000117e+00
2.209999999999999964e+00
1.897000000000000020e+00
2.988999999999999879e+00
2.177000000000000046e+00
2.274999999999999911e+00
2.065999999999999837e+00
2.475999999999999979e+00
1.737000000000000099e+00
1.840999999999999970e+00
1.887999999999999901e+00
1.848000000000000087e+00
2.076999999999999957e+00
2.338999999999999968e+00
1.856999999999999984e+00
2.248000000000000220e+00
1.957000000000000073e+00
2.181999999999999940e+00
2.157000000000000028e+00
2.458000000000000185e+00
2.330999999999999961e+00
2.302000000000000046e+00
1.723999999999999977e+00
2.055000000000000160e+00
2.310999999999999943e+00
2.115000000000000213e+00
1.985999999999999988e+00
2.479000000000000092e+00
2.724000000000000199e+00
1.973000000000000087e+00
1.953000000000000069e+00
2.193000000000000060e+00
2.290000000000000036e+00
2.113999999999999879e+00
2.069999999999999840e+00
2.645000000000000018e+00
2.052000000000000046e+00
2.218999999999999861e+00
2.075000000000000178e+00
2.210999999999999854e+00
2.189000000000000057e+00
2.116999999999999993e+00
1.820000000000000062e+00
2.549999999999999822e+00
2.100999999999999979e+00
2.081999999999999851e+00
3.278000000000000025e+00
2.193999999999999950e+00
2.180000000000000160e+00
2.988999999999999879e+00
2.361000000000000210e+00
1.993999999999999995e+00
1.840999999999999970e+00
2.032999999999999918e+00
1.800000000000000044e+00
2.459999999999999964e+00
2.612000000000000099e+00
2.016999999999999904e+00
2.387999999999999901e+00
2.097999999999999865e+00
2.194999999999999840e+00
2.278999999999999915e+00
2.184000000000000163e+00
2.513999999999999790e+00
2.301000000000000156e+00
2.837000000000000188e+00
2.077999999999999847e+00
2.032999999999999918e+00
2.302999999999999936e+00
2.282000000000000028e+00
2.069999999999999840e+00
2.116000000000000103e+00
2.216000000000000192e+00
2.157000000000000028e+00
2.060000000000000053e+00
2.089999999999999858e+00
2.052000000000000046e+00
1.776999999999999913e+00
1.951000000000000068e+00
2.108000000000000096e+00
2.115000000000000213e+00
2.099000000000000199e+00
2.549999999999999822e+00
2.089999999999999858e+00
1.864999999999999991e+00
2.270999999999999908e+00
2.512000000000000011e+00
2.233000000000000096e+00
1.997999999999999998e+00
1.500000000000000000e+00
2.088999999999999968e+00
2.275999999999999801e+00
2.482000000000000206e+00
1.600999999999999979e+00
2.004000000000000004e+00
1.872999999999999998e+00
2.017999999999999794e+00
2.137000000000000011e+00
2.224000000000000199e+00
2.194999999999999840e+00
2.039000000000000146e+00
1.885000000000000009e+00
2.197000000000000064e+00
2.291999999999999815e+00
2.287999999999999812e+00
1.915000000000000036e+00
2.376999999999999780e+00
1.899000000000000021e+00
2.036000000000000032e+00
2.083000000000000185e+00
1.887000000000000011e+00
1.647000000000000020e+00
2.428999999999999826e+00
2.426000000000000156e+00
2.081999999999999851e+00
2.346000000000000085e+00
2.019000000000000128e+00
2.160000000000000142e+00
2.123000000000000220e+00
2.216000000000000192e+00
2.255999999999999783e+00
2.077999999999999847e+00
2.533999999999999808e+00
2.271999999999999797e+00
2.108000000000000096e+00
1.868999999999999995e+00
1.985000000000000098e+00
2.732000000000000206e+00
2.193999999999999950e+00
2.190999999999999837e+00
2.399000000000000021e+00
2.248000000000000220e+00
2.326999999999999957e+00
2.641000000000000014e+00
2.278999999999999915e+00
2.250999999999999890e+00
1.999000000000000110e+00
1.893999999999999906e+00
2.238999999999999879e+00
2.052000000000000046e+00
2.004000000000000004e+00
1.870000000000000107e+00
1.937000000000000055e+00
2.595000000000000195e+00
2.043000000000000149e+00
1.961999999999999966e+00
2.446000000000000174e+00
2.444999999999999840e+00
1.907000000000000028e+00
2.436999999999999833e+00
2.137000000000000011e+00
1.981999999999999984e+00
2.217000000000000082e+00
2.016999999999999904e+00
1.875000000000000000e+00
2.075000000000000178e+00
2.202999999999999847e+00
2.482000000000000206e+00
2.040999999999999925e+00
2.302999999999999936e+00
2.267999999999999794e+00
2.040000000000000036e+00
2.144000000000000128e+00
2.370999999999999996e+00
1.711000000000000076e+00
2.185999999999999943e+00
2.234999999999999876e+00
2.165999999999999925e+00
2.714999999999999858e+00
1.562000000000000055e+00
2.430000000000000160e+00
2.169000000000000039e+00
2.197000000000000064e+00
2.121999999999999886e+00
2.194999999999999840e+00
1.877999999999999892e+00
2.229999999999999982e+00
2.216000000000000192e+00
2.315999999999999837e+00
1.975999999999999979e+00
1.667000000000000037e+00
2.371999999999999886e+00
1.653999999999999915e+00
1.848000000000000087e+00
1.931999999999999940e+00
2.520999999999999908e+00
1.872999999999999998e+00
2.221999999999999975e+00
2.733999999999999986e+00
2.039000000000000146e+00
2.379999999999999893e+00
2.104999999999999982e+00
2.087000000000000188e+00
2.645000000000000018e+00
2.051000000000000156e+00
2.508999999999999897e+00
2.004000000000000004e+00
1.725000000000000089e+00
2.454000000000000181e+00
1.895999999999999908e+00
2.080999999999999961e+00
1.838000000000000078e+00
1.768000000000000016e+00
1.931000000000000050e+00
2.552000000000000046e+00
2.241000000000000103e+00
2.512000000000000011e+00
2.101999999999999869e+00
1.856999999999999984e+00
2.265000000000000124e+00
1.703999999999999959e+00
2.512999999999999901e+00
1.786000000000000032e+00
2.419000000000000039e+00
2.611000000000000210e+00
2.052999999999999936e+00
2.290000000000000036e+00
2.508999999999999897e+00
1.945999999999999952e+00
2.158999999999999808e+00
2.013999999999999790e+00
2.664000000000000146e+00
2.004000000000000004e+00
2.244000000000000217e+00
2.596000000000000085e+00
