1.018215083200793014e+00
-5.948319362246792252e-01
-1.466192717903492149e+00
3.951299992063351391e-02
5.603427684417232602e-01
-7.822109677255765225e-01
-4.293874140082901691e-01
2.604995850011689873e-01
-3.475761376649255108e-01
-9.686795505516831994e-02
4.156630403267254636e-01
4.606345069098667366e-01
1.068173074540098133e+00
-1.091257551446570551e+00
2.439624079631780074e+00
2.030899160615841914e-01
-2.739186360049045144e-01
9.256442837019331071e-02
-1.237949197432174797e+00
-3.341632331114371968e-02
-1.355803374975627973e+00
2.493737485618723604e-01
-3.228098210191011064e-01
3.546549608935322534e-02
2.885317751058717572e+00
-1.125307288013190077e-01
1.304014544368551576e+00
-1.390514184411270504e+00
9.614164558376244729e-01
2.113971798407659808e+00
9.932086527919977703e-01
-1.479176841828164113e+00
-4.315659351792949100e-02
2.212528383359026130e+00
8.527078840205971622e-01
-1.895073701841831326e+00
1.743152850666130627e-01
2.643533912982363177e+00
-3.610867107381035557e-01
-2.847318690052640933e-01
1.449732838590520878e-01
5.121331929654771020e-01
-4.955546008892398602e-01
7.630066048205222939e-01
3.556762132391765863e-01
1.271670025793453451e+00
-2.445403170697457162e-01
7.329745155276295998e-01
-2.402239046318750126e-01
9.510358108470112759e-01
-1.691244969672651255e+00
1.892057571962351137e-01
4.486684914135174312e-02
-1.610586520431004087e-01
2.336126596649564791e-01
-1.999607296474605667e+00
2.684831560362461733e+00
-1.676324099690885028e+00
-2.435566715084445943e-02
-1.010129456866686759e+00
-5.833336949863158205e-01
-1.347793032422210491e+00
-3.601024015579696869e-01
-5.533174575841404152e-01
1.055531027208178596e+00
3.050359385785521016e-01
-3.323507161551247369e-01
2.173878160752913846e+00
-1.015004214851941838e-01
6.583829868491682946e-01
6.705326513086251605e-01
8.092010964457112543e-01
-1.194755343919414292e+00
-4.502355476791029543e-01
-2.216084591075016541e-01
-7.784910907980289174e-01
8.633386720614314447e-01
-1.048896407018702348e+00
3.157279559907769650e-01
1.119617715595678353e+00
-1.908000995878090800e-01
4.223520857763065073e-01
4.505762216591879255e-01
4.865946249584707783e-01
7.851658075881838561e-02
-1.898709077724953342e+00
7.284798581610101298e-01
-3.310673519034063594e-01
-1.080423138826692719e+00
-4.546612856832014937e-02
-2.972934608763036501e-01
-4.074471395531065188e-02
5.606869563979098858e-01
1.096482430982781642e+00
3.068677483959738606e-01
9.434946619322981398e-01
1.198413214355591005e+00
-1.259874250492472314e-01
9.161320675290796078e-01
-1.689971129144558937e+00
1.695100877075218435e-02
1.167635694624893361e+00
-4.809321730988021515e-01
7.201694457533621696e-01
-3.547591109848655805e-02
3.365790164391934680e-01
-6.811244102780783516e-01
3.921170073704103864e-01
1.302037418178423778e+00
-2.183715517491218616e+00
9.234632589748839049e-01
-7.695402186703277359e-01
-5.381605002303772034e-01
6.085935521433204487e-01
6.623880356740714515e-01
-9.789379986278796686e-01
1.280033276455569080e+00
-1.602136123486321839e+00
4.553620008468902691e-01
1.326878780852773221e-01
1.339711816783617282e+00
-1.308665202703147790e+00
-4.924329710513463687e-01
6.126538794905235230e-01
-5.216449684974350243e-01
-9.526749543900622230e-01
-1.263779410751072474e+00
-5.527123951674494107e-01
1.321319122628351606e+00
-1.470539508371334625e-01
-3.454223688364201905e-01
-3.319032931591270330e-01
-1.202013164855144922e-01
5.726239953277982853e-01
2.888845903836770868e-01
6.572949119671723794e-01
1.747602797673971420e+00
4.020767330390865313e-01
-9.485876825817797231e-01
3.519958754134932394e-02
2.662080960421014941e-01
-2.319480642741329757e-02
-6.296671401411652047e-01
-1.193291171953748675e+00
2.446157755631256092e-01
4.704353983445727638e-01
-8.925691179642430972e-01
2.026752713717584475e-01
8.483033568539009028e-01
1.716585957894300352e+00
5.128282489220058471e-01
5.845072447067853894e-01
1.502406348011010861e-01
5.831187050482148360e-01
-8.683740264556077948e-01
3.359708050670071056e-01
2.298009893826330696e+00
9.966499177344523286e-01
7.390491226186088891e-01
-8.360114132307908674e-01
-3.743468867743999229e-01
1.300989737274862668e+00
3.119908770944769927e+00
5.866985240539575042e-01
-1.271158154452420641e+00
4.938328196611797005e-01
-4.609708384302111939e-01
5.171004479282294009e-01
1.625568848359056351e-01
-9.600242378857212211e-01
-7.268140265937963473e-01
9.702332817066378068e-01
4.050430999087251127e-02
-5.832246118234356569e-01
4.843466709963012429e-01
1.796263618219184233e+00
8.707627269052656827e-01
-2.806080169455906215e-01
-1.187312682311455259e+00
-9.052535477661605157e-01
1.715616991892717991e+00
-1.883214419249345850e+00
-3.459405446309529175e-01
5.710775754636123747e-01
2.192557182979703104e-02
-4.925570679628907267e-01
-5.589156115701867655e-01
1.856858038930564669e+00
-1.459837321183792558e-01
-7.553247099222024086e-02
1.563419118638376126e+00
1.696363262753545001e-02
1.308134419259579628e+00
8.271465378475872932e-01
-5.308095075438239441e-01
1.412277009688512608e-01
-5.598810336268233295e-02
-5.764717573163569142e-01
-2.464154002518730859e-04
1.375945271085167176e-01
-8.611508657054908200e-01
3.625535199522624819e-01
-1.732029849168246760e-01
-1.201172740990972265e+00
1.200896707303765076e+00
-4.288903940669872017e-01
4.951437585485973236e-01
3.498787618099679086e+00
1.337223171367444285e+00
-7.391753061067313224e-01
-1.817288130117762357e-01
8.655524606610898175e-01
1.160867561186412100e+00
-3.535084690138887153e-01
1.931815201965576989e+00
4.526837497979175895e-01
1.154904806747862445e+00
1.296390774163681536e-01
-9.199439406109942430e-02
-8.672936287442823966e-01
-1.675932056235370782e+00
-1.227180438255164596e-01
-1.002494999284017974e+00
-6.018466991131359300e-01
1.745036972021433375e+00
-1.008894998283563993e+00
9.738931851305276943e-01
-4.611007289828495948e-01
5.139243040911403160e-01
2.898856595371001044e-01
1.536959250757725881e+00
1.970909489856038199e+00
1.484398424162887808e+00
-2.094756906011755238e+00
-5.075921518245531949e-01
1.100658001323372881e+00
1.006555967922148964e+00
-7.822109677255765225e-01
1.961787430361439766e+00
2.874414543247354903e+00
-5.064391108219191695e-01
-7.163059411938821341e-01
1.704894038281780377e-01
8.980175532190569632e-01
8.716166138085586212e-02
-3.592982150384421702e-01
5.335250969697411527e-01
-2.103890127856571368e-01
6.125872637600487947e-01
6.226252423294388327e-01
6.517101138653064174e-01
1.471678576252917425e+00
-2.199891939762659288e-01
-1.721882314893630639e+00
3.104731000029987142e-01
-5.240996206206025715e-02
9.677823249361364177e-02
3.228286023311138564e+00
5.927285398964452501e-01
5.996194025254921733e-01
2.021309319595613996e+00
1.359412120715231431e+00
-8.250273932450006287e-01
-3.421643180308618359e-01
-5.854580745190798297e-01
-1.809867371094104005e+00
-1.452598847773124424e-01
4.716572818574228387e-01
4.630789999839889926e-01
-4.403491064682036327e-01
6.475755976426601779e-02
7.780916274192209992e-01
-6.776787092330595064e-01
1.439646414180542511e+00
1.803152100953993475e+00
7.116859128209087615e-01
4.551605635506297709e+00
7.358472075465762874e-01
-4.912983961411183098e-01
-6.392012693392550293e-01
1.006965335072615320e+00
-3.077875159121558069e-01
1.124248170920834289e+00
1.559964779955707481e+00
8.573309193097554681e-01
1.993867320232509399e-01
8.709181536297239123e-03
-3.157111461353326320e-01
-1.976211883576194817e+00
-8.194267164739122977e-01
1.777499715693479088e-01
-1.705479089798068171e-01
-7.350859832480584333e-02
2.213965175319303480e-01
4.085459426176227260e-02
-1.110375578421839649e+00
6.576313037207092149e-01
9.410724120408765769e-02
8.668531356526055776e-01
-5.463689762408951989e-01
-2.102238886272889129e+00
3.824396865195527351e-01
7.174537113145280642e-01
-3.803703410309978300e-02
-1.346406749833111149e+00
-4.113964729671323872e-01
-1.753791189187999366e+00
-4.226383584471077315e-01
2.723691854639453958e-01
6.790946187451306626e-01
-1.089274931250642453e+00
-3.554162373537614883e-01
-1.036959887081987164e+00
7.912362714290234189e-01
7.688331302935255129e-01
1.145643326692630470e+00
-7.831352723922055392e-02
1.452909024040160313e+00
-7.551225475778144958e-01
2.398941697157934774e-02
4.674455255821619026e-02
-1.217833657590506435e+00
-1.714143959224868397e+00
1.164639467779013726e+00
1.209110243304231558e+00
5.218994175223315990e-01
9.910623748562620294e-01
-5.796559006994403962e-01
-2.034793725253533192e-04
1.632673218330960296e-01
8.385195746167607433e-01
4.734675930181612147e-01
1.167881992635429189e-01
2.437541467222850589e+00
8.549109919933065571e-01
5.676088735152876735e-02
-1.685578717282754324e+00
-6.222309800374100641e-01
2.922607698573296720e+00
7.163782552281094951e-01
1.379340051507565335e+00
-2.175989211335729590e-01
1.159459588738771085e+00
1.593116853936712873e+00
5.905519266388926658e-01
-7.944205036204099457e-01
8.981408522656973981e-01
-2.067920008581372038e-01
-7.431545091042427442e-01
8.056554782637448398e-01
3.979143461476419286e-01
2.014035481318866005e-01
-6.869024813932798068e-01
-6.378818396623811005e-01
3.191016334357976270e+00
8.363215778851486315e-02
-3.021073326758184074e-01
-1.687536666215174175e-01
1.496629336525545195e+00
-8.613192435391933133e-01
-5.518661063053988819e-02
2.470380922160892445e-01
-5.124075742478703122e-01
-9.206173372076844608e-01
2.182353641340845085e-01
-1.023312198452648536e+00
2.567736682575212648e-02
1.006222434979137992e+00
6.885250938166269374e-02
7.406733845060875510e-01
1.606813850218232309e+00
8.808658762154589761e-01
-2.855741868447380094e-01
3.909115512248145796e-01
1.623741571640694659e+00
-1.401379778276800936e+00
8.551057210149097809e-01
7.187451593364585500e-01
5.267502462285914566e-01
8.249066740235174722e-01
-1.825375393125906909e+00
2.145556625230600645e+00
3.385894617360452052e-01
1.126929938900072203e+00
5.118462360518982734e-01
4.190146330455722934e-01
-1.066008340770179030e+00
1.289965796652860819e+00
7.694885527458141805e-01
-6.803282488536255279e-01
4.546630226610846176e-02
-2.074052605476107924e+00
1.834399771997963891e+00
-2.703593306519811446e+00
-1.551357032989094442e+00
-7.279750511647525846e-01
1.320274164715102283e-01
-1.230913151986041676e+00
2.745795164134052224e-01
8.987327723033083915e-01
-2.019408046281142843e-01
-3.780362796233663336e-01
-1.287790154925578523e-01
-3.666798952664227507e-01
6.502668913570915921e-01
-3.677956999678045485e-02
2.026809379848635295e-01
-9.989605343428865636e-01
-1.602922680602340000e+00
-1.356088490721819029e-01
-9.878997066710121233e-01
-8.024185547185677669e-02
-4.119743192706786794e-01
-7.329455407148982582e-01
-1.217016970534520848e+00
2.689206832796046109e-01
1.577756558099190798e+00
-6.015633200200983660e-03
-6.415519581743449329e-02
-1.343750404500937412e+00
3.676375312464272294e-01
-1.394185013722033739e+00
3.014245895163784536e-02
-1.360071858302642323e+00
-2.210397179401735746e-01
4.360426916178233858e-01
-7.838955206168444212e-01
8.914510285873888940e-01
1.146669301880796216e-01
-5.186118959282388641e-01
9.532603713527173506e-01
-5.057578233497879161e-01
2.448913518868663708e+00
-3.836642172336205969e-01
1.383630570994810904e+00
2.736946212552550328e+00
