2.281000000000000139e+00
2.048000000000000043e+00
2.108999999999999986e+00
2.311999999999999833e+00
2.274999999999999911e+00
1.846000000000000085e+00
2.343999999999999861e+00
2.189999999999999947e+00
2.299999999999999822e+00
2.085999999999999854e+00
2.012999999999999901e+00
2.321000000000000174e+00
1.875000000000000000e+00
2.145000000000000018e+00
2.271999999999999797e+00
2.067000000000000171e+00
2.357000000000000206e+00
2.130999999999999783e+00
2.189999999999999947e+00
2.105999999999999872e+00
2.085999999999999854e+00
1.717000000000000082e+00
2.112999999999999989e+00
2.112000000000000099e+00
2.091000000000000192e+00
1.957000000000000073e+00
2.148000000000000131e+00
2.185999999999999943e+00
2.180000000000000160e+00
2.459000000000000075e+00
2.318000000000000060e+00
2.200000000000000178e+00
2.391000000000000014e+00
2.024000000000000021e+00
2.205999999999999961e+00
2.073999999999999844e+00
2.277000000000000135e+00
2.198999999999999844e+00
2.241999999999999993e+00
2.266000000000000014e+00
2.068999999999999950e+00
2.330999999999999961e+00
2.517999999999999794e+00
2.225000000000000089e+00
2.087000000000000188e+00
2.289000000000000146e+00
2.134999999999999787e+00
2.297000000000000153e+00
2.380999999999999783e+00
2.254999999999999893e+00
2.181000000000000050e+00
2.286999999999999922e+00
2.262999999999999901e+00
2.208000000000000185e+00
2.561999999999999833e+00
2.194999999999999840e+00
1.975999999999999979e+00
2.318999999999999950e+00
2.458000000000000185e+00
2.150999999999999801e+00
2.153999999999999915e+00
2.100999999999999979e+00
2.165000000000000036e+00
2.266000000000000014e+00
2.088999999999999968e+00
2.270000000000000018e+00
2.043000000000000149e+00
2.141000000000000014e+00
2.140000000000000124e+00
2.140000000000000124e+00
1.923000000000000043e+00
2.041999999999999815e+00
2.209000000000000075e+00
2.160000000000000142e+00
2.196000000000000174e+00
2.069999999999999840e+00
1.711000000000000076e+00
1.975000000000000089e+00
2.088999999999999968e+00
2.119000000000000217e+00
2.176000000000000156e+00
2.189999999999999947e+00
2.273000000000000131e+00
2.321000000000000174e+00
2.060999999999999943e+00
2.484999999999999876e+00
2.536999999999999922e+00
1.995000000000000107e+00
2.140000000000000124e+00
1.947000000000000064e+00
2.146999999999999797e+00
2.097999999999999865e+00
2.221000000000000085e+00
2.242999999999999883e+00
2.281000000000000139e+00
1.965000000000000080e+00
2.053999999999999826e+00
1.917000000000000037e+00
2.379000000000000004e+00
2.181000000000000050e+00
1.925000000000000044e+00
2.637000000000000011e+00
2.124000000000000110e+00
1.993999999999999995e+00
2.200000000000000178e+00
2.307999999999999829e+00
2.012000000000000011e+00
2.298000000000000043e+00
2.134999999999999787e+00
2.124000000000000110e+00
