2.309000000000000163e+00
2.314000000000000057e+00
2.539000000000000146e+00
2.056000000000000050e+00
1.879999999999999893e+00
2.120999999999999996e+00
2.138999999999999790e+00
2.329000000000000181e+00
2.136000000000000121e+00
2.037999999999999812e+00
2.144000000000000128e+00
2.226999999999999869e+00
2.229999999999999982e+00
2.249000000000000110e+00
2.095000000000000195e+00
2.250999999999999890e+00
2.172000000000000153e+00
2.262999999999999901e+00
2.064999999999999947e+00
1.707999999999999963e+00
2.198999999999999844e+00
1.933999999999999941e+00
2.444999999999999840e+00
2.286000000000000032e+00
2.080000000000000071e+00
2.059000000000000163e+00
2.279999999999999805e+00
2.484999999999999876e+00
2.310000000000000053e+00
2.559000000000000163e+00
1.772999999999999909e+00
2.173000000000000043e+00
2.204000000000000181e+00
2.559000000000000163e+00
2.406000000000000139e+00
2.172000000000000153e+00
2.248000000000000220e+00
2.478000000000000203e+00
2.346999999999999975e+00
2.339999999999999858e+00
2.194999999999999840e+00
2.020000000000000018e+00
1.665000000000000036e+00
2.406000000000000139e+00
2.020000000000000018e+00
2.064000000000000057e+00
2.487000000000000099e+00
2.293000000000000149e+00
2.251999999999999780e+00
2.216000000000000192e+00
1.961000000000000076e+00
2.130999999999999783e+00
2.193000000000000060e+00
2.236000000000000210e+00
2.418000000000000149e+00
1.937999999999999945e+00
2.245000000000000107e+00
2.185000000000000053e+00
2.165000000000000036e+00
2.142999999999999794e+00
2.072999999999999954e+00
2.322000000000000064e+00
2.251999999999999780e+00
2.045999999999999819e+00
2.158999999999999808e+00
2.103000000000000203e+00
2.353000000000000203e+00
2.126999999999999780e+00
2.120000000000000107e+00
2.170999999999999819e+00
2.061999999999999833e+00
2.000999999999999890e+00
1.909000000000000030e+00
2.233000000000000096e+00
2.130999999999999783e+00
2.358000000000000096e+00
2.536999999999999922e+00
2.044999999999999929e+00
2.184000000000000163e+00
2.551000000000000156e+00
2.202999999999999847e+00
2.459999999999999964e+00
2.092999999999999972e+00
2.214999999999999858e+00
2.076000000000000068e+00
2.145000000000000018e+00
2.176000000000000156e+00
1.947999999999999954e+00
2.326000000000000068e+00
2.065999999999999837e+00
2.298999999999999932e+00
2.044999999999999929e+00
2.165999999999999925e+00
1.985999999999999988e+00
2.141000000000000014e+00
1.961000000000000076e+00
2.283999999999999808e+00
2.371999999999999886e+00
2.217999999999999972e+00
2.020000000000000018e+00
2.224000000000000199e+00
1.844999999999999973e+00
2.100999999999999979e+00
2.330000000000000071e+00
2.273000000000000131e+00
2.334999999999999964e+00
2.141999999999999904e+00
2.282000000000000028e+00
2.079000000000000181e+00
1.987999999999999989e+00
2.507000000000000117e+00
2.012999999999999901e+00
2.156000000000000139e+00
2.173000000000000043e+00
2.145000000000000018e+00
2.287999999999999812e+00
2.007000000000000117e+00
2.096999999999999975e+00
2.161999999999999922e+00
1.927999999999999936e+00
1.991999999999999993e+00
2.517999999999999794e+00
2.116999999999999993e+00
2.303999999999999826e+00
1.895000000000000018e+00
1.991000000000000103e+00
2.080999999999999961e+00
2.193000000000000060e+00
2.217999999999999972e+00
2.289000000000000146e+00
2.327999999999999847e+00
2.330000000000000071e+00
2.107000000000000206e+00
2.120000000000000107e+00
2.060000000000000053e+00
2.120999999999999996e+00
2.287999999999999812e+00
2.232000000000000206e+00
2.089999999999999858e+00
2.201000000000000068e+00
2.261000000000000121e+00
2.213000000000000078e+00
1.822999999999999954e+00
2.023000000000000131e+00
2.060000000000000053e+00
1.879999999999999893e+00
2.112000000000000099e+00
2.205000000000000071e+00
2.116999999999999993e+00
2.282000000000000028e+00
2.200000000000000178e+00
2.258000000000000007e+00
2.024999999999999911e+00
2.379999999999999893e+00
2.136000000000000121e+00
2.202999999999999847e+00
1.780999999999999917e+00
2.065999999999999837e+00
2.188000000000000167e+00
2.116999999999999993e+00
2.282000000000000028e+00
2.145000000000000018e+00
2.273000000000000131e+00
2.080000000000000071e+00
2.221999999999999975e+00
2.379999999999999893e+00
2.240000000000000213e+00
1.985999999999999988e+00
2.039000000000000146e+00
2.013999999999999790e+00
2.021999999999999797e+00
2.706999999999999851e+00
2.173000000000000043e+00
2.087000000000000188e+00
2.101999999999999869e+00
1.919999999999999929e+00
1.923999999999999932e+00
2.335999999999999854e+00
2.326000000000000068e+00
2.225000000000000089e+00
2.330999999999999961e+00
2.281000000000000139e+00
2.176000000000000156e+00
2.170999999999999819e+00
2.076000000000000068e+00
2.037999999999999812e+00
2.069999999999999840e+00
1.895000000000000018e+00
2.487000000000000099e+00
2.112999999999999989e+00
1.864000000000000101e+00
2.282000000000000028e+00
2.242999999999999883e+00
2.012999999999999901e+00
2.220000000000000195e+00
2.156000000000000139e+00
1.643999999999999906e+00
2.165000000000000036e+00
2.266000000000000014e+00
2.240000000000000213e+00
2.130999999999999783e+00
2.302999999999999936e+00
2.109999999999999876e+00
1.977999999999999980e+00
2.172000000000000153e+00
2.125999999999999890e+00
2.075000000000000178e+00
2.371999999999999886e+00
2.096999999999999975e+00
2.205000000000000071e+00
2.251999999999999780e+00
2.282000000000000028e+00
2.124000000000000110e+00
2.204000000000000181e+00
2.399999999999999911e+00
1.917000000000000037e+00
1.981999999999999984e+00
2.208000000000000185e+00
2.185000000000000053e+00
2.024999999999999911e+00
2.033999999999999808e+00
2.254999999999999893e+00
2.068000000000000060e+00
2.052000000000000046e+00
2.149999999999999911e+00
2.201000000000000068e+00
2.116999999999999993e+00
1.828000000000000069e+00
1.872999999999999998e+00
2.045999999999999819e+00
2.169000000000000039e+00
2.200000000000000178e+00
2.112000000000000099e+00
2.044000000000000039e+00
1.995999999999999996e+00
2.095000000000000195e+00
2.028999999999999915e+00
2.115000000000000213e+00
2.145999999999999908e+00
2.290999999999999925e+00
2.301000000000000156e+00
2.270999999999999908e+00
2.083000000000000185e+00
2.245000000000000107e+00
1.885999999999999899e+00
2.323999999999999844e+00
2.232000000000000206e+00
2.156000000000000139e+00
2.100000000000000089e+00
2.165999999999999925e+00
2.048999999999999932e+00
2.153000000000000025e+00
2.319999999999999840e+00
2.173999999999999932e+00
2.395999999999999908e+00
2.041999999999999815e+00
2.104000000000000092e+00
2.273000000000000131e+00
2.157000000000000028e+00
2.161999999999999922e+00
2.399999999999999911e+00
2.237999999999999989e+00
2.093999999999999861e+00
1.943000000000000060e+00
1.983999999999999986e+00
2.113999999999999879e+00
2.540000000000000036e+00
2.302999999999999936e+00
2.197999999999999954e+00
2.444999999999999840e+00
2.137999999999999901e+00
2.242999999999999883e+00
2.097999999999999865e+00
2.220000000000000195e+00
2.414000000000000146e+00
2.410000000000000142e+00
2.088000000000000078e+00
2.245000000000000107e+00
2.298999999999999932e+00
2.471000000000000085e+00
2.125000000000000000e+00
2.221999999999999975e+00
2.052999999999999936e+00
2.069999999999999840e+00
2.003000000000000114e+00
2.132000000000000117e+00
1.842999999999999972e+00
1.929000000000000048e+00
2.154999999999999805e+00
2.330999999999999961e+00
1.915000000000000036e+00
2.245000000000000107e+00
1.897000000000000020e+00
2.395999999999999908e+00
1.677999999999999936e+00
2.068999999999999950e+00
1.971000000000000085e+00
2.422000000000000153e+00
2.178999999999999826e+00
2.161000000000000032e+00
2.089999999999999858e+00
1.887999999999999901e+00
2.186999999999999833e+00
2.576999999999999957e+00
2.040999999999999925e+00
2.201999999999999957e+00
2.330000000000000071e+00
2.362000000000000099e+00
2.253000000000000114e+00
1.903000000000000025e+00
2.318999999999999950e+00
2.451999999999999957e+00
2.200000000000000178e+00
2.190999999999999837e+00
2.286000000000000032e+00
2.193000000000000060e+00
2.097999999999999865e+00
2.172000000000000153e+00
2.092000000000000082e+00
2.027000000000000135e+00
2.281000000000000139e+00
2.404999999999999805e+00
1.909999999999999920e+00
2.230999999999999872e+00
2.185999999999999943e+00
2.165999999999999925e+00
2.251999999999999780e+00
2.317000000000000171e+00
2.024999999999999911e+00
2.383000000000000007e+00
2.134999999999999787e+00
2.055000000000000160e+00
2.065999999999999837e+00
2.225000000000000089e+00
2.133999999999999897e+00
2.096999999999999975e+00
2.241999999999999993e+00
2.245999999999999996e+00
2.464999999999999858e+00
2.032999999999999918e+00
2.165000000000000036e+00
2.298999999999999932e+00
1.993000000000000105e+00
2.108000000000000096e+00
2.638999999999999790e+00
2.097999999999999865e+00
1.822000000000000064e+00
2.164000000000000146e+00
2.072999999999999954e+00
2.218999999999999861e+00
2.174999999999999822e+00
2.048999999999999932e+00
2.403999999999999915e+00
2.138999999999999790e+00
2.200000000000000178e+00
2.109999999999999876e+00
2.286999999999999922e+00
2.380999999999999783e+00
2.173999999999999932e+00
2.184000000000000163e+00
2.236000000000000210e+00
2.120999999999999996e+00
2.213000000000000078e+00
2.266000000000000014e+00
1.991000000000000103e+00
2.108000000000000096e+00
2.111000000000000210e+00
2.061999999999999833e+00
2.576999999999999957e+00
1.947000000000000064e+00
1.937999999999999945e+00
1.983000000000000096e+00
2.100999999999999979e+00
2.236000000000000210e+00
2.209999999999999964e+00
2.095000000000000195e+00
2.229000000000000092e+00
1.997000000000000108e+00
2.116999999999999993e+00
2.507000000000000117e+00
2.178999999999999826e+00
2.029999999999999805e+00
1.860999999999999988e+00
2.322000000000000064e+00
1.977999999999999980e+00
2.108999999999999986e+00
2.105999999999999872e+00
2.158999999999999808e+00
2.137999999999999901e+00
2.390000000000000124e+00
1.999000000000000110e+00
1.991999999999999993e+00
2.158999999999999808e+00
2.080999999999999961e+00
2.443999999999999950e+00
2.230999999999999872e+00
2.512999999999999901e+00
2.185999999999999943e+00
2.124000000000000110e+00
2.466000000000000192e+00
2.036999999999999922e+00
2.330000000000000071e+00
2.246999999999999886e+00
2.415999999999999925e+00
2.232000000000000206e+00
2.224000000000000199e+00
2.307999999999999829e+00
1.927000000000000046e+00
2.119000000000000217e+00
2.376999999999999780e+00
2.221000000000000085e+00
2.201000000000000068e+00
2.134999999999999787e+00
2.099000000000000199e+00
2.169000000000000039e+00
2.561999999999999833e+00
1.911000000000000032e+00
2.422000000000000153e+00
2.313000000000000167e+00
2.108999999999999986e+00
2.220000000000000195e+00
2.129000000000000004e+00
2.459000000000000075e+00
1.969999999999999973e+00
2.475000000000000089e+00
2.246999999999999886e+00
2.115000000000000213e+00
2.361000000000000210e+00
2.307999999999999829e+00
2.293000000000000149e+00
2.134999999999999787e+00
1.828999999999999959e+00
2.335999999999999854e+00
2.153999999999999915e+00
2.116999999999999993e+00
2.333000000000000185e+00
