1.207697186821477864e+00
9.713172218372263522e-01
1.097416807449591358e+00
-3.205707424844377040e-02
-3.194129736140178810e+00
-5.831992537130563647e-01
-1.102381240396704543e-01
1.313922019424305532e+00
1.008248694494580655e-01
-9.161487025482892843e-01
-1.420638000003323909e-01
1.404402948647772431e-01
7.900846309835289905e-01
6.209139789086708383e-01
-1.662355797062830820e-01
8.160336071558935700e-01
3.564136626780989303e-01
2.456828370098255387e+00
-7.284716580842169886e-01
-9.879678367346050871e-01
8.194677646485202249e-01
-1.158445880182693122e+00
6.745826038362191523e-01
2.026170530225709587e+00
-8.846054715884970054e-01
-2.653071838300067875e-01
1.549207368246899863e+00
7.248659276605478041e-01
1.284854983202510237e+00
1.253415786857235537e+00
-5.728510651253959640e-01
3.562903670995516414e-01
1.804197040628381099e-01
1.414108459782100979e+00
2.301275994232259148e-01
1.723356032345584044e-01
9.515200713379305952e-01
8.081812827067559324e-01
-1.860627760746955406e-01
1.490617941822627301e+00
1.963914784474854736e-01
-1.260115875007119524e+00
-1.171799948992070517e+00
8.398637204121646438e-02
-5.754871597758504098e-01
-5.327863968751022083e-01
8.769732240303670379e-01
1.487782132626124465e+00
6.596707937804829891e-01
9.426317850151214595e-01
-1.991409331787914905e+00
-2.705250647700456201e-01
4.759035760654302671e-01
-1.062265044868967667e+00
2.477812743558037933e+00
-2.094119299837493564e+00
1.429199807643696474e+00
-5.858808484463474686e-01
5.775924836453232708e-02
-1.702152194688361653e-01
-1.945351058480633000e-01
1.995672590354615750e+00
7.575794068894512456e-01
-3.804679138595988830e-01
1.595605915350118753e+00
-3.044359680599198481e-01
1.095134025928726551e+00
-2.865378678366922033e-02
-6.059706793761042709e-01
2.812037329806134633e-01
-7.041952695185584865e-01
-1.531925796525130501e+00
-1.589263683415204520e+00
2.555071239013531059e-01
-4.564607469001174533e-01
4.829361647265038027e-01
1.306577249103340943e+00
-1.521562109400709462e+00
1.877664284001884898e+00
2.038044759010350315e+00
4.883771765624929651e-01
2.186880153147646944e+00
-2.305885315098610833e-01
8.945354605174152818e-01
-1.254161606873829826e-01
-1.469696987590415782e+00
-1.525058488238911547e+00
-6.203851698488129784e-01
-1.203533918729357555e-01
-1.625559699951351356e-01
-6.130200521189763663e-01
1.695552687179382179e-01
-6.147288915238606766e-01
-1.019501862109535972e+00
-6.855338336101109986e-01
-2.333941338462620418e+00
1.345716083244305583e+00
1.794293382174925844e+00
6.447018703847733345e-01
-1.995508319033097555e+00
5.896377375935437648e-01
-5.937850083281657199e-01
-5.171732358717564537e-01
1.419487519980509038e+00
2.925674702603448529e-01
-5.426942075669797250e-01
-3.490865184515581227e-02
1.535598681780657948e+00
-1.020898619443095789e+00
-1.759714796658836455e+00
1.010464347929824314e+00
-1.389860551939569033e+00
5.538661054766673419e-02
-1.057047099865555534e-01
-1.428400826019235459e-01
-6.285543059063803950e-01
-1.483752047914145278e+00
-9.751755844360762704e-02
6.160995808746985158e-01
-1.559670325468013541e+00
-6.795511651390366836e-01
1.071350676212585062e+00
2.079304587246495473e-01
1.091618801533892347e+00
-1.111835109686083678e+00
-3.757917463817362913e-01
4.613042704119701964e-01
-3.729841805459801485e-01
5.332950847921685833e-01
-5.920254758680454366e-01
2.342597076855803095e+00
1.681748254743807403e+00
1.900283247967304301e-01
-5.922623653898153595e-01
-2.025190024007594014e-01
-2.749224430081481096e-01
9.760038566575919283e-01
8.208627229454186214e-01
-1.264275539680761895e+00
2.677967037328021771e-01
-2.114228614191633604e-01
-5.097286115064904033e-01
-2.467067639678795388e+00
-5.638965900862213942e-01
-4.912005171192873054e-01
-3.340376442946606517e+00
-1.007734161105412252e+00
6.054633165158027630e-01
4.477176677556619216e-02
1.003958101827328919e+00
-2.507828853593075391e-01
8.073007071320269512e-01
-1.171310421885334963e+00
2.467558711420688999e-01
-5.242716211966087780e-02
1.212212823649527982e+00
-8.994534787542090015e-01
-2.974055286417602861e-01
4.395961176859045638e-01
-1.557278665227045389e-01
1.160262272383632220e+00
1.239980260442973409e-01
-9.461245716675815709e-01
-8.489219156019950363e-01
4.670314521182606926e-01
1.008357775439780030e-01
4.180551955155863419e-01
-4.329901550190858872e-01
-2.966783208911367153e-01
-4.695592374836664029e-01
1.388276838410447134e-01
2.451474233312104012e+00
3.562903670995516414e-01
-3.283481160855621916e-01
-5.125850492547190385e-01
-3.523718093392749773e-01
-1.464729565001960054e+00
8.648284221713192776e-01
-2.953112573401763807e-01
-1.061450151916047080e+00
-3.519899397131261987e-01
1.028851298069479947e+00
-1.285841036852898078e+00
1.610532576358636170e-01
-5.969278838093652340e-01
-5.400971052656129423e-01
-5.078176241639191790e-01
-3.624943341256332552e-01
1.037665896955235256e+00
2.132675162033246252e-01
-1.307008721869935997e+00
1.237737874691936968e+00
2.735434916811690376e-01
-1.419948899233470785e+00
1.636377403442383471e+00
-1.599385004060985382e+00
-1.324570381550855602e+00
-4.167473547474814244e-01
4.378878513725882327e-01
8.379083558108013641e-01
-1.538109327711518315e+00
-5.940883212582516171e-01
-2.984918625840357054e-01
-7.282085520986999461e-01
-1.142174079732582170e-01
-9.676114257337067870e-02
4.237463310174593295e-02
2.113610117333381666e+00
-6.984475915049498385e-01
1.897566414821225400e-01
1.308496309656417944e+00
7.946306177416820882e-01
-2.855751805907516538e-01
1.776657881050277110e+00
5.391513716200452971e-02
-1.398654573498004372e-01
-1.454202509945472510e+00
-5.853874918059168153e-02
-1.536075716256764201e+00
-4.692248167606380971e-01
-3.213674161388044292e-01
7.407356856553594104e-01
7.870612429396438570e-01
-2.270828318621805675e+00
3.705541691631647483e-04
6.229324958178156235e-01
-2.622225828870322628e-01
-3.256889196012572318e-01
-3.021826016825054584e+00
-1.011981181412762165e+00
2.708358934344727298e-01
8.810147297190487059e-01
-1.034914806255046588e-01
-7.102942489796240100e-01
-2.434713827545636811e+00
-9.174186469329994598e-01
-6.111952634595879674e-01
-6.375287997628928949e-01
-4.510210829156260370e-01
7.068198226011861429e-01
1.535965883013353128e+00
1.443490685166797460e+00
4.561040844942686884e-02
4.547163201186552595e-01
-4.822627093668813147e-01
1.441980972854678855e+00
-1.026871045535679539e+00
-4.206707177468978209e-02
-8.966270182971819436e-01
-1.110107795130687615e-02
-1.227352856770223433e+00
3.415855049853307457e-01
1.287736689834865222e+00
2.967692185349421474e-01
3.799945287300217078e-01
3.171012088803232265e-01
-3.103562528254794617e-01
-7.703950444224362260e-01
-7.368629383826927892e-01
2.720891900072814895e-01
1.999474934745688326e-01
3.467123447037120942e-01
-9.505434313869814966e-01
-8.832788817653451918e-01
-3.803690286796735376e-01
-1.412052758569056099e+00
1.271281350773368013e+00
-4.180279077736177018e-01
3.302079606701859293e-01
4.841510431129084080e-01
-3.014102393338100039e-01
8.662787307700188233e-01
-1.759070057188965031e+00
7.339371737770807869e-01
1.685546638863798297e+00
2.064991015907997607e+00
-1.112620544835525443e-01
5.661658437558817480e-01
1.081872985499566342e+00
8.426233158326117412e-01
-4.794847565490265584e-01
9.577292819549054759e-02
-1.845484887737270097e-01
-3.673755999726496801e-01
-3.285561361202171127e-01
3.743520118844413380e-01
-4.835723912029018523e-01
-2.486889675944293998e+00
-1.022162271095829578e+00
1.702229730411320974e+00
-5.347597440922997186e-02
1.622506744625912545e-01
-3.110159769753217063e+00
2.341900894914362985e-01
-1.316795355978859883e+00
-4.886043337533565456e-01
-4.171387540378354575e-01
2.622724537217305807e-01
3.854403822849642447e-01
3.869350643898453353e-03
-4.676935747354539208e-01
-1.825904310785004592e+00
-3.626003556979696674e-01
1.604683487736633829e+00
-3.876738515133680840e-01
3.487258749678019965e-01
8.541174099819309751e-01
1.917556715407505274e+00
9.184083194565183517e-01
-3.725488432144014039e-01
-4.194979344503995122e-01
3.116293855654907130e+00
5.028371496941377305e-01
3.786517329764208517e-01
-3.081291058474124878e-01
5.615055903253810543e-01
-1.243202344657725056e-01
8.962673758489214659e-01
-1.296613821321537519e-01
-5.845475664722957765e-01
1.469993155300413301e+00
2.343797692417251444e+00
-1.563231100693791786e+00
3.858393597101201777e-01
2.092442863197136182e-01
1.264378001528623896e+00
7.849764807968964142e-01
1.080293839039674131e+00
-2.426642353952793985e-01
2.018489939113670584e+00
7.732120123628398629e-03
-2.670540264568744271e-01
-4.133807459890132541e-01
7.759861532697825970e-01
-3.093568389330332291e-01
5.418645488111071273e-01
5.237936569007884957e-01
8.497300329640068428e-01
1.674325761826360948e+00
-1.065192992110065129e+00
2.962356945030313882e-01
-4.820672171683468288e-01
-8.375525827842094095e-01
-4.789011443787115629e-01
2.155334655482239459e+00
-1.949110089280469804e+00
-6.516286240350933623e-01
5.047160223048636762e-01
-1.229518500693252830e-01
1.002716139268097439e+00
1.447394146490861955e+00
-5.830083161779086032e-01
1.326701527470701469e+00
2.075351205170998525e-01
-3.001143224854287139e-02
5.519698627696089516e-02
5.217118337966064612e-01
1.082374810723358977e-01
4.735984943755577325e-01
5.558900510661574090e-01
-8.879030200676851781e-01
8.607432839417432646e-01
6.726825252878760875e-01
-8.349328415532289993e-01
-2.676874556222830215e-01
-3.111330388590537455e-01
-3.877725164271886293e-01
8.859687663039546301e-02
1.779641353203874399e+00
-7.627845269981212706e-01
-1.368798391517420887e+00
-1.754262116466011490e+00
-5.419758876769512623e-01
1.053989483317875564e+00
7.586904156881451033e-01
-5.118670492614612044e-01
1.567876382070324259e-01
-1.805735367320974172e+00
-1.888536726950940658e-01
8.497716750049587597e-01
2.276076854804434668e-01
-1.394490831385393204e+00
-4.916747638076083837e-01
7.820066976159105732e-01
-1.291196994050127778e+00
-8.619708513008352835e-01
-7.248026600113698370e-01
5.015322606346493961e-01
-3.132573615822626945e-01
-9.383556744894415436e-02
-3.726633863020847315e-01
-1.977926510557817430e+00
6.761765040033843599e-01
-9.431661832483387853e-01
2.204544827634105975e+00
1.018148493269255495e+00
1.149982551418404775e+00
3.322269050993437722e-01
-1.024868937300574823e+00
5.359999189418718224e-01
-1.247110336817172538e+00
-2.223128438297278797e-01
4.610438956790735010e-01
2.213535021571067407e+00
-8.368310134441748760e-01
1.098316979089915657e+00
-1.929441667247243086e-01
-1.079113308631256096e+00
-1.335365148847127703e-01
-1.021112462532838966e-01
8.646036145191651201e-01
3.401911880023146262e-01
-2.626088463286549435e-02
-5.999706989792618489e-02
-2.627529712068955858e-02
1.379310255113677774e+00
-1.214755791120538664e+00
1.008328783956563557e-01
1.459019078369598876e+00
-7.452231941033268248e-01
-5.677158387126656214e-01
8.241557922845355044e-01
6.195481904944994955e-01
7.254980176605028974e-02
8.877068816731964462e-01
-1.057669592674233217e+00
-9.368450453282615165e-01
1.983352820912982262e+00
-3.381194594903664252e-01
2.602349918843525067e-01
-1.508419100038030092e-01
-7.209001800238276081e-01
8.869960880159128980e-01
-3.013714917898587670e-02
-2.882666045732091842e-01
1.640201544131973055e+00
