2.442000000000000171e+00
2.701999999999999957e+00
3.593999999999999861e+00
2.919000000000000039e+00
2.556999999999999940e+00
2.637999999999999901e+00
2.777000000000000135e+00
2.680000000000000160e+00
2.751999999999999780e+00
2.948999999999999844e+00
2.669000000000000039e+00
2.781000000000000139e+00
2.278999999999999915e+00
3.055000000000000160e+00
2.418000000000000149e+00
2.943000000000000060e+00
2.573999999999999844e+00
2.811999999999999833e+00
2.920999999999999819e+00
2.116000000000000103e+00
2.682999999999999829e+00
2.326999999999999957e+00
2.907000000000000028e+00
2.464999999999999858e+00
2.798999999999999932e+00
2.569999999999999840e+00
2.887999999999999901e+00
3.274000000000000021e+00
2.823999999999999844e+00
3.137000000000000011e+00
2.583000000000000185e+00
2.900999999999999801e+00
2.737999999999999989e+00
3.137000000000000011e+00
2.870999999999999996e+00
2.697999999999999954e+00
2.704000000000000181e+00
3.459000000000000075e+00
3.060000000000000053e+00
3.036999999999999922e+00
2.399999999999999911e+00
2.430000000000000160e+00
2.520000000000000018e+00
2.870999999999999996e+00
2.842999999999999972e+00
2.325000000000000178e+00
2.930000000000000160e+00
2.740000000000000213e+00
2.749000000000000110e+00
2.531000000000000139e+00
3.060000000000000053e+00
2.790999999999999925e+00
2.974000000000000199e+00
2.564000000000000057e+00
2.681999999999999940e+00
2.585999999999999854e+00
2.717000000000000082e+00
2.980999999999999872e+00
3.028999999999999915e+00
2.968999999999999861e+00
2.745000000000000107e+00
3.149999999999999911e+00
2.903000000000000025e+00
2.552999999999999936e+00
2.762999999999999901e+00
2.661000000000000032e+00
2.690999999999999837e+00
2.443000000000000060e+00
2.911999999999999922e+00
2.528000000000000025e+00
2.697999999999999954e+00
3.100999999999999979e+00
2.311999999999999833e+00
3.032000000000000028e+00
2.668000000000000149e+00
2.813000000000000167e+00
3.165000000000000036e+00
2.318000000000000060e+00
2.491999999999999993e+00
3.255999999999999783e+00
3.371999999999999886e+00
2.592999999999999972e+00
2.939999999999999947e+00
2.632000000000000117e+00
3.169999999999999929e+00
3.347999999999999865e+00
3.125999999999999890e+00
2.702999999999999847e+00
2.641999999999999904e+00
3.076999999999999957e+00
2.959000000000000075e+00
2.904999999999999805e+00
2.721000000000000085e+00
2.431999999999999940e+00
2.584000000000000075e+00
2.916999999999999815e+00
2.770000000000000018e+00
2.850000000000000089e+00
2.682999999999999829e+00
2.584000000000000075e+00
2.874000000000000110e+00
2.575000000000000178e+00
2.569999999999999840e+00
2.701999999999999957e+00
2.411000000000000032e+00
3.290000000000000036e+00
2.765000000000000124e+00
2.391000000000000014e+00
2.669999999999999929e+00
2.138999999999999790e+00
3.055000000000000160e+00
2.693999999999999950e+00
2.825000000000000178e+00
2.536999999999999922e+00
2.811999999999999833e+00
3.202999999999999847e+00
2.564999999999999947e+00
2.704000000000000181e+00
2.266000000000000014e+00
2.750000000000000000e+00
3.028000000000000025e+00
2.669999999999999929e+00
2.709999999999999964e+00
2.958000000000000185e+00
3.057999999999999829e+00
2.629000000000000004e+00
2.415000000000000036e+00
2.608999999999999986e+00
2.615000000000000213e+00
3.076000000000000068e+00
2.730999999999999872e+00
2.938000000000000167e+00
2.745999999999999996e+00
2.726999999999999869e+00
2.575000000000000178e+00
2.835999999999999854e+00
2.903999999999999915e+00
2.879999999999999893e+00
2.162999999999999812e+00
2.619000000000000217e+00
3.083000000000000185e+00
3.234999999999999876e+00
2.318999999999999950e+00
2.480999999999999872e+00
2.584000000000000075e+00
2.556999999999999940e+00
2.798000000000000043e+00
3.475000000000000089e+00
2.871999999999999886e+00
2.633000000000000007e+00
2.974000000000000199e+00
3.093999999999999861e+00
2.734999999999999876e+00
2.988999999999999879e+00
2.520999999999999908e+00
2.704000000000000181e+00
2.290000000000000036e+00
2.994000000000000217e+00
2.232000000000000206e+00
2.857000000000000206e+00
3.016000000000000014e+00
2.527000000000000135e+00
2.749000000000000110e+00
2.669999999999999929e+00
2.821000000000000174e+00
2.988999999999999879e+00
3.250000000000000000e+00
2.830000000000000071e+00
2.729000000000000092e+00
2.448999999999999844e+00
2.527000000000000135e+00
3.307999999999999829e+00
3.099000000000000199e+00
3.112999999999999989e+00
2.686999999999999833e+00
2.459999999999999964e+00
2.512999999999999901e+00
2.589999999999999858e+00
2.641999999999999904e+00
3.435999999999999943e+00
3.174999999999999822e+00
2.648000000000000131e+00
3.315999999999999837e+00
2.592999999999999972e+00
2.704000000000000181e+00
2.883999999999999897e+00
2.767999999999999794e+00
2.767999999999999794e+00
2.930000000000000160e+00
3.021999999999999797e+00
2.769000000000000128e+00
2.383000000000000007e+00
2.749000000000000110e+00
2.938000000000000167e+00
2.803999999999999826e+00
3.289000000000000146e+00
2.112000000000000099e+00
2.766999999999999904e+00
2.528999999999999915e+00
2.705999999999999961e+00
2.821000000000000174e+00
3.208000000000000185e+00
2.646999999999999797e+00
2.870999999999999996e+00
2.349000000000000199e+00
2.483999999999999986e+00
3.060999999999999943e+00
2.674999999999999822e+00
2.919999999999999929e+00
2.214999999999999858e+00
2.919999999999999929e+00
2.630999999999999783e+00
2.757000000000000117e+00
2.440999999999999837e+00
2.984999999999999876e+00
2.822999999999999954e+00
2.681999999999999940e+00
2.947999999999999954e+00
3.100999999999999979e+00
2.673000000000000043e+00
2.366000000000000103e+00
2.515000000000000124e+00
2.583000000000000185e+00
2.345000000000000195e+00
2.705000000000000071e+00
3.048000000000000043e+00
2.605999999999999872e+00
3.031000000000000139e+00
2.625999999999999890e+00
2.869000000000000217e+00
3.150999999999999801e+00
2.835999999999999854e+00
2.464999999999999858e+00
2.850000000000000089e+00
2.718999999999999861e+00
2.658999999999999808e+00
2.516000000000000014e+00
2.333000000000000185e+00
2.920999999999999819e+00
2.827999999999999847e+00
2.519000000000000128e+00
2.825000000000000178e+00
2.702999999999999847e+00
2.697000000000000064e+00
2.616999999999999993e+00
2.717999999999999972e+00
2.882000000000000117e+00
2.819999999999999840e+00
2.846000000000000085e+00
2.321000000000000174e+00
2.387999999999999901e+00
2.661999999999999922e+00
2.741000000000000103e+00
2.630999999999999783e+00
3.281000000000000139e+00
2.615000000000000213e+00
2.680000000000000160e+00
2.749000000000000110e+00
2.636000000000000121e+00
2.564999999999999947e+00
2.984999999999999876e+00
3.213999999999999968e+00
2.782999999999999918e+00
2.883999999999999897e+00
3.033999999999999808e+00
2.283999999999999808e+00
2.912999999999999812e+00
3.208000000000000185e+00
2.902000000000000135e+00
2.907000000000000028e+00
2.682999999999999829e+00
2.479000000000000092e+00
3.004999999999999893e+00
3.076999999999999957e+00
2.865000000000000213e+00
3.049999999999999822e+00
2.658999999999999808e+00
3.060000000000000053e+00
2.915000000000000036e+00
3.439000000000000057e+00
2.781000000000000139e+00
2.774000000000000021e+00
2.749000000000000110e+00
2.496999999999999886e+00
2.721000000000000085e+00
2.697999999999999954e+00
2.738999999999999879e+00
2.825000000000000178e+00
2.527000000000000135e+00
2.842000000000000082e+00
2.592000000000000082e+00
2.612000000000000099e+00
2.511000000000000121e+00
3.281000000000000139e+00
2.806000000000000050e+00
2.241999999999999993e+00
2.512999999999999901e+00
3.088999999999999968e+00
2.567000000000000171e+00
2.657999999999999918e+00
2.740000000000000213e+00
2.898000000000000131e+00
2.391000000000000014e+00
2.810000000000000053e+00
2.448999999999999844e+00
2.411000000000000032e+00
2.827999999999999847e+00
2.912999999999999812e+00
2.998000000000000220e+00
2.798999999999999932e+00
3.141000000000000014e+00
2.834000000000000075e+00
2.826000000000000068e+00
3.072000000000000064e+00
2.928999999999999826e+00
3.061999999999999833e+00
2.575000000000000178e+00
2.483999999999999986e+00
2.652000000000000135e+00
2.891000000000000014e+00
2.863999999999999879e+00
2.967000000000000082e+00
2.724000000000000199e+00
2.815999999999999837e+00
2.741000000000000103e+00
2.625000000000000000e+00
3.142999999999999794e+00
2.362999999999999989e+00
2.580999999999999961e+00
2.470000000000000195e+00
2.826000000000000068e+00
2.779999999999999805e+00
2.553999999999999826e+00
2.555000000000000160e+00
3.088999999999999968e+00
2.612999999999999989e+00
3.248000000000000220e+00
3.075000000000000178e+00
2.825000000000000178e+00
2.954000000000000181e+00
2.911999999999999922e+00
2.959000000000000075e+00
2.689000000000000057e+00
2.604000000000000092e+00
3.263999999999999790e+00
3.004999999999999893e+00
2.693999999999999950e+00
2.597999999999999865e+00
2.472999999999999865e+00
2.915000000000000036e+00
2.375999999999999890e+00
2.626999999999999780e+00
2.641999999999999904e+00
2.870000000000000107e+00
2.907999999999999918e+00
2.508999999999999897e+00
2.923999999999999932e+00
3.266999999999999904e+00
3.166999999999999815e+00
3.213000000000000078e+00
2.564000000000000057e+00
2.730999999999999872e+00
3.123000000000000220e+00
2.924999999999999822e+00
2.741999999999999993e+00
2.762000000000000011e+00
2.576000000000000068e+00
2.313000000000000167e+00
2.810000000000000053e+00
3.145000000000000018e+00
2.479999999999999982e+00
2.931000000000000050e+00
2.677000000000000046e+00
2.803999999999999826e+00
2.798999999999999932e+00
2.726999999999999869e+00
2.750999999999999890e+00
2.544000000000000039e+00
3.004000000000000004e+00
3.055000000000000160e+00
3.217999999999999972e+00
3.019000000000000128e+00
2.596000000000000085e+00
2.629999999999999893e+00
2.636000000000000121e+00
2.363999999999999879e+00
2.672000000000000153e+00
2.924999999999999822e+00
2.908999999999999808e+00
3.279999999999999805e+00
2.325000000000000178e+00
2.431999999999999940e+00
2.696000000000000174e+00
2.601999999999999869e+00
2.866000000000000103e+00
2.846000000000000085e+00
3.532999999999999918e+00
2.870000000000000107e+00
2.716000000000000192e+00
3.005999999999999783e+00
2.589999999999999858e+00
2.717000000000000082e+00
2.692000000000000171e+00
2.847999999999999865e+00
2.882000000000000117e+00
2.705999999999999961e+00
2.903000000000000025e+00
3.217999999999999972e+00
2.575000000000000178e+00
2.966000000000000192e+00
2.837000000000000188e+00
2.826999999999999957e+00
2.709000000000000075e+00
3.056000000000000050e+00
2.515000000000000124e+00
3.346999999999999975e+00
2.809000000000000163e+00
3.088999999999999968e+00
2.528999999999999915e+00
2.636000000000000121e+00
2.851999999999999869e+00
2.939999999999999947e+00
3.016000000000000014e+00
2.500000000000000000e+00
3.052000000000000046e+00
3.338000000000000078e+00
2.706999999999999851e+00
2.891000000000000014e+00
2.903000000000000025e+00
2.810999999999999943e+00
2.572999999999999954e+00
2.520000000000000018e+00
2.959999999999999964e+00
2.516000000000000014e+00
2.222999999999999865e+00
2.520000000000000018e+00
