9.716191010305820441e+00
1.065031681481963943e+01
1.256086925608849825e+01
1.011534570259469845e+01
1.267623335705352794e+01
1.049497005551479134e+01
9.351244347887526231e+00
1.011382521006036939e+01
9.878927311574532411e+00
1.023673837558661148e+01
1.007480272058405646e+01
1.065031681481963943e+01
9.385440983205098675e+00
1.033828107026934262e+01
1.021735836025947819e+01
1.015692512821907378e+01
1.014267975125527776e+01
9.383781051045554378e+00
1.065969873369979126e+01
9.472775400122101175e+00
1.004396583524089337e+01
9.383781051045554378e+00
1.268948475264064335e+01
9.799097885252470164e+00
1.047459055210929080e+01
1.010856185041588695e+01
1.047261734101102348e+01
1.252038542866376325e+01
1.004500902125451844e+01
1.256086925608849825e+01
9.394973787504280693e+00
1.059297394271323078e+01
1.049497005551479134e+01
1.241395659721358591e+01
1.242713797562589129e+01
1.007480272058405646e+01
1.065969873369979126e+01
1.279674822151291025e+01
1.281031182303829752e+01
9.692698409357918266e+00
1.011995038285254722e+01
1.035709497728881878e+01
9.472775400122101175e+00
1.256086925608849825e+01
1.020121329241288599e+01
1.001571336277332946e+01
1.279674822151291025e+01
1.059297394271323078e+01
9.621254331653171121e+00
1.047261734101102348e+01
1.049497005551479134e+01
1.035709497728881878e+01
9.746734380757725802e+00
1.248021328511396355e+01
9.621254331653171121e+00
9.351244347887526231e+00
9.861409291164086710e+00
9.928213543837523858e+00
1.047459055210929080e+01
1.049031969940761755e+01
1.011781213818664682e+01
9.659202259947436531e+00
1.022211871744879552e+01
1.003497685067688217e+01
9.595328811307259897e+00
9.928134082150647188e+00
1.049899132400320489e+01
9.176377651409509895e+00
1.088619578024404966e+01
9.878927311574532411e+00
1.023673837558661148e+01
1.042381976827537926e+01
1.059198975735845671e+01
1.021122059938401350e+01
1.031239959596292088e+01
1.072492041187346246e+01
1.275626439408817525e+01
1.004576708177662248e+01
9.595328811307259897e+00
1.026661902128595649e+01
1.047459055210929080e+01
1.005111544551842329e+01
9.877440557684751710e+00
9.166734707310451924e+00
9.782703734321350098e+00
1.267623335705352794e+01
1.252038542866376325e+01
9.602567837834392606e+00
1.261050223301700512e+01
1.016874795558819145e+01
1.248021328511396355e+01
9.342932048086435515e+00
1.065537606169486295e+01
9.637110156565046992e+00
1.058339956919028779e+01
1.056286505294064959e+01
1.023673837558661148e+01
1.049497005551479134e+01
9.398778538783233216e+00
1.017144873861949961e+01
1.035709497728881878e+01
9.561824308715440424e+00
9.366345199946536582e+00
1.003390588486473334e+01
1.040596742488198956e+01
1.265653482630357196e+01
1.065969873369979126e+01
9.232907778259352938e+00
1.015463112869490736e+01
1.049497005551479134e+01
1.241395659721358591e+01
9.782984942298748265e+00
1.029478357137720224e+01
1.021373419420458717e+01
1.035709497728881878e+01
1.282390982407719449e+01
9.999284369390059268e+00
9.878927311574532411e+00
9.936209683188074848e+00
1.027840932207072910e+01
9.747586392262107324e+00
1.283754216662256198e+01
9.741052689461879410e+00
1.020689661545522853e+01
1.004975483065316766e+01
9.975975415242471556e+00
9.305637318596579277e+00
9.857063256598111778e+00
1.035709497728881878e+01
1.279674822151291025e+01
1.024069026168464092e+01
9.911478006205578950e+00
9.909483086963451370e+00
1.049497005551479134e+01
1.027984480066530359e+01
9.336860258581461736e+00
1.049497005551479134e+01
1.047459055210929080e+01
9.764891545685523866e+00
1.042381976827537926e+01
1.015904302628936229e+01
1.120715734767182781e+01
9.509125610135496842e+00
9.809944079386548665e+00
1.034000640190868303e+01
1.281031182303829752e+01
1.032698608751623937e+01
1.008767538961304844e+01
9.828926457266947025e+00
1.011480627699894264e+01
9.829839193186085566e+00
1.080636737213319876e+01
1.041524343844434952e+01
1.263668927982365453e+01
9.281569995970235354e+00
9.252960518589739891e+00
9.281483776272883901e+00
1.018243171179132034e+01
9.317887974063037149e+00
1.059297394271323078e+01
1.073084902093920157e+01
1.018279669699736445e+01
1.261532982724295060e+01
1.007480272058405646e+01
1.080636737213319876e+01
1.276972444903081083e+01
1.047998170030568410e+01
1.001858269974576210e+01
1.016874795558819145e+01
1.022679315137878220e+01
9.316239258289321867e+00
1.254734011208365629e+01
1.059297394271323078e+01
1.053066253680161424e+01
9.787662178288082160e+00
9.316239258289321867e+00
1.055052788381761530e+01
1.023362108675092408e+01
1.276972444903081083e+01
1.281031182303829752e+01
1.245360578721623135e+01
9.585577186168604769e+00
1.270277106980460324e+01
1.007480272058405646e+01
1.031068168600846668e+01
9.968946809882517357e+00
1.019110067009195930e+01
9.561824308715440424e+00
1.264983556263799791e+01
1.032245208516859414e+01
9.675069105888921328e+00
1.029478357137720224e+01
1.063354995081459542e+01
9.999284369390059268e+00
9.590887433619450064e+00
1.286490964420455363e+01
9.503680089633791184e+00
1.032698608751623937e+01
1.026661902128595649e+01
1.029478357137720224e+01
1.014197360991679098e+01
1.289241379172798041e+01
1.004469785596646147e+01
9.715275999685587749e+00
9.580635480983932695e+00
1.032530848559808412e+01
9.976931654886291412e+00
1.029478357137720224e+01
1.047459055210929080e+01
1.049497005551479134e+01
9.611637182759588782e+00
1.057048840670878853e+01
1.049464512275982742e+01
9.383781051045554378e+00
1.254734011208365629e+01
9.517362741697295903e+00
1.065969873369979126e+01
1.074781709924354978e+01
1.258803085865278248e+01
1.012126843071768967e+01
1.016874795558819145e+01
9.863848194652833357e+00
9.416587031648727901e+00
1.010834061462227496e+01
1.029478357137720224e+01
9.279349093710006713e+00
1.065969873369979126e+01
9.394973787504280693e+00
1.007480272058405646e+01
1.073084902093920157e+01
9.878927311574532411e+00
1.000481129626022891e+01
1.053066253680161424e+01
1.053066253680161424e+01
9.899226012873095115e+00
9.590557323438575921e+00
9.895257742790228406e+00
1.049497005551479134e+01
1.023871158668487880e+01
1.011995038285254722e+01
9.395397890265130059e+00
1.039051009411931759e+01
1.001858269974576210e+01
9.698481353846991837e+00
9.305637318596579277e+00
1.080636737213319876e+01
1.282390982407719449e+01
1.035709497728881878e+01
1.057048840670878853e+01
1.008337942122822284e+01
1.049497005551479134e+01
1.004043547524663182e+01
1.001858269974576210e+01
9.878927311574532411e+00
1.262357815061431054e+01
9.570700063742387798e+00
9.221655260511317564e+00
1.245360578721623135e+01
1.072106942672971286e+01
9.231240945832391631e+00
1.241395659721358591e+01
1.097027623823402287e+01
1.057048840670878853e+01
1.008122891254033249e+01
9.936820876261808877e+00
9.980621194376833927e+00
1.281031182303829752e+01
1.272944823683491933e+01
9.933140440362867807e+00
1.286490964420455363e+01
9.477209323563625887e+00
1.029478357137720224e+01
1.264983556263799791e+01
1.004663316893670633e+01
1.016874795558819145e+01
1.019377893045909644e+01
9.741052689461879410e+00
9.980290188271704110e+00
1.049497005551479134e+01
1.271609225053837378e+01
9.506662204207332323e+00
9.764891545685523866e+00
9.984923962074930159e+00
9.882832787570693611e+00
9.745004575559908844e+00
9.741052689461879410e+00
9.517362741697295903e+00
1.047459055210929080e+01
1.137177915288347840e+01
9.905860829333756001e+00
9.472775400122101175e+00
9.863980069243520887e+00
1.023871158668487880e+01
1.275626439408817525e+01
9.267801124209379182e+00
1.013279584268977906e+01
9.900956389884097320e+00
1.250696000526278873e+01
9.286084796587466883e+00
1.035709497728881878e+01
1.009723515467566202e+01
9.922989976297042602e+00
9.816493885880365866e+00
1.276972444903081083e+01
9.727067442531907915e+00
9.485449354649043485e+00
1.019110067009195930e+01
1.035709497728881878e+01
9.465107826117396428e+00
9.294073999496525573e+00
1.283754216662256198e+01
9.867680465243861221e+00
9.782984942298748265e+00
1.029478357137720224e+01
1.105596216632487305e+01
9.999284369390059268e+00
1.019259236486048259e+01
9.316239258289321867e+00
1.016401304757505919e+01
1.003497685067688217e+01
1.053066253680161424e+01
1.035709497728881878e+01
1.057249670571036937e+01
1.011995038285254722e+01
1.005322559186598674e+01
9.440523997063342776e+00
9.782703734321350098e+00
9.783910708816732082e+00
1.001858269974576210e+01
1.042381976827537926e+01
1.059297394271323078e+01
9.828926457266947025e+00
1.016401304757505919e+01
1.007480272058405646e+01
9.862387014346392533e+00
9.305637318596579277e+00
1.088619578024404966e+01
9.867680465243861221e+00
1.011995038285254722e+01
9.928134082150647188e+00
1.016199413331772128e+01
1.236158261961436011e+01
9.976931654886291412e+00
1.035709497728881878e+01
1.271609225053837378e+01
1.282390982407719449e+01
9.252960518589739891e+00
9.861409291164086710e+00
9.879466737170286450e+00
1.031068168600846668e+01
9.383781051045554378e+00
1.036841285029701432e+01
1.058553938731794908e+01
1.008657311974418214e+01
1.067586714184645125e+01
1.000481129626022891e+01
1.065279661956459556e+01
1.276972444903081083e+01
1.006480542269135725e+01
1.013279584268977906e+01
1.232267287346448903e+01
9.517362741697295903e+00
1.023673837558661148e+01
1.246689210438019302e+01
9.619660016469966379e+00
9.697021254736558404e+00
9.345405839485186661e+00
9.872989121989457217e+00
1.261050223301700512e+01
9.973703811697193444e+00
9.548280149116161297e+00
1.039051009411931759e+01
1.035709497728881878e+01
9.999284369390059268e+00
9.243338887117484859e+00
1.055007612152536645e+01
1.066381309683101719e+01
1.057048840670878853e+01
9.231240945832391631e+00
1.256086925608849825e+01
1.031248921297096643e+01
1.049497005551479134e+01
9.552118223713733869e+00
1.022936325311467876e+01
9.741052689461879410e+00
1.023871158668487880e+01
1.015463112869490736e+01
1.000481129626022891e+01
1.042381976827537926e+01
1.261532982724295060e+01
9.300664986743344187e+00
9.616040185320096967e+00
9.741052689461879410e+00
1.049497005551479134e+01
9.942969625185162030e+00
9.659202259947436531e+00
1.272944823683491933e+01
1.029478357137720224e+01
1.020888306475419682e+01
1.256086925608849825e+01
9.430623889272615301e+00
1.272944823683491933e+01
1.057048840670878853e+01
1.014951115047247754e+01
1.264983556263799791e+01
1.041867566242177467e+01
1.255855183888889925e+01
1.005322559186598674e+01
9.198107698306349889e+00
1.253384548360639883e+01
1.039051009411931759e+01
1.015463112869490736e+01
9.917581230905062384e+00
1.013281825150441406e+01
1.080636737213319876e+01
1.246689210438019302e+01
1.024352527482155217e+01
1.265653482630357196e+01
1.073084902093920334e+01
1.056286505294064959e+01
1.011668548874697926e+01
9.872989121989457217e+00
1.283754216662256198e+01
9.236896434697690950e+00
1.270277106980460324e+01
1.254734011208365629e+01
1.105855073906538344e+01
9.934360319271403839e+00
1.268948475264064335e+01
1.055222097060407727e+01
1.042753567556646033e+01
9.578811013510847516e+00
1.019110067009195930e+01
1.007480272058405646e+01
1.045867897715314143e+01
9.556497742087861624e+00
