-7.176475719536811182e-01
-7.449774911698227031e-01
2.178035214236591077e+00
1.086003086878277957e+00
-2.978310944259720650e+00
-9.402866775773368602e-01
8.265066450160016842e-01
-2.288708254786370466e-01
2.710123086520984104e-01
1.134687294612854114e+00
-2.520781255493251827e-01
-2.925838857672538595e-01
-1.304187279656139342e+00
1.008122491040929658e+00
-1.119741423960539883e+00
7.173059483213851673e-01
-5.575750755987759488e-01
9.849237855059679303e-01
5.165364667219558559e-01
-1.941948194469432343e+00
-2.051755420852538481e-01
-1.143933015990779234e+00
-1.388298625906814632e+00
-9.133565560958498697e-01
-6.725458980412777135e-04
-5.489009854126649657e-01
5.212549769211809458e-01
5.530121373087446557e-01
3.653065993472046080e-01
-1.659553528587825455e-01
-5.368712133667270792e-02
4.694242191224253791e-01
-3.738154533013564595e-01
-4.034434937217805384e-02
-1.333866841801165215e+00
-1.216540897271782135e-01
-7.436322502945004187e-01
1.265917616104398347e+00
-7.567912923500920153e-01
1.731074552225074115e+00
-1.369222360232045910e+00
-1.933559793275730021e+00
-3.734803647794437964e-01
-1.448207705720585770e+00
3.313749762451544401e-01
-1.287113744932095072e+00
-1.370870562253456049e+00
-4.670280562241690969e-01
4.799188822536070709e-01
-1.509571637445291659e+00
1.527345406498161084e+00
7.832730346566199597e-02
1.094778723037602486e+00
-2.779803571955333563e+00
1.855535621331699525e-01
-6.814798293107026013e-03
1.453059243476877149e-01
1.276793172267397303e+00
1.081575143757147917e+00
5.956380093814538368e-01
4.182261002854788245e-02
2.291942063782080208e+00
5.314076024525462572e-01
-7.321578242438907536e-01
5.803715995233447167e-01
-1.634544759589009744e-01
-3.911856929793953164e-01
-4.649831402497966448e-01
2.213353714846800213e-01
-6.635880510518401554e-01
-3.260250702224516406e-01
1.853630909164784013e+00
-1.701010207097190197e+00
1.005822110568812322e+00
-3.492677102030056768e-01
-1.132583279073824944e-01
-1.944545861966633093e-01
-1.691764130388279552e+00
-6.242081028357769901e-01
2.219992310030845850e+00
2.780529032746751561e+00
-5.532928751905172859e-01
8.872826797460505732e-01
3.428532143533339349e-01
2.204754339627846615e+00
7.960192596869664072e-01
-1.855929510731779697e-01
2.824077456056373614e-01
-2.543647813131282298e+00
1.472463914686793274e+00
-9.619506693362284144e-01
1.359918576018893210e+00
-3.890273087998443180e-01
-9.169926059961293063e-01
-8.091282140977229531e-01
4.738002684908215190e-01
8.566288795886690954e-02
2.742709574596936539e-01
3.731566268317548785e-01
-6.909163301327664319e-01
5.622348843485345249e-01
-2.191976948158712857e-01
-8.756615265399828041e-02
-5.251912472390487391e-02
-1.264389281654497044e+00
5.175671323714462480e-01
-3.948052207043584172e-01
-7.258019879988109047e-01
-3.153376811817511505e-01
-3.587482832829202994e+00
-4.422446555878688512e-01
1.047744983943232067e-01
3.421555582089124137e-01
-7.270143753179781898e-01
2.000247641755092121e-01
-6.316496712560021320e-02
-6.492937298234239263e-01
6.707812363861548333e-02
-2.346294182213759960e+00
-4.469989080038395957e-02
1.291079999831059366e+00
-2.611611363893076909e+00
2.157680991976649865e-01
7.391551643279862249e-01
1.205811620367658543e+00
-3.246951430759252299e-01
-6.627942122081424969e-01
-3.248156489061053143e-01
-9.216881160061598521e-01
-6.671634283403308219e-01
-1.422954215580709836e-01
1.092511240355109825e+00
1.800585429164985318e-01
-4.366937149446368793e-01
-1.061431461031811629e+00
1.102312465063207680e+00
5.918110335270385658e-01
3.751082418883599501e-01
-2.072831688519954696e+00
-9.706169480477914169e-01
1.562775355814001621e+00
1.119278388301318428e+00
-1.283529559720306468e+00
-6.508080035751090398e-01
-6.516815303040497387e-01
-3.092948653407924464e+00
1.199852222321808604e-01
2.773339842794292132e+00
8.291347400589919037e-01
-4.183317882913409891e-01
1.325467023498473340e+00
1.402238295208195540e+00
-1.852580867608172310e-01
-9.519046992686593933e-01
-2.254943638799355443e-01
5.643852492790820685e-01
-1.133025495304230690e+00
8.856157177943936309e-01
-1.434941454679377282e+00
2.105887820539430189e-01
1.008865343387775226e+00
-1.221978078283957103e+00
-2.061751313823396270e+00
-2.475936692678084028e-01
-2.274512778979960459e-01
-1.065650384841944742e+00
1.646723526152207961e+00
4.956390880435544988e-01
-5.720406537262877344e-02
-1.259024981963647427e+00
-2.206272175277968206e-01
7.022703941209348377e-01
1.660736188463140417e+00
1.813135736435737222e+00
7.032349032636001085e-02
-4.915320850811756848e-01
-1.024443972497798949e+00
-5.627040190046027623e-01
-2.679783544960109509e+00
1.134767168426940698e+00
1.139703532422212950e-01
6.709366640257034831e-02
6.100596615063802464e-01
-5.901783596578579205e-01
-2.947447633190766747e-01
1.035571088291958430e+00
9.141794610304192215e-02
5.913543996287018434e-01
-1.245259558766851571e+00
1.481226428845262566e+00
4.117351740875961896e-01
-2.117506832936643324e+00
-2.779083862158421292e-01
1.051137988613145113e+00
7.722813841010239821e-01
3.343391712591576859e-01
-1.981263041675146441e+00
-2.223958564514296951e-02
-9.675199681189630141e-01
-3.425643633470732974e-01
3.717954898658158425e-01
-9.675925970642744456e-02
-2.477045344749516931e-01
7.450737896353494261e-01
-1.183391077411084069e+00
-9.743352292361672218e-01
1.658157742166280979e+00
-5.182627490367094358e-01
5.628410195105082447e-01
-3.204280287077447831e+00
1.257029192758600811e+00
-1.060151091165045800e+00
-1.602388599566836880e-01
-6.636341378773527033e-01
-8.947345144229140734e-01
8.635134276027114364e-01
-8.683852663821798323e-01
3.531100109385715280e-01
-3.663403107685899718e-01
-2.085329114101421022e-01
-1.542067372561806371e+00
-5.736287959769312828e-01
-7.085803270401390408e-02
-1.634243872074629511e+00
-3.482494278201135329e-01
2.122966051999560122e+00
-1.295012133744713134e+00
1.879266910128287726e+00
-4.440326220575966931e-01
1.337256848108989427e-01
2.040796204798414060e+00
7.159297797699372135e-01
-1.930631421439791939e+00
2.361543686131234443e-01
1.186722190050069348e-01
1.107103388242213909e-01
-5.906387945215509916e-01
-2.594787523105064775e+00
7.677242190655616527e-01
4.064374559102573170e-01
-3.276798321043314921e-01
1.906586071720430264e-01
-4.810044990799425269e-02
1.875017848323233816e-01
1.579692928694060028e-01
-8.205822434979709312e-01
-1.621325414744714033e+00
2.465174303023315028e-01
1.702325834064808141e-01
-1.343549611903400720e+00
-2.304769958726499368e+00
-1.938302806469334449e-01
1.131522230007455526e-01
-2.392661782249022873e-01
5.001768101551760104e-01
-6.091655206235704889e-02
5.059521094886963999e-01
-1.923476510881054313e+00
-7.226218039252183534e-01
2.410432048714398513e-03
-7.806909916951318973e-01
1.969299340817136423e+00
-1.957879824820476788e-01
5.546558525821507768e-01
1.462298125387847092e+00
-1.774443597759032265e+00
-1.463180849927952609e+00
4.257704419436835613e-02
7.147631776603533549e-01
-1.538287720343076481e+00
3.085582400633483102e-01
-1.603003432472001277e+00
-8.861087487232368609e-01
1.277930996372437011e+00
5.285865248762254831e-01
1.379173169180114567e+00
-1.364472551238061875e-02
1.258114799616868895e+00
6.568954574815586422e-01
1.230894587775283489e+00
7.162979579760433424e-01
4.724720857469082991e-01
1.416761571386379870e-01
-6.453343664623436560e-01
2.622094457713148308e-01
1.615729796792861328e-01
5.028348442112114958e-01
1.193062191863896865e-01
-1.509335191050658942e+00
6.606770551101676103e-01
-7.835693839393555182e-02
-3.176150217360841910e-01
-1.087989287500574775e+00
3.867294576992454935e-01
9.883036337445997299e-01
-2.679595474201220018e+00
-7.421015327498817760e-01
-3.558290804589355205e-01
-3.424362417903559219e-02
-6.806829276517277760e-01
3.778593557251230112e-02
9.275115617844409410e-01
-1.206464284038919255e+00
-1.911960551029608490e+00
-7.018832667970065220e-01
-8.516984490161610966e-01
3.499112228383614021e-01
7.922909507530796480e-01
1.736963118610495904e+00
9.372464735630208210e-01
-3.827583188925764990e-01
6.561124417790324959e-01
6.899151688156013318e-01
1.814198294597321404e+00
8.530823052375569038e-02
1.644023671327490277e+00
-5.865118158259917669e-01
-3.949534697527048444e-01
-4.038779452035232143e-01
7.996581330976715307e-01
3.181651244298067671e-01
1.113628674589904000e+00
-3.250474221045823175e-01
3.544953396674694890e-01
8.562974529544620239e-02
8.978560865322121609e-02
2.080481223966683668e+00
-1.293939419939533098e+00
-5.573648041874703640e-01
-1.789513387980405712e+00
2.953549513567854667e-02
4.306064532842122650e-01
-8.372845325251249138e-01
-7.572018538398044285e-01
1.835390305053083315e+00
1.413659080277847035e-01
2.272148261960617255e+00
1.765094140851517057e+00
3.934405520816207646e-01
1.187262107736428485e+00
6.025452644296016569e-01
-8.605209011201585545e-01
-7.915812588261413041e-02
-9.829922026137264401e-01
3.351894305640790162e-01
-1.034943048149975509e+00
5.221479047008830143e-01
-3.870105525996058726e-01
-1.191963989878550123e+00
6.783931599066430618e-01
-9.390445691125589578e-01
-5.250181579991696212e-01
-6.145688713996506625e-01
8.276305079466695913e-01
2.557925186364248260e-01
-1.130265798467452010e+00
3.281312467598686000e-01
3.044725279126462847e-01
1.966798300046716852e+00
2.857410616668318415e+00
-2.645105790644110666e+00
4.687977548110483506e-01
2.188477643049936638e+00
-1.112608022539169017e+00
4.639502386342394535e-01
4.750918039910885793e-01
-4.472947821476519481e-02
-1.617189945394553519e+00
-1.775824819200781279e+00
1.577932980894694914e+00
-6.360238427165062491e-01
6.860686627223799849e-01
-5.735043937249594270e-01
4.257074320807878731e-01
1.013449963293614475e+00
-3.001709504022047614e-01
-2.905356213043944202e-01
-1.542748181643492922e+00
1.957433219487220377e+00
-5.678556590744733290e-01
1.633543172793306741e+00
1.278873078620667236e+00
-1.248620423039306371e-01
-4.249013239069416858e-01
-1.163182753118511131e-01
-1.714950786802480476e+00
-3.063659947936039352e-01
1.239628818515779329e+00
6.973606848839121186e-01
5.021702174663338347e-01
-1.081711612351925700e+00
-8.726408884062291094e-01
1.525533321598144809e-01
-1.141362165376428983e+00
7.384809253071997759e-01
8.818603959785573654e-01
1.711050195084637515e+00
6.052791361079045140e-01
-1.495583193343625605e-01
-8.052199066836113195e-01
-5.507969257124844392e-02
-2.305787497634530947e+00
-7.164797035925156710e-01
4.870430385905152870e-01
-1.472491115317975385e+00
-4.748707686580211917e-01
-1.295282821960565656e+00
2.212196662917689682e+00
7.232318616846074300e-02
-9.743164572231822751e-01
2.462387195741333468e-01
4.000846604510182591e-01
4.683499547511517369e-02
1.144714274139276844e+00
-1.953516750584238792e+00
9.698918665187494792e-01
1.840800276765120203e-01
-4.837162449221365512e-01
-1.796299232963801895e+00
-8.137249737546298212e-01
5.321268617505872101e-01
1.167770427754010409e+00
-9.935057976392296375e-01
-2.672458633667000316e-01
-7.037752467745260754e-01
8.551098159716739033e-01
-1.152517685221413624e+00
8.589862674210776428e-01
-1.407231069386847500e+00
-8.577296601113467908e-03
-7.451933936181430740e-01
-4.577216802946620366e-01
9.292213576184545909e-01
-9.272023910442096506e-01
-1.892797734419455535e+00
-4.561514863245136886e-01
