2.180500000000000000e+03
2.245900000000000091e+03
1.912200000000000045e+03
2.080400000000000091e+03
1.552700000000000045e+03
1.937099999999999909e+03
2.158599999999999909e+03
2.346099999999999909e+03
1.632599999999999909e+03
1.981799999999999955e+03
2.110400000000000091e+03
2.154500000000000000e+03
1.623099999999999909e+03
2.164000000000000000e+03
2.590199999999999818e+03
2.048800000000000182e+03
1.865200000000000045e+03
1.741400000000000091e+03
1.729299999999999955e+03
1.985200000000000045e+03
2.401000000000000000e+03
1.504299999999999955e+03
1.831200000000000045e+03
1.922200000000000045e+03
2.403099999999999909e+03
2.007799999999999955e+03
2.030500000000000000e+03
1.780200000000000045e+03
2.110800000000000182e+03
1.587400000000000091e+03
1.961700000000000045e+03
2.172900000000000091e+03
2.191900000000000091e+03
1.587400000000000091e+03
1.675000000000000000e+03
1.949799999999999955e+03
2.074800000000000182e+03
2.141699999999999818e+03
2.109800000000000182e+03
1.898099999999999909e+03
2.101199999999999818e+03
1.884000000000000000e+03
2.233699999999999818e+03
1.675000000000000000e+03
2.322199999999999818e+03
1.900400000000000091e+03
1.691799999999999955e+03
2.487500000000000000e+03
2.391500000000000000e+03
2.270099999999999909e+03
1.866000000000000000e+03
1.700299999999999955e+03
2.126599999999999909e+03
1.284200000000000045e+03
2.111900000000000091e+03
2.151800000000000182e+03
2.102400000000000091e+03
2.001200000000000045e+03
2.070099999999999909e+03
2.346599999999999909e+03
2.589400000000000091e+03
2.593400000000000091e+03
2.082099999999999909e+03
1.782400000000000091e+03
2.081099999999999909e+03
2.107500000000000000e+03
2.335099999999999909e+03
1.927700000000000045e+03
2.087500000000000000e+03
2.039400000000000091e+03
1.991299999999999955e+03
1.798000000000000000e+03
1.761700000000000045e+03
1.727299999999999955e+03
1.900400000000000091e+03
2.020900000000000091e+03
1.519299999999999955e+03
2.720500000000000000e+03
2.115500000000000000e+03
2.153900000000000091e+03
1.811700000000000045e+03
2.110699999999999818e+03
2.043200000000000045e+03
2.200500000000000000e+03
2.141400000000000091e+03
1.846799999999999955e+03
1.476400000000000091e+03
2.074599999999999909e+03
1.612099999999999909e+03
2.169400000000000091e+03
1.643400000000000091e+03
2.113400000000000091e+03
1.925299999999999955e+03
1.741299999999999955e+03
1.939799999999999955e+03
1.977000000000000000e+03
1.771000000000000000e+03
1.938900000000000091e+03
2.113599999999999909e+03
2.370099999999999909e+03
1.994500000000000000e+03
1.942400000000000091e+03
2.207400000000000091e+03
2.404099999999999909e+03
2.303000000000000000e+03
1.898400000000000091e+03
2.077199999999999818e+03
2.040599999999999909e+03
1.640900000000000091e+03
2.166199999999999818e+03
2.167099999999999909e+03
1.938799999999999955e+03
2.033400000000000091e+03
2.091500000000000000e+03
1.798400000000000091e+03
1.785700000000000045e+03
1.865599999999999909e+03
2.319800000000000182e+03
2.016500000000000000e+03
1.864000000000000000e+03
1.848000000000000000e+03
2.078000000000000000e+03
2.385300000000000182e+03
1.995900000000000091e+03
2.497199999999999818e+03
2.441699999999999818e+03
2.138800000000000182e+03
2.236500000000000000e+03
2.113000000000000000e+03
2.145300000000000182e+03
2.079199999999999818e+03
2.632800000000000182e+03
2.040700000000000045e+03
2.220800000000000182e+03
2.358400000000000091e+03
1.807599999999999909e+03
2.227500000000000000e+03
2.049900000000000091e+03
2.212099999999999909e+03
2.322800000000000182e+03
2.015799999999999955e+03
2.218699999999999818e+03
1.818099999999999909e+03
1.873000000000000000e+03
1.913900000000000091e+03
1.552700000000000045e+03
1.903700000000000045e+03
2.077599999999999909e+03
1.836900000000000091e+03
2.126400000000000091e+03
2.030099999999999909e+03
2.130000000000000000e+03
1.802000000000000000e+03
1.776200000000000045e+03
1.925099999999999909e+03
2.084500000000000000e+03
1.524099999999999909e+03
2.061500000000000000e+03
1.893700000000000045e+03
2.165800000000000182e+03
2.172099999999999909e+03
2.161900000000000091e+03
1.645299999999999955e+03
1.765599999999999909e+03
2.490400000000000091e+03
1.776200000000000045e+03
2.464500000000000000e+03
1.865099999999999909e+03
2.262699999999999818e+03
1.932599999999999909e+03
1.774500000000000000e+03
1.806200000000000045e+03
1.925700000000000045e+03
2.035000000000000000e+03
2.475800000000000182e+03
1.738500000000000000e+03
2.415400000000000091e+03
1.859799999999999955e+03
1.612099999999999909e+03
1.786099999999999909e+03
1.580400000000000091e+03
2.085000000000000000e+03
1.577400000000000091e+03
1.771799999999999955e+03
1.948700000000000045e+03
1.778000000000000000e+03
2.037000000000000000e+03
2.002400000000000091e+03
1.691799999999999955e+03
2.296199999999999818e+03
2.096300000000000182e+03
2.032500000000000000e+03
2.146400000000000091e+03
1.664099999999999909e+03
2.509699999999999818e+03
1.906799999999999955e+03
1.773900000000000091e+03
1.801000000000000000e+03
1.759799999999999955e+03
2.060199999999999818e+03
2.267800000000000182e+03
1.939700000000000045e+03
2.054099999999999909e+03
2.076900000000000091e+03
2.082400000000000091e+03
1.771400000000000091e+03
2.140400000000000091e+03
2.030799999999999955e+03
2.111300000000000182e+03
2.058000000000000000e+03
2.452099999999999909e+03
1.856000000000000000e+03
2.219199999999999818e+03
1.836799999999999955e+03
1.646000000000000000e+03
1.597299999999999955e+03
2.291900000000000091e+03
1.812299999999999955e+03
1.995299999999999955e+03
2.326400000000000091e+03
2.032099999999999909e+03
1.963500000000000000e+03
1.763299999999999955e+03
2.335900000000000091e+03
2.059099999999999909e+03
2.306900000000000091e+03
2.394099999999999909e+03
1.761900000000000091e+03
2.071300000000000182e+03
2.045400000000000091e+03
1.857500000000000000e+03
2.093800000000000182e+03
2.199500000000000000e+03
2.453300000000000182e+03
1.993599999999999909e+03
1.895599999999999909e+03
1.995400000000000091e+03
1.689599999999999909e+03
1.817900000000000091e+03
2.113800000000000182e+03
1.855700000000000045e+03
2.257199999999999818e+03
1.981000000000000000e+03
2.107400000000000091e+03
1.585299999999999955e+03
1.965099999999999909e+03
2.110900000000000091e+03
1.666400000000000091e+03
1.914500000000000000e+03
2.399199999999999818e+03
2.067300000000000182e+03
2.031000000000000000e+03
2.205699999999999818e+03
1.986599999999999909e+03
2.049500000000000000e+03
1.767700000000000045e+03
1.975700000000000045e+03
1.645299999999999955e+03
1.900000000000000000e+03
2.013400000000000091e+03
1.646000000000000000e+03
2.367199999999999818e+03
1.765299999999999955e+03
2.319300000000000182e+03
2.235000000000000000e+03
2.229500000000000000e+03
1.957200000000000045e+03
1.939700000000000045e+03
1.780599999999999909e+03
1.831200000000000045e+03
1.908400000000000091e+03
2.032000000000000000e+03
2.045599999999999909e+03
2.274199999999999818e+03
2.281800000000000182e+03
2.313800000000000182e+03
2.084199999999999818e+03
1.800900000000000091e+03
1.882400000000000091e+03
1.591599999999999909e+03
1.942599999999999909e+03
1.910500000000000000e+03
2.156400000000000091e+03
1.877299999999999955e+03
2.033799999999999955e+03
1.774500000000000000e+03
1.973900000000000091e+03
1.977500000000000000e+03
2.232500000000000000e+03
2.379599999999999909e+03
2.038799999999999955e+03
2.405500000000000000e+03
2.029400000000000091e+03
2.049500000000000000e+03
2.212099999999999909e+03
1.755500000000000000e+03
1.756599999999999909e+03
1.771400000000000091e+03
2.330199999999999818e+03
1.826500000000000000e+03
2.144900000000000091e+03
1.808299999999999955e+03
2.049900000000000091e+03
1.719000000000000000e+03
1.912000000000000000e+03
2.112699999999999818e+03
1.796700000000000045e+03
2.384699999999999818e+03
2.259900000000000091e+03
1.924700000000000045e+03
1.815500000000000000e+03
2.527699999999999818e+03
2.494699999999999818e+03
2.015700000000000045e+03
1.757000000000000000e+03
2.002500000000000000e+03
2.183400000000000091e+03
1.974900000000000091e+03
2.124699999999999818e+03
2.133099999999999909e+03
1.925900000000000091e+03
1.967000000000000000e+03
1.818299999999999955e+03
1.899400000000000091e+03
1.905599999999999909e+03
1.923799999999999955e+03
2.743199999999999818e+03
1.980200000000000045e+03
2.225000000000000000e+03
3.285000000000000000e+03
1.830299999999999955e+03
1.688900000000000091e+03
2.042000000000000000e+03
2.094300000000000182e+03
2.252699999999999818e+03
1.732500000000000000e+03
2.122099999999999909e+03
2.512800000000000182e+03
1.938299999999999955e+03
2.019799999999999955e+03
2.158000000000000000e+03
1.643400000000000091e+03
1.609099999999999909e+03
2.307199999999999818e+03
2.070500000000000000e+03
2.045599999999999909e+03
1.849500000000000000e+03
2.033299999999999955e+03
2.213099999999999909e+03
2.195800000000000182e+03
1.946799999999999955e+03
2.328400000000000091e+03
2.345800000000000182e+03
2.085800000000000182e+03
1.507000000000000000e+03
2.284099999999999909e+03
2.199099999999999909e+03
1.941900000000000091e+03
1.884099999999999909e+03
1.996000000000000000e+03
1.284200000000000045e+03
2.163800000000000182e+03
2.025900000000000091e+03
1.875799999999999955e+03
2.158199999999999818e+03
2.107900000000000091e+03
1.937400000000000091e+03
2.839300000000000182e+03
1.719000000000000000e+03
2.060300000000000182e+03
1.968099999999999909e+03
1.980000000000000000e+03
2.088599999999999909e+03
1.792200000000000045e+03
2.008099999999999909e+03
2.247199999999999818e+03
1.796299999999999955e+03
1.766299999999999955e+03
2.366199999999999818e+03
2.167099999999999909e+03
2.173599999999999909e+03
2.165400000000000091e+03
1.640799999999999955e+03
2.082000000000000000e+03
1.711599999999999909e+03
2.308599999999999909e+03
1.850200000000000045e+03
2.235900000000000091e+03
2.090599999999999909e+03
1.679700000000000045e+03
1.697299999999999955e+03
2.069099999999999909e+03
1.559700000000000045e+03
2.006299999999999955e+03
2.077599999999999909e+03
2.471599999999999909e+03
2.094800000000000182e+03
1.769400000000000091e+03
2.271000000000000000e+03
1.660900000000000091e+03
2.134599999999999909e+03
1.775099999999999909e+03
2.047900000000000091e+03
2.110199999999999818e+03
2.110900000000000091e+03
2.175500000000000000e+03
1.651799999999999955e+03
1.765799999999999955e+03
1.789500000000000000e+03
1.608700000000000045e+03
2.155000000000000000e+03
1.920000000000000000e+03
2.026099999999999909e+03
2.052900000000000091e+03
1.978400000000000091e+03
1.521700000000000045e+03
1.955099999999999909e+03
1.771400000000000091e+03
1.961500000000000000e+03
2.181599999999999909e+03
2.272000000000000000e+03
2.065099999999999909e+03
1.838900000000000091e+03
1.803000000000000000e+03
2.062800000000000182e+03
1.760400000000000091e+03
2.225400000000000091e+03
2.517699999999999818e+03
1.651799999999999955e+03
1.987599999999999909e+03
1.907099999999999909e+03
1.959900000000000091e+03
1.953299999999999955e+03
2.210000000000000000e+03
1.817200000000000045e+03
2.046400000000000091e+03
