8.463227236331173131e+00
8.583674259001039530e+00
8.013457649109819059e+00
8.742389234824784694e+00
8.301906967384860891e+00
8.573689559370675894e+00
8.518017838378773021e+00
8.816870686647510169e+00
8.342881260726798587e+00
8.549571630532820876e+00
8.388265940517630526e+00
8.583674259001039530e+00
8.523357985319011121e+00
8.742446534845027983e+00
8.731186267869050610e+00
8.725204421270692734e+00
8.723756706066266631e+00
8.312266502248572664e+00
8.806840475403006963e+00
8.357036639264991962e+00
8.527762603534625896e+00
8.312266502248572664e+00
8.296724526509963837e+00
8.364502595795393347e+00
8.635026102098509071e+00
8.720223303809502724e+00
8.788778972216590546e+00
8.030528156348756497e+00
8.713355305893662361e+00
8.013457649109819059e+00
8.330113276188646054e+00
8.800652426190008981e+00
8.573689559370675894e+00
8.072852616156980687e+00
8.067811291414406227e+00
8.388265940517630526e+00
8.806840475403006963e+00
8.252664990793588728e+00
8.246826034876846734e+00
8.560069052530630884e+00
8.366619929355444185e+00
8.561445084506239311e+00
8.357036639264991962e+00
8.013457649109819059e+00
8.729611915431132019e+00
8.495265373549404586e+00
8.252664990793588728e+00
8.800652426190008981e+00
8.552634726529404929e+00
8.788778972216590546e+00
8.573689559370675894e+00
8.561445084506239311e+00
8.466954135186192332e+00
8.046938240828319877e+00
8.552634726529404929e+00
8.518017838378773021e+00
8.370529693613796951e+00
8.581869388645248620e+00
8.635026102098509071e+00
8.753865670961165080e+00
8.721190956969062213e+00
8.768019346479020371e+00
8.731647384592109873e+00
8.603709937479163017e+00
8.546799602128162476e+00
8.376717742826794932e+00
8.754378895771562696e+00
8.473912908451140424e+00
8.822881600684809200e+00
8.342881260726798587e+00
8.549571630532820876e+00
8.567633133719237293e+00
8.758767504967094553e+00
8.511856778589056205e+00
8.517758762314709742e+00
8.513711511950187827e+00
8.269735498032526166e+00
8.810677347015293037e+00
8.546799602128162476e+00
8.378168127046279778e+00
8.635026102098509071e+00
8.590204566786566076e+00
8.481514581431886413e+00
8.468878298062106680e+00
8.331988298178302443e+00
8.301906967384860891e+00
8.030528156348756497e+00
8.306908162738780632e+00
8.326766228152383320e+00
8.587765767852797438e+00
8.046938240828319877e+00
8.176126168078706513e+00
8.517872559373488528e+00
8.347459548518109784e+00
8.520638254540532586e+00
8.636218768283441705e+00
8.549571630532820876e+00
8.573689559370675894e+00
8.525327281227268017e+00
8.821658481094299731e+00
8.561445084506239311e+00
8.402820993666431093e+00
8.520432043297782698e+00
8.712111380378651404e+00
8.521016417717307334e+00
7.970992302544543051e+00
8.806840475403006963e+00
8.493848316945443955e+00
8.392758868108597170e+00
8.573689559370675894e+00
8.072852616156980687e+00
8.783595851817356248e+00
8.555417986687835707e+00
8.512030441318993113e+00
8.561445084506239311e+00
8.240911961890159176e+00
8.382774168478233534e+00
8.342881260726798587e+00
8.512737624172114437e+00
8.516035341878801290e+00
8.467055967869615785e+00
8.234922337642695211e+00
8.358656239640378516e+00
8.730167981947149158e+00
8.713882673510576993e+00
8.565956740854602458e+00
8.150804357444854986e+00
8.575812962993810018e+00
8.561445084506239311e+00
8.252664990793588728e+00
8.761854033121309726e+00
8.797535632933904282e+00
8.696955059092406515e+00
8.573689559370675894e+00
8.766969945218395566e+00
8.515623984331815777e+00
8.573689559370675894e+00
8.635026102098509071e+00
8.567191646393006010e+00
8.567633133719237293e+00
8.594684852377794115e+00
8.726074350660237400e+00
8.331731300545097696e+00
8.474238601633034662e+00
8.742597657749584528e+00
8.246826034876846734e+00
8.397011426599672035e+00
8.718010155034901842e+00
8.337361735046759037e+00
8.582088602410568257e+00
8.573329548469212469e+00
8.818388673093842556e+00
8.521214658815472021e+00
8.317031375803418669e+00
8.505296201473726114e+00
8.124506683124621986e+00
8.137751096985454069e+00
8.727759302162628074e+00
8.512304029004889472e+00
8.800652426190008981e+00
8.812896901054445564e+00
8.543894465090591694e+00
7.989649386259843666e+00
8.388265940517630526e+00
8.818388673093842556e+00
8.264119288180593159e+00
8.753232005654053793e+00
8.571195639862072113e+00
8.587765767852797438e+00
8.593612124007812270e+00
8.157242801236469276e+00
8.019221922147456993e+00
8.800652426190008981e+00
8.794625328371605377e+00
8.784135265551393346e+00
8.157242801236469276e+00
8.757070372792892243e+00
8.513358425180413747e+00
8.264119288180593159e+00
8.246826034876846734e+00
8.057517184826194168e+00
8.548744401446516150e+00
8.291470876282652114e+00
8.388265940517630526e+00
8.627473282201400195e+00
8.517642215300234909e+00
8.372676355006882787e+00
8.402820993666431093e+00
8.312059957840750357e+00
8.772208844225865221e+00
8.457942451436601061e+00
8.555417986687835707e+00
8.760026900755139678e+00
8.382774168478233534e+00
8.342086111649653191e+00
8.222714698602080929e+00
8.370356825131475276e+00
8.397011426599672035e+00
8.378168127046279778e+00
8.555417986687835707e+00
8.594172315949583307e+00
8.210199644228312721e+00
8.497996729131481075e+00
8.463113165285340855e+00
8.548194761495667038e+00
8.741298380829372050e+00
8.597863581324148186e+00
8.555417986687835707e+00
8.635026102098509071e+00
8.573689559370675894e+00
8.761098277000975543e+00
8.579181331410072886e+00
8.754123774567531768e+00
8.312266502248572664e+00
8.019221922147456993e+00
8.376958438669223739e+00
8.806840475403006963e+00
8.761076251928143321e+00
8.001704620206389507e+00
8.721550621823132232e+00
8.587765767852797438e+00
8.480084719520892378e+00
8.336862986963101463e+00
8.592942280355416074e+00
8.555417986687835707e+00
8.504833461480865608e+00
8.806840475403006963e+00
8.330113276188646054e+00
8.388265940517630526e+00
8.812896901054445564e+00
8.342881260726798587e+00
8.522646691437540056e+00
8.794625328371605377e+00
8.794625328371605377e+00
8.579490262131280076e+00
8.549295548489283192e+00
8.483364674703352648e+00
8.573689559370675894e+00
8.395818760414739401e+00
8.366619929355444185e+00
8.524833505178870396e+00
8.631966209792366840e+00
8.571195639862072113e+00
8.560652767111390560e+00
8.150804357444854986e+00
8.818388673093842556e+00
8.240911961890159176e+00
8.561445084506239311e+00
8.579181331410072886e+00
8.501548773663524017e+00
8.573689559370675894e+00
8.712844653798697436e+00
8.571195639862072113e+00
8.342881260726798587e+00
8.321933321177018783e+00
8.409117649802183792e+00
8.490674570686834954e+00
8.057517184826194168e+00
8.513980662894349294e+00
8.493394376874036311e+00
8.072852616156980687e+00
8.825941492990951431e+00
8.579181331410072886e+00
8.717318794367667323e+00
8.560840828757516618e+00
8.585798752056856387e+00
8.246826034876846734e+00
8.280748211007438186e+00
8.487214297248039330e+00
8.222714698602080929e+00
8.535942432809198621e+00
8.555417986687835707e+00
8.312059957840750357e+00
8.713536071883508427e+00
8.587765767852797438e+00
8.823365512265061383e+00
8.358656239640378516e+00
8.491863516958151337e+00
8.573689559370675894e+00
8.286145582512089547e+00
8.539596061207276989e+00
8.567191646393006010e+00
8.706437388560521740e+00
8.482077327784317333e+00
8.570938642228867366e+00
8.358656239640378516e+00
8.376958438669223739e+00
8.635026102098509071e+00
8.697387259432717954e+00
8.796958801491163271e+00
8.357036639264991962e+00
8.576431640532657497e+00
8.395818760414739401e+00
8.269735498032526166e+00
8.131149483447705606e+00
8.538374939410552145e+00
8.555836352620211471e+00
8.036070985894093965e+00
8.506223199488045950e+00
8.561445084506239311e+00
8.502784355611545664e+00
8.592186415881919004e+00
8.572088697257102652e+00
8.264119288180593159e+00
8.464572006334668330e+00
8.536980004027441282e+00
8.372676355006882787e+00
8.561445084506239311e+00
8.534395271122734883e+00
8.144304922172842964e+00
8.234922337642695211e+00
8.792967707938322164e+00
8.783595851817356248e+00
8.555417986687835707e+00
8.473196434219746109e+00
8.382774168478233534e+00
8.728764449327742980e+00
8.157242801236469276e+00
8.615925084510564602e+00
8.603709937479163017e+00
8.794625328371605377e+00
8.561445084506239311e+00
8.758023253737855285e+00
8.366619929355444185e+00
8.360431880142446204e+00
8.321822233279672076e+00
8.331988298178302443e+00
8.569013741422027763e+00
8.571195639862072113e+00
8.567633133719237293e+00
8.800652426190008981e+00
8.337361735046759037e+00
8.615925084510564602e+00
8.388265940517630526e+00
8.792404088325985967e+00
8.150804357444854986e+00
8.822881600684809200e+00
8.792967707938322164e+00
8.366619929355444185e+00
8.376717742826794932e+00
8.725715886560204027e+00
8.092323189236582337e+00
8.597863581324148186e+00
8.561445084506239311e+00
8.286145582512089547e+00
8.240911961890159176e+00
8.124506683124621986e+00
8.370529693613796951e+00
8.503181893141015024e+00
8.627473282201400195e+00
8.312266502248572664e+00
8.745027074720908900e+00
8.758531906641774611e+00
8.533001502542095551e+00
8.760836688854350740e+00
8.522646691437540056e+00
8.760455309502193089e+00
8.264119288180593159e+00
8.576569076730528707e+00
8.538374939410552145e+00
8.106208814204469704e+00
8.376958438669223739e+00
8.549571630532820876e+00
8.052263534598882444e+00
8.551473843932342334e+00
8.773089298078120990e+00
8.517057935511997968e+00
8.586666890201879454e+00
8.326766228152383320e+00
8.705089933510945954e+00
8.336847212642183536e+00
8.631966209792366840e+00
8.561445084506239311e+00
8.382774168478233534e+00
8.496576842751622394e+00
8.757049530088513833e+00
8.760655533728989752e+00
8.579181331410072886e+00
8.493394376874036311e+00
8.013457649109819059e+00
8.740144642333975256e+00
8.573689559370675894e+00
8.396450142920238946e+00
8.513081068020349917e+00
8.358656239640378516e+00
8.395818760414739401e+00
8.392758868108597170e+00
8.522646691437540056e+00
8.567633133719237293e+00
7.989649386259843666e+00
8.293845418470116471e+00
8.552074294365164420e+00
8.358656239640378516e+00
8.573689559370675894e+00
8.583026809448856653e+00
8.768019346479020371e+00
8.280748211007438186e+00
8.555417986687835707e+00
8.824467340199630527e+00
8.013457649109819059e+00
8.529817080238288440e+00
8.280748211007438186e+00
8.579181331410072886e+00
8.819896723380930226e+00
8.312059957840750357e+00
8.783101806774361364e+00
8.345416155888239373e+00
8.360431880142446204e+00
8.482986082429771812e+00
8.024911946496823489e+00
8.631966209792366840e+00
8.392758868108597170e+00
8.485646367643694177e+00
8.722745262025060953e+00
8.818388673093842556e+00
8.052263534598882444e+00
8.733704354028441585e+00
7.970992302544543051e+00
8.812896901054445564e+00
8.636218768283441705e+00
8.593274324119084540e+00
8.586666890201879454e+00
8.234922337642695211e+00
8.117829297581220516e+00
8.291470876282652114e+00
8.019221922147456993e+00
8.827134159175884065e+00
8.799860108795160230e+00
8.296724526509963837e+00
8.521358412235658264e+00
8.749669406457794452e+00
8.415333509762476183e+00
8.372676355006882787e+00
8.388265940517630526e+00
8.751853389862221277e+00
8.545468763836925774e+00
