2.059000000000000163e+00
2.153999999999999915e+00
2.472999999999999865e+00
2.217000000000000082e+00
2.528999999999999915e+00
2.224000000000000199e+00
2.112999999999999989e+00
2.169000000000000039e+00
2.374000000000000110e+00
2.236000000000000210e+00
2.282999999999999918e+00
2.184000000000000163e+00
2.513999999999999790e+00
2.208000000000000185e+00
2.447000000000000064e+00
1.917000000000000037e+00
2.126999999999999780e+00
2.436999999999999833e+00
2.077999999999999847e+00
2.133999999999999897e+00
2.051000000000000156e+00
1.977999999999999980e+00
2.645999999999999908e+00
2.157000000000000028e+00
2.150999999999999801e+00
1.995000000000000107e+00
2.202999999999999847e+00
2.661000000000000032e+00
2.363999999999999879e+00
2.823999999999999844e+00
2.095000000000000195e+00
2.051000000000000156e+00
2.146999999999999797e+00
2.823999999999999844e+00
2.713999999999999968e+00
1.969000000000000083e+00
2.350000000000000089e+00
2.778000000000000025e+00
2.387000000000000011e+00
2.501999999999999780e+00
2.326999999999999957e+00
2.218999999999999861e+00
1.862999999999999989e+00
2.713999999999999968e+00
2.119000000000000217e+00
2.560999999999999943e+00
2.745999999999999996e+00
2.391999999999999904e+00
2.041999999999999815e+00
1.917000000000000037e+00
1.949000000000000066e+00
2.331999999999999851e+00
2.120000000000000107e+00
2.543000000000000149e+00
2.383999999999999897e+00
2.041999999999999815e+00
2.415000000000000036e+00
2.140000000000000124e+00
2.225000000000000089e+00
2.173999999999999932e+00
2.181000000000000050e+00
2.093999999999999861e+00
2.172000000000000153e+00
2.156000000000000139e+00
2.185999999999999943e+00
2.146999999999999797e+00
2.355999999999999872e+00
2.194999999999999840e+00
2.293000000000000149e+00
2.355999999999999872e+00
2.366000000000000103e+00
2.331999999999999851e+00
2.056999999999999940e+00
2.157999999999999918e+00
2.246999999999999886e+00
2.294999999999999929e+00
2.608999999999999986e+00
2.208000000000000185e+00
2.125000000000000000e+00
2.478000000000000203e+00
2.321000000000000174e+00
2.404999999999999805e+00
2.125000000000000000e+00
2.137999999999999901e+00
2.241000000000000103e+00
2.261000000000000121e+00
2.666999999999999815e+00
2.258999999999999897e+00
2.641999999999999904e+00
2.432999999999999829e+00
2.730999999999999872e+00
2.000000000000000000e+00
2.113999999999999879e+00
2.192000000000000171e+00
2.218999999999999861e+00
2.232000000000000206e+00
2.241999999999999993e+00
2.196000000000000174e+00
2.507000000000000117e+00
2.049999999999999822e+00
2.216000000000000192e+00
2.245000000000000107e+00
2.142999999999999794e+00
2.044999999999999929e+00
2.342999999999999972e+00
2.777000000000000135e+00
2.248000000000000220e+00
2.132000000000000117e+00
2.298999999999999932e+00
2.012999999999999901e+00
2.608999999999999986e+00
2.116000000000000103e+00
2.305000000000000160e+00
2.303999999999999826e+00
2.309000000000000163e+00
2.686999999999999833e+00
2.362999999999999989e+00
2.185999999999999943e+00
2.217999999999999972e+00
2.099000000000000199e+00
2.258000000000000007e+00
2.387000000000000011e+00
2.145000000000000018e+00
2.055000000000000160e+00
2.156000000000000139e+00
2.181999999999999940e+00
2.173999999999999932e+00
2.285000000000000142e+00
2.415999999999999925e+00
2.528999999999999915e+00
2.088999999999999968e+00
2.290999999999999925e+00
2.156000000000000139e+00
2.234999999999999876e+00
2.294000000000000039e+00
2.158999999999999808e+00
2.205999999999999961e+00
2.271999999999999797e+00
2.100000000000000089e+00
2.298000000000000043e+00
2.404999999999999805e+00
2.285000000000000142e+00
1.750999999999999890e+00
1.985999999999999988e+00
1.977000000000000091e+00
2.528999999999999915e+00
2.081999999999999851e+00
1.951000000000000068e+00
2.326999999999999957e+00
2.442000000000000171e+00
2.080999999999999961e+00
2.345000000000000195e+00
2.157999999999999918e+00
2.642999999999999794e+00
1.995999999999999996e+00
2.088000000000000078e+00
2.192000000000000171e+00
2.185999999999999943e+00
2.072000000000000064e+00
2.212000000000000188e+00
2.334999999999999964e+00
2.198999999999999844e+00
2.341000000000000192e+00
2.084999999999999964e+00
2.137999999999999901e+00
2.642999999999999794e+00
2.208000000000000185e+00
2.161999999999999922e+00
2.338000000000000078e+00
2.402000000000000135e+00
2.072000000000000064e+00
2.857000000000000206e+00
2.269000000000000128e+00
2.117999999999999883e+00
2.262999999999999901e+00
2.020999999999999908e+00
2.217999999999999972e+00
2.161000000000000032e+00
2.641999999999999904e+00
2.141000000000000014e+00
2.443999999999999950e+00
2.259999999999999787e+00
2.427999999999999936e+00
2.427000000000000046e+00
2.153000000000000025e+00
2.188000000000000167e+00
2.228000000000000203e+00
2.073999999999999844e+00
2.745999999999999996e+00
2.274999999999999911e+00
2.273000000000000131e+00
2.266000000000000014e+00
2.173000000000000043e+00
2.290000000000000036e+00
2.153000000000000025e+00
2.305000000000000160e+00
2.266000000000000014e+00
2.251999999999999780e+00
2.422000000000000153e+00
2.306000000000000050e+00
2.354000000000000092e+00
2.375999999999999890e+00
1.993000000000000105e+00
1.933999999999999941e+00
2.270999999999999908e+00
2.201000000000000068e+00
2.339999999999999858e+00
2.427999999999999936e+00
2.330000000000000071e+00
2.185000000000000053e+00
2.261000000000000121e+00
2.341000000000000192e+00
2.142999999999999794e+00
2.380999999999999783e+00
2.642999999999999794e+00
2.253000000000000114e+00
2.172000000000000153e+00
2.236000000000000210e+00
2.608999999999999986e+00
1.931000000000000050e+00
2.214999999999999858e+00
2.362000000000000099e+00
2.228000000000000203e+00
2.178999999999999826e+00
2.275999999999999801e+00
2.423999999999999932e+00
2.145999999999999908e+00
2.265000000000000124e+00
2.298999999999999932e+00
2.318999999999999950e+00
2.462000000000000188e+00
2.347999999999999865e+00
2.338999999999999968e+00
1.997000000000000108e+00
2.282000000000000028e+00
2.258000000000000007e+00
2.137000000000000011e+00
2.261000000000000121e+00
2.536000000000000032e+00
2.318999999999999950e+00
2.337000000000000188e+00
2.334999999999999964e+00
2.387000000000000011e+00
2.315999999999999837e+00
2.299999999999999822e+00
2.302000000000000046e+00
2.422000000000000153e+00
2.209000000000000075e+00
2.305000000000000160e+00
2.201000000000000068e+00
1.935999999999999943e+00
2.265000000000000124e+00
2.350000000000000089e+00
2.157999999999999918e+00
2.689999999999999947e+00
2.084000000000000075e+00
2.108999999999999986e+00
2.341000000000000192e+00
2.245999999999999996e+00
2.250999999999999890e+00
2.642999999999999794e+00
2.346999999999999975e+00
2.318999999999999950e+00
2.031000000000000139e+00
2.265000000000000124e+00
2.198999999999999844e+00
2.556000000000000050e+00
2.375999999999999890e+00
2.286999999999999922e+00
2.645999999999999908e+00
2.410000000000000142e+00
2.238999999999999879e+00
2.492999999999999883e+00
2.274000000000000021e+00
2.732000000000000206e+00
2.431000000000000050e+00
2.126999999999999780e+00
2.294999999999999929e+00
2.285000000000000142e+00
2.676000000000000156e+00
2.109999999999999876e+00
2.237999999999999989e+00
2.060999999999999943e+00
2.126999999999999780e+00
2.249000000000000110e+00
2.044999999999999929e+00
2.383000000000000007e+00
2.253000000000000114e+00
2.008999999999999897e+00
2.435000000000000053e+00
2.119000000000000217e+00
2.220000000000000195e+00
2.105999999999999872e+00
2.689999999999999947e+00
1.967999999999999972e+00
2.201999999999999957e+00
2.149000000000000021e+00
2.494000000000000217e+00
2.108000000000000096e+00
2.169999999999999929e+00
2.072999999999999954e+00
2.194999999999999840e+00
2.225999999999999979e+00
2.732000000000000206e+00
1.975999999999999979e+00
2.182999999999999829e+00
2.330999999999999961e+00
2.253000000000000114e+00
2.132000000000000117e+00
2.246999999999999886e+00
2.408999999999999808e+00
2.302000000000000046e+00
2.137000000000000011e+00
2.226999999999999869e+00
2.411999999999999922e+00
2.366999999999999993e+00
2.008999999999999897e+00
2.367999999999999883e+00
2.156000000000000139e+00
2.491999999999999993e+00
2.326000000000000068e+00
2.269000000000000128e+00
2.140000000000000124e+00
2.633000000000000007e+00
2.298000000000000043e+00
2.153999999999999915e+00
2.498000000000000220e+00
2.366999999999999993e+00
2.250000000000000000e+00
2.103000000000000203e+00
2.359999999999999876e+00
2.162999999999999812e+00
2.068000000000000060e+00
2.149000000000000021e+00
2.402000000000000135e+00
2.250999999999999890e+00
2.254000000000000004e+00
2.125000000000000000e+00
2.587000000000000188e+00
2.132000000000000117e+00
2.132000000000000117e+00
2.730999999999999872e+00
2.146999999999999797e+00
2.051000000000000156e+00
2.644000000000000128e+00
2.492999999999999883e+00
2.174999999999999822e+00
2.194999999999999840e+00
2.097999999999999865e+00
2.181000000000000050e+00
2.201000000000000068e+00
2.274000000000000021e+00
2.263999999999999790e+00
1.955999999999999961e+00
2.269000000000000128e+00
2.173000000000000043e+00
2.322999999999999954e+00
2.463999999999999968e+00
2.262999999999999901e+00
2.071000000000000174e+00
2.543000000000000149e+00
2.100000000000000089e+00
2.251999999999999780e+00
2.353000000000000203e+00
2.254999999999999893e+00
2.173999999999999932e+00
2.253000000000000114e+00
2.056000000000000050e+00
2.732000000000000206e+00
2.145999999999999908e+00
2.084999999999999964e+00
2.253000000000000114e+00
2.189000000000000057e+00
2.237999999999999989e+00
2.306000000000000050e+00
2.015000000000000124e+00
2.113999999999999879e+00
2.067000000000000171e+00
2.111000000000000210e+00
2.608999999999999986e+00
2.418000000000000149e+00
2.455999999999999961e+00
2.298000000000000043e+00
2.210999999999999854e+00
2.071000000000000174e+00
2.209999999999999964e+00
2.302999999999999936e+00
2.463000000000000078e+00
2.197000000000000064e+00
2.512000000000000011e+00
2.206999999999999851e+00
2.229999999999999982e+00
2.109999999999999876e+00
2.088999999999999968e+00
2.362999999999999989e+00
2.136000000000000121e+00
2.458000000000000185e+00
2.197999999999999954e+00
2.237000000000000099e+00
2.460999999999999854e+00
2.044000000000000039e+00
2.375999999999999890e+00
2.295999999999999819e+00
2.375999999999999890e+00
2.422000000000000153e+00
2.345000000000000195e+00
2.400999999999999801e+00
2.290000000000000036e+00
2.132000000000000117e+00
2.517999999999999794e+00
2.100000000000000089e+00
2.213999999999999968e+00
2.192000000000000171e+00
2.113999999999999879e+00
2.261000000000000121e+00
2.806999999999999940e+00
2.120000000000000107e+00
2.494000000000000217e+00
2.285000000000000142e+00
2.184000000000000163e+00
2.269000000000000128e+00
2.142999999999999794e+00
2.483000000000000096e+00
2.113999999999999879e+00
2.668000000000000149e+00
2.261000000000000121e+00
2.201000000000000068e+00
2.282999999999999918e+00
2.400999999999999801e+00
2.221000000000000085e+00
2.088999999999999968e+00
2.169000000000000039e+00
2.353000000000000203e+00
2.040000000000000036e+00
2.108000000000000096e+00
2.314000000000000057e+00
