2.515000000000000124e+00
2.217999999999999972e+00
2.224000000000000199e+00
2.228000000000000203e+00
2.197999999999999954e+00
2.000999999999999890e+00
2.410000000000000142e+00
2.181999999999999940e+00
2.657000000000000028e+00
2.072999999999999954e+00
2.130999999999999783e+00
2.357000000000000206e+00
2.334000000000000075e+00
2.261000000000000121e+00
2.173999999999999932e+00
2.157000000000000028e+00
2.863999999999999879e+00
2.053999999999999826e+00
2.418000000000000149e+00
2.033999999999999808e+00
1.975000000000000089e+00
2.124000000000000110e+00
2.311999999999999833e+00
2.140000000000000124e+00
2.198999999999999844e+00
2.293000000000000149e+00
2.579000000000000181e+00
2.189999999999999947e+00
2.013999999999999790e+00
2.471999999999999975e+00
2.329000000000000181e+00
2.303999999999999826e+00
2.499000000000000110e+00
2.072000000000000064e+00
2.241000000000000103e+00
2.210999999999999854e+00
2.089999999999999858e+00
2.220000000000000195e+00
2.222999999999999865e+00
2.092000000000000082e+00
2.137999999999999901e+00
2.443999999999999950e+00
2.387000000000000011e+00
2.275999999999999801e+00
2.182999999999999829e+00
2.528999999999999915e+00
2.269000000000000128e+00
2.206999999999999851e+00
2.463999999999999968e+00
2.142999999999999794e+00
2.236000000000000210e+00
2.613999999999999879e+00
2.329000000000000181e+00
2.209000000000000075e+00
2.806999999999999940e+00
2.212000000000000188e+00
2.045999999999999819e+00
2.310999999999999943e+00
2.382000000000000117e+00
2.287999999999999812e+00
2.168000000000000149e+00
2.310000000000000053e+00
2.287999999999999812e+00
2.287999999999999812e+00
2.422000000000000153e+00
2.459000000000000075e+00
2.165999999999999925e+00
2.326000000000000068e+00
2.201000000000000068e+00
2.428999999999999826e+00
2.162999999999999812e+00
2.202999999999999847e+00
2.327999999999999847e+00
2.165000000000000036e+00
2.210999999999999854e+00
2.040000000000000036e+00
2.224000000000000199e+00
2.075000000000000178e+00
2.173000000000000043e+00
2.298999999999999932e+00
2.427999999999999936e+00
2.373000000000000220e+00
2.536999999999999922e+00
2.216000000000000192e+00
2.205000000000000071e+00
2.661000000000000032e+00
2.608999999999999986e+00
2.109999999999999876e+00
2.286999999999999922e+00
2.068999999999999950e+00
1.951000000000000068e+00
1.993999999999999995e+00
2.233999999999999986e+00
2.168000000000000149e+00
2.129000000000000004e+00
2.305000000000000160e+00
2.121999999999999886e+00
2.052000000000000046e+00
2.379000000000000004e+00
2.346000000000000085e+00
2.028000000000000025e+00
2.657000000000000028e+00
2.198999999999999844e+00
2.281000000000000139e+00
2.476999999999999869e+00
2.487999999999999989e+00
2.298000000000000043e+00
2.266000000000000014e+00
2.124000000000000110e+00
2.190999999999999837e+00
