3.028999999999999915e+00
2.866999999999999993e+00
2.737000000000000099e+00
2.903999999999999915e+00
2.521999999999999797e+00
2.503000000000000114e+00
3.096000000000000085e+00
2.857000000000000206e+00
3.524000000000000021e+00
2.657000000000000028e+00
2.710999999999999854e+00
2.746999999999999886e+00
2.709999999999999964e+00
3.069999999999999840e+00
2.841000000000000192e+00
2.684000000000000163e+00
3.141000000000000014e+00
2.668000000000000149e+00
3.089999999999999858e+00
2.649999999999999911e+00
2.962000000000000188e+00
3.035000000000000142e+00
2.967000000000000082e+00
2.958000000000000185e+00
2.853000000000000203e+00
2.480999999999999872e+00
2.982000000000000206e+00
2.732000000000000206e+00
2.742999999999999883e+00
2.839999999999999858e+00
2.709999999999999964e+00
3.016999999999999904e+00
3.314999999999999947e+00
2.689999999999999947e+00
2.761000000000000121e+00
2.709000000000000075e+00
2.861000000000000210e+00
2.968999999999999861e+00
2.842999999999999972e+00
2.693000000000000060e+00
3.057999999999999829e+00
3.025999999999999801e+00
2.834999999999999964e+00
2.794999999999999929e+00
2.600999999999999979e+00
3.323999999999999844e+00
2.672000000000000153e+00
2.875999999999999890e+00
3.444999999999999840e+00
2.645999999999999908e+00
2.479000000000000092e+00
3.305000000000000160e+00
2.971000000000000085e+00
2.903000000000000025e+00
3.104000000000000092e+00
3.177000000000000046e+00
2.875999999999999890e+00
3.112999999999999989e+00
2.987999999999999989e+00
2.890000000000000124e+00
2.809000000000000163e+00
2.923999999999999932e+00
2.734999999999999876e+00
2.552999999999999936e+00
3.057999999999999829e+00
3.019000000000000128e+00
2.873000000000000220e+00
2.994000000000000217e+00
2.875000000000000000e+00
2.798999999999999932e+00
2.612999999999999989e+00
2.861000000000000210e+00
2.855999999999999872e+00
2.992999999999999883e+00
2.936999999999999833e+00
2.661999999999999922e+00
2.524000000000000021e+00
2.507000000000000117e+00
3.039000000000000146e+00
2.677999999999999936e+00
3.499000000000000110e+00
3.149000000000000021e+00
3.254000000000000004e+00
2.740000000000000213e+00
2.843999999999999861e+00
3.224000000000000199e+00
2.584999999999999964e+00
2.742999999999999883e+00
2.681000000000000050e+00
2.591000000000000192e+00
2.928999999999999826e+00
2.777000000000000135e+00
2.821000000000000174e+00
2.584999999999999964e+00
2.684000000000000163e+00
2.865000000000000213e+00
2.637000000000000011e+00
2.544000000000000039e+00
2.741000000000000103e+00
2.822000000000000064e+00
2.866000000000000103e+00
2.974000000000000199e+00
2.846999999999999975e+00
3.015000000000000124e+00
3.326000000000000068e+00
3.262000000000000011e+00
2.564999999999999947e+00
2.951999999999999957e+00
2.830000000000000071e+00
2.561999999999999833e+00
