1.024913313006426208e+01
1.094211305724800987e+01
1.294839348629342801e+01
9.971920795106063551e+00
1.278949896877324655e+01
1.078552603184727587e+01
1.079181192760430363e+01
1.127438621614006742e+01
1.139723788435640728e+01
1.051083519457975690e+01
1.089044824532573408e+01
1.094211305724800987e+01
1.083581809071252344e+01
1.055933610331535633e+01
1.043106594096986939e+01
1.036580502727269248e+01
1.035028914828238555e+01
1.011312176572431198e+01
1.059793520558238455e+01
9.996818541094699029e+00
1.029296553864384123e+01
1.011312176572431198e+01
1.279479875305796810e+01
1.060167186629232638e+01
1.093772766501825977e+01
1.031289482006381242e+01
1.039743399367377741e+01
1.293378909311717884e+01
1.024222281256520795e+01
1.294839348629342801e+01
9.873829465710171505e+00
1.052726710927714038e+01
1.078552603184727587e+01
1.289212337010002685e+01
1.289754111149774118e+01
1.089044824532573408e+01
1.059793520558238455e+01
1.283499228538744674e+01
1.283973202397701385e+01
1.119014666088706811e+01
1.165718244486066801e+01
1.064066831018312165e+01
9.996818541094699029e+00
1.294839348629342801e+01
1.041371441547777721e+01
1.058107814521973111e+01
1.283499228538744674e+01
1.052726710927714038e+01
1.111171640942394845e+01
1.039743399367377741e+01
1.078552603184727587e+01
1.064066831018312165e+01
1.028462669270254004e+01
1.291861933812093000e+01
1.111171640942394845e+01
1.079181192760430363e+01
1.066846807989539059e+01
1.144006324622211856e+01
1.093772766501825977e+01
1.071525193551819477e+01
1.032306759344118419e+01
1.076946756430619345e+01
1.043617124168323507e+01
1.048827066538634689e+01
9.965160077949215989e+00
1.073913617620063299e+01
1.072392189243593741e+01
1.050350051833033405e+01
1.082871185634202860e+01
1.139723788435640728e+01
1.051083519457975690e+01
1.071133640648836405e+01
1.081522834132761801e+01
1.078506308465853181e+01
1.088610145363679393e+01
1.125785705333290920e+01
1.282038789221119934e+01
1.120260101858691826e+01
9.965160077949215989e+00
1.180849451398576910e+01
1.093772766501825977e+01
1.156462118597932509e+01
1.043153144504243990e+01
1.047759840129598707e+01
1.128846881458656526e+01
1.278949896877324655e+01
1.293378909311717884e+01
1.106783025087505834e+01
1.276212275250892780e+01
1.134328003204608137e+01
1.291861933812093000e+01
1.038172271935310675e+01
1.119997047620481112e+01
1.042317606230724714e+01
1.113797278185144535e+01
1.102010448077271221e+01
1.051083519457975690e+01
1.078552603184727587e+01
1.085256356630398145e+01
1.133425205909331979e+01
1.064066831018312165e+01
1.020984056609587576e+01
1.081145139969643765e+01
1.022971884486892691e+01
1.097626840809348714e+01
1.298018218785625599e+01
1.059793520558238455e+01
1.061829962808872985e+01
1.096991282696027881e+01
1.078552603184727587e+01
1.289212337010002685e+01
1.091502873752963865e+01
1.057387209658005744e+01
1.078761510026740389e+01
1.064066831018312165e+01
1.284440658186442441e+01
1.081332580155954481e+01
1.139723788435640728e+01
1.016091391681317013e+01
1.085255371618980291e+01
1.028560910345643542e+01
1.284901536836914104e+01
1.053863496429202584e+01
1.041982897761764981e+01
1.024755192341858390e+01
1.112541037611016570e+01
1.026338293705323856e+01
1.136587362086320674e+01
1.064066831018312165e+01
1.283499228538744674e+01
1.013283762077961825e+01
1.105811045333517306e+01
1.008521743885058619e+01
1.078552603184727587e+01
1.017956433773786173e+01
1.077275590328690846e+01
1.078552603184727587e+01
1.093772766501825977e+01
1.126802531319972722e+01
1.071133640648836405e+01
1.166968272550595387e+01
1.133335114572469671e+01
1.027403859139786668e+01
1.035653873385552792e+01
1.056114304115840596e+01
1.283973202397701385e+01
1.113350568167869348e+01
1.028982521831294150e+01
1.134122233096728216e+01
1.128383668345042778e+01
1.133715127231440079e+01
1.074924727470748564e+01
1.098502768218194525e+01
1.277324633526064446e+01
1.069531563388262718e+01
1.014106282565606776e+01
1.020252902483029267e+01
1.039345515335527637e+01
1.074701821105296240e+01
1.052726710927714038e+01
1.067212483094129638e+01
1.045139184598410331e+01
1.296695899371660232e+01
1.089044824532573408e+01
1.074924727470748564e+01
1.282531962882400300e+01
1.070488235380579667e+01
1.117506761368058577e+01
1.134328003204608137e+01
1.140631693404638192e+01
1.029346066201952858e+01
1.294358915768224350e+01
1.052726710927714038e+01
1.046047089567407795e+01
1.092035127926175697e+01
1.029346066201952858e+01
1.077490571133304975e+01
1.080773302168247518e+01
1.282531962882400300e+01
1.283973202397701385e+01
1.290819995396394759e+01
1.107191900142536767e+01
1.280003867276538010e+01
1.089044824532573408e+01
1.077704704441975458e+01
1.020227686714141235e+01
1.173137207021957984e+01
1.020984056609587576e+01
1.277872216919404735e+01
1.022922157530828180e+01
1.020037901290699089e+01
1.057387209658005744e+01
1.085500506943909116e+01
1.081332580155954481e+01
1.037042254592653023e+01
1.285803326450833062e+01
1.005844733549842118e+01
1.113350568167869348e+01
1.180849451398576910e+01
1.057387209658005744e+01
1.165335274137010302e+01
1.286678098695027650e+01
1.061189756789255867e+01
1.024806106893799118e+01
1.106636811710265889e+01
1.054572599883931439e+01
1.042523376338604635e+01
1.057387209658005744e+01
1.093772766501825977e+01
1.078552603184727587e+01
1.071012255640391686e+01
1.086264847561346514e+01
1.071957975560163590e+01
1.011312176572431198e+01
1.294358915768224350e+01
1.008912782392431318e+01
1.059793520558238455e+01
1.096094401599675017e+01
1.295780778277040390e+01
1.032686186845144860e+01
1.134328003204608137e+01
1.041655524695573831e+01
9.904423546839986159e+00
1.162085805625697077e+01
1.057387209658005744e+01
1.069202588322778880e+01
1.059793520558238455e+01
9.873829465710171505e+00
1.089044824532573408e+01
1.067212483094129638e+01
1.139723788435640728e+01
1.024623882168559774e+01
1.046047089567407795e+01
1.046047089567407795e+01
1.141000237975949894e+01
1.107750316915094757e+01
1.045107685419669252e+01
1.078552603184727587e+01
1.105112886592423926e+01
1.165718244486066801e+01
1.084833887537567065e+01
1.085651162605429754e+01
1.117506761368058577e+01
1.119643130589178881e+01
1.026338293705323856e+01
1.074924727470748564e+01
1.284440658186442441e+01
1.064066831018312165e+01
1.086264847561346514e+01
1.065276568768793020e+01
1.078552603184727587e+01
1.023707846389276099e+01
1.117506761368058577e+01
1.139723788435640728e+01
1.276771299947209215e+01
1.023927720167886335e+01
1.059849500626056873e+01
1.290819995396394759e+01
1.125470376733453470e+01
1.061542756701051360e+01
1.289212337010002685e+01
1.090992789530599083e+01
1.086264847561346514e+01
1.028267549314768026e+01
1.107868365915192221e+01
1.149377615641775385e+01
1.283973202397701385e+01
1.281033655572613306e+01
1.049233726007965295e+01
1.285803326450833062e+01
1.094750275301868392e+01
1.057387209658005744e+01
1.277872216919404735e+01
1.024404760466594055e+01
1.134328003204608137e+01
1.135719216272392096e+01
1.053863496429202584e+01
1.054319100934040954e+01
1.078552603184727587e+01
1.280521813721494873e+01
1.098194525204091221e+01
1.126802531319972722e+01
1.017388882961217789e+01
1.043745672651967737e+01
1.016063739049188719e+01
1.053863496429202584e+01
1.008912782392431318e+01
1.093772766501825977e+01
1.144539524579368006e+01
1.105197120804862010e+01
9.996818541094699029e+00
1.137314377217541050e+01
1.105112886592423926e+01
1.282038789221119934e+01
1.017184853640440068e+01
1.039537629259497820e+01
1.103472170460773505e+01
1.292879453852437699e+01
1.070195188826941646e+01
1.064066831018312165e+01
1.066732145292352207e+01
1.036579041479039276e+01
1.132301332158754903e+01
1.282531962882400300e+01
1.026183600785322625e+01
1.095719445462145458e+01
1.173137207021957984e+01
1.064066831018312165e+01
1.093318457526494569e+01
1.023305644151836624e+01
1.284901536836914104e+01
1.100999340353696176e+01
1.091502873752963865e+01
1.057387209658005744e+01
1.150581303878670525e+01
1.081332580155954481e+01
1.040442539930253751e+01
1.029346066201952858e+01
1.062573497529465349e+01
1.048827066538634689e+01
1.046047089567407795e+01
1.064066831018312165e+01
1.079634948968434216e+01
1.165718244486066801e+01
1.158651434855542561e+01
1.018871368652543907e+01
1.128846881458656526e+01
1.128835201006688749e+01
1.117506761368058577e+01
1.071133640648836405e+01
1.052726710927714038e+01
1.134122233096728216e+01
1.062573497529465349e+01
1.089044824532573408e+01
1.100413700129323580e+01
1.026338293705323856e+01
1.082871185634202860e+01
1.100999340353696176e+01
1.165718244486066801e+01
1.073913617620063299e+01
1.037131313885978656e+01
1.286987738595767183e+01
1.042523376338604635e+01
1.064066831018312165e+01
1.280521813721494873e+01
1.284440658186442441e+01
1.014106282565606776e+01
1.066846807989539059e+01
1.008532199601204304e+01
1.077704704441975458e+01
1.011312176572431198e+01
1.059078053609370684e+01
1.080899677603063580e+01
1.034262277621426129e+01
1.089483079381627206e+01
1.024623882168559774e+01
1.087320391621110183e+01
1.282531962882400300e+01
1.122782113006130089e+01
1.039537629259497820e+01
1.285260566742692134e+01
1.008912782392431318e+01
1.051083519457975690e+01
1.291343987367136137e+01
9.999720564818332491e+00
1.081506848531503806e+01
1.078412066445176265e+01
1.030977486140126587e+01
1.276212275250892780e+01
1.016092830380330625e+01
1.032076530835611017e+01
1.085651162605429754e+01
1.064066831018312165e+01
1.081332580155954481e+01
1.063584688427338953e+01
1.077446290547529273e+01
1.088355667256049131e+01
1.086264847561346514e+01
1.061542756701051360e+01
1.294839348629342801e+01
1.053223661184170545e+01
1.078552603184727587e+01
1.018005946111354909e+01
1.080343671015446816e+01
1.053863496429202584e+01
1.105112886592423926e+01
1.096991282696027881e+01
1.024623882168559774e+01
1.071133640648836405e+01
1.296695899371660232e+01
9.985832613996217688e+00
1.110592906035894600e+01
1.053863496429202584e+01
1.078552603184727587e+01
1.145527201128001948e+01
1.076946756430619345e+01
1.281033655572613306e+01
1.057387209658005744e+01
1.137262137692147235e+01
1.294839348629342801e+01
1.089176776842082006e+01
1.281033655572613306e+01
1.086264847561346514e+01
1.131157059299452783e+01
1.277872216919404735e+01
1.033799064507812382e+01
1.273920446652094185e+01
1.158651434855542561e+01
1.055305122012964603e+01
1.293872082972998250e+01
1.085651162605429754e+01
1.096991282696027881e+01
1.047543727295837535e+01
1.033951548492186667e+01
1.074924727470748564e+01
1.291343987367136137e+01
1.045907095222859517e+01
1.298018218785625599e+01
1.067212483094129638e+01
1.102010448077271221e+01
1.162895959043908611e+01
1.030977486140126587e+01
1.284901536836914104e+01
1.011021974200067852e+01
1.280003867276538010e+01
1.294358915768224350e+01
1.099230471106044504e+01
1.108303010498580754e+01
1.279479875305796810e+01
1.111046429194761842e+01
1.065172963586456056e+01
1.026832151844712726e+01
1.173137207021957984e+01
1.089044824532573408e+01
1.068340118443906128e+01
1.103910714499534329e+01
