-1.624359311280799467e+00
-5.518241573875717343e-01
1.210062434782278373e+00
1.184481411334682655e+00
-1.093610706924481590e+00
-1.929233480141643864e-01
-5.571988556667389902e-01
1.048475709064753625e+00
1.595504385743944598e+00
-6.086593947574895358e-01
1.360846950926909660e+00
-3.297573957591657390e-01
-1.397747830181348405e+00
1.258993037560787454e-01
2.808615645671439648e-02
-2.875926631285853130e+00
-5.483273504273267207e-01
2.383142645050394304e+00
-4.386686282262296510e-01
-1.085651102534139101e+00
7.901766744908983453e-01
2.749840365543192999e-01
2.769248320947411690e-01
1.664327383159696361e-01
-2.947983877753657667e-01
1.689162112218039580e+00
-6.938950218298781114e-02
1.507336256514577866e-01
-1.038802389306947710e-01
7.163967390593872775e-01
5.274574310259493026e-02
-1.004553011765542569e+00
2.545393772508732333e+00
7.569153050433354846e-01
-1.159099796463346488e+00
2.869431902396571421e-01
1.046233618375627339e+00
7.269929936491216216e-01
-9.898612211563809771e-01
2.497116250955418337e+00
-1.141832324472622506e+00
4.980985346932987334e-01
-2.048989214617384091e-01
-1.195717195590756399e+00
1.162862748811042790e+00
6.307778290758401241e-01
-8.123441167523320905e-01
-7.533589418547362859e-01
-1.460689879817600456e+00
-1.623328532388943701e+00
-1.681791755891065554e-01
-1.861935490928752490e-01
8.919285733163057278e-04
-1.370363052164785378e+00
1.180119835826730634e+00
-1.539852114007601025e-01
1.629598539509080624e+00
4.946204172816403011e-01
4.778384450438954434e-01
-2.429876393904720544e+00
2.502939299885195368e+00
-7.855926741141609077e-03
3.919742524357797131e-01
2.486751818467848096e+00
3.867268025750667665e-02
-1.225453855580850071e+00
6.742075368042377281e-01
8.144273700077893086e-01
-8.105366839926132494e-01
1.299079033788388848e+00
-5.240503103742758517e-01
-3.568433441236207870e-01
-1.176022804033400426e+00
1.364684343529574961e-01
5.706821789133083023e-01
-5.602085037619809471e-01
-2.387030168642451766e+00
-4.176556844559696779e-01
1.249613540718971239e+00
2.113568509375286730e+00
1.222795407723776151e+00
1.337844107383828085e+00
1.776932258260652153e+00
-2.060615681657828879e-01
-3.431194200234783942e-01
-4.060859212803700213e-01
6.026814785365156579e-01
-2.382859929520725686e-02
1.087269346297234263e+00
2.197387388336467851e+00
3.581297115078465598e-01
1.026633160268432265e-01
1.428031093273211649e+00
1.875969469286230762e+00
-1.693411781725201015e+00
5.837727459278314601e-01
3.792849453519753777e-01
2.059642966148293564e+00
-1.214624900954024006e-01
-1.429718028482261483e+00
-1.088826055838794993e+00
9.547693709145528562e-02
-1.757194009414070113e+00
-1.465242888077258776e+00
-1.228734645775689360e+00
1.911703982604171514e+00
-6.026496677815713632e-01
4.337276083278279737e-02
2.313994849317865921e+00
9.722012889620602616e-01
-1.060591729634632996e+00
-1.420754300803684034e+00
-7.088461997512687240e-01
-9.572647927600126672e-02
-8.673220818506183205e-01
-1.218224544406345949e-01
6.104712602625930185e-01
8.439162702562486018e-02
3.622915933069747130e+00
-6.819668590153249443e-01
9.889765991527065259e-01
-1.421641511662948609e+00
1.569095828759464961e+00
-1.851243709240879276e-01
6.564155417616935884e-01
-1.457869319548559472e+00
9.339146631801580334e-01
-1.134952169492395413e+00
2.359664599269707175e+00
6.605464493282299232e-01
2.129560801803709769e+00
-1.202381197169726468e+00
-2.431721863470979739e-01
1.132861030974435357e+00
1.079608206478640753e+00
-2.525631961378597135e-01
6.595093775730399566e-01
9.214326060847847222e-01
-3.272379155421127006e+00
1.247503412458071281e+00
2.929841102708051759e-01
-3.702636254937310967e-01
-5.645697292724461969e-01
-5.791604792017922554e-01
-2.562650524494636262e+00
-1.129782151014868008e+00
4.343639494853902550e-01
-3.374985663843645955e-01
9.795001750235834415e-01
7.378808276987726122e-01
1.164535525107079250e+00
7.702474340451659351e-02
3.034273881526169392e-01
6.757100151384990740e-03
-5.848267591622036132e-01
-2.803665450772728218e-01
1.323855855672460891e+00
2.748504652864762754e+00
-2.650866361809581573e+00
-1.382945011420582349e+00
-3.929095143027831472e-01
5.628991637013964003e-03
-1.401104757674148660e+00
5.376733007378045603e-02
5.540493981187676331e-01
-3.073944906483793219e-02
3.311076720928646799e-01
1.035140810492147567e+00
6.540929880078913961e-01
3.354099346563992334e-01
2.124949821919420501e+00
-4.407545236508039754e-01
3.735068370203343258e-01
1.713683830728805813e+00
-9.092465123665017801e-01
-2.007667883557515964e-01
-1.125464150723362922e+00
-5.046163526825732104e-01
1.041763010498125253e+00
8.703512490240311594e-01
-6.769824719194583729e-01
1.059075963546820320e+00
1.471272434642165727e+00
2.439816123476423293e+00
-2.058130373400716806e+00
1.263029236909734454e+00
-1.253956416775387606e+00
3.574273931564471707e-01
-7.718255507683851047e-01
2.585945255419045963e-01
-1.277036737297731372e+00
-9.968040482667520075e-02
2.338097173337523871e-01
-1.054616720266764673e+00
6.678038216148112216e-01
5.247745249995241501e-01
9.132456905470812680e-01
1.410639610175421943e+00
-2.005185266713861991e-01
-1.673066526201138771e-01
9.730527670328988910e-01
-1.009338436864672728e+00
8.010552769351832192e-02
-1.771427188146002640e+00
-4.726140752460848971e-01
3.963381681901062326e+00
-5.396210506019309960e-01
1.893702099103518055e+00
6.609336882736522867e-01
-1.064288262916216699e+00
-1.285220699079622220e+00
5.103765453709935285e-01
1.066426096764734099e+00
2.238473338588519823e+00
4.818042985239054388e-02
-5.205565528634576583e-02
7.284711301616936252e-01
6.337813866529676821e-01
1.517470505296485639e+00
4.015474689699177202e-01
1.440004480126520769e-01
-6.216221241715701451e-01
2.876557112322962635e-03
-1.774323868451160857e+00
-5.092217037775050859e-01
3.486999182227948912e-01
-1.510218647849832230e-01
-2.842104226853354176e-01
1.118725194334807688e-01
2.424389734919001782e+00
1.160368410423368912e+00
1.932239475889535596e+00
1.224500066301391854e+00
-2.529230612728930350e+00
1.479780352472843896e+00
-1.921299683146501014e+00
-7.911163477974045843e-01
-9.017509743052124493e-01
3.563877495593851030e+00
-2.143159171099990046e-01
1.533074434823716636e+00
3.983913247979585570e+00
1.111636237117021864e+00
-3.147647448815015792e-01
-4.568361302734446627e-01
-5.945828046337596762e-01
-8.648560082995583320e-01
2.849853630505854163e-01
1.208597725679928292e+00
-8.110025443219006647e-01
9.283849186537207476e-02
-2.008779783334447289e-01
7.833506219460929509e-01
-2.420261164626505979e-01
5.106608654215767373e-01
5.879606365857912298e-01
-1.024057737118837963e+00
-1.358793986159328560e+00
-1.029469188839975846e+00
-1.431922234137189553e+00
8.523953068841218228e-02
-6.998811246228449079e-01
8.839582392354780604e-02
-2.573404399326905123e-01
5.014084145960652217e-01
-5.311245149940170274e-01
-6.905486758692189753e-01
-9.686943514122583476e-01
2.123472906066397881e-01
2.313913962678446345e-01
2.621209825208810962e+00
-2.181111289107459772e+00
3.495257620732059589e-01
-3.948978209720870325e-01
2.499830199626933425e+00
9.009085232048514857e-01
-3.143175528829530441e-01
2.736031725981135088e-01
2.545393772508732333e+00
-1.341495672317793098e+00
-1.128121346954821913e+00
2.632702370168774064e-01
1.868603730957479225e+00
-1.007307135747520732e+00
-3.575375849397614547e-01
-2.010855693443184544e-01
-6.430982808731107170e-01
3.226081816483458153e-01
-1.240386823172336284e+00
-1.071384835168809779e+00
1.039828748202533015e+00
-5.477521875073625424e-01
-2.650541458100546532e-01
4.727311211535668578e-01
9.839441202641523443e-01
3.830587789306922342e-01
4.646731147442619281e-01
-1.041602799195687767e+00
-3.358349849128502429e-01
2.446031050935670415e+00
-7.790776255036696574e-01
-7.208216539020367852e-01
-1.148882243496736733e+00
-1.782555384275439844e-02
1.785591603083638845e-01
1.563916505636901988e-01
-1.304948741092192055e+00
-1.962643850629687201e-02
4.873387415569459952e-02
-1.856970548773930474e-01
-3.058204775466020001e-02
1.027774851036263315e-01
-1.964957447846362726e+00
1.959148942749408429e+00
-2.094343402491381845e+00
2.925997693900108221e+00
-2.511722466503317541e+00
1.171845577007182726e+00
-1.222436578862584333e-01
2.805102497292454533e+00
1.713683830728805813e+00
7.569817875480931990e-01
-2.040497560612035688e-01
9.120739271301324669e-01
6.176087054288684763e-01
1.131159263657295577e+00
-2.902099751601647792e-01
1.706434250826790677e+00
1.164123685776431660e+00
-4.364709742430614714e-01
-6.630987189605088705e-01
2.503121626708222358e-01
1.438033136738765538e+00
-9.804443263699338384e-01
-2.018375110914836235e+00
-1.343802162403515243e+00
2.150760690443179968e+00
-1.295778829201605475e+00
1.716164144853103535e+00
1.227627908527987088e+00
7.625496594568178521e-01
3.932274532314548598e-01
2.101949048639570439e+00
-1.614388911088876721e+00
1.435689044322447261e+00
3.022282196307102264e-01
7.345006277648096216e-01
-2.193133199996616933e-01
1.125448973348141674e-01
4.197885430017138098e-01
5.298059402947099539e-01
6.891448953776518893e-01
2.097076668857645321e-01
-7.577172338334446922e-01
1.491366002190832596e+00
1.558493534381449219e+00
2.039311168859135659e+00
1.208265146236807697e+00
1.909312152175864252e+00
2.343242183992065575e-01
-1.322828420058027810e+00
6.700724920167810961e-01
1.878829359154742473e+00
8.440486882184797812e-01
-1.106381490553573488e-01
-1.055590781605487916e+00
1.095588617116265429e+00
1.130517436434498091e+00
2.768078195635449712e-02
4.196231021174477022e-03
2.038426490828808557e+00
-9.435915851703917667e-01
-1.861935490928752490e-01
6.588499568665378003e-01
9.496974864928309223e-01
-6.683588013194450284e-01
2.365854316019903258e+00
-1.684988110374057602e+00
-8.161903178197850162e-01
-1.101110295618581203e+00
1.376002495007748516e+00
1.062077568671587979e+00
-2.956222476708321792e-03
3.158838766691729472e-01
9.000126497492967337e-01
2.163872328909257625e-01
-2.831859269141384639e-01
8.170147817038291294e-01
-1.304137351579952586e+00
1.101761249763510975e+00
2.737489839768998845e+00
-9.832559888018252980e-01
1.514125743518639267e+00
-1.996565375813311727e+00
9.028784583998979985e-01
-7.500569152850193877e-01
-7.279000938027575529e-01
-6.786892123033110291e-01
1.305851583560917462e+00
6.054478623807910687e-01
-2.147212688895387522e+00
-9.273670672374876300e-01
-1.275738745188054857e+00
-6.499115584825564396e-01
-8.175584658570625995e-01
1.055222394556519339e+00
-1.602244224820431259e-02
1.114300290595328979e+00
-1.173420600674765391e+00
1.275956944239928559e+00
-4.420261030773943167e-01
1.798866734138762524e+00
-1.614557963234628801e-01
-1.052060351381253422e+00
2.000912155073655274e+00
-3.510237177765558325e-01
-5.667572733654607786e-01
-1.078605634822636494e+00
-9.982693217139521069e-01
-1.288531792556550926e+00
-4.980269129668249417e-01
-9.028290577363026204e-01
8.547483453976723045e-01
-5.258146665424590083e-01
5.137406504106092342e-01
1.567275044881771551e-01
-1.185750946167817510e+00
2.083018122326928623e+00
-5.605436184898854313e-02
3.985530191199763705e-01
2.590656419603232230e-01
4.579711904029610259e-01
-2.758571257487462125e-01
1.643881995988256017e+00
-4.219258536541204418e-01
-3.717896799179565281e-01
