2.827999999999999847e+00
3.113999999999999879e+00
3.044000000000000039e+00
2.402000000000000135e+00
2.624000000000000110e+00
2.681999999999999940e+00
2.632000000000000117e+00
3.061999999999999833e+00
2.640000000000000124e+00
2.650999999999999801e+00
2.543000000000000149e+00
2.879000000000000004e+00
2.896999999999999797e+00
2.944999999999999840e+00
2.970000000000000195e+00
3.067000000000000171e+00
2.751999999999999780e+00
2.891000000000000014e+00
2.439999999999999947e+00
2.321000000000000174e+00
2.912999999999999812e+00
2.565999999999999837e+00
2.968999999999999861e+00
2.874000000000000110e+00
2.915999999999999925e+00
2.491000000000000103e+00
2.721999999999999975e+00
3.004999999999999893e+00
2.613999999999999879e+00
3.016999999999999904e+00
2.495000000000000107e+00
2.557999999999999829e+00
3.051000000000000156e+00
3.016999999999999904e+00
3.172000000000000153e+00
3.024999999999999911e+00
2.701999999999999957e+00
2.948999999999999844e+00
2.716000000000000192e+00
3.048999999999999932e+00
2.807999999999999829e+00
2.432999999999999829e+00
2.303999999999999826e+00
3.172000000000000153e+00
2.540000000000000036e+00
2.725999999999999979e+00
3.383000000000000007e+00
2.814000000000000057e+00
2.923000000000000043e+00
2.798000000000000043e+00
2.568999999999999950e+00
2.786999999999999922e+00
2.694999999999999840e+00
3.076999999999999957e+00
2.565999999999999837e+00
2.616999999999999993e+00
2.987999999999999989e+00
2.653999999999999915e+00
2.685000000000000053e+00
2.547000000000000153e+00
3.274000000000000021e+00
2.810000000000000053e+00
2.982000000000000206e+00
2.588000000000000078e+00
2.604999999999999982e+00
2.838000000000000078e+00
3.080000000000000071e+00
2.615000000000000213e+00
2.858000000000000096e+00
2.778000000000000025e+00
2.983999999999999986e+00
2.854999999999999982e+00
2.486000000000000210e+00
2.927999999999999936e+00
2.459000000000000075e+00
3.245999999999999996e+00
3.012000000000000011e+00
2.798000000000000043e+00
2.811999999999999833e+00
2.741000000000000103e+00
2.831999999999999851e+00
2.931999999999999940e+00
2.763999999999999790e+00
2.621999999999999886e+00
3.031000000000000139e+00
2.646999999999999797e+00
2.811999999999999833e+00
2.454000000000000181e+00
3.061999999999999833e+00
3.095000000000000195e+00
3.055000000000000160e+00
2.692000000000000171e+00
2.748000000000000220e+00
2.700000000000000178e+00
2.597999999999999865e+00
2.789000000000000146e+00
2.689000000000000057e+00
2.939000000000000057e+00
2.741999999999999993e+00
2.815999999999999837e+00
2.540999999999999925e+00
2.972999999999999865e+00
2.774000000000000021e+00
3.004000000000000004e+00
3.065999999999999837e+00
2.895999999999999908e+00
2.771999999999999797e+00
2.646999999999999797e+00
2.580000000000000071e+00
2.665000000000000036e+00
2.866999999999999993e+00
2.512999999999999901e+00
2.870999999999999996e+00
2.730999999999999872e+00
2.516999999999999904e+00
2.886000000000000121e+00
2.963999999999999968e+00
2.634999999999999787e+00
2.779999999999999805e+00
2.701999999999999957e+00
2.548999999999999932e+00
2.849000000000000199e+00
2.935000000000000053e+00
2.947999999999999954e+00
2.926000000000000156e+00
2.673999999999999932e+00
2.501999999999999780e+00
2.911999999999999922e+00
2.839999999999999858e+00
2.902000000000000135e+00
2.607000000000000206e+00
2.912999999999999812e+00
2.742999999999999883e+00
2.718999999999999861e+00
2.561999999999999833e+00
2.774000000000000021e+00
2.882000000000000117e+00
2.892999999999999794e+00
2.471000000000000085e+00
2.528000000000000025e+00
3.063000000000000167e+00
2.640000000000000124e+00
2.559000000000000163e+00
2.630999999999999783e+00
2.701999999999999957e+00
2.624000000000000110e+00
2.761000000000000121e+00
2.891000000000000014e+00
2.604999999999999982e+00
2.892999999999999794e+00
2.907000000000000028e+00
2.745999999999999996e+00
2.568999999999999950e+00
3.121999999999999886e+00
2.508999999999999897e+00
2.516999999999999904e+00
2.535000000000000142e+00
2.762000000000000011e+00
2.686999999999999833e+00
2.342000000000000082e+00
3.096000000000000085e+00
2.661000000000000032e+00
2.688000000000000167e+00
2.625000000000000000e+00
2.709999999999999964e+00
3.121999999999999886e+00
2.818000000000000060e+00
2.787999999999999812e+00
2.774999999999999911e+00
2.732000000000000206e+00
2.585999999999999854e+00
3.043000000000000149e+00
2.924999999999999822e+00
2.822999999999999954e+00
2.870999999999999996e+00
2.399000000000000021e+00
2.633000000000000007e+00
2.818999999999999950e+00
3.061999999999999833e+00
2.790000000000000036e+00
2.964999999999999858e+00
2.865000000000000213e+00
3.113999999999999879e+00
2.609999999999999876e+00
2.603000000000000203e+00
2.666999999999999815e+00
2.891999999999999904e+00
2.725000000000000089e+00
3.383000000000000007e+00
2.726999999999999869e+00
2.751999999999999780e+00
2.798999999999999932e+00
2.771999999999999797e+00
2.781000000000000139e+00
2.591000000000000192e+00
2.650999999999999801e+00
2.384999999999999787e+00
2.923000000000000043e+00
3.145000000000000018e+00
2.845000000000000195e+00
2.634999999999999787e+00
2.658999999999999808e+00
2.758000000000000007e+00
2.600000000000000089e+00
2.661999999999999922e+00
3.170999999999999819e+00
2.748000000000000220e+00
2.814999999999999947e+00
2.915000000000000036e+00
2.721000000000000085e+00
2.912999999999999812e+00
2.951999999999999957e+00
2.567000000000000171e+00
2.769000000000000128e+00
3.160000000000000142e+00
2.898000000000000131e+00
2.665000000000000036e+00
2.915000000000000036e+00
2.891000000000000014e+00
2.676000000000000156e+00
2.975000000000000089e+00
2.966000000000000192e+00
2.708000000000000185e+00
2.658999999999999808e+00
2.701000000000000068e+00
3.049999999999999822e+00
2.746999999999999886e+00
2.556999999999999940e+00
2.669000000000000039e+00
2.943999999999999950e+00
2.899000000000000021e+00
2.609999999999999876e+00
2.786000000000000032e+00
2.396999999999999797e+00
2.412999999999999812e+00
2.587000000000000188e+00
2.528999999999999915e+00
2.857000000000000206e+00
3.004999999999999893e+00
2.801000000000000156e+00
2.866000000000000103e+00
3.001999999999999780e+00
2.474000000000000199e+00
2.899000000000000021e+00
2.636000000000000121e+00
2.762000000000000011e+00
3.000000000000000000e+00
2.549999999999999822e+00
2.745999999999999996e+00
2.930000000000000160e+00
2.579000000000000181e+00
2.682999999999999829e+00
2.607000000000000206e+00
2.845000000000000195e+00
3.008000000000000007e+00
2.403000000000000025e+00
2.531000000000000139e+00
2.688000000000000167e+00
2.862999999999999989e+00
2.790000000000000036e+00
3.160000000000000142e+00
2.851999999999999869e+00
2.892999999999999794e+00
2.524000000000000021e+00
2.541999999999999815e+00
2.718999999999999861e+00
3.120000000000000107e+00
2.658999999999999808e+00
3.064000000000000057e+00
2.968999999999999861e+00
2.854000000000000092e+00
2.770999999999999908e+00
2.938000000000000167e+00
2.817000000000000171e+00
2.992999999999999883e+00
2.887000000000000011e+00
2.641999999999999904e+00
2.714999999999999858e+00
2.882000000000000117e+00
2.947000000000000064e+00
2.845000000000000195e+00
2.549999999999999822e+00
2.721999999999999975e+00
2.442000000000000171e+00
2.665000000000000036e+00
2.841000000000000192e+00
2.595000000000000195e+00
2.576999999999999957e+00
2.745999999999999996e+00
2.685999999999999943e+00
2.508999999999999897e+00
2.801000000000000156e+00
2.444999999999999840e+00
3.008000000000000007e+00
2.470000000000000195e+00
2.637000000000000011e+00
2.724000000000000199e+00
3.076000000000000068e+00
2.689999999999999947e+00
2.696000000000000174e+00
2.825000000000000178e+00
2.525999999999999801e+00
2.669999999999999929e+00
3.597999999999999865e+00
2.686999999999999833e+00
2.693999999999999950e+00
2.762999999999999901e+00
2.640000000000000124e+00
2.798000000000000043e+00
2.459999999999999964e+00
2.705999999999999961e+00
3.112000000000000099e+00
2.592000000000000082e+00
3.033999999999999808e+00
2.759999999999999787e+00
2.709999999999999964e+00
2.755999999999999783e+00
2.625999999999999890e+00
2.637999999999999901e+00
2.947999999999999954e+00
2.790000000000000036e+00
2.685000000000000053e+00
2.858999999999999986e+00
3.096999999999999975e+00
2.701000000000000068e+00
2.636000000000000121e+00
2.915999999999999925e+00
2.829000000000000181e+00
2.541999999999999815e+00
2.866000000000000103e+00
2.865000000000000213e+00
2.556999999999999940e+00
2.983999999999999986e+00
2.835999999999999854e+00
2.596999999999999975e+00
2.245999999999999996e+00
2.942000000000000171e+00
2.722999999999999865e+00
2.771999999999999797e+00
2.922000000000000153e+00
2.632000000000000117e+00
3.055000000000000160e+00
2.624000000000000110e+00
2.745000000000000107e+00
3.064000000000000057e+00
2.938000000000000167e+00
2.410000000000000142e+00
2.689999999999999947e+00
2.369000000000000217e+00
2.645999999999999908e+00
2.733000000000000096e+00
2.528999999999999915e+00
2.838000000000000078e+00
2.681999999999999940e+00
2.396999999999999797e+00
2.818000000000000060e+00
3.005999999999999783e+00
3.055000000000000160e+00
2.637999999999999901e+00
2.716000000000000192e+00
3.076999999999999957e+00
2.584999999999999964e+00
3.004000000000000004e+00
3.057999999999999829e+00
2.724000000000000199e+00
2.822000000000000064e+00
2.617999999999999883e+00
2.757000000000000117e+00
3.597999999999999865e+00
2.439999999999999947e+00
2.740000000000000213e+00
2.698999999999999844e+00
2.665000000000000036e+00
2.984999999999999876e+00
2.807999999999999829e+00
2.613999999999999879e+00
3.044000000000000039e+00
2.750000000000000000e+00
2.531000000000000139e+00
2.866999999999999993e+00
2.878000000000000114e+00
3.075000000000000178e+00
2.645000000000000018e+00
2.682999999999999829e+00
2.865000000000000213e+00
2.634999999999999787e+00
2.568999999999999950e+00
2.745999999999999996e+00
2.850999999999999979e+00
2.942000000000000171e+00
2.684000000000000163e+00
2.641999999999999904e+00
2.785000000000000142e+00
2.737999999999999989e+00
2.865000000000000213e+00
2.755999999999999783e+00
3.104000000000000092e+00
2.682999999999999829e+00
2.633999999999999897e+00
2.971999999999999975e+00
2.450000000000000178e+00
2.726999999999999869e+00
2.649999999999999911e+00
3.001999999999999780e+00
3.000000000000000000e+00
2.830000000000000071e+00
2.733000000000000096e+00
2.548000000000000043e+00
2.524000000000000021e+00
3.178999999999999826e+00
2.678999999999999826e+00
2.960999999999999854e+00
2.794000000000000039e+00
2.798999999999999932e+00
2.895000000000000018e+00
3.123000000000000220e+00
2.669999999999999929e+00
3.076000000000000068e+00
3.008999999999999897e+00
2.551000000000000156e+00
2.862999999999999989e+00
2.833000000000000185e+00
3.019000000000000128e+00
2.169000000000000039e+00
3.095000000000000195e+00
2.748000000000000220e+00
2.709000000000000075e+00
2.869000000000000217e+00
2.733000000000000096e+00
2.725000000000000089e+00
2.850000000000000089e+00
2.222999999999999865e+00
2.952999999999999847e+00
2.653999999999999915e+00
2.705000000000000071e+00
2.906000000000000139e+00
