2.849000000000000199e+00
2.661999999999999922e+00
2.787999999999999812e+00
2.585999999999999854e+00
2.500999999999999890e+00
2.541999999999999815e+00
2.914000000000000146e+00
2.439000000000000057e+00
3.039000000000000146e+00
2.700000000000000178e+00
2.887999999999999901e+00
2.771999999999999797e+00
2.388999999999999790e+00
2.646999999999999797e+00
2.814000000000000057e+00
2.810000000000000053e+00
3.236000000000000210e+00
2.725000000000000089e+00
3.035000000000000142e+00
2.919999999999999929e+00
2.775999999999999801e+00
2.379000000000000004e+00
2.975999999999999979e+00
2.722999999999999865e+00
2.654999999999999805e+00
2.612000000000000099e+00
2.890000000000000124e+00
2.584999999999999964e+00
2.858999999999999986e+00
2.666999999999999815e+00
2.943999999999999950e+00
3.041999999999999815e+00
2.939000000000000057e+00
2.999000000000000110e+00
2.883000000000000007e+00
2.967999999999999972e+00
2.790000000000000036e+00
2.920999999999999819e+00
2.677000000000000046e+00
2.697000000000000064e+00
2.721999999999999975e+00
2.964999999999999858e+00
2.849000000000000199e+00
2.822000000000000064e+00
2.750000000000000000e+00
2.902000000000000135e+00
2.600000000000000089e+00
2.907999999999999918e+00
3.055000000000000160e+00
2.653999999999999915e+00
2.831999999999999851e+00
3.412999999999999812e+00
2.717999999999999972e+00
2.693999999999999950e+00
3.123000000000000220e+00
2.789000000000000146e+00
2.721000000000000085e+00
3.149000000000000021e+00
3.072999999999999954e+00
2.720000000000000195e+00
2.902000000000000135e+00
2.865000000000000213e+00
2.871999999999999886e+00
2.645000000000000018e+00
2.959999999999999964e+00
3.293000000000000149e+00
3.126999999999999780e+00
2.842000000000000082e+00
2.601999999999999869e+00
2.555000000000000160e+00
2.193000000000000060e+00
2.560000000000000053e+00
2.708000000000000185e+00
2.736000000000000210e+00
2.749000000000000110e+00
2.750999999999999890e+00
2.447999999999999954e+00
2.395000000000000018e+00
2.737000000000000099e+00
2.588000000000000078e+00
3.113999999999999879e+00
2.648000000000000131e+00
2.604999999999999982e+00
2.733000000000000096e+00
2.564999999999999947e+00
3.004999999999999893e+00
3.012000000000000011e+00
2.875999999999999890e+00
2.765000000000000124e+00
2.487000000000000099e+00
2.628000000000000114e+00
2.662999999999999812e+00
2.843999999999999861e+00
2.549999999999999822e+00
2.915999999999999925e+00
2.548000000000000043e+00
2.857000000000000206e+00
2.870000000000000107e+00
2.884999999999999787e+00
2.716000000000000192e+00
2.724000000000000199e+00
3.657999999999999918e+00
2.673999999999999932e+00
2.652000000000000135e+00
2.928999999999999826e+00
2.930000000000000160e+00
2.891000000000000014e+00
2.826999999999999957e+00
2.456999999999999851e+00
2.613999999999999879e+00
