1.200816548672528761e+01
1.245295159496845905e+01
1.437078785164788464e+01
1.146742507276824519e+01
1.422832178526078017e+01
1.229009162165976221e+01
1.241535764864031677e+01
1.293084574135166420e+01
1.245256537148297937e+01
1.200496767596352932e+01
1.290395191719233914e+01
1.245295159496845905e+01
1.246045070217846273e+01
1.234668766437351906e+01
1.221347106393081283e+01
1.214584150755402980e+01
1.212977869305666090e+01
1.210087707781238109e+01
1.211313069182590851e+01
1.094283884463856893e+01
1.178019646734452053e+01
1.210087707781238109e+01
1.423334331787193641e+01
1.260388661307094793e+01
1.297116612893102605e+01
1.209109273376589577e+01
1.190515338952898894e+01
1.435721601176156881e+01
1.201808563903064275e+01
1.437078785164788464e+01
1.077655498881842888e+01
1.203971889558067865e+01
1.229009162165976221e+01
1.431788844426535690e+01
1.432304613131025839e+01
1.290395191719233914e+01
1.211313069182590851e+01
1.427097356521334426e+01
1.427534967772662711e+01
1.282554492736910845e+01
1.272200467448108441e+01
1.213953318201521903e+01
1.094283884463856893e+01
1.437078785164788464e+01
1.219547922149103414e+01
1.235127165935052318e+01
1.427097356521334426e+01
1.203971889558067865e+01
1.274441861610507765e+01
1.190515338952898894e+01
1.229009162165976221e+01
1.213953318201521903e+01
1.204470249210379507e+01
1.434299280175083169e+01
1.274441861610507765e+01
1.241535764864031677e+01
1.267317090062481455e+01
1.308502498747233389e+01
1.297116612893102605e+01
1.250885515677940063e+01
1.210161312488194874e+01
1.240890473266075311e+01
1.221876618587775098e+01
1.250407232663640755e+01
1.196570044417301659e+01
1.274658269687004442e+01
1.251787215833011579e+01
1.211945549788128318e+01
1.235313730853391867e+01
1.245256537148297937e+01
1.200496767596352932e+01
1.221294497826044889e+01
1.261279377617634445e+01
1.256332937797395388e+01
1.266840680327712398e+01
1.305346914011938253e+01
1.425740172532702843e+01
1.285624561428517509e+01
1.196570044417301659e+01
1.287937389480337913e+01
1.297116612893102605e+01
1.321458253519111636e+01
1.219632099191051999e+01
1.209248191420146412e+01
1.234036361843288176e+01
1.422832178526078017e+01
1.435721601176156881e+01
1.211382595909020843e+01
1.420220122787766392e+01
1.241421308574962445e+01
1.434299280175083169e+01
1.137840097014839991e+01
1.299377500470192537e+01
1.241931675970798032e+01
1.292970573328543438e+01
1.305664982205940383e+01
1.200496767596352932e+01
1.229009162165976221e+01
1.247762256198731912e+01
1.299310545010353124e+01
1.213953318201521903e+01
1.120925605724349694e+01
1.243547649082313100e+01
1.200518340865665046e+01
1.276209105128060983e+01
1.439982210304396126e+01
1.211313069182590851e+01
1.223774630409459441e+01
1.298658931357805457e+01
1.229009162165976221e+01
1.431788844426535690e+01
1.255864418675914962e+01
1.207024889446135241e+01
1.256598400735208898e+01
1.213953318201521903e+01
1.427965077132539662e+01
1.282372934026935773e+01
1.245256537148297937e+01
1.164464157425773116e+01
1.263352553275455747e+01
1.204571432324931912e+01
1.428387618489559330e+01
1.253860539457312484e+01
1.220181857030688732e+01
1.202358586763146064e+01
1.218944187713061567e+01
1.123654433048488599e+01
1.300787834407302057e+01
1.213953318201521903e+01
1.427097356521334426e+01
1.163235853880125603e+01
1.270643997884471332e+01
1.185641709799115873e+01
1.229009162165976221e+01
1.168038218090998015e+01
1.239584429351378247e+01
1.229009162165976221e+01
1.297116612893102605e+01
1.290626069803891696e+01
1.221294497826044889e+01
1.332377687739744765e+01
1.314732248466959241e+01
1.226581054384539193e+01
1.211884395902268352e+01
1.234856635739394726e+01
1.427534967772662711e+01
1.315646410849394421e+01
1.206724539835230914e+01
1.239473873731902032e+01
1.235275108504843899e+01
1.297802903764957350e+01
1.227049991214820324e+01
1.277118529618061160e+01
1.421284938524013164e+01
1.231659627639588628e+01
1.108276170232004176e+01
1.116103682016640164e+01
1.217448192008302144e+01
1.236949905799145633e+01
1.203971889558067865e+01
1.219027733522522183e+01
1.194350567526234386e+01
1.438783954375769625e+01
1.290395191719233914e+01
1.227049991214820324e+01
1.426199892789948720e+01
1.249806994957121375e+01
1.224054933199834139e+01
1.241421308574962445e+01
1.247949430424744754e+01
1.127319339232197137e+01
1.436633738133415150e+01
1.203971889558067865e+01
1.197043460802681203e+01
1.256413154093870688e+01
1.127319339232197137e+01
1.257088526393347294e+01
1.258691031029455942e+01
1.426199892789948720e+01
1.427534967772662711e+01
1.433315760430647678e+01
1.270331858307267581e+01
1.423829578159512721e+01
1.290395191719233914e+01
1.280413763075779876e+01
1.168704914462666977e+01
1.279915131788039773e+01
1.120925605724349694e+01
1.421807415783081652e+01
1.173148963577770587e+01
1.195803994553620520e+01
1.207024889446135241e+01
1.265411281088792705e+01
1.282372934026935773e+01
1.236494164082184177e+01
1.429209732749401773e+01
1.102241755764982578e+01
1.315646410849394421e+01
1.287937389480337913e+01
1.207024889446135241e+01
1.330681392925172624e+01
1.430000781660942089e+01
1.238327362220279149e+01
1.200706250012524023e+01
1.269758962282367065e+01
1.233253834799571358e+01
1.243879110813858446e+01
1.207024889446135241e+01
1.297116612893102605e+01
1.229009162165976221e+01
1.234803370375078835e+01
1.237031419858274361e+01
1.251335626884490182e+01
1.210087707781238109e+01
1.436633738133415150e+01
1.106122253373186126e+01
1.211313069182590851e+01
1.276401475903971239e+01
1.437946505775993700e+01
1.210553777958212329e+01
1.241421308574962445e+01
1.218083605837207450e+01
1.081894991599896372e+01
1.327304823293986757e+01
1.207024889446135241e+01
1.231323033205584494e+01
1.211313069182590851e+01
1.077655498881842888e+01
1.290395191719233914e+01
1.219027733522522183e+01
1.245256537148297937e+01
1.173217282523579641e+01
1.197043460802681203e+01
1.197043460802681203e+01
1.305376019570235613e+01
1.270908279387949591e+01
1.221653957956939607e+01
1.229009162165976221e+01
1.307098041536556643e+01
1.272200467448108441e+01
1.247328959078653909e+01
1.288677502714351419e+01
1.224054933199834139e+01
1.283205275809671875e+01
1.123654433048488599e+01
1.227049991214820324e+01
1.427965077132539662e+01
1.213953318201521903e+01
1.237031419858274361e+01
1.242573991739235595e+01
1.229009162165976221e+01
1.201277688690421996e+01
1.224054933199834139e+01
1.245256537148297937e+01
1.420755818821772820e+01
1.124433416191886792e+01
1.221743369217391262e+01
1.433315760430647678e+01
1.305022088022055371e+01
1.223480199555142534e+01
1.431788844426535690e+01
1.243752841032143053e+01
1.237031419858274361e+01
1.205985765358991202e+01
1.214141823502189155e+01
1.314089715458506191e+01
1.427534967772662711e+01
1.424799085792136921e+01
1.225925463943057281e+01
1.429209732749401773e+01
1.257512983315709221e+01
1.207024889446135241e+01
1.421807415783081652e+01
1.201996893258336030e+01
1.241421308574962445e+01
1.301696764217155788e+01
1.253860539457312484e+01
1.231196187018814214e+01
1.229009162165976221e+01
1.424317851531629131e+01
1.261057031207487000e+01
1.290626069803891696e+01
1.194763137003511666e+01
1.220244925326523067e+01
1.216599625741085156e+01
1.253860539457312484e+01
1.106122253373186126e+01
1.297116612893102605e+01
1.326106573605668260e+01
1.270008675534156062e+01
1.094283884463856893e+01
1.301543574965365124e+01
1.307098041536556643e+01
1.425740172532702843e+01
1.112223184408436616e+01
1.188567904109838480e+01
1.209629455441276491e+01
1.435254643473084535e+01
1.232338611542197171e+01
1.213953318201521903e+01
1.244087125792477799e+01
1.237732910743739900e+01
1.296334182957414427e+01
1.426199892789948720e+01
1.202123744123875682e+01
1.258509873586961625e+01
1.279915131788039773e+01
1.213953318201521903e+01
1.256040730541708150e+01
1.119914989436647090e+01
1.428387618489559330e+01
1.265667327613201820e+01
1.255864418675914962e+01
1.207024889446135241e+01
1.330722439378374133e+01
1.282372934026935773e+01
1.218585051697328225e+01
1.127319339232197137e+01
1.264676841043550404e+01
1.250407232663640755e+01
1.197043460802681203e+01
1.213953318201521903e+01
1.259317491702856273e+01
1.272200467448108441e+01
1.264859287823585454e+01
1.217827929286732669e+01
1.234036361843288176e+01
1.292735274120398969e+01
1.224054933199834139e+01
1.221294497826044889e+01
1.203971889558067865e+01
1.239473873731902032e+01
1.264676841043550404e+01
1.290395191719233914e+01
1.265062044221733117e+01
1.123654433048488599e+01
1.235313730853391867e+01
1.265667327613201820e+01
1.272200467448108441e+01
1.274658269687004442e+01
1.215154530587965986e+01
1.429659345176854046e+01
1.243879110813858446e+01
1.213953318201521903e+01
1.424317851531629131e+01
1.427965077132539662e+01
1.108276170232004176e+01
1.267317090062481455e+01
1.156723935920278556e+01
1.280413763075779876e+01
1.210087707781238109e+01
1.237938540943571120e+01
1.260631846931180533e+01
1.183130392221224625e+01
1.269545576655376351e+01
1.173217282523579641e+01
1.267300862091245151e+01
1.426199892789948720e+01
1.229492445088447994e+01
1.188567904109838480e+01
1.427994326205656606e+01
1.106122253373186126e+01
1.200496767596352932e+01
1.433811006802966759e+01
1.200106279137784071e+01
1.245574632801850967e+01
1.240748093510176453e+01
1.231950247327343995e+01
1.420220122787766392e+01
1.193428439185621848e+01
1.231383418595411605e+01
1.288677502714351419e+01
1.213953318201521903e+01
1.282372934026935773e+01
1.225572643369967096e+01
1.257042493666764038e+01
1.268375516306321238e+01
1.237031419858274361e+01
1.223480199555142534e+01
1.437078785164788464e+01
1.231851698076333257e+01
1.229009162165976221e+01
1.117337910588743100e+01
1.258244146366427252e+01
1.253860539457312484e+01
1.307098041536556643e+01
1.298658931357805457e+01
1.173217282523579641e+01
1.221294497826044889e+01
1.438783954375769625e+01
1.197057651517078902e+01
1.273843904107491554e+01
1.253860539457312484e+01
1.229009162165976221e+01
1.310084458382498873e+01
1.240890473266075311e+01
1.424799085792136921e+01
1.207024889446135241e+01
1.303301744646864258e+01
1.437078785164788464e+01
1.251785534124687871e+01
1.424799085792136921e+01
1.237031419858274361e+01
1.296951414202608532e+01
1.421807415783081652e+01
1.184369138882780348e+01
1.418012897562202568e+01
1.264859287823585454e+01
1.217070598498832901e+01
1.436181321433402758e+01
1.288677502714351419e+01
1.298658931357805457e+01
1.224175339803670326e+01
1.211862902442756074e+01
1.227049991214820324e+01
1.433811006802966759e+01
1.224252517639996185e+01
1.439982210304396126e+01
1.219027733522522183e+01
1.305664982205940383e+01
1.328146797923523081e+01
1.231950247327343995e+01
1.428387618489559330e+01
1.104265313107310931e+01
1.423829578159512721e+01
1.436633738133415150e+01
1.252301210344980831e+01
1.273223847166217837e+01
1.423334331787193463e+01
1.290123886680642151e+01
1.244278116972916948e+01
1.127858668371385953e+01
1.279915131788039773e+01
1.290395191719233914e+01
1.247572630817470341e+01
1.266946714515180616e+01
