2.616000000000000103e+00
2.737999999999999989e+00
2.479000000000000092e+00
2.399999999999999911e+00
2.507000000000000117e+00
2.384999999999999787e+00
2.818000000000000060e+00
2.494000000000000217e+00
3.177000000000000046e+00
2.600999999999999979e+00
2.551000000000000156e+00
2.766000000000000014e+00
2.125999999999999890e+00
2.717999999999999972e+00
2.411000000000000032e+00
2.545999999999999819e+00
2.975000000000000089e+00
2.545999999999999819e+00
2.685999999999999943e+00
2.443000000000000060e+00
2.672000000000000153e+00
2.581999999999999851e+00
2.560999999999999943e+00
2.744000000000000217e+00
2.396999999999999797e+00
2.315999999999999837e+00
2.573999999999999844e+00
2.576000000000000068e+00
2.560999999999999943e+00
2.734999999999999876e+00
2.623000000000000220e+00
2.853000000000000203e+00
2.859999999999999876e+00
2.648000000000000131e+00
2.620999999999999996e+00
2.649999999999999911e+00
2.572000000000000064e+00
2.629000000000000004e+00
2.504999999999999893e+00
2.532999999999999918e+00
2.438000000000000167e+00
3.088999999999999968e+00
2.709000000000000075e+00
2.694999999999999840e+00
2.496999999999999886e+00
2.869000000000000217e+00
2.452999999999999847e+00
2.658999999999999808e+00
2.758000000000000007e+00
2.450000000000000178e+00
2.680000000000000160e+00
3.031000000000000139e+00
2.532999999999999918e+00
2.382000000000000117e+00
2.931000000000000050e+00
2.834000000000000075e+00
2.378000000000000114e+00
2.793000000000000149e+00
3.157999999999999918e+00
2.751999999999999780e+00
2.793000000000000149e+00
2.607000000000000206e+00
2.644000000000000128e+00
2.596000000000000085e+00
2.672000000000000153e+00
2.624000000000000110e+00
2.878000000000000114e+00
2.571000000000000174e+00
2.531000000000000139e+00
2.520999999999999908e+00
2.443000000000000060e+00
2.483000000000000096e+00
2.697000000000000064e+00
2.533999999999999808e+00
2.567000000000000171e+00
2.587000000000000188e+00
2.443000000000000060e+00
2.269000000000000128e+00
2.451999999999999957e+00
2.612000000000000099e+00
2.712000000000000188e+00
2.556000000000000050e+00
2.755999999999999783e+00
2.665999999999999925e+00
2.443000000000000060e+00
2.774999999999999911e+00
3.028999999999999915e+00
2.459000000000000075e+00
2.576000000000000068e+00
2.673999999999999932e+00
2.499000000000000110e+00
2.419999999999999929e+00
2.500000000000000000e+00
2.384999999999999787e+00
2.645000000000000018e+00
2.569999999999999840e+00
2.511000000000000121e+00
2.378000000000000114e+00
2.729000000000000092e+00
2.557999999999999829e+00
2.516999999999999904e+00
3.173999999999999932e+00
2.600999999999999979e+00
2.545999999999999819e+00
2.762000000000000011e+00
2.751999999999999780e+00
2.467000000000000082e+00
2.736000000000000210e+00
2.343999999999999861e+00
2.411000000000000032e+00
