1.504903800900486743e+01
1.550453032744217730e+01
1.866275001701017544e+01
1.413152297910376554e+01
1.855334695218303409e+01
1.522570099761242979e+01
1.495429147482563437e+01
1.591930493271303249e+01
1.573073706315710751e+01
1.475778215099682988e+01
1.627798255680153972e+01
1.550453032744217730e+01
1.501616368542848434e+01
1.576154783737214160e+01
1.554201297168462048e+01
1.543284894242346184e+01
1.540717545446737802e+01
1.503118048534470574e+01
1.511283924401002388e+01
1.384069555000018781e+01
1.441222240030963953e+01
1.503118048534470574e+01
1.856756190695390529e+01
1.577846066085414378e+01
1.658476095179740994e+01
1.534577412450814649e+01
1.477411189463146179e+01
1.862140245848836884e+01
1.523169914569665551e+01
1.866275001701017544e+01
1.363753524221897173e+01
1.499160938024614786e+01
1.522570099761242979e+01
1.850841330007660801e+01
1.852274396676721935e+01
1.627798255680153972e+01
1.511283924401002388e+01
1.867907976064480380e+01
1.869273133778355600e+01
1.556721561088857797e+01
1.616643792522981826e+01
1.497527963661151595e+01
1.384069555000018781e+01
1.866275001701017544e+01
1.551280904869004473e+01
1.558770562487635658e+01
1.867907976064480380e+01
1.499160938024614786e+01
1.543867534146944109e+01
1.477411189463146179e+01
1.522570099761242979e+01
1.497527963661151595e+01
1.510366488307492361e+01
1.857948376342658037e+01
1.543867534146944109e+01
1.495429147482563437e+01
1.589126688648708807e+01
1.599420632741435355e+01
1.658476095179740994e+01
1.603623109199310193e+01
1.536240983057160037e+01
1.510057999145413099e+01
1.555062938099180769e+01
1.579479040448877569e+01
1.500212161551090162e+01
1.601249675025096408e+01
1.605174682503771422e+01
1.459784747589360698e+01
1.552086007107680921e+01
1.573073706315710751e+01
1.475778215099682988e+01
1.509650950037539197e+01
1.621670204742644117e+01
1.594227689885691746e+01
1.612318564142967148e+01
1.682089073921626010e+01
1.863773220212300075e+01
1.579559835394947953e+01
1.500212161551090162e+01
1.643192373178039389e+01
1.658476095179740994e+01
1.621532793814922258e+01
1.533799949402312279e+01
1.456883992513306936e+01
1.555835440617712351e+01
1.855334695218303409e+01
1.862140245848836884e+01
1.523465305580706541e+01
1.848141511519150981e+01
1.584404031948588809e+01
1.857948376342658037e+01
1.430350008763839575e+01
1.670853799189051259e+01
1.548714290440808128e+01
1.658986380065459798e+01
1.673719109209743294e+01
1.475778215099682988e+01
1.522570099761242979e+01
1.504017561419402682e+01
1.602386010010131301e+01
1.497527963661151595e+01
1.421623138787036922e+01
1.498167859629013066e+01
1.521180426100093896e+01
1.628758422719016963e+01
1.875687581505080814e+01
1.511283924401002388e+01
1.472988031170010537e+01
1.642051757731774941e+01
1.522570099761242979e+01
1.850841330007660801e+01
1.532209030564625962e+01
1.486247341097857166e+01
1.594680383559051506e+01
1.497527963661151595e+01
1.870631600690325413e+01
1.614168824748800191e+01
1.573073706315710751e+01
1.421879602681483057e+01
1.606273531319847336e+01
1.510518894535462664e+01
1.871983290590303639e+01
1.567376940087240200e+01
1.552308592356357053e+01
1.524020564062200833e+01
1.549848056879869773e+01
1.409322839733733979e+01
1.586501483017731573e+01
1.497527963661151595e+01
1.867907976064480380e+01
1.435847743676434796e+01
1.555273249770062094e+01
1.498917320506410888e+01
1.522570099761242979e+01
1.442855214394427144e+01
1.492807907529217282e+01
1.522570099761242979e+01
1.658476095179740994e+01
1.569766325830684650e+01
1.509650950037539197e+01
1.640594045741473295e+01
1.721603401476873785e+01
1.525813494300528816e+01
1.521682835223341357e+01
1.576468345356415313e+01
1.869273133778355600e+01
1.672086134846280103e+01
1.530824304789911849e+01
1.564108407938693546e+01
1.574706680679173942e+01
1.581552012925966011e+01
1.537832505056059951e+01
1.630370748036541073e+01
1.851035581421206189e+01
1.482544182610967098e+01
1.387752852791386360e+01
1.398519810565833588e+01
1.547887314655161717e+01
1.489326071081891811e+01
1.499160938024614786e+01
1.524203074124706170e+01
1.466080863830268122e+01
1.871695142904738063e+01
1.627798255680153972e+01
1.537832505056059951e+01
1.865157933071365548e+01
1.601770704023822489e+01
1.557468414981175542e+01
1.584404031948588809e+01
1.594873157946762987e+01
1.414684201130381069e+01
1.864903239395324874e+01
1.499160938024614786e+01
1.487880315461320357e+01
1.533046295183282481e+01
1.414684201130381069e+01
1.614350289303074959e+01
1.598256721590801988e+01
1.865157933071365548e+01
1.869273133778355600e+01
1.855123216331927338e+01
1.537466913634689192e+01
1.858171771261358884e+01
1.627798255680153972e+01
1.629431230043617163e+01
1.427780464141931738e+01
1.629562942246685608e+01
1.421623138787036922e+01
1.852474304371123992e+01
1.450475572495732912e+01
1.497546637664003910e+01
1.486247341097857166e+01
1.628946548390124249e+01
1.614168824748800191e+01
1.540441323119826933e+01
1.874665994513932432e+01
1.394754061125921929e+01
1.672086134846280103e+01
1.643192373178039389e+01
1.486247341097857166e+01
1.637606173975308721e+01
1.877320555868544005e+01
1.564032210613690665e+01
1.504740157081118035e+01
1.536581185842110031e+01
1.573796691048177365e+01
1.569009914450703391e+01
1.486247341097857166e+01
1.658476095179740994e+01
1.522570099761242979e+01
1.501502513468526345e+01
1.536199530692596760e+01
1.604397297395188460e+01
1.503118048534470574e+01
1.864903239395324874e+01
1.400152784929296779e+01
1.511283924401002388e+01
1.648605427512469035e+01
1.868998626326862222e+01
1.536862785415384991e+01
1.584404031948588809e+01
1.531356406588732710e+01
1.368647229272369081e+01
1.631688421800284061e+01
1.486247341097857166e+01
1.482122550846601783e+01
1.511283924401002388e+01
1.363753524221897173e+01
1.627798255680153972e+01
1.524203074124706170e+01
1.573073706315710751e+01
1.434214769312971605e+01
1.487880315461320357e+01
1.487880315461320357e+01
1.594162911342142408e+01
1.538359723625174524e+01
1.537005836726604713e+01
1.522570099761242979e+01
1.656843120816277803e+01
1.616643792522981826e+01
1.503409420431950672e+01
1.643684732095238132e+01
1.557468414981175542e+01
1.557764356623095026e+01
1.409322839733733979e+01
1.537832505056059951e+01
1.870631600690325413e+01
1.497527963661151595e+01
1.536199530692596760e+01
1.571063768997496268e+01
1.522570099761242979e+01
1.522350304914326458e+01
1.557468414981175542e+01
1.573073706315710751e+01
1.849591288400519673e+01
1.426852231992836195e+01
1.470633937290711835e+01
1.855123216331927338e+01
1.681472992523492849e+01
1.472644149762387400e+01
1.850841330007660801e+01
1.566877370192183783e+01
1.536199530692596760e+01
1.529666772082225634e+01
1.542840586161877425e+01
1.608891784366779021e+01
1.869273133778355600e+01
1.860984842819590668e+01
1.543833322298905841e+01
1.874665994513932432e+01
1.518072773011156329e+01
1.486247341097857166e+01
1.852474304371123992e+01
1.523461010777635138e+01
1.584404031948588809e+01
1.606424973497415465e+01
1.567376940087240200e+01
1.552353112689130299e+01
1.522570099761242979e+01
1.859581350706121228e+01
1.523340307057559073e+01
1.569766325830684650e+01
1.512412786447107038e+01
1.534769841614947339e+01
1.527446468663992007e+01
1.567376940087240200e+01
1.400152784929296779e+01
1.658476095179740994e+01
1.745181198800819544e+01
1.554261722443338556e+01
1.384069555000018781e+01
1.587758978348267291e+01
1.656843120816277803e+01
1.863773220212300075e+01
1.393121086762458738e+01
1.457115565453250916e+01
1.536406280990837558e+01
1.860749187028216056e+01
1.483398365055960966e+01
1.497527963661151595e+01
1.573582673377214292e+01
1.559312563181288525e+01
1.579126791559533061e+01
1.865157933071365548e+01
1.506848951774924217e+01
1.519546542541988643e+01
1.629562942246685608e+01
1.497527963661151595e+01
1.515907985964065041e+01
1.403927552217571773e+01
1.871983290590303639e+01
1.547394903657491838e+01
1.532209030564625962e+01
1.486247341097857166e+01
1.732276285264272531e+01
1.614168824748800191e+01
1.549722721606519116e+01
1.414684201130381069e+01
1.602882649388559599e+01
1.579479040448877569e+01
1.487880315461320357e+01
1.497527963661151595e+01
1.618236067617102591e+01
1.616643792522981826e+01
1.604520806146594225e+01
1.513478327669040269e+01
1.555835440617712351e+01
1.573212784967247657e+01
1.557468414981175542e+01
1.509650950037539197e+01
1.499160938024614786e+01
1.564108407938693546e+01
1.602882649388559599e+01
1.627798255680153972e+01
1.546444006097651069e+01
1.409322839733733979e+01
1.552086007107680921e+01
1.547394903657491838e+01
1.616643792522981826e+01
1.601249675025096408e+01
1.544198977812134288e+01
1.845053362623725235e+01
1.569009914450703391e+01
1.497527963661151595e+01
1.859581350706121228e+01
1.870631600690325413e+01
1.387752852791386360e+01
1.589126688648708807e+01
1.411519323546913363e+01
1.629431230043617163e+01
1.503118048534470574e+01
1.581627653487631946e+01
1.620535291044106430e+01
1.448842598132269721e+01
1.636288357048722730e+01
1.434214769312971605e+01
1.632294375040974188e+01
1.865157933071365548e+01
1.565741382302156737e+01
1.457115565453250916e+01
1.840656315225146855e+01
1.400152784929296779e+01
1.475778215099682988e+01
1.856538796897895693e+01
1.504751022897933765e+01
1.516831437024261042e+01
1.494366832890907126e+01
1.550347264804271319e+01
1.848141511519150981e+01
1.510405856335934516e+01
1.532820965018521164e+01
1.643684732095238132e+01
1.497527963661151595e+01
1.614168824748800191e+01
1.475108010276922954e+01
1.614270215862560320e+01
1.634204168768063070e+01
1.536199530692596760e+01
1.472644149762387400e+01
1.866275001701017544e+01
1.571466002342408075e+01
1.522570099761242979e+01
1.416317175493844260e+01
1.597491826183116714e+01
1.567376940087240200e+01
1.656843120816277803e+01
1.642051757731774941e+01
1.434214769312971605e+01
1.509650950037539197e+01
1.871695142904738063e+01
1.487051053992525951e+01
1.542931396810460498e+01
1.567376940087240200e+01
1.522570099761242979e+01
1.602092455153890427e+01
1.510057999145413099e+01
1.860984842819590668e+01
1.486247341097857166e+01
1.609151549364385403e+01
1.866275001701017544e+01
1.509733859113963206e+01
1.860984842819590668e+01
1.536199530692596760e+01
1.598410195940749290e+01
1.852474304371123992e+01
1.467713838193731313e+01
1.842289289588610401e+01
1.604520806146594225e+01
1.465370322379823520e+01
1.863524958707902357e+01
1.643684732095238132e+01
1.642051757731774941e+01
1.541027256664062506e+01
1.538941545080276896e+01
1.537832505056059951e+01
1.856538796897895693e+01
1.558940801583915103e+01
1.875687581505080814e+01
1.524203074124706170e+01
1.673719109209743294e+01
1.633160395399158560e+01
1.550347264804271319e+01
1.871983290590303639e+01
1.382436580636555590e+01
1.858171771261358884e+01
1.864903239395324874e+01
1.582120384222186438e+01
1.559397330986558217e+01
1.856756190695390529e+01
1.653772433446423307e+01
1.592332507598764479e+01
1.431982983127302766e+01
1.629562942246685608e+01
1.627798255680153972e+01
1.597944878028499360e+01
1.532257389583527640e+01
