3.201361442297449567e-01
8.585853489169111841e-01
4.002675742772616729e-01
1.491307252854799925e+00
-3.085914261614635556e+00
-5.115276972208551154e-01
8.258595042125815855e-01
-8.489352715181325282e-01
-2.164230950943046849e-01
3.274609635278032949e-01
-8.498646757785663919e-01
-1.178400745720446785e-01
1.376543099917688084e-01
-4.876565658397265524e-01
-5.195791865718819569e-01
9.092591045285596252e-01
6.859936049253191337e-01
2.804478066302232175e+00
1.268200256487178823e+00
-1.271534539904181527e+00
6.110648480261089421e-01
-6.698930744705493545e-01
-6.431744720752609057e-01
-1.615282642381482281e-01
5.010437470253237269e-02
-7.511314409146829796e-01
-9.963499999351499437e-02
-6.273605744367780623e-01
1.089756134389569864e+00
9.011770291242168218e-01
-2.615504751801278616e-01
-7.554703069757896516e-01
-1.356088095021314333e+00
9.863838306144583346e-01
-5.158316460625708144e-01
-5.879832870888758167e-01
-1.033547940282747851e-01
-3.484689755864606858e-02
-1.311870775240404852e+00
1.587313432100110777e+00
4.576228763314976189e-01
-9.107803648810480768e-01
1.029778287331692965e-01
-5.931267185994528734e-01
3.367966318775169610e-01
-1.487109508785212919e-01
-8.755624984392837429e-02
-7.746240514807591904e-01
-9.446134420358427430e-01
-8.992220559647136346e-02
-1.563677131013121446e+00
-2.269819490342393775e-01
5.039685689438565541e-01
-2.596028166197430043e+00
1.191263363656726915e+00
-1.214990512260636812e+00
2.914112838848495812e+00
7.636251344937898811e-01
-3.545201608657381209e-01
-1.832261807492995942e+00
-3.185436899153581969e-01
1.063780083486198347e+00
6.004144641940012406e-01
9.032316077142142630e-02
1.143724458854832537e+00
-6.932717907338851182e-01
-1.236546790526318051e-01
-7.000384611268275492e-01
-1.543231407093141883e+00
5.788319269534463185e-01
-3.730099986016443547e-01
2.585370163146401556e-01
-1.757855714239162204e+00
-3.463364312021141034e-01
6.271486888958122119e-01
3.989642120695872651e-01
8.601728741100229669e-01
1.292106694819778800e+00
-3.105988503923095001e-01
7.368287090061408362e-01
-2.914325100376556343e-01
-1.447475409134509061e-01
3.788845777363107903e-01
4.233143305834545789e-01
8.289039352518426940e-01
-9.121006450147894906e-01
-2.843042315326826497e+00
-4.896363015893093751e-01
8.069398460394062722e-01
6.398378180884303212e-01
1.849100644768588153e-01
2.165167913924271326e-01
-5.993460185983294775e-01
4.201074070344011924e-01
-1.913326903088064801e-01
-5.695639105748517839e-01
5.148222435617194614e-01
-8.597695308367582223e-01
4.830332868351747688e-01
-8.637480584053007782e-01
-5.080605129099696748e-01
7.689630245953403553e-02
5.866414248787218400e-01
3.115476224335901878e-01
7.365732284570126742e-01
2.707870191554547779e-01
-1.231533142788160395e+00
-1.409193006151785887e+00
6.879333198009680572e-01
3.955527664995503456e-01
7.980847179480922149e-01
-5.414241515264293092e-01
-5.950376503148289142e-01
5.830120738319855000e-01
-1.782722518497342479e-01
-7.481899247308718692e-01
-6.498275908076535101e-01
-4.233870465694144526e-03
7.091082706019405379e-02
-5.322137180488021313e-01
-5.285251332393716694e-01
-1.054448472446977370e+00
1.157956817007570333e-01
5.596221941981616155e-01
3.121865889315875164e-01
-1.055051537279058982e+00
9.021117229656605563e-02
-1.408393876436961345e-01
5.312019052900752714e-01
-1.167859815128304696e-01
1.681880963166012988e+00
1.911970412717187262e+00
1.512268138530665995e+00
-4.336271447525842926e-01
1.364066121259349118e-01
1.781476112122299948e+00
-1.496763161642258033e-01
8.027889431895565142e-01
-1.917147496896505876e+00
1.000136053348901877e+00
8.033672299701830610e-01
-4.957858060379667919e-01
-9.828001379162076834e-01
-9.835443143432044677e-02
-4.840602451504050774e-01
-3.162866123172083821e+00
2.236869571228191841e-02
5.787030402277980601e-01
-2.063253788125273547e-01
4.352577658412855044e-01
-3.236316765745749779e-01
2.799162258211642107e-01
-3.183928406100391961e-02
1.273544059651573690e+00
-6.966063178657327937e-01
-1.112321692237831228e-01
6.641790900514538132e-02
5.871943275545622037e-02
9.239993763874477795e-01
-1.698749945959628471e+00
-2.449032497968715028e-01
-1.044023537457424489e+00
1.613701886302830513e+00
-4.249366661468855777e-01
6.520509363231822286e-01
1.195576843713679116e+00
-6.616649882951952666e-02
-6.208317075992650924e-01
2.230795666744176398e-01
-2.408010521497708500e-01
-1.697079797974650542e-02
8.965584560337369613e-01
2.426962072931345471e+00
1.549242728884110409e-01
1.204347893624742219e-04
-1.127516593537066125e+00
1.020050858070738198e-01
2.196008767427404529e-01
7.129949389504525170e-01
-1.823954800133884335e+00
1.275659822761285200e+00
9.104920898745805236e-02
-9.614000024607664008e-01
6.467098397722729208e-01
-5.699313777050898366e-01
-2.566737166391837022e-01
-2.113112290006612604e+00
8.834806419738368000e-01
-2.349448353688804447e-03
1.220753550614935623e+00
4.213375376439167375e-01
-8.243195897077132406e-01
-4.856218271708279133e-01
4.889176105596499955e-01
3.759203275866734306e-01
2.764270354580732891e-01
7.612722071250120903e-01
7.032344337907486809e-01
8.290022492355861861e-01
1.717978629113730449e+00
-9.305556612065002398e-01
-5.739641132988032579e-01
-2.375024161361729558e-01
-1.015357060792271726e+00
-1.242652522832262019e+00
4.622939827378335087e-01
-2.384083196440361374e-01
9.462744087930509140e-01
-7.688653124027007291e-01
1.791342131378506272e-02
-2.990701555845617921e-01
-2.000362111322664671e-01
2.805144812904520335e-01
2.611863489187639331e+00
3.005801020292585557e-01
5.786182999829679874e-01
-1.626725057326992907e+00
-2.610005291588217147e-01
5.350157575040632718e-01
-5.548669853136370955e-01
-4.293758583439734600e-01
-3.126152317671376246e-01
9.227898057031603818e-01
1.400225109377998933e+00
2.502209125986179505e-01
8.939467426290511609e-01
3.312354579812635258e-01
-1.728033536521110178e-02
-9.034586383794397380e-01
8.213762017867476395e-01
1.041686258622434247e+00
1.517053052126816848e+00
8.995016974473278859e-01
-1.059112568987086611e+00
3.624168864539029089e-01
-1.181533141819541610e+00
1.139124323637249608e-01
-4.628617023244420703e-01
8.895700431704979261e-01
-4.581768604526599842e-01
5.199511706384583043e-01
1.199825922832810532e+00
-1.128507913157144465e-01
1.553588508748080299e+00
-2.152192127382672460e-01
-2.883056027016574555e-02
9.993731261547871281e-01
6.909020063575838089e-01
2.665675895293078690e-01
-5.392501473154034386e-01
-1.648188806276518426e+00
-3.579369005997762310e-01
9.310740639462182777e-01
-2.433024283793440712e-01
5.581648296936411180e-01
3.168436873578114876e-01
3.742511174488746262e-01
1.705192808609292454e+00
-2.553802445726741088e-01
8.586276521458424682e-01
3.782136260262861649e-01
-3.349146109036492680e-01
9.223744754170292159e-01
3.577588480694625095e-01
-4.311259995613010987e-01
-9.089097161037726913e-01
7.690445277416704251e-01
-4.837772875959571173e-01
2.457436325458561555e-01
-7.420515979475531543e-01
1.567369008097670102e+00
-4.508794651298113076e-01
3.691982390729565133e-01
8.667078143092973308e-01
1.814331961935270465e+00
1.699927652507104314e+00
9.155305845131617160e-01
4.475554082990518268e-01
1.286068684369887416e+00
5.689830560356897715e-01
-5.697727562540071400e-01
-1.958755527789368123e-01
-9.493982615375011480e-02
-1.659273475407890552e-01
-3.298221313939533883e-01
1.401335014447408378e+00
2.154825590223783949e-01
2.344723470461327341e-01
-4.536144419756343305e-01
-9.341476752150427998e-02
6.888835959698682565e-01
-9.162390037459857695e-01
3.844256876297184045e-01
4.798686813341644375e-01
-4.929484698553247557e-01
3.314511244682546431e-01
3.895977774550558048e-01
1.699250254911885749e+00
-4.367679800447371030e-01
6.009796996244005651e-01
-3.176994333185601538e-01
-1.424499049459858613e+00
-1.139724039297344227e+00
4.093084205023246547e+00
2.166413535394977607e-01
2.529194667508814498e-01
-6.415597697845414060e-02
3.128229917146451711e-01
1.634980661942049718e+00
-2.157760044014512268e-01
1.312460638216893412e-02
1.621238369188844120e+00
-1.380041478961925971e+00
6.163691094301879669e-01
-4.994416432781091375e-01
5.932984906998721719e-01
-6.265437186872202524e-01
6.329368014104727047e-01
6.199570571682982978e-02
1.675081597121444110e+00
3.616302060844415411e+00
9.217651883939341761e-01
-3.551961763924010307e-01
-3.684739854533732317e-01
-1.036668811262024814e+00
-2.798268012385539127e-01
-1.613810315265550238e-03
1.060046518692002726e+00
-1.132159207550671676e+00
1.530682526505042773e+00
5.344725121300673010e-01
-8.170599804085710086e-03
-3.674929634772186038e-01
-1.144709323335290664e-03
1.793059408826893492e-02
3.624018315603059204e-01
3.352372559856606204e-01
2.738547669671374529e-01
9.274524649057964698e-01
-1.065333896221856813e+00
-3.628987364539179583e-01
2.561013464992689670e-01
8.544596574272373957e-01
3.920714085452633446e-01
-4.588161873973013449e-01
2.689547471930798794e-01
3.423725082377946510e-02
-5.283665254448731696e-01
5.334429520507628641e-01
1.032739038170967572e+00
4.300983332026595551e-01
-4.646488428501747703e-01
5.584949591364082311e-01
2.013919838370181459e-01
3.908907155012176782e-01
-3.507993618811642289e-01
1.732352269168287773e+00
-7.406722707459242327e-01
9.839740858631578213e-01
7.348045030525527377e-01
-2.500561497716260462e+00
2.242338096906651423e-01
1.012872273871955553e+00
5.677701139952512355e-01
-3.690955021376003953e-01
-6.860794108036235572e-01
-2.331986219287636164e-01
4.228840257074638620e-01
4.187029112112200302e+00
-3.916269665911096820e-01
1.330137550218833398e-01
-1.767920279217308321e+00
4.218373432634479614e-01
-5.419310241049487553e-01
7.744644033503598202e-01
-4.796921534497261552e-01
-4.659880053192826388e-01
-4.945196386489844054e-01
-1.059196132946079283e+00
7.128779164578507022e-01
2.187505010307143893e-01
2.293338872657561645e+00
6.222162081186527471e-02
-1.256860174826465393e+00
-1.251004590560355068e-01
-1.087477807390944351e+00
-4.207160271900557968e-01
2.245133103560425780e-01
9.596461924664017040e-01
2.037055277190689684e-01
4.258836264990627507e-01
-1.199396606485361033e-01
-3.408305134645566170e-01
-1.403392555523611085e+00
2.326147761612628873e-01
6.101799804759068524e-02
5.192314717961474813e-01
-9.951713661470853456e-01
2.158610028698644823e-01
4.062408597923012343e-01
-7.776825929696457029e-02
-7.119602273336320675e-01
8.714964754138811998e-01
-2.698191207165809291e-01
1.099616618034663817e+00
-7.018887925710598497e-01
1.594222036150497457e-01
-4.467787132277445949e-01
-3.588078638412012800e-01
-4.978008559702115088e-01
-1.303113406163384669e+00
4.773025439452839302e-01
-1.846861608822099043e-01
8.313127640957984621e-01
-1.168958377363766843e+00
3.111141277502725289e-01
-4.769995536525963864e-01
1.616777798709450042e+00
1.024342645235685634e+00
-9.515416848045330500e-01
-4.485241457003977250e-02
-9.545828686036246236e-01
1.034839015102204662e+00
-1.461016331024397041e-01
3.972722944410813084e-01
-6.083963263455617332e-01
-6.189569518509349111e-01
1.989037628761044063e+00
7.955278593688550060e-02
5.913832185569497524e-01
7.099770278917217903e-01
-8.412998805081111087e-01
8.192129219475906554e-01
5.426752213018726234e-02
-2.910951017936653229e-01
9.401815870829244304e-01
