3.144000000000000128e+00
2.979999999999999982e+00
2.802000000000000046e+00
2.629999999999999893e+00
2.963999999999999968e+00
2.463999999999999968e+00
3.065999999999999837e+00
2.777000000000000135e+00
3.354000000000000092e+00
2.779999999999999805e+00
2.766999999999999904e+00
2.996999999999999886e+00
2.335999999999999854e+00
2.930000000000000160e+00
2.904999999999999805e+00
2.983999999999999986e+00
3.134999999999999787e+00
2.854999999999999982e+00
3.099000000000000199e+00
2.755999999999999783e+00
3.031000000000000139e+00
2.777000000000000135e+00
2.825000000000000178e+00
2.789000000000000146e+00
2.708000000000000185e+00
2.821000000000000174e+00
2.959999999999999964e+00
2.810000000000000053e+00
3.007000000000000117e+00
3.399999999999999911e+00
2.979000000000000092e+00
3.120000000000000107e+00
3.456999999999999851e+00
3.120999999999999996e+00
2.950000000000000178e+00
2.908999999999999808e+00
2.846999999999999975e+00
2.834000000000000075e+00
2.745999999999999996e+00
2.946000000000000174e+00
2.911999999999999922e+00
3.232000000000000206e+00
3.153000000000000025e+00
2.939000000000000057e+00
2.724000000000000199e+00
3.197999999999999954e+00
2.721999999999999975e+00
3.055000000000000160e+00
3.209999999999999964e+00
2.504999999999999893e+00
2.753000000000000114e+00
3.390000000000000124e+00
2.926000000000000156e+00
2.604999999999999982e+00
3.125999999999999890e+00
3.301000000000000156e+00
2.713999999999999968e+00
3.125000000000000000e+00
3.612000000000000099e+00
2.837000000000000188e+00
2.702999999999999847e+00
2.982000000000000206e+00
2.730999999999999872e+00
3.064000000000000057e+00
2.767999999999999794e+00
3.105999999999999872e+00
3.003000000000000114e+00
2.533999999999999808e+00
2.939999999999999947e+00
3.003000000000000114e+00
2.754000000000000004e+00
2.770000000000000018e+00
3.024999999999999911e+00
2.842000000000000082e+00
2.736000000000000210e+00
2.976999999999999869e+00
2.366000000000000103e+00
2.642999999999999794e+00
2.817000000000000171e+00
2.880999999999999783e+00
3.029999999999999805e+00
2.928999999999999826e+00
3.160000000000000142e+00
2.876999999999999780e+00
2.998000000000000220e+00
3.213000000000000078e+00
2.859999999999999876e+00
2.838000000000000078e+00
2.754000000000000004e+00
2.771999999999999797e+00
2.870999999999999996e+00
2.765000000000000124e+00
3.056999999999999940e+00
2.895999999999999908e+00
2.947999999999999954e+00
2.963000000000000078e+00
2.636000000000000121e+00
2.557999999999999829e+00
2.927000000000000046e+00
3.282999999999999918e+00
3.225999999999999979e+00
3.133999999999999897e+00
2.984999999999999876e+00
2.867999999999999883e+00
3.205000000000000071e+00
3.092999999999999972e+00
2.645999999999999908e+00
2.818999999999999950e+00
2.721000000000000085e+00
2.738999999999999879e+00
