-5.157801298024123904e-01
-5.447966382777547079e-01
-2.073633772551485288e-01
-8.598907258696244504e-01
-3.268855095372988018e+00
-1.589192414184362301e+00
4.499653908639213995e-01
-5.216723094567153884e-01
6.057310371058190028e-03
-2.071095701973442171e+00
-5.914740898779142775e-01
-1.307618464135879455e+00
1.866631335312492368e+00
-1.164629718285521143e-01
-7.810430723399927055e-01
-1.998903830914500468e-01
1.685085274223819818e-01
1.397018462232802127e+00
2.113430771620136372e+00
-7.286467749682588868e-02
-5.722314352863219211e-01
7.143635153730528708e-01
1.086023449730600499e+00
2.199257175817518561e+00
-9.294692168292506551e-01
3.866631722375537539e-01
8.629610633532606156e-01
4.985390394349922261e-01
2.187072474242067743e-01
-4.829900665438464080e-01
-6.365813994006929155e-01
-8.208238564108613078e-01
-1.050512631335867253e+00
-4.153677777509576230e-01
-1.393886704323238079e-01
-1.908609085450925155e-02
6.849194737417634293e-01
-8.704941203925448123e-01
-2.424892185584020865e+00
7.519202374421410928e-01
-1.195381987579751781e+00
-5.521089567411180399e-01
-1.777594475907300131e+00
-2.006140279271974303e-01
-5.661593438010874557e-01
-8.390955127251431556e-01
-1.414547068789485884e+00
1.030939292489191805e+00
-8.149207349907759967e-01
-1.832203112282368762e+00
-9.309670408642017891e-01
2.073561911377248268e-01
1.689090752159857212e-01
-2.579646175356419047e+00
-8.807418791837761107e-01
-6.431995619066737113e-01
2.085817840456269501e+00
4.666796162031447981e-01
3.063583931967461815e-01
-4.052391843245285452e-01
5.663597010452506852e-01
2.917448603020917020e+00
1.626816501230201883e-01
3.389546247245825983e-01
5.774131220945162291e-01
-1.167572494129241578e+00
2.292933818804021862e-01
-4.221868378765476770e-02
6.375961047477889387e-01
6.495885031041196411e-01
1.162379638014467087e+00
-6.295028772530145700e-01
9.749080816228682111e-02
-4.080366618529153167e-01
4.535195598202029776e-02
-5.096915686925399536e-01
-2.190007903167327630e+00
-1.566105321180895515e+00
2.295204222317027143e-01
5.761381824053802836e-01
1.568231343872069361e-01
-2.324644096967776741e-01
-5.945314388451125032e-01
-1.250153654583135321e+00
6.765250278937583461e-01
-1.700172439140007041e+00
-8.778750265993250368e-01
4.132545068872207072e-01
-2.307360383954765726e-01
1.694809886493576334e+00
-1.847321781304371580e-01
-7.181974031145914594e-01
5.771112488928921147e-01
-1.081644843825584568e+00
2.318746551883709150e-01
-1.397199528749932140e+00
1.314399535092642402e-01
-2.130846597432358269e+00
1.195113772361340532e+00
-1.143810810436271863e+00
-8.632012621202686531e-02
8.052366005332675103e-01
-1.427205617906221580e+00
-2.108077269073632132e-01
2.440179785388352229e-01
7.447706562455421730e-01
5.583674286316153701e-01
-1.675797550055718732e+00
-8.809854955207592209e-01
4.560357569018464452e-01
1.312258745604955479e+00
2.591524411297372321e-01
-1.824858503622535100e-01
6.008388632076480107e-01
-1.554129220583474469e+00
-1.155222151802119734e+00
1.499948363655459582e+00
4.376690056168930920e-01
-1.553877335008197191e-01
-3.964799881130974812e-01
-8.806185925809801862e-01
-2.876072299737518767e-01
1.933877697501930726e+00
1.200076433780250751e+00
3.711684259720261087e-02
-4.391140113896251918e-01
-6.838106293584426121e-01
5.525068558504434568e-01
-9.251516065952937184e-01
3.704771083703802675e-02
-1.997898972491931879e-01
3.357613999332934585e-01
-1.703171802752758424e-01
4.768686087320747613e-01
-5.756521045284890281e-01
-6.051590205346464302e-01
1.044060517432041646e+00
-3.943951128926662664e-01
-1.633345254003052194e+00
-2.221649783900578434e+00
1.066090982350124117e+00
6.741620967771971840e-02
-8.016253424351967860e-01
3.022599606941595574e-01
-5.180164833510293443e-01
-3.329568490076649123e+00
-1.108135712628786518e+00
-2.324230378087400184e-01
-4.609139863217829314e-01
2.624216287645060319e-01
1.162533969738534789e-01
-6.440861643967679129e-01
5.219339278658372550e-01
2.072410376119079578e-01
-1.464524549908637230e+00
-9.029684619645447774e-02
-1.438854828687849086e+00
-1.377616249528838821e-01
9.149918524725372260e-01
-1.320916142010960526e+00
-7.702607771878250409e-01
4.297812021745118782e-01
-2.738863288265369622e+00
-2.873346863659603234e-01
-2.467841194880781575e-01
1.450074286872796991e-01
-9.709224382281327059e-02
-5.804643264609516962e-01
-1.606127358909585912e-01
4.669800290443762991e-01
1.871872076105000893e-01
-1.764802573516450535e+00
8.469288109842445511e-01
-1.162235670005457161e-01
-6.838896085299160932e-01
-8.976175882847111653e-01
1.524554857635306016e-01
7.313255416722830304e-02
-3.060004210926542401e-01
-2.930926423055592700e+00
6.601606933626527063e-01
2.700186659186423407e-02
-1.054800887375304308e+00
4.166651339049095015e-01
-9.299228445480255401e-01
8.962294248097657512e-01
-9.600977151680613053e-01
3.532226067612662668e-01
-1.346924779996598875e+00
-7.584692410810182084e-01
-6.434627435984636712e-01
-1.056340951926891591e+00
-7.415426106336788781e-01
9.158727184469528382e-01
-8.901053082662880866e-01
-2.326258139700739580e+00
-7.818359742931718648e-02
-1.362287989977076119e+00
4.156340860916070690e-01
-5.189143063719230398e-01
-1.436304984101762286e-02
-5.877264625442777390e-01
2.369865343055348184e-02
3.068364246122552708e-02
2.986401618866543206e-01
-3.974098074792162261e-01
1.022705582410465164e+00
8.618879621659806256e-01
9.649337042274743759e-01
-7.437991996898239699e-02
1.707937160164036516e+00
1.072931362496172492e+00
4.420093857985849528e-01
-5.268645002835273816e-01
-1.114038027578973855e+00
2.930489050827991271e-01
5.162825438231763986e-01
1.339853079515205547e-01
7.243664819255037912e-01
-1.162249767062381478e+00
-3.514967708750055819e-01
-1.797268959538707855e-01
-1.401141517614679921e-01
-1.084115232115744121e+00
4.044390670579247060e-01
-8.323190369368407282e-01
-7.456622181145682038e-02
-4.124966299723192842e-02
1.160167084013538907e-01
1.437215014574587002e+00
-1.623182553179319532e-01
7.494479727866758534e-01
-1.569894960708400511e+00
-1.035150587247794185e+00
-1.872809260060912306e+00
-5.882464721349585091e-01
-8.556873866591574451e-02
3.382192264910283130e-01
-5.465202345010957696e-01
2.357069218835196323e-01
6.642802406389866077e-01
8.433063604476298547e-01
4.104300315332362614e-01
1.153313845617156330e+00
-1.421188748285256320e+00
-1.669277645305860647e+00
-1.360282657317529287e+00
1.507311865461811395e+00
3.718008016355102141e-01
-3.917949654388012126e-01
-6.099111258103981914e-01
-1.359951688070218490e+00
4.179986130226148178e-01
-4.656599675798542282e-01
9.704025654167415527e-02
3.301466627162843448e-01
3.848364172568091157e-01
-2.667266228681718143e+00
-2.293127296134809257e-01
8.537153116250826290e-01
-1.052305932010443312e+00
-9.760016007218895728e-01
-8.751450484157186072e-01
-5.201186618629892733e-01
3.292494628065156248e-01
-1.564209055711931473e-01
-9.231117794723925352e-01
-5.180477049418107383e-01
1.067491556332318403e-01
1.008809158650257887e+00
2.825358840425796769e-01
-6.050328398307869282e-02
9.085311478565210042e-01
1.054561801067330995e+00
1.322428753586249561e+00
-5.042909609826816686e-01
-1.004738481074008760e+00
2.959350622359654404e-01
1.249322786475706160e+00
-1.352083067270156924e+00
-4.797290365879613439e-01
8.650314436473933721e-01
8.209433658153306168e-02
-6.522032405764646157e-01
-6.927507954224839670e-01
1.922019184321945406e+00
-7.396723471063069155e-01
-5.403450364726205546e-01
-1.791061802058576541e-02
-7.732917875235357785e-01
-4.250637994824983945e-01
-1.684630333518159606e+00
-1.898017792859489072e-01
3.431035897850368693e-02
-9.132197166266208255e-01
-1.863145824964987374e-02
-1.037774388424160144e+00
7.667856137766922986e-01
-1.887845498346457429e+00
5.867635691814416798e-01
-5.654770926505470197e-01
-3.041044438666016814e-01
5.506009994295519849e-01
-1.507857919100819011e+00
8.553376104036727323e-01
1.387367265959311258e+00
-1.130376273185520475e-01
4.312317319541870975e-02
9.473955491209875568e-01
-8.014332993174956288e-01
-5.451190400296272998e-01
1.156220505288382050e+00
7.516127539599817275e-01
2.583027497189502419e+00
-3.757858639093837327e-01
3.996564427600656777e-01
-1.035015256216279989e+00
-1.067889660370974436e+00
-1.328051484780576663e+00
7.518489145918536565e-01
-4.367555656854150703e-01
6.979276148161931426e-01
5.689810009052397310e-01
5.612791386283201289e-01
1.387241593490405878e-01
-4.056011019812000296e-02
-1.010131804520928572e-01
-2.440624472458196303e-01
-8.997632386017119233e-01
-1.488564956596436062e+00
1.351599699354691930e+00
8.728493290427390139e-02
6.318240134862281032e-02
6.527695688270163110e-02
-2.720165416823287496e-01
-3.320287509363465395e-01
-1.022401669529968693e+00
9.245206590890362452e-01
6.751855323048855384e-02
2.954433526868614490e-01
1.145032406891079102e+00
-1.271754706009853852e-01
-1.237420230097022039e-01
-1.182285353570074582e+00
8.280518365716674767e-01
8.292896372927395232e-01
-2.619227374782074347e-01
7.738610338074818351e-01
-3.124641820344284393e-01
7.658315767718477940e-02
-4.086306328289552869e-01
7.865467106273489328e-01
-2.541465536479449727e-01
4.040617232663176739e-02
-2.245951020785580177e+00
2.915783135156330141e-01
-7.893113536648188600e-01
1.312600459183447255e-01
-5.078489398662019427e-01
6.932909192591799052e-02
-2.502062303804922561e+00
5.245073186014331812e-01
-7.624000314322733063e-01
-7.871450981938538094e-01
-1.140932595466607413e+00
1.057378220327896523e+00
5.634694445724069967e-01
7.223902679796809778e-01
-1.432593536403641510e+00
-7.913519200344995563e-02
1.822008543067438896e-02
-1.359018670520131811e-01
1.114552979465570220e-01
-6.786528511247075061e-03
-4.319962198144894350e-01
-1.087546187916815565e+00
-3.063190314847894502e-01
-2.746001334262752058e-01
-1.575788063582187259e+00
1.244636456812066694e+00
5.108636263026811175e-01
-9.309670408642017891e-01
1.034155474460178165e-01
-1.320477603738451355e-01
-8.815476601280678448e-01
-6.790849289166548397e-01
-2.854434856050796498e-01
6.189638847033098745e-01
-2.384222020602244085e-01
-1.031023191312732790e+00
8.746421208000049186e-01
-1.142575487417721414e+00
-2.618588367630781955e-01
2.967329561250572345e-01
-1.432927486773057368e-01
3.199644316854745041e-01
8.760148892892433148e-02
-2.568049132852222582e-01
-2.455018606635248068e-01
1.526143844802410499e+00
-9.904610814273183683e-01
-9.939913030545823869e-01
-6.739709709070000887e-01
-4.593175580584842876e-01
-1.281041146753747917e+00
-1.342823212830787760e+00
-4.680414145721133456e-01
-2.156141448624352419e-01
-2.105677678051348367e-01
4.719203643119013192e-01
-7.854759223025693515e-01
8.870996111501704418e-01
-3.516042703119853785e-01
1.044440532559167245e+00
1.691623453421416678e-01
-7.043029617363122385e-02
2.294271816823402199e-01
7.032060142891154442e-01
1.280880783058685746e-01
-1.250006515585736722e+00
8.030314899635123682e-01
5.051506087234471920e-01
6.086737905993733211e-02
-7.963257324448196339e-01
1.234873021799409942e+00
4.316306348267162640e-01
1.492212254312237987e-02
3.298779654367947067e-01
-5.331743845646402802e-01
4.310570907865822754e-01
-6.459675274150769031e-01
-7.738979667143298657e-01
-1.757158909939672553e-01
1.329502517901673675e-01
-7.567766147607410954e-01
-1.158159218495973475e+00
