1.283604650114984480e-01
9.883060140005390792e-01
7.711073629025868570e-01
-1.872928963495077426e-01
4.350744958982382116e-01
7.933581021916999987e-01
3.219991911382376060e-01
7.461993443762970912e-01
1.370181265243450852e+00
4.705931640015776907e-01
7.588592589073055450e-01
9.883060140005390792e-01
3.634428856865969948e-01
3.825034912116347385e-01
2.309874685909925063e-01
1.559635277894013683e-01
1.383523938230766248e-01
-9.373826423387399132e-02
4.807843021756053048e-01
-4.002607571012575249e-01
2.351811362459432786e-01
-9.373826423387399132e-02
4.476736622793104914e-01
4.129820359406277674e-01
7.403606784303597976e-01
9.628826982212146390e-02
2.475666800539571000e-01
7.335414541100533370e-01
1.836195886735936256e-02
7.711073629025868570e-01
-7.027677200465944907e-01
3.970846000740184678e-01
7.933581021916999987e-01
6.328751326613932804e-01
6.454925007247567237e-01
7.588592589073055450e-01
4.807843021756053048e-01
5.480808789549662663e-01
5.605771597763293812e-01
7.378066262139828524e-01
1.669759831530720717e+00
6.201110840216390585e-01
-4.002607571012575249e-01
7.711073629025868570e-01
2.108952593943271836e-01
4.967343650584865600e-01
5.480808789549662663e-01
3.970846000740184678e-01
6.497750409746458899e-01
2.475666800539571000e-01
7.933581021916999987e-01
6.201110840216390585e-01
1.653961377132535659e-01
6.958688455779196147e-01
6.497750409746458899e-01
3.219991911382376060e-01
4.906392321896522191e-01
1.032503863249202070e+00
7.403606784303597976e-01
5.737082319111035389e-01
1.076769918059987674e-01
1.861813401671597035e-01
2.369184170005294021e-01
1.899555519930071767e-01
-3.469788551638242069e-01
5.743389342912390561e-01
5.845788076185947091e-01
8.379279060141797686e-02
7.652795300529184885e-01
1.370181265243450852e+00
4.705931640015776907e-01
7.038107861232258955e-01
7.006900568031380061e-01
7.424710745107532261e-01
8.692584291473988145e-01
1.371372556271508003e+00
5.105149701624327463e-01
6.607021727136626055e-01
-3.469788551638242069e-01
1.854280156146787206e+00
7.403606784303597976e-01
1.186888709444895440e+00
3.251707957937135518e-01
6.377977064355455639e-02
1.252771944238199708e+00
4.350744958982382116e-01
7.335414541100533370e-01
1.034726283740262431e+00
3.719474488477523266e-01
1.213515725461451922e+00
6.958688455779196147e-01
3.428415344367614637e-01
1.288838624431386748e+00
2.136025105712011651e-01
1.202432557666654134e+00
8.490679778224983210e-01
4.705931640015776907e-01
7.933581021916999987e-01
3.795639343468604210e-01
8.187375166579098362e-01
6.201110840216390585e-01
2.279434682986547500e-02
3.403267616188738742e-01
4.803494528060170410e-03
9.855346073817905506e-01
8.582819306589719588e-01
4.807843021756053048e-01
1.725934651538327813e-01
8.588341621685522398e-01
7.933581021916999987e-01
6.328751326613932804e-01
3.361209016217063805e-01
5.424538877726146069e-01
7.456302588935148634e-01
6.201110840216390585e-01
5.730598898800067786e-01
6.638862503597131592e-01
1.370181265243450852e+00
1.049471256923126816e-01
8.267653022264784823e-01
1.664306624663147716e-01
5.855286454682371300e-01
3.411213121695908512e-01
2.179639789697453978e-01
2.416220394711210417e-02
9.781036977058175097e-01
1.383708947617314777e-01
9.429565471807279664e-01
6.201110840216390585e-01
5.480808789549662663e-01
-3.517410217128613681e-02
4.936461279739212671e-01
-1.461708623910915605e-01
7.933581021916999987e-01
1.215465229832268790e-02
3.044828491010793670e-01
7.933581021916999987e-01
7.403606784303597976e-01
8.274794015383317713e-01
7.038107861232258955e-01
1.321355539120174782e+00
1.432638760093135843e+00
5.838052994434761445e-02
2.423831160114797711e-01
3.846744749845267819e-01
5.605771597763293812e-01
1.072094461770118912e+00
7.061701447991097780e-02
1.309023407810682826e+00
1.147154781295830261e+00
9.087517453469562412e-01
6.653046267916717937e-01
9.969980269115552574e-01
3.972228155059092103e-01
2.361084150258392356e-01
-1.086410164749178620e-01
2.028564085557249541e-02
1.875669175444336645e-01
2.812522211304386843e-01
3.970846000740184678e-01
5.703316182440794080e-01
4.042322198359560304e-01
8.210094866908690392e-01
7.588592589073055450e-01
6.653046267916717937e-01
5.230493603502530675e-01
5.607407675610733833e-01
1.029745460290579118e+00
1.213515725461451922e+00
1.285376449232488838e+00
1.934123971600385516e-01
7.585979551613064586e-01
3.970846000740184678e-01
3.194274038249940162e-01
3.418165286116963131e-01
1.934123971600385516e-01
6.490396829365661091e-01
7.706113671182031055e-01
5.230493603502530675e-01
5.605771597763293812e-01
6.707001462269310821e-01
6.060778843696983387e-01
4.602630921225845384e-01
7.588592589073055450e-01
5.358327749596849543e-01
1.445399425493132384e-01
1.759307147599194820e+00
2.279434682986547500e-02
4.098486487137726897e-01
6.379641488308429587e-02
7.862550822476421786e-02
5.424538877726146069e-01
7.522448394925422832e-01
6.638862503597131592e-01
1.573510469987180471e-01
6.104225379072829583e-01
-2.658361159833830811e-01
1.072094461770118912e+00
1.854280156146787206e+00
5.424538877726146069e-01
1.300183390992126320e+00
6.352554467113513681e-01
5.330261379931346966e-01
1.272523744032429960e-01
6.000388098094902034e-01
3.661841976224433637e-01
1.180948282219702605e-01
5.424538877726146069e-01
7.403606784303597976e-01
7.933581021916999987e-01
1.287016376418748109e-01
8.883311107392923844e-01
5.791312823246261843e-01
-9.373826423387399132e-02
7.585979551613064586e-01
-2.027408430920480953e-01
4.807843021756053048e-01
8.926811248812569488e-01
7.960863738276273693e-01
1.119353452481810507e-01
1.213515725461451922e+00
3.084487940772167036e-01
-6.228693674922105572e-01
1.258356257739638551e+00
5.424538877726146069e-01
2.333054119275459470e-01
4.807843021756053048e-01
-7.027677200465944907e-01
7.588592589073055450e-01
5.703316182440794080e-01
1.370181265243450852e+00
1.878523817763344539e-01
3.194274038249940162e-01
3.194274038249940162e-01
9.960101210494514135e-01
6.121672096400025964e-01
3.471292705975645987e-01
7.933581021916999987e-01
9.633871623779803883e-01
1.669759831530720717e+00
3.754790646177337265e-01
6.358076782209316491e-01
1.029745460290579118e+00
7.449632711893858783e-01
1.383708947617314777e-01
6.653046267916717937e-01
5.730598898800067786e-01
6.201110840216390585e-01
8.883311107392923844e-01
5.816027005212376366e-01
7.933581021916999987e-01
1.277506872863476417e-02
1.029745460290579118e+00
1.370181265243450852e+00
3.845889409513176815e-01
7.259547235819319155e-02
1.569150209369976068e-01
6.707001462269310821e-01
1.366827505560069156e+00
1.703049976264541243e-01
6.328751326613932804e-01
8.698325302623466371e-01
8.883311107392923844e-01
6.270589662743653037e-02
9.307749432362086850e-01
1.098440487489254380e+00
5.605771597763293812e-01
4.854110470046926196e-01
3.939639339746570101e-01
6.104225379072829583e-01
4.743268973034453495e-01
5.424538877726146069e-01
4.098486487137726897e-01
2.034662754030236442e-02
1.213515725461451922e+00
8.468392322979898523e-01
3.411213121695908512e-01
4.525327961744114447e-01
7.933581021916999987e-01
4.728423616302990240e-01
5.100056120347691291e-01
8.274794015383317713e-01
-5.482457449274669159e-02
3.318116935533872436e-01
-1.646459540032729763e-01
3.411213121695908512e-01
-2.027408430920480953e-01
7.403606784303597976e-01
1.615171661407766024e+00
4.867124411114591709e-01
-4.002607571012575249e-01
9.516550443896996114e-01
9.633871623779803883e-01
5.105149701624327463e-01
-4.280963203575893772e-02
3.430743624031880046e-01
8.874625040091874695e-01
7.209952083956103763e-01
2.417880332058341963e-01
6.201110840216390585e-01
5.990291177639317510e-01
5.173388405634860021e-02
8.920087898000570448e-01
5.230493603502530675e-01
1.415379817747925983e-01
4.843007149992626381e-01
1.759307147599194820e+00
6.201110840216390585e-01
4.596889046361738451e-01
8.067056289082152887e-02
5.855286454682371300e-01
4.396999565628725293e-01
3.361209016217063805e-01
5.424538877726146069e-01
1.750328881477480891e+00
6.638862503597131592e-01
2.001813013620132864e-01
1.934123971600385516e-01
3.513124503436184654e-01
1.899555519930071767e-01
3.194274038249940162e-01
6.201110840216390585e-01
6.764323979891617711e-01
1.669759831530720717e+00
1.586060129429133880e+00
-2.452472613967415782e-02
1.252771944238199708e+00
8.512218284458636930e-01
1.029745460290579118e+00
7.038107861232258955e-01
3.970846000740184678e-01
1.309023407810682826e+00
3.513124503436184654e-01
7.588592589073055450e-01
4.331979446684126600e-01
1.383708947617314777e-01
7.652795300529184885e-01
4.396999565628725293e-01
1.669759831530720717e+00
5.743389342912390561e-01
1.622369911262335762e-01
5.823252469406092757e-01
1.180948282219702605e-01
6.201110840216390585e-01
4.728423616302990240e-01
5.730598898800067786e-01
-1.086410164749178620e-01
4.906392321896522191e-01
3.573358759811284813e-02
5.358327749596849543e-01
-9.373826423387399132e-02
4.204299619765450302e-01
6.926682396685901466e-01
2.868228988307048866e-01
8.044894280961045752e-01
1.878523817763344539e-01
7.760392310204782262e-01
5.230493603502530675e-01
1.085996923863062236e+00
3.430743624031880046e-01
5.443402648467632332e-01
-2.027408430920480953e-01
4.705931640015776907e-01
6.832895760702051291e-01
-3.167647481814945820e-01
2.318679653950255215e-01
3.148973837602664361e-01
-9.423973376419425563e-03
3.719474488477523266e-01
-6.844365949732633680e-02
1.057092844139564392e-01
6.358076782209316491e-01
6.201110840216390585e-01
6.638862503597131592e-01
1.866920978443271650e-01
6.484758110677280030e-01
7.896345001683027220e-01
8.883311107392923844e-01
1.703049976264541243e-01
7.711073629025868570e-01
3.500666725593291062e-01
7.933581021916999987e-01
-2.961408678758203905e-02
7.652649947355527615e-01
3.411213121695908512e-01
9.633871623779803883e-01
8.588341621685522398e-01
1.878523817763344539e-01
7.038107861232258955e-01
8.210094866908690392e-01
-2.005843583749200576e-01
6.433779808934581013e-01
3.411213121695908512e-01
7.933581021916999987e-01
1.051077971088885121e+00
1.861813401671597035e-01
4.854110470046926196e-01
5.424538877726146069e-01
8.658372243896330644e-01
7.711073629025868570e-01
4.180238439409471596e-01
4.854110470046926196e-01
8.883311107392923844e-01
7.911202991610597479e-01
4.098486487137726897e-01
1.812057358883354397e-01
3.213137808991426425e-01
1.586060129429133880e+00
1.216856767987763988e-01
7.460758442978736582e-01
6.358076782209316491e-01
8.588341621685522398e-01
3.747038229330659220e-01
1.261774567494722277e-01
6.653046267916717937e-01
6.832895760702051291e-01
2.636268340557155199e-01
8.582819306589719588e-01
5.703316182440794080e-01
8.490679778224983210e-01
1.268747336182894259e+00
-9.423973376419425563e-03
5.855286454682371300e-01
-1.772342731536369342e-01
4.602630921225845384e-01
7.585979551613064586e-01
9.785398296544851604e-01
5.219367872417652876e-01
4.476736622793104914e-01
1.164705634966525238e+00
4.948448038286787920e-01
1.198150504891408730e-01
1.759307147599194820e+00
7.588592589073055450e-01
5.339949839134661147e-01
5.705868134092924038e-01
