2.763999999999999790e+00
2.294999999999999929e+00
2.108999999999999986e+00
2.494000000000000217e+00
2.305000000000000160e+00
1.959000000000000075e+00
2.600999999999999979e+00
2.249000000000000110e+00
2.347999999999999865e+00
2.246999999999999886e+00
2.005999999999999783e+00
2.491000000000000103e+00
2.108000000000000096e+00
2.217999999999999972e+00
2.322000000000000064e+00
2.108999999999999986e+00
2.269000000000000128e+00
2.119000000000000217e+00
2.245999999999999996e+00
2.313000000000000167e+00
2.253000000000000114e+00
2.008999999999999897e+00
2.189000000000000057e+00
2.104999999999999982e+00
2.222999999999999865e+00
2.076999999999999957e+00
2.392999999999999794e+00
2.475999999999999979e+00
2.253000000000000114e+00
2.468999999999999861e+00
2.557999999999999829e+00
2.254000000000000004e+00
2.414000000000000146e+00
2.079000000000000181e+00
2.310999999999999943e+00
2.123000000000000220e+00
2.378000000000000114e+00
2.311999999999999833e+00
2.184000000000000163e+00
2.212000000000000188e+00
2.126999999999999780e+00
2.249000000000000110e+00
2.339999999999999858e+00
2.156000000000000139e+00
2.081999999999999851e+00
2.347999999999999865e+00
2.185000000000000053e+00
2.267999999999999794e+00
2.275999999999999801e+00
2.517999999999999794e+00
2.334999999999999964e+00
2.287999999999999812e+00
2.174999999999999822e+00
2.411000000000000032e+00
2.313000000000000167e+00
2.201999999999999957e+00
2.125999999999999890e+00
2.400999999999999801e+00
2.463999999999999968e+00
2.133000000000000007e+00
2.528000000000000025e+00
2.150999999999999801e+00
2.487000000000000099e+00
2.265000000000000124e+00
2.173000000000000043e+00
2.343999999999999861e+00
2.146999999999999797e+00
2.313000000000000167e+00
2.214999999999999858e+00
2.052000000000000046e+00
1.907999999999999918e+00
1.897000000000000020e+00
2.021999999999999797e+00
2.289000000000000146e+00
2.390000000000000124e+00
2.096000000000000085e+00
1.645000000000000018e+00
1.828000000000000069e+00
2.309000000000000163e+00
2.475999999999999979e+00
2.278000000000000025e+00
2.218999999999999861e+00
2.130999999999999783e+00
2.173999999999999932e+00
2.132000000000000117e+00
2.281000000000000139e+00
2.676000000000000156e+00
1.903999999999999915e+00
2.173999999999999932e+00
1.919000000000000039e+00
2.111000000000000210e+00
1.965999999999999970e+00
2.609999999999999876e+00
2.302000000000000046e+00
2.327999999999999847e+00
2.115000000000000213e+00
2.209999999999999964e+00
1.941999999999999948e+00
2.730999999999999872e+00
2.442000000000000171e+00
2.024999999999999911e+00
2.470000000000000195e+00
2.103000000000000203e+00
1.927999999999999936e+00
2.403000000000000025e+00
2.190999999999999837e+00
2.259999999999999787e+00
2.568000000000000060e+00
1.999000000000000110e+00
2.121999999999999886e+00
