2.599000000000000199e+00
2.088999999999999968e+00
1.911000000000000032e+00
2.338999999999999968e+00
2.049999999999999822e+00
1.985999999999999988e+00
2.275999999999999801e+00
2.080000000000000071e+00
2.629999999999999893e+00
2.132000000000000117e+00
2.311999999999999833e+00
2.291999999999999815e+00
2.225000000000000089e+00
2.967000000000000082e+00
2.125999999999999890e+00
2.508999999999999897e+00
2.589999999999999858e+00
2.339999999999999858e+00
2.287999999999999812e+00
2.157000000000000028e+00
2.326999999999999957e+00
2.217999999999999972e+00
2.005999999999999783e+00
2.201999999999999957e+00
2.307999999999999829e+00
1.997999999999999998e+00
2.097999999999999865e+00
2.258000000000000007e+00
2.278999999999999915e+00
2.592000000000000082e+00
2.095000000000000195e+00
2.020999999999999908e+00
2.525999999999999801e+00
2.222999999999999865e+00
2.422000000000000153e+00
2.442000000000000171e+00
2.044999999999999929e+00
2.157999999999999918e+00
2.362000000000000099e+00
2.250999999999999890e+00
2.587000000000000188e+00
2.329000000000000181e+00
2.754999999999999893e+00
1.877000000000000002e+00
2.055000000000000160e+00
2.730999999999999872e+00
2.075000000000000178e+00
2.303999999999999826e+00
3.154999999999999805e+00
1.798999999999999932e+00
2.178999999999999826e+00
2.480999999999999872e+00
2.322999999999999954e+00
2.222999999999999865e+00
2.686999999999999833e+00
2.471000000000000085e+00
2.446000000000000174e+00
2.314999999999999947e+00
2.305000000000000160e+00
2.087000000000000188e+00
1.983999999999999986e+00
2.085999999999999854e+00
2.091000000000000192e+00
2.174999999999999822e+00
2.149000000000000021e+00
2.181000000000000050e+00
2.228000000000000203e+00
2.250000000000000000e+00
2.029999999999999805e+00
2.119000000000000217e+00
2.101999999999999869e+00
2.160000000000000142e+00
2.072000000000000064e+00
2.592999999999999972e+00
2.330000000000000071e+00
2.037999999999999812e+00
1.941000000000000059e+00
2.251999999999999780e+00
2.233000000000000096e+00
2.185999999999999943e+00
2.621999999999999886e+00
2.448999999999999844e+00
2.185000000000000053e+00
2.217000000000000082e+00
2.245999999999999996e+00
2.373000000000000220e+00
2.079000000000000181e+00
1.963999999999999968e+00
2.334000000000000075e+00
2.286999999999999922e+00
1.868000000000000105e+00
2.023000000000000131e+00
2.342999999999999972e+00
1.981999999999999984e+00
1.975999999999999979e+00
2.250000000000000000e+00
2.322999999999999954e+00
2.125000000000000000e+00
2.251999999999999780e+00
2.182999999999999829e+00
2.294999999999999929e+00
3.362999999999999989e+00
2.241000000000000103e+00
2.886000000000000121e+00
2.466000000000000192e+00
2.737000000000000099e+00
2.093999999999999861e+00
2.201000000000000068e+00
1.935999999999999943e+00
2.249000000000000110e+00
