2.056999999999999940e+00
2.108999999999999986e+00
2.432999999999999829e+00
2.071000000000000174e+00
2.427000000000000046e+00
1.975999999999999979e+00
1.973999999999999977e+00
2.045999999999999819e+00
2.494000000000000217e+00
1.820000000000000062e+00
2.431000000000000050e+00
2.056999999999999940e+00
2.496999999999999886e+00
2.282999999999999918e+00
1.951999999999999957e+00
2.087000000000000188e+00
2.036999999999999922e+00
2.209000000000000075e+00
2.005999999999999783e+00
2.279999999999999805e+00
2.129000000000000004e+00
2.125000000000000000e+00
2.488999999999999879e+00
2.259999999999999787e+00
2.221000000000000085e+00
2.189000000000000057e+00
2.244000000000000217e+00
2.373000000000000220e+00
2.186999999999999833e+00
2.246999999999999886e+00
2.813000000000000167e+00
2.000000000000000000e+00
2.161000000000000032e+00
2.246999999999999886e+00
2.455000000000000071e+00
2.205000000000000071e+00
2.132000000000000117e+00
3.132000000000000117e+00
2.501999999999999780e+00
2.420999999999999819e+00
2.201999999999999957e+00
2.156000000000000139e+00
2.064999999999999947e+00
2.455000000000000071e+00
2.404999999999999805e+00
2.208000000000000185e+00
2.205999999999999961e+00
2.301000000000000156e+00
2.189000000000000057e+00
1.782000000000000028e+00
1.852999999999999980e+00
2.455000000000000071e+00
2.238999999999999879e+00
2.869000000000000217e+00
2.016999999999999904e+00
2.511000000000000121e+00
2.303999999999999826e+00
2.390000000000000124e+00
2.116000000000000103e+00
2.124000000000000110e+00
1.987999999999999989e+00
2.274999999999999911e+00
2.799999999999999822e+00
2.157999999999999918e+00
2.509999999999999787e+00
2.059000000000000163e+00
2.338000000000000078e+00
2.346000000000000085e+00
2.047000000000000153e+00
2.491000000000000103e+00
2.325000000000000178e+00
2.177999999999999936e+00
2.148000000000000131e+00
2.115000000000000213e+00
2.290999999999999925e+00
2.137000000000000011e+00
2.079000000000000181e+00
2.112000000000000099e+00
2.210999999999999854e+00
2.190999999999999837e+00
2.395000000000000018e+00
2.004000000000000004e+00
2.044999999999999929e+00
2.279999999999999805e+00
2.302999999999999936e+00
2.967000000000000082e+00
2.685999999999999943e+00
2.134999999999999787e+00
2.710999999999999854e+00
2.338999999999999968e+00
2.343999999999999861e+00
2.164000000000000146e+00
2.189999999999999947e+00
2.384999999999999787e+00
2.334999999999999964e+00
2.176000000000000156e+00
2.209999999999999964e+00
2.257000000000000117e+00
2.608999999999999986e+00
2.306000000000000050e+00
2.213999999999999968e+00
2.089999999999999858e+00
1.875999999999999890e+00
2.073999999999999844e+00
2.076000000000000068e+00
2.399999999999999911e+00
1.939999999999999947e+00
2.168000000000000149e+00
2.270999999999999908e+00
2.020000000000000018e+00
2.851999999999999869e+00
2.307999999999999829e+00
2.043000000000000149e+00
2.447000000000000064e+00
2.185000000000000053e+00
2.301000000000000156e+00
2.313000000000000167e+00
2.275999999999999801e+00
1.893000000000000016e+00
2.424999999999999822e+00
2.290000000000000036e+00
2.754999999999999893e+00
2.543000000000000149e+00
2.392999999999999794e+00
2.166999999999999815e+00
2.209000000000000075e+00
2.080999999999999961e+00
2.395999999999999908e+00
2.104999999999999982e+00
2.730999999999999872e+00
2.293000000000000149e+00
2.230999999999999872e+00
2.299999999999999822e+00
2.153000000000000025e+00
2.330999999999999961e+00
2.342999999999999972e+00
2.202999999999999847e+00
2.245000000000000107e+00
1.939999999999999947e+00
2.193999999999999950e+00
2.287999999999999812e+00
2.318999999999999950e+00
2.065999999999999837e+00
1.999000000000000110e+00
1.997000000000000108e+00
2.427000000000000046e+00
2.366999999999999993e+00
2.388999999999999790e+00
2.157000000000000028e+00
2.051000000000000156e+00
2.326000000000000068e+00
2.539000000000000146e+00
2.083000000000000185e+00
2.839999999999999858e+00
1.989999999999999991e+00
2.104999999999999982e+00
2.189000000000000057e+00
2.056000000000000050e+00
2.029999999999999805e+00
1.850999999999999979e+00
2.290999999999999925e+00
2.365000000000000213e+00
3.028999999999999915e+00
2.133000000000000007e+00
2.083000000000000185e+00
2.839999999999999858e+00
2.226999999999999869e+00
2.267999999999999794e+00
2.081999999999999851e+00
2.116000000000000103e+00
2.100000000000000089e+00
2.609999999999999876e+00
2.326999999999999957e+00
2.334999999999999964e+00
2.330999999999999961e+00
2.251999999999999780e+00
2.396999999999999797e+00
2.329000000000000181e+00
2.710999999999999854e+00
2.644000000000000128e+00
2.329000000000000181e+00
2.245999999999999996e+00
2.621999999999999886e+00
2.225999999999999979e+00
2.285000000000000142e+00
2.181999999999999940e+00
2.200000000000000178e+00
2.398000000000000131e+00
2.205999999999999961e+00
2.298000000000000043e+00
2.242999999999999883e+00
1.927000000000000046e+00
2.404999999999999805e+00
2.275999999999999801e+00
2.378000000000000114e+00
2.125999999999999890e+00
2.144000000000000128e+00
2.142999999999999794e+00
1.939999999999999947e+00
2.587000000000000188e+00
2.248000000000000220e+00
2.470000000000000195e+00
1.961999999999999966e+00
2.294000000000000039e+00
2.133000000000000007e+00
2.521999999999999797e+00
2.221000000000000085e+00
2.229000000000000092e+00
2.391999999999999904e+00
2.108999999999999986e+00
2.321000000000000174e+00
2.072999999999999954e+00
2.080000000000000071e+00
1.957000000000000073e+00
2.463000000000000078e+00
2.072999999999999954e+00
2.376999999999999780e+00
2.216000000000000192e+00
2.319999999999999840e+00
1.987000000000000099e+00
2.246999999999999886e+00
2.107000000000000206e+00
2.369000000000000217e+00
2.146999999999999797e+00
2.126999999999999780e+00
2.452999999999999847e+00
2.144000000000000128e+00
2.189999999999999947e+00
2.346999999999999975e+00
2.406000000000000139e+00
2.438000000000000167e+00
2.293000000000000149e+00
2.471000000000000085e+00
2.123000000000000220e+00
2.419999999999999929e+00
2.311999999999999833e+00
2.229000000000000092e+00
2.072000000000000064e+00
2.240000000000000213e+00
2.210999999999999854e+00
2.148000000000000131e+00
2.561999999999999833e+00
2.262999999999999901e+00
2.446000000000000174e+00
2.134999999999999787e+00
2.166999999999999815e+00
2.451999999999999957e+00
2.148000000000000131e+00
2.081999999999999851e+00
1.987999999999999989e+00
2.258999999999999897e+00
2.040999999999999925e+00
2.271999999999999797e+00
2.224000000000000199e+00
2.589999999999999858e+00
2.154999999999999805e+00
2.031000000000000139e+00
3.028999999999999915e+00
2.354999999999999982e+00
2.560999999999999943e+00
2.463000000000000078e+00
1.999000000000000110e+00
2.255999999999999783e+00
2.108000000000000096e+00
2.048999999999999932e+00
1.987000000000000099e+00
2.757000000000000117e+00
2.470000000000000195e+00
2.172000000000000153e+00
2.488999999999999879e+00
2.543000000000000149e+00
2.379999999999999893e+00
2.644000000000000128e+00
2.172000000000000153e+00
2.414000000000000146e+00
2.419000000000000039e+00
2.192000000000000171e+00
2.306999999999999940e+00
2.654999999999999805e+00
2.259999999999999787e+00
2.119000000000000217e+00
2.111000000000000210e+00
2.166999999999999815e+00
1.925999999999999934e+00
2.295999999999999819e+00
2.237999999999999989e+00
2.125000000000000000e+00
2.321000000000000174e+00
2.241999999999999993e+00
2.104000000000000092e+00
2.059000000000000163e+00
2.263999999999999790e+00
2.271999999999999797e+00
2.589999999999999858e+00
2.509999999999999787e+00
2.342000000000000082e+00
2.370000000000000107e+00
2.432999999999999829e+00
2.399999999999999911e+00
2.164000000000000146e+00
1.971999999999999975e+00
2.387999999999999901e+00
2.117999999999999883e+00
2.556999999999999940e+00
2.076000000000000068e+00
2.103000000000000203e+00
2.181000000000000050e+00
1.907000000000000028e+00
2.051000000000000156e+00
2.194999999999999840e+00
2.380999999999999783e+00
2.146999999999999797e+00
2.000999999999999890e+00
2.092000000000000082e+00
2.008000000000000007e+00
2.353000000000000203e+00
1.951999999999999957e+00
2.149000000000000021e+00
2.072999999999999954e+00
2.240000000000000213e+00
2.245999999999999996e+00
1.993999999999999995e+00
2.170999999999999819e+00
2.068000000000000060e+00
2.089999999999999858e+00
2.363999999999999879e+00
2.519000000000000128e+00
2.467000000000000082e+00
2.201000000000000068e+00
2.450000000000000178e+00
2.202999999999999847e+00
2.170999999999999819e+00
2.334000000000000075e+00
2.363999999999999879e+00
2.071000000000000174e+00
2.004000000000000004e+00
2.298999999999999932e+00
2.333000000000000185e+00
2.185000000000000053e+00
2.088999999999999968e+00
2.092000000000000082e+00
2.343999999999999861e+00
2.044000000000000039e+00
2.394000000000000128e+00
2.161000000000000032e+00
2.644000000000000128e+00
2.400999999999999801e+00
2.375000000000000000e+00
1.814000000000000057e+00
2.376999999999999780e+00
2.144000000000000128e+00
2.020000000000000018e+00
2.337000000000000188e+00
1.877999999999999892e+00
1.903999999999999915e+00
2.345000000000000195e+00
2.439999999999999947e+00
3.154999999999999805e+00
2.001999999999999780e+00
2.241999999999999993e+00
2.869000000000000217e+00
2.331999999999999851e+00
2.134999999999999787e+00
2.846999999999999975e+00
2.177999999999999936e+00
2.228000000000000203e+00
2.488999999999999879e+00
2.132000000000000117e+00
2.556999999999999940e+00
2.080999999999999961e+00
2.431999999999999940e+00
2.384999999999999787e+00
2.133000000000000007e+00
2.229999999999999982e+00
2.423000000000000043e+00
2.120999999999999996e+00
2.212000000000000188e+00
2.168000000000000149e+00
2.528999999999999915e+00
2.851999999999999869e+00
2.060999999999999943e+00
2.233999999999999986e+00
2.134999999999999787e+00
2.084999999999999964e+00
2.085999999999999854e+00
2.200000000000000178e+00
2.245000000000000107e+00
2.237000000000000099e+00
2.048000000000000043e+00
2.293000000000000149e+00
2.053999999999999826e+00
2.040999999999999925e+00
2.369000000000000217e+00
2.130999999999999783e+00
2.138999999999999790e+00
2.224000000000000199e+00
2.611000000000000210e+00
1.959000000000000075e+00
2.091000000000000192e+00
2.637999999999999901e+00
2.423999999999999932e+00
2.511000000000000121e+00
2.065999999999999837e+00
2.181999999999999940e+00
2.451999999999999957e+00
2.116999999999999993e+00
2.488999999999999879e+00
2.180000000000000160e+00
1.975999999999999979e+00
2.569999999999999840e+00
2.060000000000000053e+00
2.411999999999999922e+00
1.979000000000000092e+00
2.208000000000000185e+00
2.293000000000000149e+00
2.686999999999999833e+00
2.301000000000000156e+00
2.432999999999999829e+00
2.471999999999999975e+00
2.142999999999999794e+00
2.519000000000000128e+00
2.278000000000000025e+00
2.628000000000000114e+00
2.092999999999999972e+00
2.483000000000000096e+00
2.524999999999999911e+00
2.548000000000000043e+00
2.354999999999999982e+00
2.488999999999999879e+00
2.245000000000000107e+00
2.170999999999999819e+00
2.874000000000000110e+00
1.927999999999999936e+00
2.392999999999999794e+00
2.031000000000000139e+00
2.193999999999999950e+00
