7.271999344371038454e+00
7.562818162290897206e+00
8.661278994480293036e+00
7.375514098403831653e+00
8.714469695178689079e+00
7.513994068206519827e+00
7.498533894562946500e+00
7.797243248842441687e+00
7.504646451860796930e+00
7.427456473658386571e+00
7.664471417279409948e+00
7.562818162290897206e+00
7.514803665327164595e+00
7.508532347176043231e+00
7.468432440176214548e+00
7.447475607697483291e+00
7.442430653445733846e+00
7.404187183442511255e+00
7.589020011602514160e+00
7.318347877969331172e+00
7.353531282142485637e+00
7.404187183442511255e+00
8.719343550995327874e+00
7.574467276109212222e+00
7.813457133904469387e+00
7.430168955168007905e+00
7.525383710538721793e+00
8.646147442703325581e+00
7.406579246099588509e+00
8.661278994480293036e+00
7.322847697327899752e+00
7.567000359999463299e+00
7.513994068206519827e+00
8.606866362117248315e+00
8.611692505734474423e+00
7.664471417279409948e+00
7.589020011602514160e+00
8.759206231360629147e+00
8.764299460226922633e+00
7.636975641770760603e+00
7.587909552727271745e+00
7.469073123119128965e+00
7.318347877969331172e+00
8.661278994480293036e+00
7.462900884933064916e+00
7.382084089300175123e+00
8.759206231360629147e+00
7.567000359999463299e+00
7.611207120438253426e+00
7.525383710538721793e+00
7.513994068206519827e+00
7.469073123119128965e+00
7.284370226571882156e+00
8.631236112730976018e+00
7.611207120438253426e+00
7.498533894562946500e+00
7.595673445038144678e+00
7.715443758223073267e+00
7.813457133904469387e+00
7.556798249464834250e+00
7.433519282374477122e+00
7.629854486345181819e+00
7.470054547640351039e+00
7.672394512989546556e+00
7.489000402022551128e+00
7.617693096641195538e+00
7.559511433370286859e+00
7.390358629200362017e+00
7.660745399171231540e+00
7.504646451860796930e+00
7.427456473658386571e+00
7.491092774722179826e+00
7.588471300910431872e+00
7.445299846629113816e+00
7.476958173544494102e+00
7.605472867265114623e+00
8.744074679583659915e+00
7.774968856793051941e+00
7.489000402022551128e+00
7.634687873365486155e+00
7.813457133904469387e+00
7.754154585171199265e+00
7.333967349874684238e+00
7.381560285489461748e+00
7.467695863770841491e+00
8.714469695178689079e+00
8.646147442703325581e+00
7.388193269546056818e+00
8.690457078764747934e+00
7.622200488543813712e+00
8.631236112730976018e+00
7.217215261275278237e+00
7.583602614092925798e+00
7.515574869033173400e+00
7.561106164640150062e+00
7.840827198709511947e+00
7.427456473658386571e+00
7.513994068206519827e+00
7.520930794334450553e+00
7.815713233752901168e+00
7.469073123119128965e+00
7.314426091002221852e+00
7.505824420929022800e+00
7.402346374246870475e+00
7.506009564486181063e+00
8.697456669848536492e+00
7.589020011602514160e+00
7.432695327064320345e+00
7.689418484209912918e+00
7.513994068206519827e+00
8.606866362117248315e+00
7.681022802053914411e+00
7.447866954190196509e+00
7.446091609052042593e+00
7.469073123119128965e+00
8.769417535407047382e+00
7.640594390125535540e+00
7.504646451860796930e+00
7.305853740943604180e+00
7.466363693193444284e+00
7.284710394688849178e+00
8.774560551207107650e+00
7.554056795577402283e+00
7.464853442313253318e+00
7.408377741112250447e+00
7.548275297027911890e+00
7.216754899951796531e+00
7.692542464738733266e+00
7.469073123119128965e+00
8.759206231360629147e+00
7.434846365456704298e+00
7.728838984849123683e+00
7.352043487353800977e+00
7.513994068206519827e+00
7.451458519022819971e+00
7.491416473809961118e+00
7.513994068206519827e+00
7.813457133904469387e+00
7.661944094465703792e+00
7.491092774722179826e+00
7.787713040551431654e+00
7.782292815877458914e+00
7.463519450495384788e+00
7.308960947448621681e+00
7.509090407535184752e+00
8.764299460226922633e+00
7.742899961829177613e+00
7.422529675594566889e+00
7.485791325119249606e+00
7.602573688741131264e+00
7.683634028204477495e+00
7.635798332240730346e+00
7.508885281957044633e+00
8.699991170020901166e+00
7.462118276888149104e+00
7.219435334034576712e+00
7.217796144633272348e+00
7.456405688846479585e+00
7.481740044360793540e+00
7.567000359999463299e+00
7.611921305086855938e+00
7.407829673855705011e+00
8.681801365052878694e+00
7.664471417279409948e+00
7.635798332240730346e+00
8.749093935345106487e+00
7.553559795946159561e+00
7.565623100651176713e+00
7.622200488543813712e+00
7.642610969075622762e+00
7.216517023797162977e+00
8.656210517621723000e+00
7.567000359999463299e+00
7.545794191070530843e+00
7.682843617089138100e+00
7.216517023797162977e+00
7.575585442466789665e+00
7.452344443144271580e+00
8.749093935345106487e+00
8.764299460226922633e+00
8.621416314114993540e+00
7.597874455550745587e+00
8.724241404370832953e+00
7.664471417279409948e+00
7.762398654159746059e+00
7.321030617399407525e+00
7.610810846211611747e+00
7.314426091002221852e+00
8.704793598997584425e+00
7.468806322646084794e+00
7.254745005347040809e+00
7.447866954190196509e+00
7.601364504809324352e+00
7.640594390125535540e+00
7.497479407684765285e+00
8.784921781891471326e+00
7.316479936507514381e+00
7.742899961829177613e+00
7.634687873365486155e+00
7.447866954190196509e+00
7.782417973746244222e+00
8.795383906728872603e+00
7.391737282421206423e+00
7.271623216531656553e+00
7.596000463938001879e+00
7.504326003179166982e+00
7.651984032457737506e+00
7.447866954190196509e+00
7.813457133904469387e+00
7.513994068206519827e+00
7.608209688722024744e+00
7.537871095360394236e+00
7.558151949135955228e+00
7.404187183442511255e+00
8.656210517621723000e+00
7.315723381513606682e+00
7.589020011602514160e+00
7.636802943801996868e+00
8.671490298526711271e+00
7.434766071047492098e+00
7.622200488543813712e+00
7.329023226729037610e+00
7.321685767350059493e+00
7.771974728906053009e+00
7.447866954190196509e+00
7.460863407482813514e+00
7.589020011602514160e+00
7.322847697327899752e+00
7.664471417279409948e+00
7.611921305086855938e+00
7.504646451860796930e+00
7.336919128576369076e+00
7.545794191070530843e+00
7.545794191070530843e+00
7.706171433930991022e+00
7.599756091848092865e+00
7.340383863384094987e+00
7.513994068206519827e+00
7.715529897024135941e+00
7.587909552727271745e+00
7.519388385592483459e+00
7.787345721090247253e+00
7.565623100651176713e+00
7.639012693370453633e+00
7.216754899951796531e+00
7.635798332240730346e+00
8.769417535407047382e+00
7.469073123119128965e+00
7.537871095360394236e+00
7.404430529211339262e+00
7.513994068206519827e+00
7.404839979324370880e+00
7.565623100651176713e+00
7.504646451860796930e+00
8.695212361378660049e+00
7.314651034572770882e+00
7.425170550754788046e+00
8.621416314114993540e+00
7.604257890402499775e+00
7.431601555604081533e+00
8.606866362117248315e+00
7.686856811985453675e+00
7.537871095360394236e+00
7.420150253386611716e+00
7.531663143461796217e+00
7.732049613982113101e+00
8.764299460226922633e+00
8.734109481022871435e+00
7.353798790335888569e+00
8.784921781891471326e+00
7.554980972159039077e+00
7.447866954190196509e+00
8.704793598997584425e+00
7.407195456238879316e+00
7.622200488543813712e+00
7.822799436782617910e+00
7.554056795577402283e+00
7.370099354297430239e+00
7.513994068206519827e+00
8.729163349611310352e+00
7.567046476983077419e+00
7.661944094465703792e+00
7.383219389814756006e+00
7.335916824696309568e+00
7.561446687375720010e+00
7.554056795577402283e+00
7.315723381513606682e+00
7.813457133904469387e+00
7.836525814826550196e+00
7.726833400555275233e+00
7.318347877969331172e+00
7.694791373796091349e+00
7.715529897024135941e+00
8.744074679583659915e+00
7.218552699627179159e+00
7.388974547114157687e+00
7.515774632284833778e+00
8.641152656031282575e+00
7.464647827758951415e+00
7.469073123119128965e+00
7.408931951169680730e+00
7.632357232655055057e+00
7.679230809468953645e+00
8.749093935345106487e+00
7.276444994689872381e+00
7.558391296633743650e+00
7.610810846211611747e+00
7.469073123119128965e+00
7.549920629182096832e+00
7.217189075819322674e+00
8.774560551207107650e+00
7.713013068673085115e+00
7.681022802053914411e+00
7.447866954190196509e+00
7.712096646587879967e+00
7.640594390125535540e+00
7.459927745100415564e+00
7.216517023797162977e+00
7.715620333521529872e+00
7.672394512989546556e+00
7.545794191070530843e+00
7.469073123119128965e+00
7.582416911768217638e+00
7.587909552727271745e+00
7.565889901124220884e+00
7.432454062862619892e+00
7.467695863770841491e+00
7.668366048046380890e+00
7.565623100651176713e+00
7.491092774722179826e+00
7.567000359999463299e+00
7.485791325119249606e+00
7.715620333521529872e+00
7.664471417279409948e+00
7.711069842622864101e+00
7.216754899951796531e+00
7.660745399171231540e+00
7.713013068673085115e+00
7.587909552727271745e+00
7.617693096641195538e+00
7.449260659300215970e+00
8.587797990992724451e+00
7.651984032457737506e+00
7.469073123119128965e+00
8.729163349611310352e+00
8.769417535407047382e+00
7.219435334034576712e+00
7.595673445038144678e+00
7.277586861523495543e+00
7.762398654159746059e+00
7.404187183442511255e+00
7.518235745318859742e+00
7.586468506652917831e+00
7.370879085765749572e+00
7.614483305503980226e+00
7.336919128576369076e+00
7.607331530650077944e+00
8.749093935345106487e+00
7.583718561999584828e+00
7.388974547114157687e+00
8.573742085589936224e+00
7.315723381513606682e+00
7.427456473658386571e+00
8.626314167490496843e+00
7.502114420322847366e+00
7.646175742035477008e+00
7.495666237641857244e+00
7.613502105913508622e+00
8.690457078764747934e+00
7.378724759761992047e+00
7.480131604061501349e+00
7.787345721090247253e+00
7.469073123119128965e+00
7.640594390125535540e+00
7.439390672435678198e+00
7.575444854776894665e+00
7.610746586088045440e+00
7.537871095360394236e+00
7.431601555604081533e+00
8.661278994480293036e+00
7.500150449172925171e+00
7.513994068206519827e+00
7.314444260677498200e+00
7.451007324249137476e+00
7.554056795577402283e+00
7.715529897024135941e+00
7.689418484209912918e+00
7.336919128576369076e+00
7.491092774722179826e+00
8.681801365052878694e+00
7.355664703864425391e+00
7.609279363872258450e+00
7.554056795577402283e+00
7.513994068206519827e+00
7.720138087164858831e+00
7.629854486345181819e+00
8.734109481022871435e+00
7.447866954190196509e+00
7.827574087764536337e+00
8.661278994480293036e+00
7.535133609211774441e+00
8.734109481022871435e+00
7.537871095360394236e+00
7.808715695508404941e+00
8.704793598997584425e+00
7.505756910736039345e+00
8.671669322470270558e+00
7.565889901124220884e+00
7.408155946299675776e+00
8.651166698464770377e+00
7.787345721090247253e+00
7.689418484209912918e+00
7.348325166342254633e+00
7.438913019754774147e+00
7.635798332240730346e+00
8.626314167490496843e+00
7.477300615947431339e+00
8.697456669848536492e+00
7.611921305086855938e+00
7.840827198709511947e+00
7.774567414785094499e+00
7.613502105913508622e+00
8.774560551207107650e+00
7.220420641088995950e+00
8.724241404370832953e+00
8.656210517621723000e+00
7.714226876790498011e+00
7.736939930250788855e+00
8.719343550995327874e+00
7.551396457282643304e+00
7.537052466895896252e+00
7.315142498155613460e+00
7.610810846211611747e+00
7.664471417279409948e+00
7.546871757468577080e+00
7.586744755874954116e+00
