-1.848723085467459948e-01
-6.680729523014526938e-01
-6.057550663961065451e-01
-4.612482233427404044e-01
-6.892072194967617804e-01
-1.424871943758153625e+00
-1.161524970471667695e+00
-1.372206016655830751e+00
1.916049619145801186e+00
-2.244172229630291948e+00
1.454905062842142272e+00
-1.010206467715683454e+00
1.648381345116913588e+00
3.722332302373659307e-01
-9.043010984725443624e-01
-3.264831713070190933e-01
-5.211136990698984617e-01
4.581816871219054343e-01
-1.410057516529066302e+00
1.009804158448299738e+00
-2.617891057845776401e-02
-2.147474247729118657e-01
-4.954659636286004587e-01
3.593528845886889700e-01
-6.636194730426732136e-01
1.111612483663293738e-01
3.094140864213596465e-01
-7.809985301895673304e-01
1.384402767596064343e-01
-1.206613945985525183e+00
4.328901585976582922e+00
-1.395903216236572542e+00
-2.072928923984433680e-01
-1.141022230464131759e+00
-4.751205224285237616e-01
-3.483267977978208307e-01
-5.807819874598589838e-01
1.504791887414285156e+00
-5.078488242704958244e-01
9.906312485724818595e-01
-1.139034157851578355e-01
-1.305751728396801203e-01
-3.474436466378753585e-01
-5.348945624312178015e-01
9.303673488039588824e-01
2.597770813328056372e-01
-1.457518149050617273e+00
5.811501048574002626e-01
-2.161278564225356802e-01
-2.734385540162898920e+00
-2.237030845014316593e+00
1.825411826690340300e+00
5.310287243219009579e-01
8.261387814714955535e-01
-1.154324719425630530e+00
1.756832462240901505e+00
6.476786480903642396e-01
6.641543313903252033e-01
-1.504746474552024260e+00
-3.408018424392318946e-01
-7.061269823963489678e-01
2.137356515105320598e-01
2.493445426336597048e+00
-7.482853614318696334e-01
2.604651928639445391e+00
-1.379754193528385464e+00
5.168611380226504348e-01
1.083424107689544558e+00
-1.314877438773194740e+00
1.897277428092375873e+00
1.078452383312901164e+00
-3.982467416319355330e-02
-2.913741422929950753e-01
-2.101009630904263348e-01
4.517040400429239710e-01
-3.612418384511660308e-01
-1.851692285910322866e+00
-9.669289745784724888e-01
2.218176229436949476e-01
-2.930072770465269039e-01
7.251058494286225509e-01
-1.514553981413834682e+00
-3.262496173553381396e-01
7.431603462968300322e-01
8.043009973076492569e-01
1.036960951144273890e+00
2.246056923938275218e-01
-6.854573341163211486e-02
2.511068489673793924e-01
6.683331136174015530e-01
-8.566589469156048464e-01
5.156107414277210088e-01
-1.146799037733416543e-01
1.531848588886724372e+00
5.024258141439637004e-01
-1.105270661226689821e+00
3.253426612935775286e-01
4.223651648118948998e-01
2.239421738012716379e+00
6.047987108648783007e-03
2.500802209020746014e-01
-1.800554237050970285e-01
-1.712896157982217726e+00
-3.114177831909705207e-01
-4.586395348859695353e-01
-7.557405031089409198e-01
-1.845357932019678016e+00
3.064551939408066694e-02
1.052020919216698353e-01
-1.134822352458617400e+00
8.014432628527542457e-01
2.893643978650187187e-01
-8.220422340097182090e-01
1.123769126865308943e+00
5.982309811716895326e-02
-1.162207661845491513e+00
5.858434787562437629e-01
5.477187972084700540e-01
-1.465092333377605138e+00
1.005308751684993229e+00
7.357067903139130616e-01
2.902251928021073457e-01
2.672810236344520973e+00
8.793424277034060932e-01
5.509538865442920041e-02
2.319956062020661278e-02
-7.937252347450107423e-03
7.429594282396413396e-01
-4.657469266481075731e-01
2.321206581584949746e-01
8.511036984910288483e-01
-2.255964685800812275e-01
6.750289007353175164e-01
-2.598344417849114962e-01
1.059143300929560993e+00
8.627336150797159098e-01
6.837556274161835090e-02
-4.716805925281666867e-01
-1.678147627259668706e+00
6.518126103417458406e-02
-3.500695742867886151e-02
1.067838324743002471e-01
-8.647784997349382552e-01
-4.749662761297662739e-01
-7.828967676977881540e-01
-7.492745169532512017e-01
7.120331499408807385e-01
9.267145009624451202e-01
-1.584521373157045943e-01
-1.102630459718279887e+00
3.817248343577467895e-01
1.965336169692539325e+00
-4.346528757281314936e-01
6.510003708759960483e-01
-1.000346365115253322e+00
1.375846024912937282e-01
6.720573838608430162e-01
-4.651918801741369291e-01
-8.213849674718275429e-01
-2.379525211381924965e+00
4.061574552030830509e-01
1.387715342875662561e+00
1.272708165772823863e+00
-9.250948751287471072e-01
-1.017074405929775383e+00
5.918094353415769282e-01
7.941222607386463905e-02
3.543452344740924409e-01
-9.524520020974782675e-01
-7.852877208761530614e-01
1.128090384335404817e-01
-3.083694166652622970e-02
7.512040459313792384e-01
8.552221798726933333e-01
4.104380882723794310e-01
1.072283358141836951e+00
7.294801694734461828e-01
6.412760130359379529e-01
1.804230417546305310e-01
-5.221341741792341618e-02
-8.932835366126777865e-01
1.208725778954075208e-01
-7.438989650007031551e-02
-1.803030937994283545e-01
-1.265973259960709524e-04
4.011850645936968496e-01
-1.802278002473099994e-01
1.760626321834332098e+00
-1.391926433529223628e+00
8.010001252219528523e-01
5.915161379387656737e-01
-1.586917237485109933e+00
7.229228875914321950e-01
2.904262037441127653e-01
1.529938553374226462e+00
-1.748155188960992312e+00
1.564986979098914877e-01
-1.078296334813478863e+00
-1.881587632083566497e+00
2.735369659584656610e+00
-2.415692799752780506e-01
-6.482633151989669607e-01
-7.488678574951596056e-01
7.713950364786497094e-01
-4.903987913748136807e-01
1.336402497033271519e+00
-1.831431452457764342e-01
4.001512324259374753e-01
7.012191881606610888e-01
-5.489988458780338254e-01
5.071820550161633134e-01
-8.440484105333518894e-01
-5.205894505817295626e-01
-1.564633914783139401e+00
-5.030285236190842335e-01
-2.906576086348161558e-01
1.024182977841024078e+00
-8.960840007415583897e-02
-9.827320408674264929e-01
-7.120453239599988660e-01
8.938187425735485969e-02
-6.820977171314183962e-02
1.561564216267066874e+00
-7.700775901017385960e-01
-2.693932536791621146e-01
1.519886058133067319e+00
-5.019324289929352201e-01
4.320031291836939902e-01
7.859947934489223131e-01
1.157594449148520832e+00
1.565363936150034663e+00
1.089932466227889085e+00
1.742508227846446101e+00
-5.345135961109963585e-01
8.452468299748017166e-01
4.754607585723829577e-01
4.068441431910531092e-01
-7.923973054951425343e-01
-2.202673730381521644e-01
-5.713595143891499889e-02
-2.536737644149008597e-01
2.129221970034202993e+00
3.228569025059329634e-01
1.121679450575338466e+00
3.335076428208975097e-01
-4.649546511424173523e-01
-6.749103176415049976e-01
-1.831232908075406118e-01
-7.848252229661047963e-01
-6.625465767080968016e-01
4.354661668448324696e-01
-4.486122362756721493e-01
3.795328482816580085e-01
2.201047371560556631e-01
-1.419740617985460196e-01
2.302709407758753157e-01
-7.014870640256671841e-01
1.345499334125719759e+00
5.180648375349881096e-01
2.161756726987801080e+00
-4.435466042570818113e-01
-1.694805650405809994e+00
3.575821749289986307e-01
-2.006956783064334227e-01
-9.489959501268261377e-01
-1.562794988178943356e+00
3.089763340718165163e-01
-5.744000499037111851e-01
1.570313314120841686e-01
-5.745172515103730282e-01
1.815189691827389984e+00
1.388018836221087460e+00
1.951793157413758348e-02
7.703311528361492244e-02
1.139210587612967895e+00
6.039120024138073806e-01
-1.238397339373557698e-01
6.761110777403950278e-01
3.014902085918437891e+00
-1.246349599098465877e+00
-5.081524289467254096e-01
-7.437457189637823873e-01
9.278731549101072729e-02
-8.111819788119496444e-01
6.856586987111248366e-01
2.442165795374207637e-01
3.821206888145604885e-02
1.353109559406524554e-01
-2.841262441096118474e-01
-9.131891265546380199e-01
-3.854231226498304186e-01
2.262742567311115671e-02
3.549470469817372215e-02
-2.008751503184770248e-01
2.687080587261446052e+00
1.283432740883263978e+00
1.112671035269854780e+00
-5.814937688130958904e-01
1.225614812873425219e+00
-7.803757647674457176e-02
-7.341073605333404695e-01
1.208244598571656558e+00
-7.405419924270069121e-01
-3.128115472681982090e-01
-1.147087714302768291e-01
-5.779036060370913441e-01
-3.001197116639693907e-01
-1.770690674183907909e+00
-8.445904550150019618e-01
7.113402214735552453e-01
-9.099771722578828825e-01
-6.508045019598514003e-01
-1.383017994462600653e+00
-4.995307299881754926e-01
-1.042497729930107697e+00
9.048748808731563731e-01
-8.915594708208002261e-01
4.225150600431812342e-01
-1.558714740848295310e+00
-9.191453449503722561e-02
2.727417568750787336e-01
-1.196627594511838089e+00
-1.895145593305045395e-01
-9.606258016126519861e-01
-7.697826481247017627e-01
1.611884519335573529e+00
2.159075793569444457e+00
1.175767062881643454e+00
-6.794604744254276185e-02
1.739134888192688244e+00
-6.089825069885138747e-02
-7.005115975532562322e-02
5.301334120587840593e-01
9.214980373981719319e-01
-1.061374949542745805e+00
-4.955535401600061340e-01
3.394349360138357863e-01
3.602532183243493114e-01
-2.211668609202742941e-01
-1.138877784647453373e+00
-3.089515323351681997e-01
-8.042964568079927767e-01
-1.602290245029430071e+00
1.427680965555614412e+00
-1.567285083127558210e+00
-5.838300188117842571e-02
2.002219325945327810e+00
1.213856028027252121e+00
-1.918347603741811014e+00
7.336839808078711167e-01
-6.241313850070144553e-02
-7.034802273261021588e-01
4.724591277442444781e-01
-1.722776584529940536e+00
-1.317764156624464000e+00
1.429993089882633184e+00
8.541792551095782615e-01
1.589500650156056016e+00
-1.368824822348158277e+00
6.289878352716637977e-01
8.954449647719673333e-01
1.343077003139527825e+00
-1.670399482947531600e-01
7.620909629669725405e-01
-8.138513074243525214e-02
-7.468989240727451351e-02
1.643915120228361060e+00
-7.814495401345978864e-01
-2.421277400554493475e-01
-2.477318308205579411e-01
2.011376700260563588e+00
7.231723460408334692e-01
-2.816791468983192992e-01
-7.726102001524376428e-02
1.401141461628712337e+00
-3.808519470541276708e-01
-6.668580989980715801e-02
-2.195599236684482036e-01
1.989305262701432708e+00
7.358515473313607114e-01
-5.105091781654849115e-01
2.716534256854966078e-01
1.044087695947909789e-01
-3.398574044715023112e-01
-9.736028499979347828e-01
-5.402746286017025001e-01
-1.025935162525757477e-01
7.231739719063814409e-01
-8.945371036221860805e-01
-1.082465252883744178e+00
-6.402297273294248470e-01
-1.019286943929838873e+00
1.289887283083450908e+00
-4.043776365147253582e-01
-7.088133787762549431e-01
-6.342543372401653057e-02
-1.215351533941971263e-01
-1.375734569915920913e+00
-1.187898108839787970e+00
5.275968177225520694e-02
1.212872129786710218e+00
-4.425208130567660492e-01
-8.901194585832217232e-01
-6.537718857577897724e-01
-5.970093841861889850e-01
-4.763112773033563729e-01
-4.379970579845272050e-01
-2.010838468877168550e-01
-9.677593105165892551e-01
-1.530400334952864705e-01
-1.876537447673088277e+00
1.229512047357776749e+00
-6.149470348882591919e-01
1.746366894379977053e-01
3.610141980594596123e-01
2.517114542770044761e-01
4.913896056893646835e-01
-6.493654503809619394e-01
1.587746148418202052e+00
-1.369686781556596067e+00
1.241597597069102443e+00
3.870176061342779916e-01
-1.158248927899566960e-01
5.938070309442390615e-02
-5.206720385214955726e-01
-3.036219966288775662e-01
1.832539135246666673e+00
4.311033486010590332e-01
-4.954659636286004587e-01
1.551276458772884448e-01
-1.215501161565211014e-01
4.724637612086077354e+00
-1.901757316131821751e+00
1.152500735386267516e+00
-7.018641405683149204e-01
-1.394291319231638349e-01
