2.770999999999999908e+00
2.564999999999999947e+00
2.516000000000000014e+00
2.916999999999999815e+00
2.536000000000000032e+00
2.459000000000000075e+00
2.967000000000000082e+00
2.742999999999999883e+00
2.849000000000000199e+00
2.585999999999999854e+00
2.600000000000000089e+00
2.789000000000000146e+00
2.560000000000000053e+00
2.875000000000000000e+00
2.740000000000000213e+00
2.607000000000000206e+00
3.012000000000000011e+00
2.638999999999999790e+00
2.487000000000000099e+00
2.474000000000000199e+00
2.787999999999999812e+00
2.524000000000000021e+00
2.888999999999999790e+00
2.626999999999999780e+00
2.757000000000000117e+00
2.435000000000000053e+00
2.855999999999999872e+00
2.625000000000000000e+00
2.861000000000000210e+00
2.810000000000000053e+00
2.716000000000000192e+00
2.734999999999999876e+00
3.028999999999999915e+00
2.523000000000000131e+00
2.571000000000000174e+00
2.504999999999999893e+00
2.779999999999999805e+00
2.903999999999999915e+00
2.674999999999999822e+00
2.633000000000000007e+00
2.634999999999999787e+00
2.774999999999999911e+00
2.911000000000000032e+00
2.990000000000000213e+00
2.592999999999999972e+00
2.854999999999999982e+00
2.600999999999999979e+00
2.706999999999999851e+00
2.791999999999999815e+00
2.495000000000000107e+00
2.548999999999999932e+00
2.983000000000000096e+00
2.620999999999999996e+00
2.654999999999999805e+00
3.063000000000000167e+00
2.637999999999999901e+00
2.440999999999999837e+00
2.940999999999999837e+00
3.119000000000000217e+00
2.604000000000000092e+00
2.696000000000000174e+00
2.811999999999999833e+00
2.791999999999999815e+00
2.463999999999999968e+00
2.528999999999999915e+00
2.951999999999999957e+00
2.626999999999999780e+00
2.633999999999999897e+00
2.584999999999999964e+00
2.484999999999999876e+00
2.487000000000000099e+00
2.524000000000000021e+00
2.971000000000000085e+00
2.706999999999999851e+00
2.490000000000000213e+00
2.806999999999999940e+00
2.528999999999999915e+00
2.347999999999999865e+00
2.516000000000000014e+00
2.783999999999999808e+00
2.846000000000000085e+00
2.705000000000000071e+00
2.588999999999999968e+00
2.749000000000000110e+00
2.521999999999999797e+00
3.190999999999999837e+00
2.547000000000000153e+00
2.520999999999999908e+00
2.451999999999999957e+00
2.629000000000000004e+00
2.529999999999999805e+00
2.412999999999999812e+00
2.681000000000000050e+00
2.391999999999999904e+00
2.503000000000000114e+00
2.456999999999999851e+00
2.725000000000000089e+00
2.508000000000000007e+00
2.766000000000000014e+00
2.728000000000000203e+00
2.636000000000000121e+00
3.455000000000000071e+00
2.617999999999999883e+00
2.803999999999999826e+00
3.113999999999999879e+00
2.771999999999999797e+00
2.446000000000000174e+00
2.798000000000000043e+00
2.576999999999999957e+00
2.524000000000000021e+00
