2.726999999999999869e+00
2.732000000000000206e+00
2.984999999999999876e+00
2.535000000000000142e+00
2.849000000000000199e+00
2.391999999999999904e+00
2.684000000000000163e+00
2.923000000000000043e+00
2.938000000000000167e+00
2.367999999999999883e+00
2.479999999999999982e+00
2.581999999999999851e+00
2.787999999999999812e+00
2.754999999999999893e+00
2.718999999999999861e+00
2.580999999999999961e+00
2.580000000000000071e+00
2.657000000000000028e+00
2.424999999999999822e+00
2.351999999999999869e+00
2.430000000000000160e+00
2.403000000000000025e+00
3.067000000000000171e+00
2.568999999999999950e+00
2.815999999999999837e+00
2.531000000000000139e+00
2.585999999999999854e+00
3.190999999999999837e+00
2.677999999999999936e+00
3.015000000000000124e+00
2.463999999999999968e+00
2.349000000000000199e+00
2.668000000000000149e+00
3.015000000000000124e+00
2.767999999999999794e+00
2.615000000000000213e+00
2.580000000000000071e+00
3.138999999999999790e+00
2.834000000000000075e+00
3.124000000000000110e+00
2.786000000000000032e+00
2.537999999999999812e+00
2.298999999999999932e+00
2.767999999999999794e+00
2.774000000000000021e+00
2.892999999999999794e+00
3.161999999999999922e+00
2.579000000000000181e+00
2.596000000000000085e+00
2.520999999999999908e+00
2.423999999999999932e+00
2.576000000000000068e+00
2.704000000000000181e+00
3.241999999999999993e+00
2.880999999999999783e+00
2.544999999999999929e+00
2.931000000000000050e+00
2.830999999999999961e+00
2.785000000000000142e+00
2.382000000000000117e+00
2.822000000000000064e+00
2.813000000000000167e+00
2.787999999999999812e+00
2.475999999999999979e+00
2.572999999999999954e+00
2.709000000000000075e+00
2.737000000000000099e+00
2.801000000000000156e+00
2.451000000000000068e+00
2.903000000000000025e+00
2.540999999999999925e+00
2.412999999999999812e+00
2.474000000000000199e+00
2.698999999999999844e+00
2.822000000000000064e+00
2.932999999999999829e+00
2.547000000000000153e+00
2.520000000000000018e+00
2.658999999999999808e+00
3.024000000000000021e+00
2.685000000000000053e+00
2.802000000000000046e+00
2.682999999999999829e+00
2.528999999999999915e+00
2.959000000000000075e+00
2.875000000000000000e+00
2.879000000000000004e+00
2.552000000000000046e+00
2.896999999999999797e+00
2.899999999999999911e+00
3.004000000000000004e+00
2.672000000000000153e+00
2.724000000000000199e+00
2.436999999999999833e+00
2.986000000000000210e+00
2.688000000000000167e+00
2.540999999999999925e+00
2.492999999999999883e+00
2.879000000000000004e+00
2.569999999999999840e+00
2.564000000000000057e+00
2.583000000000000185e+00
2.702999999999999847e+00
2.810999999999999943e+00
2.861000000000000210e+00
2.991999999999999993e+00
2.638999999999999790e+00
2.488999999999999879e+00
2.626999999999999780e+00
2.412999999999999812e+00
2.927000000000000046e+00
2.596000000000000085e+00
2.448999999999999844e+00
2.962000000000000188e+00
2.517999999999999794e+00
2.950000000000000178e+00
2.775999999999999801e+00
2.702999999999999847e+00
2.402000000000000135e+00
2.895000000000000018e+00
2.552000000000000046e+00
2.911000000000000032e+00
2.660000000000000142e+00
2.770000000000000018e+00
2.628000000000000114e+00
2.661999999999999922e+00
2.593999999999999861e+00
2.883999999999999897e+00
2.629999999999999893e+00
2.854999999999999982e+00
2.592000000000000082e+00
2.822000000000000064e+00
2.769000000000000128e+00
2.536999999999999922e+00
2.509999999999999787e+00
2.738999999999999879e+00
2.721000000000000085e+00
2.474000000000000199e+00
2.388999999999999790e+00
2.568999999999999950e+00
2.685000000000000053e+00
2.773000000000000131e+00
2.213000000000000078e+00
2.696000000000000174e+00
2.521999999999999797e+00
2.849000000000000199e+00
2.584000000000000075e+00
2.959000000000000075e+00
2.806000000000000050e+00
2.805000000000000160e+00
2.789000000000000146e+00
2.463000000000000078e+00
2.462000000000000188e+00
3.023000000000000131e+00
2.533999999999999808e+00
2.592999999999999972e+00
2.540000000000000036e+00
2.641999999999999904e+00
2.794000000000000039e+00
2.283999999999999808e+00
2.713999999999999968e+00
2.596999999999999975e+00
2.923999999999999932e+00
2.771999999999999797e+00
2.625000000000000000e+00
3.023000000000000131e+00
2.694999999999999840e+00
2.611000000000000210e+00
2.971000000000000085e+00
2.744000000000000217e+00
2.597999999999999865e+00
3.216000000000000192e+00
2.557999999999999829e+00
2.611000000000000210e+00
2.641000000000000014e+00
2.289000000000000146e+00
2.567000000000000171e+00
2.632000000000000117e+00
2.896999999999999797e+00
2.572999999999999954e+00
2.774999999999999911e+00
2.791999999999999815e+00
2.846000000000000085e+00
2.504000000000000004e+00
2.593999999999999861e+00
2.459000000000000075e+00
2.697999999999999954e+00
2.508999999999999897e+00
3.161999999999999922e+00
2.624000000000000110e+00
2.967999999999999972e+00
2.587000000000000188e+00
2.681000000000000050e+00
2.782000000000000028e+00
2.652000000000000135e+00
2.750000000000000000e+00
2.577999999999999847e+00
2.592000000000000082e+00
2.883000000000000007e+00
2.592999999999999972e+00
2.900999999999999801e+00
2.891000000000000014e+00
2.638999999999999790e+00
2.430000000000000160e+00
2.737999999999999989e+00
2.658999999999999808e+00
2.637999999999999901e+00
2.899999999999999911e+00
2.737999999999999989e+00
2.519000000000000128e+00
2.879999999999999893e+00
2.676000000000000156e+00
2.608000000000000096e+00
2.656000000000000139e+00
2.907999999999999918e+00
2.678999999999999826e+00
2.519000000000000128e+00
2.826000000000000068e+00
2.940999999999999837e+00
2.513999999999999790e+00
2.951000000000000068e+00
2.736000000000000210e+00
2.658999999999999808e+00
2.633999999999999897e+00
2.581999999999999851e+00
2.595000000000000195e+00
2.568000000000000060e+00
2.685999999999999943e+00
2.620000000000000107e+00
2.646999999999999797e+00
2.737000000000000099e+00
2.476999999999999869e+00
2.520999999999999908e+00
2.426000000000000156e+00
2.713999999999999968e+00
2.712000000000000188e+00
2.718999999999999861e+00
2.662999999999999812e+00
2.779999999999999805e+00
2.773000000000000131e+00
2.847999999999999865e+00
2.677000000000000046e+00
2.674999999999999822e+00
2.815999999999999837e+00
2.459000000000000075e+00
2.741999999999999993e+00
3.079000000000000181e+00
2.383000000000000007e+00
2.648000000000000131e+00
2.673999999999999932e+00
2.362999999999999989e+00
2.751999999999999780e+00
2.987000000000000099e+00
2.793000000000000149e+00
2.850000000000000089e+00
2.682999999999999829e+00
2.697999999999999954e+00
2.923999999999999932e+00
2.757000000000000117e+00
2.769000000000000128e+00
2.907999999999999918e+00
2.681000000000000050e+00
2.563000000000000167e+00
2.572999999999999954e+00
2.814000000000000057e+00
2.888999999999999790e+00
2.867999999999999883e+00
2.891000000000000014e+00
2.987000000000000099e+00
3.067000000000000171e+00
2.919000000000000039e+00
2.516999999999999904e+00
2.994000000000000217e+00
2.847999999999999865e+00
3.298000000000000043e+00
2.927000000000000046e+00
2.404999999999999805e+00
2.754000000000000004e+00
2.709999999999999964e+00
3.051000000000000156e+00
2.599000000000000199e+00
2.661000000000000032e+00
2.795999999999999819e+00
2.504000000000000004e+00
2.633000000000000007e+00
2.589999999999999858e+00
2.677000000000000046e+00
2.446000000000000174e+00
2.790000000000000036e+00
2.900999999999999801e+00
2.568000000000000060e+00
2.778999999999999915e+00
2.249000000000000110e+00
2.850000000000000089e+00
2.617999999999999883e+00
2.483000000000000096e+00
2.676000000000000156e+00
3.128000000000000114e+00
2.732000000000000206e+00
2.638999999999999790e+00
2.592999999999999972e+00
2.524000000000000021e+00
2.604999999999999982e+00
2.169999999999999929e+00
2.814999999999999947e+00
2.692000000000000171e+00
2.775999999999999801e+00
2.548000000000000043e+00
2.706999999999999851e+00
2.633999999999999897e+00
3.068999999999999950e+00
3.032999999999999918e+00
2.625999999999999890e+00
2.701999999999999957e+00
2.886000000000000121e+00
2.833000000000000185e+00
2.611000000000000210e+00
2.773000000000000131e+00
2.616000000000000103e+00
2.670999999999999819e+00
2.759999999999999787e+00
2.484999999999999876e+00
2.829000000000000181e+00
2.762999999999999901e+00
2.661999999999999922e+00
2.394000000000000128e+00
3.077999999999999847e+00
2.738999999999999879e+00
2.853000000000000203e+00
2.684000000000000163e+00
2.678999999999999826e+00
2.623000000000000220e+00
2.662999999999999812e+00
2.620000000000000107e+00
2.736000000000000210e+00
2.490000000000000213e+00
2.524999999999999911e+00
2.791999999999999815e+00
3.075000000000000178e+00
2.488999999999999879e+00
2.766000000000000014e+00
3.004000000000000004e+00
2.596999999999999975e+00
2.661999999999999922e+00
2.765000000000000124e+00
2.994000000000000217e+00
2.532000000000000028e+00
2.573999999999999844e+00
2.414000000000000146e+00
2.641000000000000014e+00
2.717999999999999972e+00
2.709999999999999964e+00
2.980999999999999872e+00
2.543000000000000149e+00
2.774000000000000021e+00
2.616999999999999993e+00
2.802999999999999936e+00
2.791999999999999815e+00
2.730999999999999872e+00
2.366000000000000103e+00
3.241999999999999993e+00
2.541999999999999815e+00
2.605999999999999872e+00
2.798000000000000043e+00
2.604000000000000092e+00
2.738999999999999879e+00
2.637000000000000011e+00
2.605999999999999872e+00
2.169999999999999929e+00
2.476999999999999869e+00
2.548999999999999932e+00
2.628000000000000114e+00
2.633000000000000007e+00
2.709999999999999964e+00
2.794000000000000039e+00
2.403000000000000025e+00
2.773000000000000131e+00
2.512999999999999901e+00
2.559000000000000163e+00
2.927000000000000046e+00
2.857000000000000206e+00
2.806999999999999940e+00
2.560999999999999943e+00
2.646999999999999797e+00
2.552999999999999936e+00
2.491000000000000103e+00
2.686999999999999833e+00
2.662999999999999812e+00
2.452999999999999847e+00
2.883999999999999897e+00
2.486000000000000210e+00
2.555000000000000160e+00
2.427000000000000046e+00
2.637000000000000011e+00
2.890000000000000124e+00
2.658999999999999808e+00
2.884999999999999787e+00
2.399999999999999911e+00
2.712000000000000188e+00
2.822000000000000064e+00
2.454000000000000181e+00
2.858999999999999986e+00
2.729000000000000092e+00
2.755999999999999783e+00
3.079000000000000181e+00
2.638999999999999790e+00
2.794000000000000039e+00
2.737999999999999989e+00
2.560999999999999943e+00
2.911000000000000032e+00
2.588000000000000078e+00
2.641999999999999904e+00
2.657999999999999918e+00
2.696000000000000174e+00
2.580000000000000071e+00
3.063000000000000167e+00
2.637000000000000011e+00
3.128000000000000114e+00
2.714999999999999858e+00
2.555000000000000160e+00
2.904999999999999805e+00
2.577999999999999847e+00
2.911999999999999922e+00
2.427000000000000046e+00
3.017999999999999794e+00
2.782999999999999918e+00
2.472999999999999865e+00
2.983999999999999986e+00
2.794000000000000039e+00
2.642999999999999794e+00
2.517999999999999794e+00
2.601999999999999869e+00
2.947999999999999954e+00
2.835999999999999854e+00
2.858999999999999986e+00
2.730999999999999872e+00
