1.889000000000000012e+00
1.901000000000000023e+00
1.850000000000000089e+00
1.705000000000000071e+00
2.459999999999999964e+00
1.735999999999999988e+00
1.683999999999999941e+00
1.947000000000000064e+00
1.929000000000000048e+00
1.919999999999999929e+00
1.691999999999999948e+00
1.808000000000000052e+00
1.848000000000000087e+00
1.923999999999999932e+00
1.790999999999999925e+00
1.631000000000000005e+00
1.719000000000000083e+00
1.778000000000000025e+00
1.945000000000000062e+00
1.612999999999999989e+00
1.760999999999999899e+00
1.631000000000000005e+00
2.202999999999999847e+00
1.651000000000000023e+00
1.856999999999999984e+00
1.806999999999999940e+00
1.879999999999999893e+00
2.225999999999999979e+00
1.711999999999999966e+00
2.181999999999999940e+00
1.604999999999999982e+00
1.995000000000000107e+00
1.889999999999999902e+00
2.181999999999999940e+00
2.221000000000000085e+00
1.659999999999999920e+00
2.092000000000000082e+00
2.266999999999999904e+00
2.100000000000000089e+00
1.866000000000000103e+00
1.600000000000000089e+00
1.925000000000000044e+00
1.629999999999999893e+00
2.221000000000000085e+00
1.699000000000000066e+00
1.796000000000000041e+00
2.108999999999999986e+00
1.915000000000000036e+00
1.745000000000000107e+00
1.915999999999999925e+00
1.870999999999999996e+00
2.088000000000000078e+00
1.727999999999999980e+00
2.238999999999999879e+00
1.794000000000000039e+00
1.925999999999999934e+00
1.977999999999999980e+00
1.822000000000000064e+00
1.762999999999999901e+00
1.719999999999999973e+00
1.675999999999999934e+00
1.903999999999999915e+00
2.196000000000000174e+00
1.844000000000000083e+00
1.852999999999999980e+00
1.651000000000000023e+00
1.713999999999999968e+00
1.675000000000000044e+00
2.012000000000000011e+00
1.631999999999999895e+00
1.915000000000000036e+00
1.854999999999999982e+00
1.570999999999999952e+00
2.083000000000000185e+00
1.739999999999999991e+00
1.963000000000000078e+00
1.822000000000000064e+00
1.685000000000000053e+00
1.842000000000000082e+00
1.786999999999999922e+00
1.907000000000000028e+00
1.947999999999999954e+00
1.550999999999999934e+00
1.741999999999999993e+00
1.774000000000000021e+00
2.041999999999999815e+00
2.302000000000000046e+00
1.502000000000000002e+00
2.023000000000000131e+00
1.786999999999999922e+00
2.115000000000000213e+00
1.743000000000000105e+00
1.919000000000000039e+00
2.023000000000000131e+00
1.991999999999999993e+00
1.749000000000000110e+00
1.858000000000000096e+00
1.885999999999999899e+00
1.931000000000000050e+00
1.889999999999999902e+00
2.176000000000000156e+00
1.872000000000000108e+00
1.937999999999999945e+00
1.782999999999999918e+00
1.905000000000000027e+00
2.212000000000000188e+00
1.804999999999999938e+00
1.983000000000000096e+00
1.659999999999999920e+00
1.743999999999999995e+00
2.274000000000000021e+00
1.842000000000000082e+00
1.993000000000000105e+00
1.866000000000000103e+00
2.016999999999999904e+00
2.374000000000000110e+00
1.943999999999999950e+00
1.540999999999999925e+00
2.123000000000000220e+00
1.883000000000000007e+00
1.860000000000000098e+00
2.228000000000000203e+00
1.889999999999999902e+00
2.132000000000000117e+00
1.953000000000000069e+00
1.625000000000000000e+00
1.631999999999999895e+00
1.836999999999999966e+00
1.989999999999999991e+00
2.420999999999999819e+00
1.842000000000000082e+00
1.889000000000000012e+00
1.800999999999999934e+00
1.830999999999999961e+00
2.056999999999999940e+00
1.864999999999999991e+00
2.121999999999999886e+00
2.128000000000000114e+00
1.631999999999999895e+00
2.081999999999999851e+00
1.997999999999999998e+00
1.750000000000000000e+00
1.540999999999999925e+00
1.651999999999999913e+00
1.606999999999999984e+00
2.459999999999999964e+00
1.834999999999999964e+00
2.016999999999999904e+00
1.592000000000000082e+00
1.814999999999999947e+00
1.816999999999999948e+00
1.872000000000000108e+00
1.969000000000000083e+00
2.579000000000000181e+00
1.645999999999999908e+00
1.647000000000000020e+00
1.564999999999999947e+00
1.798000000000000043e+00
1.927000000000000046e+00
2.108999999999999986e+00
1.784999999999999920e+00
1.794999999999999929e+00
2.891000000000000014e+00
1.955999999999999961e+00
1.838000000000000078e+00
2.579000000000000181e+00
1.711999999999999966e+00
1.741000000000000103e+00
1.707999999999999963e+00
1.657999999999999918e+00
1.685999999999999943e+00
2.439999999999999947e+00
1.885000000000000009e+00
1.832999999999999963e+00
1.846000000000000085e+00
1.629000000000000004e+00
1.846000000000000085e+00
1.608999999999999986e+00
2.023000000000000131e+00
2.181999999999999940e+00
2.317000000000000171e+00
1.729000000000000092e+00
1.927999999999999936e+00
1.822999999999999954e+00
1.764999999999999902e+00
1.816999999999999948e+00
1.612999999999999989e+00
1.818000000000000060e+00
2.108999999999999986e+00
1.754000000000000004e+00
1.784000000000000030e+00
1.844999999999999973e+00
1.879999999999999893e+00
1.840000000000000080e+00
1.872000000000000108e+00
2.032999999999999918e+00
1.502000000000000002e+00
1.808000000000000052e+00
1.913999999999999924e+00
2.008000000000000007e+00
1.929000000000000048e+00
2.359999999999999876e+00
1.856000000000000094e+00
1.649999999999999911e+00
1.917999999999999927e+00
1.987999999999999989e+00
1.518000000000000016e+00
1.743000000000000105e+00
2.059000000000000163e+00
1.854000000000000092e+00
1.778000000000000025e+00
2.411000000000000032e+00
1.824000000000000066e+00
1.766999999999999904e+00
1.963999999999999968e+00
1.610000000000000098e+00
2.063000000000000167e+00
1.780000000000000027e+00
1.993999999999999995e+00
1.782000000000000028e+00
1.604000000000000092e+00
1.546000000000000041e+00
1.832999999999999963e+00
1.949000000000000066e+00
2.056999999999999940e+00
1.893000000000000016e+00
1.967000000000000082e+00
1.814000000000000057e+00
1.870999999999999996e+00
1.764999999999999902e+00
1.957000000000000073e+00
1.935000000000000053e+00
2.060000000000000053e+00
1.905999999999999917e+00
1.764999999999999902e+00
1.945000000000000062e+00
1.850000000000000089e+00
1.693999999999999950e+00
2.048000000000000043e+00
1.760999999999999899e+00
1.965999999999999970e+00
1.854000000000000092e+00
1.594000000000000083e+00
1.981999999999999984e+00
1.685000000000000053e+00
2.060999999999999943e+00
2.125000000000000000e+00
1.947999999999999954e+00
2.008000000000000007e+00
1.814999999999999947e+00
1.794999999999999929e+00
1.782999999999999918e+00
1.735000000000000098e+00
1.641000000000000014e+00
2.302000000000000046e+00
1.681999999999999940e+00
1.798000000000000043e+00
2.891000000000000014e+00
1.856999999999999984e+00
1.796999999999999931e+00
1.963999999999999968e+00
2.033999999999999808e+00
1.856000000000000094e+00
1.681999999999999940e+00
1.794000000000000039e+00
1.721000000000000085e+00
1.993999999999999995e+00
2.359999999999999876e+00
1.919000000000000039e+00
2.202999999999999847e+00
1.929999999999999938e+00
2.197000000000000064e+00
2.346000000000000085e+00
1.836000000000000076e+00
1.903999999999999915e+00
1.915999999999999925e+00
1.669999999999999929e+00
1.969999999999999973e+00
1.794000000000000039e+00
2.148000000000000131e+00
1.699000000000000066e+00
1.897999999999999909e+00
1.957999999999999963e+00
1.697999999999999954e+00
1.741000000000000103e+00
1.917000000000000037e+00
1.713000000000000078e+00
1.693999999999999950e+00
1.800999999999999934e+00
2.067000000000000171e+00
1.562000000000000055e+00
1.832000000000000073e+00
1.709999999999999964e+00
2.302000000000000046e+00
1.657000000000000028e+00
1.959000000000000075e+00
1.667999999999999927e+00
2.375000000000000000e+00
1.701999999999999957e+00
1.844999999999999973e+00
2.043000000000000149e+00
1.800000000000000044e+00
1.816999999999999948e+00
2.015000000000000124e+00
1.693999999999999950e+00
1.927999999999999936e+00
1.866999999999999993e+00
1.953999999999999959e+00
1.883000000000000007e+00
1.512000000000000011e+00
2.186999999999999833e+00
1.897000000000000020e+00
1.919000000000000039e+00
2.141000000000000014e+00
1.826000000000000068e+00
2.011000000000000121e+00
1.629000000000000004e+00
1.653999999999999915e+00
1.953999999999999959e+00
1.991999999999999993e+00
1.820999999999999952e+00
1.909999999999999920e+00
1.762000000000000011e+00
1.675999999999999934e+00
1.506999999999999895e+00
1.870000000000000107e+00
1.875000000000000000e+00
2.051000000000000156e+00
1.784000000000000030e+00
2.283999999999999808e+00
1.919999999999999929e+00
1.699000000000000066e+00
1.824000000000000066e+00
1.814999999999999947e+00
2.060000000000000053e+00
1.612999999999999989e+00
1.919000000000000039e+00
1.899999999999999911e+00
1.840000000000000080e+00
1.741000000000000103e+00
1.794000000000000039e+00
2.115000000000000213e+00
1.729000000000000092e+00
1.875999999999999890e+00
2.513999999999999790e+00
2.346000000000000085e+00
1.717999999999999972e+00
1.947999999999999954e+00
1.671000000000000041e+00
1.909000000000000030e+00
1.804000000000000048e+00
1.752999999999999892e+00
1.981000000000000094e+00
2.032000000000000028e+00
1.955999999999999961e+00
2.020000000000000018e+00
2.225000000000000089e+00
2.533999999999999808e+00
1.693000000000000060e+00
1.830000000000000071e+00
2.238999999999999879e+00
1.727999999999999980e+00
2.032999999999999918e+00
1.985000000000000098e+00
1.790000000000000036e+00
1.770999999999999908e+00
1.820999999999999952e+00
1.852000000000000091e+00
2.015000000000000124e+00
1.935999999999999943e+00
1.913999999999999924e+00
1.933000000000000052e+00
1.798000000000000043e+00
1.667000000000000037e+00
1.766000000000000014e+00
1.723000000000000087e+00
1.933999999999999941e+00
2.182999999999999829e+00
1.679999999999999938e+00
2.274000000000000021e+00
1.612999999999999989e+00
1.848000000000000087e+00
1.477999999999999980e+00
1.729000000000000092e+00
1.923999999999999932e+00
1.729999999999999982e+00
1.824999999999999956e+00
2.164000000000000146e+00
2.108999999999999986e+00
2.116000000000000103e+00
1.772999999999999909e+00
1.675999999999999934e+00
1.792000000000000037e+00
1.735000000000000098e+00
1.780000000000000027e+00
1.747000000000000108e+00
2.287999999999999812e+00
1.895999999999999908e+00
1.834999999999999964e+00
2.116999999999999993e+00
1.657000000000000028e+00
2.003000000000000114e+00
2.040000000000000036e+00
1.774000000000000021e+00
2.125000000000000000e+00
1.903999999999999915e+00
1.909000000000000030e+00
1.637999999999999901e+00
1.681999999999999940e+00
2.100000000000000089e+00
1.824000000000000066e+00
2.060000000000000053e+00
1.899000000000000021e+00
1.824999999999999956e+00
2.000999999999999890e+00
2.391999999999999904e+00
1.766999999999999904e+00
2.375000000000000000e+00
1.790999999999999925e+00
1.818999999999999950e+00
1.983999999999999986e+00
1.743000000000000105e+00
2.255999999999999783e+00
1.669999999999999929e+00
2.313000000000000167e+00
1.911999999999999922e+00
1.909999999999999920e+00
1.905999999999999917e+00
1.909000000000000030e+00
1.802999999999999936e+00
1.810000000000000053e+00
1.467999999999999972e+00
1.850999999999999979e+00
1.931000000000000050e+00
1.768999999999999906e+00
1.879999999999999893e+00
