1.114693010559175690e+01
1.232806202282611707e+01
1.478278506566418571e+01
1.194641877379232220e+01
1.476128583721039611e+01
1.219826833708859581e+01
1.108018064837830607e+01
1.178947585255426844e+01
1.003783849042635623e+01
1.199381701194326411e+01
1.100293670098581877e+01
1.232806202282611707e+01
1.111244911620473097e+01
1.172878390556729755e+01
1.163387469162729637e+01
1.158552901731055407e+01
1.157401469822490370e+01
1.042221753813560348e+01
1.240959088715516323e+01
9.736744082973519454e+00
1.183166156859105200e+01
1.042221753813560348e+01
1.479224987757256216e+01
1.078377868354658276e+01
1.141539434529059882e+01
1.154623648364131050e+01
1.226122730619869472e+01
1.468390104885488512e+01
1.149365160499761629e+01
1.478278506566418571e+01
9.708620997832849042e+00
1.235737490119087667e+01
1.219826833708859581e+01
1.443278368686377000e+01
1.446319074530852333e+01
1.100293670098581877e+01
1.240959088715516323e+01
1.505019535991961455e+01
1.508374024285467385e+01
1.137573918962100095e+01
1.023039074946263938e+01
1.208996460693544783e+01
9.736744082973519454e+00
1.478278506566418571e+01
1.162103458612170748e+01
1.139352105962845485e+01
1.505019535991961455e+01
1.235737490119087667e+01
1.131746725694459954e+01
1.226122730619869472e+01
1.219826833708859581e+01
1.208996460693544783e+01
1.117335810228798998e+01
1.458761140624475772e+01
1.131746725694459954e+01
1.108018064837830607e+01
1.083317366553415795e+01
1.156180153406272026e+01
1.141539434529059882e+01
1.185183201296503164e+01
1.155379696248148669e+01
1.141461335567806223e+01
1.163765058441782507e+01
1.105118897780201159e+01
1.066498503601663117e+01
1.088538965149844451e+01
1.185918536363223730e+01
1.088821926622761715e+01
1.259547231708154769e+01
1.003783849042635623e+01
1.199381701194326411e+01
1.214218059289973439e+01
1.194114699996018558e+01
1.154840973834659934e+01
1.163447283203315052e+01
1.206974495036869399e+01
1.495131134311031573e+01
1.173625361029381331e+01
1.066498503601663117e+01
1.034793779895001364e+01
1.141539434529059882e+01
1.166334023370980688e+01
1.128271752030512509e+01
1.087468101854396707e+01
9.956839202808417610e+00
1.476128583721039611e+01
1.468390104885488512e+01
9.793719460875447425e+00
1.461062420585478883e+01
1.034943746276159970e+01
1.458761140624475772e+01
9.505658673984051177e+00
1.198533464481468336e+01
1.065113421524896786e+01
1.190296102622475516e+01
1.150198941810312014e+01
1.199381701194326411e+01
1.219826833708859581e+01
1.112479384818517936e+01
1.183509123061655899e+01
1.208996460693544783e+01
9.766584643224902607e+00
1.109454668361689400e+01
1.148433959569977247e+01
1.172027731350552493e+01
1.502383170417733105e+01
1.240959088715516323e+01
1.095811613067978030e+01
1.107127108142482719e+01
1.219826833708859581e+01
1.443278368686377000e+01
1.152286574800815799e+01
1.204056962494787264e+01
1.155047679670279948e+01
1.208996460693544783e+01
1.511757940364576314e+01
1.094147739568730593e+01
1.003783849042635623e+01
1.173394659154761044e+01
1.160485885888209978e+01
1.117408982976306220e+01
1.515171434580691567e+01
1.073702607054197422e+01
1.162556055482357387e+01
1.149761978607928370e+01
1.018728201940938405e+01
9.492207905228152498e+00
1.150571378987385884e+01
1.208996460693544783e+01
1.505019535991961455e+01
1.206435458388412307e+01
1.162931909323970459e+01
1.137678567310687150e+01
1.219826833708859581e+01
1.209907186284648084e+01
1.106630657216038571e+01
1.219826833708859581e+01
1.141539434529059882e+01
1.143341770705686322e+01
1.214218059289973439e+01
1.176021700578696105e+01
1.267606942117440560e+01
1.054015334822740257e+01
1.122692245792497800e+01
1.173013685822317953e+01
1.508374024285467385e+01
1.123457912384769131e+01
1.152908183019053290e+01
9.996135313213162732e+00
1.030524878468178329e+01
1.148444594216610959e+01
1.252713793664253750e+01
1.172915406843206476e+01
1.467006315836210995e+01
1.101085663087084399e+01
9.474787526188666931e+00
9.484249058915931840e+00
1.160602966218426957e+01
1.104769068930418641e+01
1.235737490119087667e+01
1.246567863134402643e+01
1.194962833386345125e+01
1.491873627859673235e+01
1.100293670098581877e+01
1.252713793664253750e+01
1.498398241356146521e+01
1.184312368438620133e+01
1.022424949706384822e+01
1.034943746276159970e+01
1.039619007576620646e+01
9.495783284679912839e+00
1.474953295707112666e+01
1.235737490119087667e+01
1.230797991920330148e+01
1.152683064149314696e+01
9.495783284679912839e+00
1.190387033904529268e+01
1.156694641809971102e+01
1.498398241356146521e+01
1.508374024285467385e+01
1.452483958331713332e+01
1.128784638418538933e+01
1.482349466416448358e+01
1.100293670098581877e+01
1.127034699524124761e+01
1.176439877530027012e+01
1.028647849365150080e+01
9.766584643224902607e+00
1.470019398111919884e+01
1.213603934050094324e+01
1.111068234332574711e+01
1.204056962494787264e+01
1.197980722759569794e+01
1.094147739568730593e+01
1.061183810484422452e+01
1.522087758829552939e+01
9.747148315349868142e+00
1.123457912384769131e+01
1.034793779895001364e+01
1.204056962494787264e+01
1.174432508757965543e+01
1.529124199843276166e+01
1.141626023310804783e+01
1.114613222743010468e+01
1.128371299602380695e+01
1.171862516124111409e+01
1.100443636479740483e+01
1.204056962494787264e+01
1.141539434529059882e+01
1.219826833708859581e+01
1.137081681791642573e+01
1.225972764238710866e+01
1.185549423512238576e+01
1.042221753813560348e+01
1.474953295707112666e+01
9.751659353171362454e+00
1.240959088715516323e+01
1.209342567736436358e+01
1.485016910939033430e+01
1.155661621697845121e+01
1.034943746276159970e+01
1.127158439695210568e+01
9.716725560367809322e+00
1.171366094893195076e+01
1.204056962494787264e+01
1.100854444031017643e+01
1.240959088715516323e+01
9.708620997832849042e+00
1.100293670098581877e+01
1.246567863134402643e+01
1.003783849042635623e+01
1.179694428962869246e+01
1.230797991920330148e+01
1.230797991920330148e+01
1.153880604583974545e+01
1.129200415675128610e+01
1.129723876864906096e+01
1.219826833708859581e+01
1.114798405103516998e+01
1.023039074946263938e+01
1.112167657896766215e+01
1.133868137568025780e+01
1.022424949706384822e+01
1.138040112142545901e+01
9.492207905228152498e+00
1.252713793664253750e+01
1.511757940364576314e+01
1.208996460693544783e+01
1.225972764238710866e+01
1.144648381625011169e+01
1.219826833708859581e+01
1.148982068214096053e+01
1.022424949706384822e+01
1.003783849042635623e+01
1.464020706777865044e+01
9.769855177832777571e+00
1.094514867477119324e+01
1.452483958331713332e+01
1.206494442598930306e+01
1.095621746508161287e+01
1.443278368686377000e+01
1.267218528669188871e+01
1.225972764238710866e+01
1.152376290169076611e+01
1.015256474044702628e+01
1.160416957477033328e+01
1.508374024285467385e+01
1.488683249009370613e+01
1.132785750542932490e+01
1.522087758829552939e+01
1.119519476556517645e+01
1.204056962494787264e+01
1.470019398111919884e+01
1.149501042770289949e+01
1.034943746276159970e+01
1.185306676631867084e+01
1.073702607054197422e+01
1.136552042167059540e+01
1.219826833708859581e+01
1.485502170050018655e+01
1.122083106223416848e+01
1.143341770705686322e+01
1.144275214503101701e+01
1.128712076614416304e+01
1.080756364248283319e+01
1.073702607054197422e+01
9.751659353171362454e+00
1.141539434529059882e+01
1.293851552238181668e+01
1.162476050317281917e+01
9.736744082973519454e+00
1.151112369419269044e+01
1.114798405103516998e+01
1.495131134311031573e+01
9.479738021094437528e+00
1.190792515665025775e+01
1.012001922611860394e+01
1.465151824220364318e+01
1.101553377235000752e+01
1.208996460693544783e+01
1.145732464635986680e+01
1.096024768671759020e+01
1.147401403085634541e+01
1.498398241356146521e+01
1.115638609222257216e+01
1.120240573531083683e+01
1.028647849365150080e+01
1.208996460693544783e+01
1.118454687976344175e+01
9.488384425133663314e+00
1.515171434580691567e+01
1.159356388217630673e+01
1.152286574800815799e+01
1.204056962494787264e+01
1.253999871870687954e+01
1.094147739568730593e+01
1.161415644230362787e+01
9.495783284679912839e+00
1.115279994575387335e+01
1.105118897780201159e+01
1.230797991920330148e+01
1.208996460693544783e+01
1.192346646984650071e+01
1.023039074946263938e+01
1.017817476349835104e+01
1.047715565014632055e+01
9.956839202808417610e+00
1.144843716373592279e+01
1.022424949706384822e+01
1.214218059289973439e+01
1.235737490119087667e+01
9.996135313213162732e+00
1.115279994575387335e+01
1.100293670098581877e+01
1.158920821074977603e+01
9.492207905228152498e+00
1.259547231708154769e+01
1.159356388217630673e+01
1.023039074946263938e+01
1.088538965149844451e+01
1.158961482731548109e+01
1.431390277482106654e+01
1.100443636479740483e+01
1.208996460693544783e+01
1.485502170050018655e+01
1.511757940364576314e+01
9.474787526188666931e+00
1.083317366553415795e+01
1.167900847953689336e+01
1.127034699524124761e+01
1.042221753813560348e+01
1.175249938972710062e+01
1.193526526497749884e+01
1.186862904624551440e+01
1.202059049003003466e+01
1.179694428962869246e+01
1.199817399190820133e+01
1.498398241356146521e+01
1.026354560746858979e+01
1.190792515665025775e+01
1.422758468021929090e+01
9.751659353171362454e+00
1.199381701194326411e+01
1.455608436990905474e+01
1.068962783239103231e+01
1.144845251669986474e+01
1.107457253184706403e+01
1.091854450950439670e+01
1.461062420585478883e+01
1.143309933711762127e+01
1.057487062718976212e+01
1.133868137568025780e+01
1.208996460693544783e+01
1.094147739568730593e+01
1.096983846504666005e+01
1.190347093840012604e+01
1.200882300197281616e+01
1.225972764238710866e+01
1.095621746508161287e+01
1.478278506566418571e+01
1.170860419879735304e+01
1.219826833708859581e+01
9.763193578935343453e+00
1.156340251145557829e+01
1.073702607054197422e+01
1.114798405103516998e+01
1.107127108142482719e+01
1.179694428962869246e+01
1.214218059289973439e+01
1.491873627859673235e+01
1.033401018246377490e+01
1.131316153083757570e+01
1.073702607054197422e+01
1.219826833708859581e+01
1.157361555778466489e+01
1.141461335567806223e+01
1.488683249009370613e+01
1.204056962494787264e+01
1.186534659926612711e+01
1.478278506566418571e+01
1.115379715245627779e+01
1.488683249009370613e+01
1.225972764238710866e+01
1.181761266704059210e+01
1.470019398111919884e+01
1.221703862811888008e+01
1.449499497447471974e+01
1.017817476349835104e+01
1.091667329997531155e+01
1.471657211930603637e+01
1.133868137568025780e+01
1.107127108142482719e+01
1.131532244902636819e+01
1.156601543431419010e+01
1.252713793664253750e+01
1.455608436990905474e+01
1.165457567835664676e+01
1.502383170417733105e+01
1.246567863134402465e+01
1.150198941810312014e+01
1.172119078015809279e+01
1.091854450950439670e+01
1.515171434580691567e+01
9.469333788718088840e+00
1.482349466416448358e+01
1.474953295707112666e+01
1.275878035950441003e+01
1.164781141568088785e+01
1.479224987757256216e+01
1.186880917019033355e+01
1.179983667097657651e+01
9.773068968239481791e+00
1.028647849365150080e+01
1.100293670098581877e+01
1.182536919545523624e+01
1.126340907608861919e+01
