5.515787549065362949e-01
-3.311107327514554166e-01
-1.309800801053501607e+00
-1.743137020933287484e+00
1.354646870390813440e+00
-1.711181992855454581e+00
-9.547678375443393595e-01
5.333238888112151743e-01
1.950331167851996783e+00
1.652145195085856222e-01
-1.176806324060023501e+00
-1.191411452389627978e+00
2.811719816321410770e-01
3.716410548874153896e-01
-5.628942760110987598e-01
-1.662307458747071198e+00
-1.038433995295297230e+00
4.187565889564034416e-01
1.053064616069869681e-02
-4.000025284783709223e-01
-1.143338973815695381e+00
-1.137571705266623212e+00
1.511777072025559665e-01
-1.350588223102703322e+00
1.486757427629961104e-01
-3.767485711225218581e-01
-4.650705263790387844e-01
2.964580981447045294e-01
-1.026025988188570937e+00
6.218995231939988128e-02
-4.367179919694603729e-01
5.450251307561106984e-01
-3.117711785684793013e-01
2.008004484824488511e-01
3.615397163479678877e-01
-1.511161847390761981e+00
1.464176569968399733e+00
3.359596982965995515e-01
-4.123803468780046222e-01
2.097944864490322303e-01
-9.331470555540962719e-01
1.217839132345130415e-01
-2.687126900017058340e-01
2.349712797686026866e-01
-1.216840955329880680e+00
-3.398443714247697534e-01
-3.606150944920604728e-01
-2.264172478653050102e-01
-6.902318393745182634e-01
-1.259140264061342218e-01
-4.894703459328495487e-01
1.726079796799921739e+00
-6.637594632720499321e-01
3.928242294869068174e-01
-3.124607548906470633e-01
9.401175772191939783e-01
2.228010330206247946e+00
-2.929101735733097844e-01
-8.946201201874883768e-01
-1.246503328626092921e+00
-1.326425996472282876e+00
4.858756530054439970e-01
2.678698532784069108e+00
4.234777132401160160e-01
9.721263302384612892e-01
-1.468218346367383242e+00
-1.294951114604766529e+00
-8.642376281624966072e-01
4.867698128969485949e-01
-5.175886543776981874e-01
1.177287347673856149e-01
-5.849218147380090826e-01
-2.342491253842509558e+00
1.790455545251957714e+00
-9.347808014443004243e-01
4.138512017525055042e-01
-1.484055601875720054e+00
-1.484384881454864358e+00
8.480516048898676384e-01
4.577256237691294527e-01
7.209201426897601239e-01
6.448868499144804201e-01
-1.964723417377876258e+00
-3.506467440862069962e-01
6.931102865706690874e-01
-5.295458248819518987e-01
6.406766911657219010e-01
-1.280691885751704007e+00
-5.489169527776085467e-01
4.564087608775231897e-01
-1.516929466738636267e-01
8.341624809891606818e-01
1.339897545561050118e-01
2.979142409025447691e+00
7.739592044356314871e-01
-1.146599244483992752e+00
-4.167043909501348953e-01
-3.492989387941465296e-01
9.448468348036974662e-01
2.768379527309617130e-02
2.634664344494908494e+00
1.689867456875630447e+00
1.027494283129189778e+00
-5.058809515958557768e-01
2.307511707041580706e-01
9.942311132462394729e-02
-1.295772696519248646e+00
1.515242909903346868e+00
-1.590269268137547876e+00
-1.640792276539976946e+00
6.122486491237205675e-01
-1.025808667471147795e-01
8.253260761604146456e-01
6.317774786141747145e-02
1.014654503580354472e+00
8.034106408042113179e-01
1.700699578121918298e+00
-1.208471000191613465e+00
2.420913953239056671e+00
1.508323625945104107e-01
3.091510471591979448e-01
1.201321954722985447e-01
1.310329109633628031e+00
2.140937787849750862e+00
7.780242679299183006e-01
-7.030589552244614904e-01
-3.846749093974713429e-02
-1.282830232751848432e-01
7.492144172399334279e-01
1.052812951048577306e+00
-6.312039603032396640e-01
1.880025219410801918e-01
-2.899328001391159870e-01
-8.589472562539636202e-01
1.404450766753033930e+00
4.550467018475491954e-01
1.971095684304088103e+00
3.392412812412726630e+00
-1.624853837847050286e+00
1.615781648821013938e+00
9.855425919817153435e-01
-1.669458615132539459e+00
-2.174695630652212941e+00
-1.240075860417907405e+00
-1.937632739893409894e+00
1.226945758728046121e+00
1.100060347947395545e-01
1.264775725928620531e+00
-7.884681848748538169e-01
7.300179584538876165e-01
-2.689918725528310794e-01
-7.914628461109626256e-01
7.252359341974282669e-01
1.977184438400279465e+00
-1.177322945076984873e+00
9.367893828066453654e-02
-5.431600535105156613e-01
-4.896882049868275244e-01
9.749553500955200347e-01
1.687080166673818882e+00
-1.529195010405835387e+00
-9.507315835069918286e-01
3.518876302008402401e+00
1.770782760080555240e+00
-1.106052292806086079e+00
1.852863488958734761e+00
-1.296733943464499994e+00
1.868252605303892533e-01
-1.905632102091414926e-01
-6.291882513926934095e-01
3.829629276583699227e-01
1.262894608296467380e+00
-5.092822852312480775e-01
-9.444763003915872535e-01
-7.397156252150699496e-02
-6.487645590098360671e-02
-3.620632222709606052e-01
-1.797685494316131560e+00
-6.967774171967493491e-01
-5.699685367601221159e-02
7.726828726757500876e-01
-7.875568441518353557e-01
-1.019641345963210766e+00
2.438803191050962493e-01
-7.049522261875078577e-01
-5.760750489036660094e-01
-8.827272832320528506e-01
1.228349835716314731e+00
-2.220045983290114822e-01
-1.493541649761435552e+00
-2.090975651418926495e-01
-5.810665025538720441e-01
-1.625796812210603959e-01
5.054731311292215423e-01
1.249330579915670869e+00
-7.490685942240566941e-01
-1.239797511366975913e+00
-1.911645944313115075e-01
1.545665769602646344e+00
9.726188727682036905e-01
4.212146868915088715e-01
6.689608996906978300e-01
9.123630238085396471e-02
-1.191313431055526451e+00
7.076930823928597736e-01
8.847406362461062157e-01
-2.935902490243017304e+00
-1.500326380493427259e+00
2.533594173109408931e+00
-6.472654825259051004e-01
-4.803877509581969130e-01
5.044001045835949881e+00
-4.897499485987125145e-01
2.986593301788195154e-01
-8.456404334808798051e-01
-4.361566345353453666e-01
1.170805711809683736e+00
-9.996949754520251252e-01
-7.632953944124496459e-01
-5.692057309465278214e-01
-1.007081904746124135e+00
-1.988958762791427581e+00
1.399264384762821001e+00
6.120132382527810888e-01
1.459829320604510094e+00
7.286352423019982760e-01
2.227648595345644855e-01
1.245484687881656560e+00
7.851799185287049454e-01
-1.707943459326129121e+00
2.199587907761132666e+00
4.946173700546092067e-01
1.236826913982285170e+00
-2.648882984451688127e-01
-7.182112484951946874e-01
9.239169423599952191e-01
1.380418393765896756e-01
-2.076552707984441248e+00
2.708314799934881112e+00
3.454823502641934385e-01
1.238488248613645482e+00
2.035288599111184371e-01
-9.735433824287101912e-01
1.161146711739062587e+00
3.781417624252065846e-01
1.039421607027318339e+00
-3.185710687483090386e-01
3.419209917784372110e-01
7.651626367900884462e-01
-2.400386077449576661e-01
-1.186095636282184618e+00
-5.101267090989459740e-01
1.378974406941674558e-01
-4.475794086346449041e-01
6.579807498442146185e-01
1.104782403682734310e-01
2.350494401218452059e-02
3.674870591393257779e+00
-4.036708692837584489e-01
6.639129196813000483e-03
-7.201987176419214487e-01
6.320948074840089248e-01
-6.869379138932077966e-01
-1.261153208896156341e+00
6.877163875364628032e-01
-1.106941915730287329e+00
-8.557962034373178817e-01
8.291185619149261665e-01
6.432844952262832816e-01
-1.857105166282412012e-02
8.789632279063166465e-01
2.902605446458096150e+00
8.376649672526238488e-01
-1.206179877033379672e-01
1.456557522012398298e+00
2.252217871123443071e-01
-1.099381509087654862e+00
1.014850887761659770e+00
-1.195110135449175104e+00
-1.150743912670257468e-01
-9.582745937966985483e-01
4.215424199473786770e-01
8.599892681316623211e-01
-9.652497215402244812e-01
-4.289732714608309738e-01
1.622117531019106940e+00
3.746149400578157596e-01
-1.633225390987580905e+00
-1.499679498445494197e+00
1.689686967742022983e+00
-7.873956234944277099e-01
-1.723684049575061605e-01
-1.154448999908634033e+00
5.347746124570875725e-01
1.676963647140823355e-01
6.202508978230207859e-01
-3.079081200163020227e-01
9.926868646754967163e-01
-7.678087273862945761e-01
-6.278240757382085313e-01
1.531705815228349810e+00
3.785462030453905224e-02
-2.604527368005670751e-01
-7.298820028374153335e-01
-8.922073862530174315e-01
8.565581349347974882e-01
1.190166676569758941e+00
3.996865127440171195e-01
5.034383385125430488e-01
-9.396387807076586052e-01
-6.190007096893142963e-02
2.823083446810944475e-01
5.201482812708703163e-01
2.316511690793281897e+00
-1.005030450693933375e+00
2.497984778043555121e+00
-1.698164260435555128e+00
1.300585717426795684e-01
1.573707156089340531e+00
2.142720218229943185e+00
-1.054187615594229799e+00
-2.067339244664988251e-02
-9.994530504140400895e-01
-3.415403994721524783e-01
-1.581862911923571202e+00
1.382461452395645329e+00
1.548755023504355011e+00
1.695036349961956956e+00
5.413494102142266673e-01
3.740548645723819288e+00
-1.789314631241050169e-01
4.742739418290912307e-02
8.155497178084529508e-02
1.547407926006744705e-01
1.657879370421286191e+00
-1.852739902285038820e-01
-4.138207986748780876e-01
3.067533883796665917e-01
1.007821958535644935e+00
-5.190686934239548966e-01
-5.064990587785609399e-01
-4.329654739173065953e-02
-7.857166123549796932e-01
-3.403234983092017218e-01
1.580918722484406791e+00
6.723684741190311120e-01
6.580958777693405315e-01
1.873078739910773782e+00
-1.782122545779944112e+00
9.119729156853171315e-01
7.049481533371472208e-01
-9.323307495154568025e-01
6.610336412131756489e-01
1.372855680755806329e+00
3.965893902014126504e-01
1.321696477240898782e+00
2.651540224994065831e+00
1.628543401072436225e+00
-2.353845682021069308e-01
-5.932631204705506311e-01
5.354050481607810497e-01
4.959666079447875853e-01
1.264295142481747236e+00
-6.836426416675077666e-01
2.408712169160814598e-01
-5.980244666681940879e-01
9.802837621964292925e-02
6.672892094508836580e-01
-5.820215384182744200e-01
6.944222854374660914e-01
1.775022040724804517e+00
1.112015032431678208e+00
-1.056507519126970607e+00
-1.367300851703154407e+00
-2.447817134732586941e-01
-1.265084035158462905e+00
2.328005031164699090e-01
2.547507320537592435e+00
-8.829318682623028547e-01
4.736381529606716323e-01
-1.880303461928158226e+00
-7.026871734596168428e-01
-1.427395410301395939e+00
-9.587328262236141097e-01
1.703519531523323138e+00
-9.411854714163596647e-01
1.871059379470773054e-01
2.786401333190351437e+00
1.890784332844113624e+00
-2.785345819776212650e-01
4.662077418395925710e-01
-1.204691628347690502e+00
2.080153227565682550e-01
-1.719962838093741064e+00
-6.309061990937286923e-01
-7.544934349426778430e-01
4.962169112272391547e-01
-1.060837217504777413e-01
-4.385367494486341333e-01
-2.203992087564877467e-01
-1.213991812812989624e+00
-7.408708074324967807e-01
1.082292311753846326e+00
-8.770441130141339858e-01
-1.532745756147162741e-01
-1.976995066893183495e-01
-9.650696968745026139e-01
-5.941793581065505370e-01
-8.357519295929171088e-01
-2.669713317627994131e-01
-1.336310062251337694e-01
2.944256184418027722e+00
4.981043332761643239e-01
-2.580405031420143214e-01
4.431855764513056295e-01
1.110667169606466720e+00
-7.547669362999458453e-01
8.452401492676028250e-01
-1.475262057583129005e+00
-3.784572708441773514e-01
8.990555589120319269e-01
-5.359102708200251808e-01
2.459772139472048147e-01
2.792614118313614391e-01
6.359688437497245106e-01
-1.053988363378538740e+00
-6.537782188730770772e-01
3.113298687122276753e-01
-1.082791089134463647e+00
-6.562620818136548628e-01
-5.509266203805243123e-01
-1.507719751772148786e+00
1.052604367932160168e+00
1.477323153249639809e+00
-8.724850710839548995e-01
4.146123918603925596e-01
