2.944999999999999840e+00
2.541999999999999815e+00
2.685999999999999943e+00
2.464999999999999858e+00
2.270999999999999908e+00
2.842000000000000082e+00
3.289000000000000146e+00
2.991999999999999993e+00
3.345000000000000195e+00
2.733999999999999986e+00
2.573999999999999844e+00
3.157000000000000028e+00
2.263999999999999790e+00
2.396999999999999797e+00
2.662999999999999812e+00
2.584999999999999964e+00
3.096000000000000085e+00
3.267999999999999794e+00
2.688000000000000167e+00
2.782999999999999918e+00
2.540000000000000036e+00
3.426000000000000156e+00
3.181999999999999940e+00
2.911999999999999922e+00
2.845000000000000195e+00
3.202999999999999847e+00
2.674999999999999822e+00
3.020000000000000018e+00
2.616000000000000103e+00
2.987999999999999989e+00
3.178999999999999826e+00
3.181000000000000050e+00
3.063000000000000167e+00
2.678999999999999826e+00
2.513999999999999790e+00
2.678999999999999826e+00
2.599000000000000199e+00
2.608999999999999986e+00
2.866999999999999993e+00
2.867999999999999883e+00
2.805000000000000160e+00
3.108999999999999986e+00
2.736000000000000210e+00
3.162999999999999812e+00
2.533999999999999808e+00
2.669999999999999929e+00
2.387999999999999901e+00
2.545999999999999819e+00
2.436999999999999833e+00
2.778000000000000025e+00
2.476999999999999869e+00
2.846000000000000085e+00
2.519000000000000128e+00
2.564999999999999947e+00
2.923000000000000043e+00
2.927000000000000046e+00
2.267999999999999794e+00
2.803999999999999826e+00
3.294999999999999929e+00
1.542999999999999927e+00
2.680000000000000160e+00
2.847999999999999865e+00
2.944999999999999840e+00
2.645000000000000018e+00
2.673000000000000043e+00
2.805000000000000160e+00
2.443999999999999950e+00
2.402000000000000135e+00
2.273000000000000131e+00
2.557999999999999829e+00
2.394000000000000128e+00
2.714999999999999858e+00
2.689000000000000057e+00
2.890000000000000124e+00
2.644000000000000128e+00
2.770999999999999908e+00
2.487000000000000099e+00
2.241000000000000103e+00
2.575000000000000178e+00
2.624000000000000110e+00
3.108000000000000096e+00
2.779999999999999805e+00
2.688000000000000167e+00
2.496999999999999886e+00
2.540000000000000036e+00
2.963999999999999968e+00
2.238999999999999879e+00
2.448999999999999844e+00
2.802999999999999936e+00
2.637999999999999901e+00
2.762999999999999901e+00
2.455000000000000071e+00
3.125999999999999890e+00
2.592999999999999972e+00
2.619000000000000217e+00
2.515000000000000124e+00
2.666999999999999815e+00
2.547000000000000153e+00
3.184000000000000163e+00
3.075000000000000178e+00
2.525999999999999801e+00
3.075000000000000178e+00
2.541999999999999815e+00
2.838000000000000078e+00
2.482000000000000206e+00
2.770999999999999908e+00
2.597999999999999865e+00
2.922000000000000153e+00
2.517999999999999794e+00
2.846000000000000085e+00
