2.587000000000000188e+00
2.846000000000000085e+00
2.915999999999999925e+00
2.153999999999999915e+00
2.693999999999999950e+00
2.475000000000000089e+00
2.716000000000000192e+00
2.967000000000000082e+00
2.763999999999999790e+00
2.430000000000000160e+00
3.103000000000000203e+00
2.396999999999999797e+00
3.085999999999999854e+00
2.990000000000000213e+00
2.329000000000000181e+00
2.810000000000000053e+00
2.861000000000000210e+00
2.685000000000000053e+00
2.733000000000000096e+00
2.281000000000000139e+00
2.653000000000000025e+00
2.588999999999999968e+00
2.974000000000000199e+00
2.737000000000000099e+00
2.951999999999999957e+00
2.673999999999999932e+00
2.765000000000000124e+00
2.963999999999999968e+00
2.581999999999999851e+00
2.613999999999999879e+00
2.830000000000000071e+00
2.511000000000000121e+00
2.535000000000000142e+00
2.613999999999999879e+00
2.907000000000000028e+00
2.688000000000000167e+00
2.821000000000000174e+00
2.986000000000000210e+00
2.871999999999999886e+00
2.724000000000000199e+00
2.607000000000000206e+00
2.626999999999999780e+00
2.266000000000000014e+00
2.907000000000000028e+00
2.910000000000000142e+00
2.531000000000000139e+00
2.842000000000000082e+00
2.452999999999999847e+00
2.717000000000000082e+00
2.630999999999999783e+00
2.604000000000000092e+00
2.652000000000000135e+00
2.616000000000000103e+00
1.760000000000000009e+00
2.548999999999999932e+00
2.814000000000000057e+00
2.733999999999999986e+00
2.938000000000000167e+00
2.854000000000000092e+00
2.568000000000000060e+00
2.616999999999999993e+00
2.798000000000000043e+00
2.620999999999999996e+00
2.645999999999999908e+00
2.593999999999999861e+00
2.499000000000000110e+00
2.839999999999999858e+00
2.924999999999999822e+00
2.575000000000000178e+00
2.513999999999999790e+00
2.716000000000000192e+00
2.559000000000000163e+00
2.786999999999999922e+00
3.145000000000000018e+00
2.807999999999999829e+00
2.911000000000000032e+00
2.238999999999999879e+00
2.802999999999999936e+00
2.750999999999999890e+00
2.596000000000000085e+00
2.543000000000000149e+00
2.725999999999999979e+00
2.475000000000000089e+00
2.580999999999999961e+00
2.544999999999999929e+00
2.396999999999999797e+00
2.504000000000000004e+00
2.237000000000000099e+00
2.665000000000000036e+00
2.958000000000000185e+00
2.842000000000000082e+00
2.616000000000000103e+00
2.666999999999999815e+00
2.242999999999999883e+00
2.527000000000000135e+00
2.726999999999999869e+00
2.967000000000000082e+00
3.176000000000000156e+00
2.531000000000000139e+00
2.620999999999999996e+00
2.206999999999999851e+00
2.815999999999999837e+00
2.661000000000000032e+00
2.569999999999999840e+00
2.620000000000000107e+00
2.875000000000000000e+00
2.423000000000000043e+00
2.705000000000000071e+00
2.954000000000000181e+00
2.696000000000000174e+00
2.858000000000000096e+00
2.982000000000000206e+00
2.661000000000000032e+00
2.701000000000000068e+00
2.431000000000000050e+00
2.987000000000000099e+00
2.904999999999999805e+00
2.601999999999999869e+00
2.148000000000000131e+00
2.728000000000000203e+00
2.584999999999999964e+00
2.736000000000000210e+00
2.729000000000000092e+00
2.916999999999999815e+00
2.658999999999999808e+00
2.346000000000000085e+00
2.278999999999999915e+00
2.302999999999999936e+00
2.884999999999999787e+00
2.669999999999999929e+00
2.458000000000000185e+00
2.653999999999999915e+00
2.762999999999999901e+00
2.567000000000000171e+00
2.545999999999999819e+00
2.625000000000000000e+00
2.766999999999999904e+00
2.524000000000000021e+00
2.233999999999999986e+00
2.625999999999999890e+00
2.716000000000000192e+00
2.716000000000000192e+00
2.305000000000000160e+00
2.842000000000000082e+00
2.915000000000000036e+00
2.693999999999999950e+00
2.532999999999999918e+00
2.577999999999999847e+00
2.621999999999999886e+00
2.577999999999999847e+00
2.685999999999999943e+00
2.346000000000000085e+00
2.619000000000000217e+00
2.866000000000000103e+00
2.640000000000000124e+00
2.975999999999999979e+00
2.669999999999999929e+00
2.661999999999999922e+00
2.297000000000000153e+00
2.605999999999999872e+00
2.955999999999999961e+00
2.766000000000000014e+00
2.077999999999999847e+00
2.645000000000000018e+00
2.520999999999999908e+00
2.866000000000000103e+00
2.907999999999999918e+00
2.587000000000000188e+00
2.543000000000000149e+00
2.499000000000000110e+00
2.419000000000000039e+00
2.101999999999999869e+00
2.666999999999999815e+00
2.532999999999999918e+00
2.841000000000000192e+00
2.415000000000000036e+00
2.544000000000000039e+00
3.201999999999999957e+00
2.665000000000000036e+00
2.975999999999999979e+00
3.108999999999999986e+00
2.513999999999999790e+00
3.108000000000000096e+00
2.576999999999999957e+00
2.633000000000000007e+00
2.463999999999999968e+00
2.888999999999999790e+00
2.866000000000000103e+00
2.842000000000000082e+00
2.386000000000000121e+00
2.790000000000000036e+00
2.649999999999999911e+00
2.628000000000000114e+00
2.858999999999999986e+00
2.865000000000000213e+00
2.833000000000000185e+00
2.721999999999999975e+00
2.495999999999999996e+00
2.532999999999999918e+00
2.620999999999999996e+00
2.536999999999999922e+00
3.076000000000000068e+00
2.423000000000000043e+00
2.564000000000000057e+00
2.771999999999999797e+00
2.697000000000000064e+00
2.697999999999999954e+00
2.940999999999999837e+00
2.842999999999999972e+00
2.827999999999999847e+00
3.041999999999999815e+00
2.620000000000000107e+00
2.790999999999999925e+00
2.404999999999999805e+00
2.767999999999999794e+00
2.778999999999999915e+00
2.762999999999999901e+00
2.736000000000000210e+00
2.626999999999999780e+00
2.702999999999999847e+00
2.894000000000000128e+00
2.831999999999999851e+00
2.584999999999999964e+00
2.529999999999999805e+00
2.604000000000000092e+00
2.875000000000000000e+00
2.524000000000000021e+00
2.879999999999999893e+00
2.903999999999999915e+00
2.736000000000000210e+00
2.483999999999999986e+00
2.725999999999999979e+00
2.443999999999999950e+00
2.674999999999999822e+00
2.839999999999999858e+00
2.605999999999999872e+00
2.870999999999999996e+00
2.714999999999999858e+00
2.978000000000000203e+00
2.930000000000000160e+00
2.919999999999999929e+00
2.638999999999999790e+00
2.579000000000000181e+00
2.834999999999999964e+00
2.495999999999999996e+00
2.584000000000000075e+00
2.700000000000000178e+00
2.697000000000000064e+00
2.646999999999999797e+00
2.351999999999999869e+00
2.682999999999999829e+00
2.520999999999999908e+00
2.439000000000000057e+00
2.419000000000000039e+00
2.987000000000000099e+00
2.625000000000000000e+00
2.751999999999999780e+00
2.077999999999999847e+00
2.741000000000000103e+00
2.705999999999999961e+00
2.767999999999999794e+00
2.750000000000000000e+00
2.447999999999999954e+00
2.810999999999999943e+00
2.782000000000000028e+00
3.031000000000000139e+00
2.946000000000000174e+00
3.076000000000000068e+00
2.769000000000000128e+00
2.974000000000000199e+00
3.217999999999999972e+00
2.686999999999999833e+00
2.419999999999999929e+00
2.661000000000000032e+00
2.863999999999999879e+00
2.757000000000000117e+00
2.565999999999999837e+00
2.740000000000000213e+00
2.803999999999999826e+00
2.797000000000000153e+00
2.474000000000000199e+00
2.633000000000000007e+00
2.918000000000000149e+00
2.361000000000000210e+00
2.678999999999999826e+00
2.887999999999999901e+00
2.543000000000000149e+00
2.899999999999999911e+00
2.568999999999999950e+00
2.935000000000000053e+00
2.769000000000000128e+00
2.902000000000000135e+00
2.898000000000000131e+00
2.987000000000000099e+00
2.842999999999999972e+00
2.721999999999999975e+00
2.805000000000000160e+00
2.991000000000000103e+00
2.911000000000000032e+00
2.745999999999999996e+00
2.435000000000000053e+00
2.588000000000000078e+00
2.666999999999999815e+00
1.973000000000000087e+00
2.742999999999999883e+00
3.067000000000000171e+00
2.494000000000000217e+00
2.656000000000000139e+00
2.700000000000000178e+00
2.927999999999999936e+00
3.063000000000000167e+00
2.725999999999999979e+00
3.008999999999999897e+00
2.940999999999999837e+00
3.080999999999999961e+00
2.633999999999999897e+00
2.487000000000000099e+00
3.077999999999999847e+00
2.947000000000000064e+00
2.781000000000000139e+00
2.460999999999999854e+00
2.680000000000000160e+00
3.269000000000000128e+00
2.492999999999999883e+00
2.548999999999999932e+00
2.633999999999999897e+00
3.004999999999999893e+00
3.096000000000000085e+00
2.717000000000000082e+00
2.396999999999999797e+00
2.597999999999999865e+00
2.750999999999999890e+00
3.028999999999999915e+00
2.649000000000000021e+00
2.552999999999999936e+00
2.549999999999999822e+00
2.725000000000000089e+00
2.676000000000000156e+00
3.028000000000000025e+00
2.750999999999999890e+00
2.398000000000000131e+00
2.842000000000000082e+00
2.641999999999999904e+00
2.491999999999999993e+00
2.801000000000000156e+00
2.419999999999999929e+00
2.900999999999999801e+00
3.031000000000000139e+00
2.415000000000000036e+00
2.693000000000000060e+00
2.341000000000000192e+00
2.564000000000000057e+00
2.787999999999999812e+00
2.629999999999999893e+00
2.237999999999999989e+00
2.513999999999999790e+00
2.795999999999999819e+00
2.436999999999999833e+00
3.282999999999999918e+00
2.483000000000000096e+00
1.760000000000000009e+00
2.758999999999999897e+00
2.971000000000000085e+00
3.056999999999999940e+00
2.567000000000000171e+00
2.657000000000000028e+00
2.491999999999999993e+00
2.553999999999999826e+00
1.973000000000000087e+00
2.790000000000000036e+00
2.777000000000000135e+00
2.483000000000000096e+00
2.918000000000000149e+00
2.882000000000000117e+00
2.830999999999999961e+00
2.684000000000000163e+00
2.717000000000000082e+00
2.950000000000000178e+00
2.725999999999999979e+00
2.858000000000000096e+00
2.762000000000000011e+00
2.507000000000000117e+00
2.682999999999999829e+00
2.814999999999999947e+00
2.556999999999999940e+00
2.525999999999999801e+00
2.607000000000000206e+00
2.495999999999999996e+00
2.463000000000000078e+00
3.088000000000000078e+00
2.249000000000000110e+00
2.616999999999999993e+00
2.423999999999999932e+00
2.395999999999999908e+00
2.499000000000000110e+00
2.733999999999999986e+00
3.016000000000000014e+00
2.626999999999999780e+00
2.817000000000000171e+00
3.108000000000000096e+00
2.799999999999999822e+00
2.746999999999999886e+00
2.357000000000000206e+00
2.693000000000000060e+00
2.700000000000000178e+00
2.709999999999999964e+00
3.009999999999999787e+00
2.621999999999999886e+00
2.809000000000000163e+00
2.722999999999999865e+00
2.544000000000000039e+00
2.822999999999999954e+00
2.561999999999999833e+00
2.919999999999999929e+00
3.020000000000000018e+00
2.923000000000000043e+00
2.592999999999999972e+00
2.991000000000000103e+00
2.778000000000000025e+00
2.608000000000000096e+00
3.169999999999999929e+00
2.634999999999999787e+00
2.825000000000000178e+00
2.448999999999999844e+00
2.943000000000000060e+00
2.899000000000000021e+00
2.564000000000000057e+00
2.725000000000000089e+00
3.009999999999999787e+00
3.190999999999999837e+00
2.688000000000000167e+00
2.511000000000000121e+00
2.555000000000000160e+00
2.653999999999999915e+00
2.637999999999999901e+00
2.402000000000000135e+00
