9.975816857499291146e+00
9.567683345899627767e+00
1.075037124972259761e+01
9.116609852935672720e+00
1.075850594589533138e+01
9.471316897770799770e+00
1.014386168043325043e+01
1.053788676019422610e+01
1.015024067699381227e+01
9.306271484874445221e+00
1.022598092997843011e+01
9.567683345899627767e+00
1.016745523401234053e+01
1.027481255877683175e+01
1.019757540718846656e+01
1.015870209357668941e+01
1.014950886237408056e+01
9.774923207144945891e+00
9.475368478431832386e+00
9.637712660935838116e+00
9.180080125074761455e+00
9.774923207144945891e+00
1.076314818445840160e+01
1.005111477753663785e+01
1.037495245507090580e+01
1.012743811683271566e+01
9.355383935899634906e+00
1.073691690659530451e+01
1.008609637660022074e+01
1.075037124972259761e+01
9.564538841798192692e+00
9.432771312431942334e+00
9.471316897770799770e+00
1.070004531271276171e+01
1.070472992550918079e+01
1.022598092997843011e+01
9.475368478431832386e+00
1.079948370074778730e+01
1.080392103082066591e+01
1.037018447817173339e+01
1.030519257661974919e+01
9.383658861406754426e+00
9.637712660935838116e+00
1.075037124972259761e+01
1.018720903415588985e+01
1.017040279081362542e+01
1.079948370074778730e+01
9.432771312431942334e+00
1.032393926351979729e+01
9.355383935899634906e+00
9.471316897770799770e+00
9.383658861406754426e+00
9.996030803830912248e+00
1.072325506871598044e+01
1.032393926351979729e+01
1.014386168043325043e+01
1.009108466664121728e+01
1.052056263893227239e+01
1.037495245507090580e+01
1.037014566396918802e+01
1.013342981691416789e+01
1.024232153220910924e+01
1.020062948226698474e+01
1.010022722856182753e+01
9.806517263653336869e+00
1.013368183264110733e+01
1.037549768768295522e+01
1.000899028499404331e+01
9.616795796924817452e+00
1.015024067699381227e+01
9.306271484874445221e+00
9.426256027406644478e+00
1.043221702813388596e+01
1.029420900728303678e+01
1.035660380230135580e+01
1.059408639329861401e+01
1.078602935762049420e+01
1.049452102010016574e+01
9.806517263653336869e+00
1.039749167395707197e+01
1.037495245507090580e+01
1.059706939049223706e+01
1.008140810313062019e+01
9.999308467497444397e+00
1.008724726843683506e+01
1.075850594589533138e+01
1.073691690659530451e+01
9.965482033888585889e+00
1.073498053836018151e+01
1.023432048511273962e+01
1.072325506871598044e+01
9.706077109545754311e+00
1.055612616080749433e+01
9.946110434912554865e+00
1.051592203730853292e+01
1.042699857731197000e+01
9.306271484874445221e+00
9.471316897770799770e+00
1.017656315902871000e+01
1.057430567308740876e+01
9.383658861406754426e+00
9.733782111545329130e+00
1.015432691104254026e+01
1.007883819388138313e+01
1.041297001932216659e+01
1.078091420968258696e+01
9.475368478431832386e+00
1.005744065171805168e+01
1.027510915113409062e+01
9.471316897770799770e+00
1.070004531271276171e+01
1.032462951436041898e+01
9.343688972302174989e+00
1.029577564523199484e+01
9.383658861406754426e+00
1.080833415647139084e+01
1.017874270300526263e+01
1.015024067699381227e+01
9.107225527031543422e+00
1.033580098245266576e+01
9.996592939932629207e+00
1.081272279033753492e+01
1.001369729010890808e+01
1.019085964548754220e+01
1.008919524799255640e+01
1.010812912531305763e+01
9.660822805508276545e+00
1.047550176856811710e+01
9.383658861406754426e+00
1.079948370074778730e+01
9.203003026913508577e+00
1.040825948246169652e+01
9.996513485092030749e+00
9.471316897770799770e+00
9.229192576099952916e+00
1.013381466685601318e+01
9.471316897770799770e+00
1.037495245507090580e+01
1.041660381335923091e+01
9.426256027406644478e+00
1.066252292608170293e+01
1.077049384349288275e+01
9.861316381122781749e+00
1.003751560454508329e+01
1.027590797241895615e+01
1.080392103082066591e+01
1.037788612628678209e+01
1.011388664652895386e+01
1.011762117889119672e+01
1.019935312801900373e+01
1.045815144945651909e+01
9.567667575769156940e+00
1.041848284897358390e+01
1.074445239486849424e+01
1.009425222984275727e+01
9.604632633333418212e+00
9.634241983462064951e+00
1.017513302459467894e+01
1.012042711188212962e+01
9.432771312431942334e+00
9.520429348795987678e+00
9.271304127780707560e+00
1.076797419403148304e+01
1.022598092997843011e+01
9.567667575769156940e+00
1.079053757678527603e+01
1.036375183383408149e+01
1.013635971946202652e+01
1.023432048511273962e+01
1.027173797254046939e+01
9.673069568827996179e+00
1.074591000258999252e+01
9.432771312431942334e+00
9.392801423327364674e+00
1.032769951537147790e+01
9.673069568827996179e+00
1.040708695287105279e+01
1.030814214946136431e+01
1.079053757678527603e+01
1.080392103082066591e+01
1.071403573343321369e+01
1.030070297236762045e+01
1.076776880486115751e+01
1.022598092997843011e+01
1.027509338100361980e+01
9.129639800321534437e+00
1.035025344698390448e+01
9.733782111545329130e+00
1.074915776373795140e+01
9.257423170248921807e+00
9.948383650032369019e+00
9.343688972302174989e+00
1.045714005788950551e+01
1.017874270300526263e+01
9.915736524458193202e+00
1.082142543326637352e+01
9.668946735498741063e+00
1.037788612628678209e+01
1.039749167395707197e+01
9.343688972302174989e+00
1.065228950582924128e+01
1.083002666070777664e+01
1.018893804183334062e+01
9.975209318003546599e+00
1.029747578022118226e+01
1.026656848453422910e+01
1.006280974113409776e+01
9.343688972302174989e+00
1.037495245507090580e+01
9.471316897770799770e+00
1.020992456271851800e+01
9.518555124743967255e+00
1.037281655052483487e+01
9.774923207144945891e+00
1.074591000258999252e+01
9.683354434487254636e+00
9.475368478431832386e+00
1.052421501854471586e+01
1.075922170544619938e+01
1.013566705154941516e+01
1.023432048511273962e+01
1.007259749998017639e+01
9.584262555661613447e+00
1.063199314159061970e+01
9.343688972302174989e+00
1.009262279467712808e+01
9.475368478431832386e+00
9.564538841798192692e+00
1.022598092997843011e+01
9.520429348795987678e+00
1.015024067699381227e+01
9.153890575888318892e+00
9.392801423327364674e+00
9.392801423327364674e+00
1.050226091569764009e+01
1.030395302947591318e+01
1.009293786337892129e+01
9.471316897770799770e+00
1.032584000404571789e+01
1.030519257661974919e+01
1.017425903932583786e+01
1.032422160215928031e+01
1.013635971946202652e+01
1.037391331149910556e+01
9.660822805508276545e+00
9.567667575769156940e+00
1.080833415647139084e+01
9.383658861406754426e+00
9.518555124743967255e+00
1.021360671270839227e+01
9.471316897770799770e+00
1.008310802881132773e+01
1.013635971946202652e+01
1.015024067699381227e+01
1.073972655728842795e+01
9.744772351740909500e+00
1.004848012018828562e+01
1.071403573343321369e+01
1.059200737116903568e+01
1.005612716224161218e+01
1.070004531271276171e+01
9.667526649836442942e+00
9.518555124743967255e+00
1.010969741635960872e+01
1.008193957612661329e+01
1.055341787343392213e+01
1.080392103082066591e+01
1.077694404173601583e+01
1.011738518876963866e+01
1.082142543326637352e+01
1.022932586623623408e+01
9.343688972302174989e+00
1.074915776373795140e+01
1.008715712734981906e+01
1.023432048511273962e+01
1.058832519024953100e+01
1.001369729010890808e+01
1.014769983304804413e+01
9.471316897770799770e+00
1.077236751974117013e+01
1.024886688727454853e+01
1.041660381335923091e+01
1.004666753555452630e+01
1.008489975870438471e+01
9.910428832147971434e+00
1.001369729010890808e+01
9.683354434487254636e+00
1.037495245507090580e+01
1.084919716066311324e+01
1.040462967706110753e+01
9.637712660935838116e+00
1.047990168472797023e+01
1.032584000404571789e+01
1.078602935762049420e+01
9.619834284473553154e+00
9.238684629678092008e+00
1.005768880055982883e+01
1.073238563245807597e+01
1.009755310451042654e+01
9.383658861406754426e+00
1.022241813316465198e+01
1.002784238404036188e+01
1.044962992029138427e+01
1.079053757678527603e+01
9.983029374603649586e+00
1.023480542878605526e+01
1.035025344698390448e+01
9.383658861406754426e+00
1.022125934510533796e+01
9.647892550429970626e+00
1.081272279033753492e+01
1.037990134855532176e+01
1.032462951436041898e+01
9.343688972302174989e+00
1.076250926023261556e+01
1.017874270300526263e+01
1.018166833254010406e+01
9.673069568827996179e+00
1.018279428366629524e+01
1.010022722856182753e+01
9.392801423327364674e+00
9.383658861406754426e+00
1.042043471535303567e+01
1.030519257661974919e+01
1.026259541061985914e+01
9.814651332266006278e+00
1.008724726843683506e+01
1.042878984084903848e+01
1.013635971946202652e+01
9.426256027406644478e+00
9.432771312431942334e+00
1.011762117889119672e+01
1.018279428366629524e+01
1.022598092997843011e+01
1.037646468998385707e+01
9.660822805508276545e+00
9.616795796924817452e+00
1.037990134855532176e+01
1.030519257661974919e+01
1.013368183264110733e+01
1.016197043153580992e+01
1.068110217442098708e+01
1.006280974113409776e+01
9.383658861406754426e+00
1.077236751974117013e+01
1.080833415647139084e+01
9.604632633333418212e+00
1.009108466664121728e+01
9.067497401910483035e+00
1.027509338100361980e+01
9.774923207144945891e+00
1.029390531560266986e+01
1.042832463928009190e+01
9.208310719223730345e+00
1.048223280169253968e+01
9.153890575888318892e+00
1.046858881857574275e+01
1.079053757678527603e+01
1.016673362991638641e+01
9.238684629678092008e+00
1.066668794538870202e+01
9.683354434487254636e+00
9.306271484874445221e+00
1.071865635383596782e+01
9.824035658170135576e+00
1.026772329938654238e+01
1.013979340485791170e+01
9.995222885937744550e+00
1.073498053836018151e+01
1.003925953427702211e+01
9.887505930309224311e+00
1.032422160215928031e+01
9.383658861406754426e+00
1.017874270300526263e+01
1.006556479007420712e+01
1.040681171650126480e+01
1.047511487069065339e+01
9.518555124743967255e+00
1.005612716224161218e+01
1.075037124972259761e+01
1.025840916079485154e+01
9.471316897770799770e+00
9.722182019853184087e+00
1.030549873412353890e+01
1.001369729010890808e+01
1.032584000404571789e+01
1.027510915113409062e+01
9.153890575888318892e+00
9.426256027406644478e+00
1.076797419403148304e+01
9.713005045138272564e+00
1.032054986894218018e+01
1.001369729010890808e+01
9.471316897770799770e+00
1.052984529139583181e+01
1.024232153220910924e+01
1.077694404173601583e+01
9.343688972302174989e+00
1.059777513454357845e+01
1.075037124972259761e+01
1.019813433272983261e+01
1.077694404173601583e+01
9.518555124743967255e+00
1.056047953175825960e+01
1.074915776373795140e+01
9.320416578805899022e+00
1.071580039641389170e+01
1.026259541061985914e+01
1.002883099791595178e+01
1.074142512576008635e+01
1.032422160215928031e+01
1.027510915113409062e+01
1.010735468592261910e+01
1.014313737639342250e+01
9.567667575769156940e+00
1.071865635383596782e+01
1.021435003478302050e+01
1.078091420968258696e+01
9.520429348795987678e+00
1.042699857731197000e+01
1.063704520471092074e+01
9.995222885937744550e+00
1.081272279033753492e+01
9.588600209910648431e+00
1.076776880486115751e+01
1.074591000258999252e+01
9.719572772077507139e+00
1.042302576252429702e+01
1.076314818445840160e+01
1.049822184588755647e+01
1.033110134793703594e+01
9.755189560570943996e+00
1.035025344698390448e+01
1.022598092997843011e+01
1.035053188940805313e+01
1.028167921441980326e+01
