-4.636976499078798719e-01
6.909363639081803621e-01
2.200519113870972043e-01
-1.172704623998061413e+00
-5.665080114576237502e-01
-4.374145560835514535e-01
-1.289744848289416379e-01
7.649168943142822252e-01
5.699234192498904561e-02
-4.747534609809846429e-01
1.529780536833783788e+00
-7.337415842677131872e-01
1.720185562677554625e+00
8.745904943144837684e-01
-1.548366552450331612e+00
2.491828739892407163e-01
4.539286268855555750e-01
5.078168346588101539e-02
3.759159788339739849e-01
-9.595867675045359757e-01
2.977145351253256966e-01
-3.505960234463743608e-01
4.214223032038363903e-01
5.108070196687373304e-02
7.297392463382241790e-01
-2.473721646736143920e-01
5.531181713862631799e-01
4.021466158708475458e-01
-5.607729835754612369e-01
-8.343348183332338630e-01
5.471727335728384656e-01
-3.028420323896945932e-01
-2.516904449802047083e-01
-8.016512298905499323e-01
2.173620443079411768e-01
-2.965809439852079010e-01
6.642345436194103669e-01
4.414867018285689726e-01
2.773455185336089202e-02
-2.972497363058719255e-01
-4.554366771228415267e-01
9.110941182591367205e-02
-9.972233050720678005e-01
1.877208225999604241e-01
6.193130705623892673e-01
-8.080717098111535046e-01
-7.604065159664298579e-02
-4.814632827260021952e-01
-2.890572847476147178e-01
1.210144824585800277e-01
-3.509031651484356001e-02
1.707600624582619464e-01
-3.706290158322824713e-01
-3.432111299603610721e+00
-1.094476435077504695e+00
3.536981117008441422e-01
6.377471736794233272e-03
6.327079902551807633e-01
2.977472142388948861e-01
-8.148480961734083650e-01
-4.648544472862342070e-01
1.840583088942254475e-01
-4.978775096545597911e-01
-3.729071007735649812e-01
-3.551087116010489542e-01
-1.005871798848125387e+00
2.109890757558560148e-01
1.035214156378892802e+00
-2.149556089710293050e-01
-6.240661342989762828e-01
4.235971485679302373e-01
-1.493219977072254012e-01
-3.452704027768780520e-02
1.489676819828239962e+00
1.003786164125027580e-01
3.332174245463643270e-01
-2.075611303944609354e+00
-2.216948065971255377e-02
3.061505181062696979e-01
-5.331581598829984170e-01
-1.018996372756432178e+00
-4.953161151639626225e-01
-9.478021038958883704e-01
-6.458758479903198291e-01
-5.088068237748533118e-01
-1.557217246333985505e+00
-1.193646746646191970e+00
-1.240007904173114239e+00
-6.507558614209679737e-01
5.658319772845571416e-01
-2.653486223817689421e-02
-1.195696129009350683e-01
-5.792776288045939914e-01
-1.865350049235624974e+00
-1.068966406457978691e+00
-2.915843203994815669e-01
1.256348162890123188e+00
1.879718005364504396e+00
-1.044076350077383308e+00
-9.821168407863591909e-01
-1.183113218321651283e+00
4.195960298925774379e-01
-4.052990609699793634e-01
-5.998317838411748593e-01
-6.529631101000038518e-01
5.337558244937068430e-02
-5.988412890561911617e-01
-1.033961654450709922e-01
8.183336927446093201e-01
2.586624992981692017e-01
4.534555790724120045e-02
1.037176789038249503e+00
2.238344912386411589e-01
-2.654941937259047147e-01
-5.187546510326970228e-01
4.393817375713193751e-01
6.781746922170599490e-01
-3.883992785909854417e-01
-1.184070749303553605e+00
-1.915879118157262362e-01
-4.858955385969159768e-01
-4.565287059224080179e-01
4.683339676647702704e-02
6.443224718133377937e-01
-2.764646335034230962e-01
-1.039489810386161839e+00
-9.766281693861812441e-01
-2.360489743178031841e+00
9.328109303996762192e-01
-6.755293605619987485e-01
-3.264748534542919467e-01
-6.716467845289737504e-01
1.838918687466702673e-01
-1.516372619837835500e-01
-7.018282254324176295e-02
-5.594670328581474728e-01
4.891785528231084035e-01
-1.096701684608555993e+00
-2.611201816466842018e+00
6.203632660144429295e-02
-6.040949374839085229e-01
-5.470510342145202820e-01
-1.558808103997940897e+00
4.596963634606220928e-01
5.758039551121231225e-01
-5.960023047183546918e-01
-1.062275660023155988e+00
-5.953398300050756209e-01
-3.172579632621648216e-01
-4.786493193150935799e-01
-5.627461860315308151e-01
-8.868918956906381990e-01
-6.606131257879285235e-01
4.497514091327628472e-02
-4.513176860448204764e-01
9.455199794397695090e-01
6.502382577557018484e-02
-3.264676931948276017e-01
-2.061918993513935927e+00
-5.331634943277234993e-03
1.088819980863158454e+00
6.075009701559065389e-01
-2.554158187122069101e+00
-4.774724261183843632e-01
-3.538191378686111332e-01
1.504566103533714998e-02
4.855841624147481106e-01
-4.216685681727139201e-01
-5.906119902502297014e-01
-7.269567094110818140e-01
-6.253261904053658560e-01
-2.468035755420110888e+00
1.888932125296614029e-01
-2.101895365155977136e-01
3.199213012906357290e-01
-6.357082462575878168e-01
-9.292670601128553143e-01
1.715373820884066758e+00
-6.868367272104172194e-01
4.022131666384918258e-01
9.500413794735612649e-01
-1.237394314875728041e+00
9.114213348083449739e-01
-7.602348941893533052e-01
-5.668679790638997407e-01
-2.634841497069299043e-01
3.066738408234620517e-01
5.614654571326962440e-01
-4.335706315395905508e-02
-5.783162928822338511e-01
3.219198779172249836e-01
1.886712566013594439e-01
-6.546589949564435296e-01
4.762081615032156545e-01
7.123830603314023069e-01
-1.221673393708370275e-01
1.903319458307842771e-01
-1.212968807676293226e+00
-7.021116815876425887e-01
9.635373567608011836e-02
-1.451701648912085529e+00
7.521764698300474894e-01
-1.210851945403765395e+00
-5.480348088976821908e-01
4.967683806011361468e-03
-2.598024160553559780e-01
-1.240397154507607153e-01
1.145472780485656816e+00
2.497600977864755101e-01
6.898472258552686975e-01
1.451994386097393175e+00
-1.312445098987996897e-02
2.321976526022778362e-02
-1.097062057063382889e+00
-3.016896092124372597e-01
3.417175226996869708e-01
4.736411682733229767e-01
-2.954371574908023490e-01
-7.960115163328217447e-01
-1.437938475536620353e-01
3.812738939173450636e-01
3.958159265651555736e-01
-1.400146633125319284e-01
-1.465964220494074377e+00
4.249738959413475181e-02
7.057982516300959075e-01
-2.883865491416371385e-01
6.894260567588077482e-01
6.360596681978402112e-01
3.582686015113272227e-01
-7.033798889465189275e-01
5.486312311673079423e-01
-4.846747200123485144e-01
2.388471545649540340e-01
1.550152313283078287e-01
-8.060814109567947527e-01
5.333452570950700800e-01
3.200263185466643012e-01
8.848901632754466728e-01
4.479677788225226998e-01
8.584313966295852305e-01
-5.810009812240068960e-01
-4.432083626913533858e-01
2.476086555029518854e-01
-4.172629413634835194e-01
-1.567765159374865103e-01
-5.782027449770323901e-01
3.151754224031763085e-01
7.279040109554585358e-02
-1.479388416823441910e+00
2.168136514112626589e-01
-7.823087026744185435e-01
-8.141440806497520777e-01
-8.734134885304177809e-01
4.839381366960555098e-01
-1.152621221871667212e-01
1.346134519311635025e-01
-2.519128487683363726e+00
-3.247000145590540066e-01
-9.732627307633380520e-02
-2.719033252987216320e-01
3.144044948093994152e-01
-5.489032876155132135e-01
2.879825682333125303e-01
1.429000809754476797e-01
1.080297611666571678e+00
2.934406549454097735e-01
7.866503529808720474e-01
1.207305669936356712e-01
3.835748287447044436e-01
2.362115567427754304e+00
3.072660571345626757e-01
-1.476722255669054906e+00
-2.675080815990264482e-01
2.955281237031693875e-01
-3.353374906048884885e-01
-6.361481050491420985e-01
-1.179435412269384115e-02
6.106085251688914139e-01
-2.172576316957252340e-01
-1.376031038516227989e+00
-7.801935877896948313e-01
7.510556956864496980e-01
-1.356059120507483895e+00
-8.270061251183564999e-02
7.350681406743528878e-01
-3.041577676051981372e-01
4.995211233181572896e-01
-1.152654423971209097e+00
7.236356976148772269e-01
3.374432873722598147e-01
4.872477162323432531e-01
5.299131673262704734e-01
4.538673270954066696e-01
5.552779694908398511e-01
4.841158655387732823e-01
2.201661631396209240e-01
5.032837474490283736e-01
8.830596424538054157e-01
4.739436647316131457e-01
-1.191897114199240271e+00
-5.566150552336481816e-01
-6.468594238809410868e-01
-2.877483400979108374e+00
1.170333179835980619e-01
1.559257539571204276e+00
-7.809895742465493562e-01
1.835427146907286089e-01
-2.777810153559527873e-01
7.839356635469463264e-01
7.153396124206965467e-01
-2.963789876015229807e-01
1.176141676912807910e+00
1.145472780485656816e+00
8.940635912856002010e-01
-4.857826805661933367e-01
-9.759467044007698044e-01
1.209606073978781282e+00
8.608863476474877263e-01
2.004859843338635539e-01
-4.326645696013399212e-01
2.604612249226401222e-01
1.915243782552540797e+00
-7.602024389991135500e-01
-5.892857147315354593e-01
-1.951643140781594010e-01
7.792378311081693543e-01
1.533151641419020050e+00
-6.653187569018778613e-02
-6.477649362674916533e-01
-3.061959048424667609e-02
3.766579255254843411e-02
1.228124003617025783e+00
-4.607131847280421244e-01
-1.123746642998508127e+00
-2.737433677654379505e-01
2.639785888655680202e-01
-5.394884997936628679e-01
7.333694766305995927e-01
4.500718911460566130e-02
-1.280462005867229136e+00
8.408396496241779278e-04
-3.597891676632721802e-01
-3.317531240477052945e-01
-2.031961612770374626e-01
-1.515153668585308422e+00
7.287344843078971124e-01
1.310352730519948938e+00
-3.751779290440456771e-01
-3.146445510978767013e-01
-1.349509478478773561e+00
-7.752136615173521594e-01
-2.790257316403679105e-02
2.072433543228185404e-01
-2.065092698664608317e+00
-1.240029506865206743e-01
-2.577852834480664004e-02
-1.448334873720680482e+00
1.571746989970080222e+00
-2.713713885128622438e-01
-3.395374446043308847e+00
2.857651757322162145e-01
1.269944156894994736e+00
7.542793288124969298e-01
-4.806407948471826952e-01
-5.284576488042779241e-01
-1.192563547996064344e+00
-6.707614692326763217e-01
-2.841402535189659240e+00
2.571400273102933953e-01
3.530660805330452234e-01
-1.222788745737085403e+00
1.043570102950883260e+00
5.769700061756073417e-01
5.101055548595746503e-01
-4.088545772611856810e-01
-3.326979209622092926e-01
1.069625777811047174e+00
2.148667687534061739e-04
1.266196946455726627e-02
-6.628299369109259473e-03
-3.386673032616434598e-01
5.499769841653328467e-02
1.638844178090169967e-01
-6.731798242342755811e-01
-1.049335687159119512e+00
-6.752016294708772515e-01
-1.797205048618413514e-01
-4.468704016316916716e-01
8.369513020650767299e-01
-1.656327370756221384e+00
-7.687846679056723476e-01
-1.211984242396973777e+00
-6.781790038703470191e-01
-1.517289070119733241e+00
-1.312217011179068471e-01
5.657013556780904340e-01
1.154079499214571564e-01
-4.718627250830938896e-02
9.227199725653818518e-01
2.344531198002700600e-01
-3.950627320025777434e-01
-8.241551334839418708e-01
-6.225284193652679265e-01
-5.397713320607788745e-01
3.955904268661615264e-01
5.834470091247440093e-01
-3.926319011050671270e-01
4.342186709623751528e-01
-4.552970712223267657e-01
-9.744042608926144489e-01
2.424672602644413477e-01
-6.495847197199686729e-01
6.901854898133148453e-01
1.278400627974667580e+00
2.658331097918694153e-01
-6.115507618821822700e-01
4.717674331992821601e-01
4.953301293872229283e-01
-7.922848056603450928e-01
1.732732279754545246e+00
-3.351179489808839285e-01
-1.448038212858674956e-01
-5.032420137844809682e-01
3.060753496102764371e-01
1.619255003962769557e-01
-3.119666221426400377e-01
-3.407696202436816812e-01
5.526975445332403813e-01
1.534225053908231606e+00
-3.397972538726913294e-01
-4.266290743474379088e-01
-6.188126399360154295e-01
-4.397445138730091685e-01
-5.413564264314989494e-01
-1.736928476892288575e+00
