2.365000000000000213e+00
2.516999999999999904e+00
3.056000000000000050e+00
2.931999999999999940e+00
2.916999999999999815e+00
2.520999999999999908e+00
2.483000000000000096e+00
2.496999999999999886e+00
2.700000000000000178e+00
3.004000000000000004e+00
2.853000000000000203e+00
2.742999999999999883e+00
2.145999999999999908e+00
2.821000000000000174e+00
2.334999999999999964e+00
2.891000000000000014e+00
2.906000000000000139e+00
2.430000000000000160e+00
2.641999999999999904e+00
2.418000000000000149e+00
2.415999999999999925e+00
2.392999999999999794e+00
3.128000000000000114e+00
2.424999999999999822e+00
2.892999999999999794e+00
2.960999999999999854e+00
2.661999999999999922e+00
3.161999999999999922e+00
2.887999999999999901e+00
2.737000000000000099e+00
2.278999999999999915e+00
2.559000000000000163e+00
2.887000000000000011e+00
2.737000000000000099e+00
2.775999999999999801e+00
2.483999999999999986e+00
2.355999999999999872e+00
3.016000000000000014e+00
2.946000000000000174e+00
2.967999999999999972e+00
2.435000000000000053e+00
2.503000000000000114e+00
2.544999999999999929e+00
2.775999999999999801e+00
2.498000000000000220e+00
2.403000000000000025e+00
2.793000000000000149e+00
2.995999999999999996e+00
2.613999999999999879e+00
2.263999999999999790e+00
3.059000000000000163e+00
3.052999999999999936e+00
2.811999999999999833e+00
2.599000000000000199e+00
2.350000000000000089e+00
2.584000000000000075e+00
2.851999999999999869e+00
3.040999999999999925e+00
2.775999999999999801e+00
3.047000000000000153e+00
2.775999999999999801e+00
2.680000000000000160e+00
2.721000000000000085e+00
2.315999999999999837e+00
2.822999999999999954e+00
2.870000000000000107e+00
2.281000000000000139e+00
2.888999999999999790e+00
2.692000000000000171e+00
2.322999999999999954e+00
2.821000000000000174e+00
3.023000000000000131e+00
2.415000000000000036e+00
2.912999999999999812e+00
2.540999999999999925e+00
2.998000000000000220e+00
3.201999999999999957e+00
2.754999999999999893e+00
2.536999999999999922e+00
3.192000000000000171e+00
3.640000000000000124e+00
2.403000000000000025e+00
2.922000000000000153e+00
2.532999999999999918e+00
3.145000000000000018e+00
2.728000000000000203e+00
3.440999999999999837e+00
2.196000000000000174e+00
3.438000000000000167e+00
2.811999999999999833e+00
2.886000000000000121e+00
2.609999999999999876e+00
2.847999999999999865e+00
2.440999999999999837e+00
2.802000000000000046e+00
2.838999999999999968e+00
2.503000000000000114e+00
2.759999999999999787e+00
2.984999999999999876e+00
2.665000000000000036e+00
2.302999999999999936e+00
2.366000000000000103e+00
2.495000000000000107e+00
2.210999999999999854e+00
2.181000000000000050e+00
3.583000000000000185e+00
2.730999999999999872e+00
2.337000000000000188e+00
2.294000000000000039e+00
2.543000000000000149e+00
2.906000000000000139e+00
2.520000000000000018e+00
2.682999999999999829e+00
2.638999999999999790e+00
2.611000000000000210e+00
3.358999999999999986e+00
2.710999999999999854e+00
2.423000000000000043e+00
2.161999999999999922e+00
2.882000000000000117e+00
2.680000000000000160e+00
2.750999999999999890e+00
2.658999999999999808e+00
2.980999999999999872e+00
2.851999999999999869e+00
1.897000000000000020e+00
2.326000000000000068e+00
2.289000000000000146e+00
2.395000000000000018e+00
2.814999999999999947e+00
2.524000000000000021e+00
2.880999999999999783e+00
2.850999999999999979e+00
2.374000000000000110e+00
2.634999999999999787e+00
2.811999999999999833e+00
3.008000000000000007e+00
2.560000000000000053e+00
2.087000000000000188e+00
2.450000000000000178e+00
2.954000000000000181e+00
3.427000000000000046e+00
2.587000000000000188e+00
2.661000000000000032e+00
3.008999999999999897e+00
2.916999999999999815e+00
2.849000000000000199e+00
2.944999999999999840e+00
2.620999999999999996e+00
2.399999999999999911e+00
2.365000000000000213e+00
3.116999999999999993e+00
3.083000000000000185e+00
3.524000000000000021e+00
1.844000000000000083e+00
2.834000000000000075e+00
2.475999999999999979e+00
2.553999999999999826e+00
2.427000000000000046e+00
2.620000000000000107e+00
3.096000000000000085e+00
2.769000000000000128e+00
2.982000000000000206e+00
2.927000000000000046e+00
3.013999999999999790e+00
3.524000000000000021e+00
3.168000000000000149e+00
3.063000000000000167e+00
2.564000000000000057e+00
2.774999999999999911e+00
2.165000000000000036e+00
3.130999999999999783e+00
2.959999999999999964e+00
2.942000000000000171e+00
2.604000000000000092e+00
2.229999999999999982e+00
2.537999999999999812e+00
2.733999999999999986e+00
3.438000000000000167e+00
2.587000000000000188e+00
2.883999999999999897e+00
2.845000000000000195e+00
3.116999999999999993e+00
2.761000000000000121e+00
3.269000000000000128e+00
2.778000000000000025e+00
2.492999999999999883e+00
3.040000000000000036e+00
2.793000000000000149e+00
2.904999999999999805e+00
2.532000000000000028e+00
2.451000000000000068e+00
2.395000000000000018e+00
2.439999999999999947e+00
2.902000000000000135e+00
3.301000000000000156e+00
2.817000000000000171e+00
2.527000000000000135e+00
2.626999999999999780e+00
2.750999999999999890e+00
2.806000000000000050e+00
3.040000000000000036e+00
2.318999999999999950e+00
2.689999999999999947e+00
2.571000000000000174e+00
2.607000000000000206e+00
3.117999999999999883e+00
2.605999999999999872e+00
2.693000000000000060e+00
2.233999999999999986e+00
2.673999999999999932e+00
2.786999999999999922e+00
2.742999999999999883e+00
2.470000000000000195e+00
3.032999999999999918e+00
2.450000000000000178e+00
2.475999999999999979e+00
2.938000000000000167e+00
2.567000000000000171e+00
3.020000000000000018e+00
2.944999999999999840e+00
2.790000000000000036e+00
2.156000000000000139e+00
2.637999999999999901e+00
2.942000000000000171e+00
2.483000000000000096e+00
2.920999999999999819e+00
3.060000000000000053e+00
2.797000000000000153e+00
2.713000000000000078e+00
2.672000000000000153e+00
2.524000000000000021e+00
2.580999999999999961e+00
2.576000000000000068e+00
2.693000000000000060e+00
2.491000000000000103e+00
2.694999999999999840e+00
2.450000000000000178e+00
2.588000000000000078e+00
2.334000000000000075e+00
2.830999999999999961e+00
2.895999999999999908e+00
2.357000000000000206e+00
2.626999999999999780e+00
2.490000000000000213e+00
2.748000000000000220e+00
3.233999999999999986e+00
2.781000000000000139e+00
2.537999999999999812e+00
2.157000000000000028e+00
2.931000000000000050e+00
2.685000000000000053e+00
2.987000000000000099e+00
2.823999999999999844e+00
2.693999999999999950e+00
2.766000000000000014e+00
2.741999999999999993e+00
2.982000000000000206e+00
2.579000000000000181e+00
2.403999999999999915e+00
3.032999999999999918e+00
2.940999999999999837e+00
2.692000000000000171e+00
2.658999999999999808e+00
2.572000000000000064e+00
2.335999999999999854e+00
3.129000000000000004e+00
3.040000000000000036e+00
2.750000000000000000e+00
3.128000000000000114e+00
2.734999999999999876e+00
2.499000000000000110e+00
2.875999999999999890e+00
3.145999999999999908e+00
2.854000000000000092e+00
2.730999999999999872e+00
2.375999999999999890e+00
3.055000000000000160e+00
2.790000000000000036e+00
2.955000000000000071e+00
2.623000000000000220e+00
2.785000000000000142e+00
2.253000000000000114e+00
2.463000000000000078e+00
2.314999999999999947e+00
2.858999999999999986e+00
2.878000000000000114e+00
2.410000000000000142e+00
2.685000000000000053e+00
3.150999999999999801e+00
2.842999999999999972e+00
3.168000000000000149e+00
2.847999999999999865e+00
2.693999999999999950e+00
2.701999999999999957e+00
2.523000000000000131e+00
2.391000000000000014e+00
2.919999999999999929e+00
2.322999999999999954e+00
2.896999999999999797e+00
2.741000000000000103e+00
3.027000000000000135e+00
2.443000000000000060e+00
2.742999999999999883e+00
2.823999999999999844e+00
2.585999999999999854e+00
2.396999999999999797e+00
2.854999999999999982e+00
3.092999999999999972e+00
2.560000000000000053e+00
2.886000000000000121e+00
2.871999999999999886e+00
2.673000000000000043e+00
2.927000000000000046e+00
2.810999999999999943e+00
2.744000000000000217e+00
2.611000000000000210e+00
2.516999999999999904e+00
2.826999999999999957e+00
3.153000000000000025e+00
3.072000000000000064e+00
2.967000000000000082e+00
2.781000000000000139e+00
2.071000000000000174e+00
3.039000000000000146e+00
2.440999999999999837e+00
2.685000000000000053e+00
2.491000000000000103e+00
2.342999999999999972e+00
2.271999999999999797e+00
2.842000000000000082e+00
2.819999999999999840e+00
2.669000000000000039e+00
2.404999999999999805e+00
2.626999999999999780e+00
2.920999999999999819e+00
3.144000000000000128e+00
2.874000000000000110e+00
2.876999999999999780e+00
2.507000000000000117e+00
3.016999999999999904e+00
2.886000000000000121e+00
2.589999999999999858e+00
2.649000000000000021e+00
2.987000000000000099e+00
2.875999999999999890e+00
2.636000000000000121e+00
2.633000000000000007e+00
2.725999999999999979e+00
3.149000000000000021e+00
2.495000000000000107e+00
2.428999999999999826e+00
2.741000000000000103e+00
2.652000000000000135e+00
3.136000000000000121e+00
2.370000000000000107e+00
3.028000000000000025e+00
3.049999999999999822e+00
2.960999999999999854e+00
2.948999999999999844e+00
2.599000000000000199e+00
2.492999999999999883e+00
2.767999999999999794e+00
2.908999999999999808e+00
2.628000000000000114e+00
2.664000000000000146e+00
2.630999999999999783e+00
2.596999999999999975e+00
2.742999999999999883e+00
3.001999999999999780e+00
2.924999999999999822e+00
2.996999999999999886e+00
2.706999999999999851e+00
2.911999999999999922e+00
2.535000000000000142e+00
2.728000000000000203e+00
2.766000000000000014e+00
2.508000000000000007e+00
2.960999999999999854e+00
2.906000000000000139e+00
2.677999999999999936e+00
2.649999999999999911e+00
2.350999999999999979e+00
2.712000000000000188e+00
2.785000000000000142e+00
2.270000000000000018e+00
2.499000000000000110e+00
2.833000000000000185e+00
2.982000000000000206e+00
3.337000000000000188e+00
2.317000000000000171e+00
2.013999999999999790e+00
2.532999999999999918e+00
2.845000000000000195e+00
3.169999999999999929e+00
2.563000000000000167e+00
3.071000000000000174e+00
2.770000000000000018e+00
2.932999999999999829e+00
3.103000000000000203e+00
2.645000000000000018e+00
2.637000000000000011e+00
2.713000000000000078e+00
2.694999999999999840e+00
3.233999999999999986e+00
2.696000000000000174e+00
2.734999999999999876e+00
2.854000000000000092e+00
2.423000000000000043e+00
2.720000000000000195e+00
2.716000000000000192e+00
2.783999999999999808e+00
2.474000000000000199e+00
2.713999999999999968e+00
2.454000000000000181e+00
3.186999999999999833e+00
3.027000000000000135e+00
2.919999999999999929e+00
2.396999999999999797e+00
2.926000000000000156e+00
2.775999999999999801e+00
2.716000000000000192e+00
2.617999999999999883e+00
2.899999999999999911e+00
3.153999999999999915e+00
3.025999999999999801e+00
3.001999999999999780e+00
2.923999999999999932e+00
2.734999999999999876e+00
2.430000000000000160e+00
2.419999999999999929e+00
2.115000000000000213e+00
2.974000000000000199e+00
2.813000000000000167e+00
2.267999999999999794e+00
2.552000000000000046e+00
