3.084999999999999964e+00
2.680000000000000160e+00
2.697999999999999954e+00
2.801000000000000156e+00
2.596999999999999975e+00
2.718999999999999861e+00
2.955999999999999961e+00
2.995999999999999996e+00
3.185000000000000053e+00
2.959000000000000075e+00
2.851999999999999869e+00
2.732000000000000206e+00
2.411999999999999922e+00
2.728000000000000203e+00
2.225000000000000089e+00
2.749000000000000110e+00
2.948999999999999844e+00
2.629999999999999893e+00
2.091000000000000192e+00
2.883999999999999897e+00
2.721000000000000085e+00
2.451000000000000068e+00
2.785000000000000142e+00
2.740000000000000213e+00
3.056999999999999940e+00
2.573999999999999844e+00
2.778999999999999915e+00
2.616999999999999993e+00
2.322000000000000064e+00
2.653000000000000025e+00
2.903999999999999915e+00
2.644000000000000128e+00
2.766000000000000014e+00
2.975000000000000089e+00
2.785000000000000142e+00
2.612999999999999989e+00
2.434000000000000163e+00
2.169999999999999929e+00
2.954000000000000181e+00
2.685999999999999943e+00
2.520999999999999908e+00
2.883999999999999897e+00
2.750999999999999890e+00
2.394000000000000128e+00
2.370999999999999996e+00
2.814999999999999947e+00
2.685999999999999943e+00
2.916999999999999815e+00
3.049999999999999822e+00
2.698999999999999844e+00
2.773000000000000131e+00
3.027000000000000135e+00
2.592000000000000082e+00
2.410000000000000142e+00
3.186999999999999833e+00
2.741999999999999993e+00
3.047000000000000153e+00
3.024000000000000021e+00
2.923999999999999932e+00
2.673999999999999932e+00
2.476999999999999869e+00
2.528000000000000025e+00
2.580000000000000071e+00
2.555000000000000160e+00
2.866000000000000103e+00
2.172000000000000153e+00
2.148000000000000131e+00
2.682999999999999829e+00
2.839999999999999858e+00
2.936999999999999833e+00
2.803999999999999826e+00
2.806000000000000050e+00
2.878000000000000114e+00
2.950000000000000178e+00
2.811999999999999833e+00
2.692000000000000171e+00
2.712000000000000188e+00
2.463999999999999968e+00
2.666999999999999815e+00
2.834999999999999964e+00
3.116999999999999993e+00
2.730999999999999872e+00
2.810999999999999943e+00
2.858000000000000096e+00
2.248000000000000220e+00
3.161999999999999922e+00
3.201999999999999957e+00
2.709000000000000075e+00
2.626999999999999780e+00
2.704000000000000181e+00
2.911999999999999922e+00
2.709000000000000075e+00
2.838999999999999968e+00
2.637999999999999901e+00
2.766000000000000014e+00
2.810999999999999943e+00
2.838999999999999968e+00
2.334999999999999964e+00
2.810999999999999943e+00
2.063000000000000167e+00
2.919000000000000039e+00
3.108000000000000096e+00
2.494000000000000217e+00
2.450000000000000178e+00
2.611000000000000210e+00
2.992999999999999883e+00
2.883999999999999897e+00
2.681000000000000050e+00
2.690999999999999837e+00
2.730999999999999872e+00
