9.627149695301122634e+00
1.051062092066162634e+01
1.199991392066980822e+01
1.005035539240876652e+01
1.215786753609528859e+01
1.036003312360583983e+01
9.813196299366831354e+00
1.056240382941600586e+01
1.040032002096005215e+01
1.011279424246828285e+01
1.071441842305932468e+01
1.051062092066162634e+01
9.843042166804083948e+00
1.025128649917265378e+01
1.013519135570822272e+01
1.007783073855136458e+01
1.006438378955822621e+01
1.007092385076525076e+01
1.055188935590550692e+01
9.932980267917400852e+00
9.934565000729563167e+00
1.007092385076525076e+01
1.216922843351533601e+01
1.044888437135061388e+01
1.113383801941551710e+01
1.003230195974309602e+01
1.037342119003625029e+01
1.196558633030574192e+01
9.973047603457825261e+00
1.199991392066980822e+01
9.819740399279712761e+00
1.048774791339926615e+01
1.036003312360583983e+01
1.187455655448495762e+01
1.188589220765042676e+01
1.071441842305932468e+01
1.055188935590550692e+01
1.226054086823777745e+01
1.227200491197439369e+01
1.012458036951481510e+01
1.062934678855891590e+01
1.022712096583129870e+01
9.932980267917400852e+00
1.199991392066980822e+01
1.011981920904509735e+01
9.907268380451547785e+00
1.226054086823777745e+01
1.048774791339926615e+01
1.005746194556763840e+01
1.037342119003625029e+01
1.036003312360583983e+01
1.022712096583129870e+01
9.654971830131584554e+00
1.193135998574387990e+01
1.005746194556763840e+01
9.813196299366831354e+00
1.050831637175575040e+01
1.035039296076487503e+01
1.113383801941551710e+01
1.039853844293961238e+01
1.004098246887526358e+01
1.013717959483316200e+01
1.013973021649679573e+01
1.070951131891858132e+01
1.031096525780353268e+01
1.057245781426198938e+01
1.040694734337255767e+01
9.667635693861395652e+00
1.077124786822959557e+01
1.040032002096005215e+01
1.011279424246828285e+01
1.029126240833753769e+01
1.049706637707623536e+01
1.009600184809495360e+01
1.019410114330567829e+01
1.059020782749533218e+01
1.222621327787371115e+01
1.049685218404670195e+01
1.031096525780353268e+01
1.077130739735625120e+01
1.113383801941551710e+01
1.046953014997906806e+01
9.776137948496950614e+00
9.659467625431911841e+00
1.031140655630968084e+01
1.215786753609528859e+01
1.196558633030574192e+01
1.015092408084923470e+01
1.210125502050765611e+01
1.071150557025762851e+01
1.193135998574387990e+01
9.861414844679019964e+00
1.052412501124935851e+01
1.029700740994279329e+01
1.045538557865197227e+01
1.121901843814869615e+01
1.011279424246828285e+01
1.036003312360583983e+01
9.854789710314662443e+00
1.061814351894035369e+01
1.022712096583129870e+01
1.008766974781436332e+01
9.826325410155288154e+00
9.962768835896676833e+00
1.028466266670661433e+01
1.208037333800797697e+01
1.055188935590550692e+01
9.713587791420208006e+00
1.079181632658607803e+01
1.036003312360583983e+01
1.187455655448495762e+01
1.024934206526675773e+01
1.016768896542616218e+01
1.009843889802369787e+01
1.022712096583129870e+01
1.228347936057153689e+01
1.064122852953029152e+01
1.040032002096005215e+01
9.838677827891270766e+00
1.016115279424299800e+01
9.655750914077342983e+00
1.229496400286094548e+01
1.039398964839273454e+01
1.012522659183602869e+01
9.977448027478555304e+00
1.053327632851890883e+01
9.788362106979995758e+00
1.028162224549657289e+01
1.022712096583129870e+01
1.226054086823777745e+01
1.015996626929110569e+01
1.036907205495819007e+01
9.849356972049077896e+00
1.036003312360583983e+01
1.019519194829753062e+01
9.800769022069360403e+00
1.036003312360583983e+01
1.113383801941551710e+01
1.019315065553659316e+01
1.029126240833753769e+01
1.057406218897341965e+01
1.108195572065848467e+01
1.018053472764758816e+01
9.713175143442846604e+00
1.025295262407172991e+01
1.227200491197439369e+01
1.095839149058072692e+01
1.001275255265519881e+01
1.035389638423971981e+01
1.066094696852801960e+01
1.025539863099316662e+01
1.069384996470284044e+01
1.029362499907222173e+01
1.212386078776713561e+01
9.753789520931690049e+00
9.697796395390870572e+00
9.745303170241070845e+00
1.010198002243222604e+01
9.784502038937647583e+00
1.048774791339926615e+01
1.062066007117380906e+01
1.006223564073867394e+01
1.204583168010638516e+01
1.071441842305932468e+01
1.069384996470284044e+01
1.223764484001917019e+01
1.038851339691493436e+01
1.057203350387764829e+01
1.071150557025762851e+01
1.076640029321550784e+01
9.808245384382340504e+00
1.198846049296198046e+01
1.048774791339926615e+01
1.042831591299412963e+01
1.025364794305131788e+01
9.808245384382340504e+00
1.045690780805027842e+01
1.011772215651229700e+01
1.223764484001917019e+01
1.227200491197439369e+01
1.190860148594736856e+01
1.002425797406241159e+01
1.218060163631027670e+01
1.071441842305932468e+01
1.097504537062729213e+01
9.867443982850035766e+00
1.069811750382721804e+01
1.008766974781436332e+01
1.213518350205292506e+01
1.023394912365627007e+01
9.590043914272133208e+00
1.016768896542616218e+01
1.053727094671496545e+01
1.064122852953029152e+01
1.025451758201275432e+01
1.231796302384349673e+01
9.982737059812770042e+00
1.095839149058072692e+01
1.077130739735625120e+01
1.016768896542616218e+01
1.055754997563319719e+01
1.234100028557594442e+01
9.935067628751998114e+00
9.626319514359687801e+00
1.001967672966253176e+01
1.023876545589233622e+01
1.065461659596070199e+01
1.016768896542616218e+01
1.113383801941551710e+01
1.036003312360583983e+01
1.009517716439539115e+01
1.043322301713487299e+01
1.040273285772616063e+01
1.007092385076525076e+01
1.198846049296198046e+01
1.000593011780903829e+01
1.055188935590550692e+01
1.064745000992696689e+01
1.202285241300356944e+01
1.004422930827276339e+01
1.071150557025762851e+01
9.763397214441097205e+00
9.849787900369612714e+00
1.052498912117292384e+01
1.016768896542616218e+01
9.751930666537282022e+00
1.055188935590550692e+01
9.819740399279712761e+00
1.071441842305932468e+01
1.062066007117380906e+01
1.040032002096005215e+01
9.899339321723136464e+00
1.042831591299412963e+01
1.042831591299412963e+01
1.032234254784353844e+01
1.002887936117507017e+01
9.792882748308489482e+00
1.036003312360583983e+01
1.087321107184754965e+01
1.062934678855891590e+01
9.851806691303178098e+00
1.105244327415404726e+01
1.057203350387764829e+01
1.013004685368903779e+01
9.788362106979995758e+00
1.069384996470284044e+01
1.228347936057153689e+01
1.022712096583129870e+01
1.043322301713487299e+01
9.972303102286172560e+00
1.036003312360583983e+01
9.968810836930256158e+00
1.057203350387764829e+01
1.040032002096005215e+01
1.211255122352929270e+01
1.010539000146997779e+01
9.704439164356392311e+00
1.190860148594736856e+01
1.058655755456502767e+01
9.712229614297800850e+00
1.187455655448495762e+01
1.085264261349106540e+01
1.043322301713487299e+01
1.000673328633912895e+01
1.049805064951248390e+01
1.040117443702946964e+01
1.227200491197439369e+01
1.220338411335178286e+01
9.828643125383131007e+00
1.231796302384349673e+01
9.924924837888598361e+00
1.016768896542616218e+01
1.213518350205292506e+01
9.974553085450530432e+00
1.071150557025762851e+01
1.063977738977589560e+01
1.039398964839273454e+01
9.873430985266448801e+00
1.036003312360583983e+01
1.219198693331184735e+01
9.951672084727691825e+00
1.019315065553659316e+01
9.917711981766688112e+00
9.781200440159565801e+00
1.044116167521555738e+01
1.039398964839273454e+01
1.000593011780903829e+01
1.113383801941551710e+01
1.123355179855114372e+01
1.036378102719528549e+01
9.932980267917400852e+00
1.028829443570617563e+01
1.087321107184754965e+01
1.222621327787371115e+01
9.722110112244800817e+00
1.001581200401834160e+01
1.046615531063938143e+01
1.195416601769385956e+01
9.757575357241902836e+00
1.022712096583129870e+01
9.985671071875469096e+00
1.060405799423109308e+01
1.024256886789815013e+01
1.223764484001917019e+01
9.637032796640394139e+00
9.932387316253151965e+00
1.069811750382721804e+01
1.022712096583129870e+01
9.913995479677637945e+00
9.767384268709520256e+00
1.229496400286094548e+01
1.032794668205062116e+01
1.024934206526675773e+01
1.016768896542616218e+01
1.089961048749476191e+01
1.064122852953029152e+01
1.011162498178797087e+01
9.808245384382340504e+00
1.083308476182995861e+01
1.070951131891858132e+01
1.042831591299412963e+01
1.022712096583129870e+01
1.047819125177407251e+01
1.062934678855891590e+01
1.056520534605267692e+01
1.011987323381572246e+01
1.031140655630968084e+01
1.021132769251245165e+01
1.057203350387764829e+01
1.029126240833753769e+01
1.048774791339926615e+01
1.035389638423971981e+01
1.083308476182995861e+01
1.071441842305932468e+01
1.032299691161184896e+01
9.788362106979995758e+00
1.077124786822959557e+01
1.032794668205062116e+01
1.062934678855891590e+01
1.057245781426198938e+01
1.008262271248630704e+01
1.182934544230252172e+01
1.065461659596070199e+01
1.022712096583129870e+01
1.219198693331184735e+01
1.228347936057153689e+01
9.697796395390870572e+00
1.050831637175575040e+01
9.789728444840799071e+00
1.097504537062729213e+01
1.007092385076525076e+01
1.028040912783039040e+01
1.049082161011714120e+01
9.973322176088302626e+00
1.057814282967676256e+01
9.899339321723136464e+00
1.055586918624025827e+01
1.223764484001917019e+01
1.061452333180768903e+01
1.001581200401834160e+01
1.179558109638048613e+01
1.000593011780903829e+01
1.011279424246828285e+01
1.191997468874230925e+01
1.033155079833321821e+01
1.017104899903998216e+01
9.808142576522458356e+00
1.055763435751076251e+01
1.210125502050765611e+01
9.907461350430873281e+00
1.021576040665401486e+01
1.105244327415404726e+01
1.022712096583129870e+01
1.064122852953029152e+01
9.722113772163606171e+00
1.045647003328828539e+01
1.056650792338322375e+01
1.043322301713487299e+01
9.712229614297800850e+00
1.199991392066980822e+01
1.022640443261193610e+01
1.036003312360583983e+01
1.006887233195030973e+01
1.011359333968126428e+01
1.039398964839273454e+01
1.087321107184754965e+01
1.079181632658607803e+01
9.899339321723136464e+00
1.029126240833753769e+01
1.204583168010638516e+01
1.000172441800084222e+01
1.005259547789770913e+01
1.039398964839273454e+01
1.036003312360583983e+01
1.036468416259424075e+01
1.013717959483316200e+01
1.220338411335178286e+01
1.016768896542616218e+01
1.065441705782781057e+01
1.199991392066980822e+01
9.883060100895891154e+00
1.220338411335178286e+01
1.043322301713487299e+01
1.059690547363390678e+01
1.213518350205292506e+01
1.032286258830664138e+01
1.205620804394845358e+01
1.056520534605267692e+01
9.685390128864366233e+00
1.197701789245120274e+01
1.105244327415404726e+01
1.079181632658607803e+01
9.813930346302829122e+00
1.005509254409720832e+01
1.069384996470284044e+01
1.191997468874230925e+01
1.016017582375446082e+01
1.208037333800797697e+01
1.062066007117380728e+01
1.121901843814869615e+01
1.053307086033981399e+01
1.055763435751076251e+01
1.229496400286094548e+01
9.672353320349431627e+00
1.218060163631027670e+01
1.198846049296197869e+01
1.093782303222424268e+01
1.039067380125700524e+01
1.216922843351533601e+01
1.042550817763946824e+01
1.033766369793508311e+01
1.012204179224698741e+01
1.069811750382721804e+01
1.071441842305932468e+01
1.036785611910988081e+01
9.997365607887154226e+00
