3.901400000000000091e+03
4.759000000000000000e+03
4.277000000000000000e+03
4.085000000000000000e+03
4.723199999999999818e+03
3.906300000000000182e+03
4.455600000000000364e+03
3.686599999999999909e+03
3.658699999999999818e+03
4.719699999999999818e+03
3.626199999999999818e+03
4.265300000000000182e+03
3.525800000000000182e+03
3.862199999999999818e+03
4.560199999999999818e+03
3.934900000000000091e+03
4.055900000000000091e+03
3.927900000000000091e+03
4.005199999999999818e+03
4.536500000000000000e+03
4.306899999999999636e+03
3.480900000000000091e+03
4.338899999999999636e+03
4.087599999999999909e+03
3.859099999999999909e+03
4.375500000000000000e+03
4.630100000000000364e+03
4.446100000000000364e+03
4.032699999999999818e+03
4.677500000000000000e+03
3.792599999999999909e+03
4.062500000000000000e+03
4.037599999999999909e+03
5.150300000000000182e+03
4.487100000000000364e+03
4.329899999999999636e+03
3.836599999999999909e+03
4.261899999999999636e+03
4.728000000000000000e+03
4.950800000000000182e+03
3.964699999999999818e+03
3.186699999999999818e+03
4.837000000000000000e+03
4.729199999999999818e+03
3.278500000000000000e+03
4.060099999999999909e+03
4.590300000000000182e+03
5.153399999999999636e+03
4.169899999999999636e+03
3.945199999999999818e+03
4.554699999999999818e+03
3.568099999999999909e+03
4.809899999999999636e+03
4.211100000000000364e+03
2.993800000000000182e+03
4.790000000000000000e+03
4.513699999999999818e+03
3.736599999999999909e+03
4.027000000000000000e+03
1.197500000000000000e+03
4.009400000000000091e+03
4.214800000000000182e+03
3.659699999999999818e+03
3.496400000000000091e+03
4.173899999999999636e+03
4.347699999999999818e+03
4.409500000000000000e+03
4.111899999999999636e+03
3.919699999999999818e+03
4.029900000000000091e+03
4.202199999999999818e+03
4.357600000000000364e+03
4.950800000000000182e+03
3.863800000000000182e+03
4.210899999999999636e+03
3.593000000000000000e+03
3.236000000000000000e+03
3.308500000000000000e+03
4.271699999999999818e+03
4.248500000000000000e+03
3.535599999999999909e+03
3.550500000000000000e+03
4.194000000000000000e+03
4.392800000000000182e+03
3.911800000000000182e+03
3.985800000000000182e+03
3.855500000000000000e+03
3.980699999999999818e+03
4.261199999999999818e+03
3.513599999999999909e+03
5.153899999999999636e+03
4.325300000000000182e+03
3.705599999999999909e+03
4.704899999999999636e+03
4.302399999999999636e+03
4.029400000000000091e+03
4.146399999999999636e+03
3.935800000000000182e+03
4.268699999999999818e+03
4.155100000000000364e+03
4.636199999999999818e+03
3.532900000000000091e+03
4.387600000000000364e+03
3.709900000000000091e+03
3.347800000000000182e+03
4.488699999999999818e+03
4.470500000000000000e+03
4.541000000000000000e+03
4.080300000000000182e+03
4.116800000000000182e+03
