1.032298714115175464e+01
1.035498390933464208e+01
1.011095135509800080e+01
1.051480788163024194e+01
1.040261096921607020e+01
1.033778022102994854e+01
1.050194786275833891e+01
1.079676512832361013e+01
1.037896739159210924e+01
1.030627611954306033e+01
1.065692090276520965e+01
1.035498390933464208e+01
1.050439562407871819e+01
1.060652025883264393e+01
1.059142863658614786e+01
1.058433801748883951e+01
1.058272008808925690e+01
1.058471460836517686e+01
1.056920608861067734e+01
1.030466258860251294e+01
1.028691625943971211e+01
1.058471460836517686e+01
1.039724725357412893e+01
1.062319304268513598e+01
1.091276508642917520e+01
1.057893280157174054e+01
1.054661978432397262e+01
1.012882553946093900e+01
1.057222800358096393e+01
1.011095135509800080e+01
1.020948227196708125e+01
1.056080857599964418e+01
1.033778022102994854e+01
1.017274723657575919e+01
1.016754833723428852e+01
1.065692090276520965e+01
1.056920608861067734e+01
1.035129501987891310e+01
1.034516243631975208e+01
1.053375754877634662e+01
1.040742704997335544e+01
1.032046491121873188e+01
1.030466258860251294e+01
1.011095135509800080e+01
1.058949944158615253e+01
1.035525596725376829e+01
1.035129501987891310e+01
1.056080857599964418e+01
1.052586969130597616e+01
1.054661978432397262e+01
1.033778022102994854e+01
1.032046491121873188e+01
1.032578414289054436e+01
1.014592591144027800e+01
1.052586969130597616e+01
1.050194786275833891e+01
1.063071530273457910e+01
1.056269372176647181e+01
1.091276508642917520e+01
1.062461598161818443e+01
1.057994716377456434e+01
1.074765483223147200e+01
1.059200215967636538e+01
1.086353670746604827e+01
1.082350872671788977e+01
1.063911281534561226e+01
1.062554198883054113e+01
1.048780490964003853e+01
1.059532757411555437e+01
1.037896739159210924e+01
1.030627611954306033e+01
1.032886242382976505e+01
1.063445135335919467e+01
1.037945043477027873e+01
1.039016516786848143e+01
1.040549691617397343e+01
1.036916920424185129e+01
1.078815496040314414e+01
1.082350872671788977e+01
1.042523513739295282e+01
1.091276508642917520e+01
1.057667643854296635e+01
1.033910967371191170e+01
1.048556367035064696e+01
1.036935001243196375e+01
1.040261096921607020e+01
1.012882553946093900e+01
1.035480860892903721e+01
1.042820029248666103e+01
1.062518441046756301e+01
1.014592591144027800e+01
1.022487633694494669e+01
1.040666726783863183e+01
1.060551042950998024e+01
1.040617221605520726e+01
1.091827654478607812e+01
1.030627611954306033e+01
1.033778022102994854e+01
1.050539731956292755e+01
1.080393671823848933e+01
1.032046491121873188e+01
1.043586443561147448e+01
1.050300780885559782e+01
1.057110612940815386e+01
1.039801753944904839e+01
1.006615233112222541e+01
1.056920608861067734e+01
1.049418177575213562e+01
1.066523430085048929e+01
1.033778022102994854e+01
1.017274723657575919e+01
1.075865067658935281e+01
1.031294265116928877e+01
1.037973964379071923e+01
1.032046491121873188e+01
1.033894167606624315e+01
1.064803061254579575e+01
1.037896739159210924e+01
1.027831651912101485e+01
1.038679511850754267e+01
1.032586400349854117e+01
1.033263218973323561e+01
1.061652651105890754e+01
1.059017571900527699e+01
1.057271215938192555e+01
1.060582455036421479e+01
1.016257484701088742e+01
1.055377592456628832e+01
1.032046491121873188e+01
1.035129501987891310e+01
1.052393377133752850e+01
1.077216321314448244e+01
1.055965234175709355e+01
1.033778022102994854e+01
1.052725992422062440e+01
1.050096736435009248e+01
1.033778022102994854e+01
1.091276508642917520e+01
1.054226281726763403e+01
1.032886242382976505e+01
1.058643215874397114e+01
1.062799528856697151e+01
1.059384049807246342e+01
1.033196718756813226e+01
1.060673843418229012e+01
1.034516243631975208e+01
1.067793288000516583e+01
1.057667758017921855e+01
1.037382466413772342e+01
1.061931105637302153e+01
1.055032416600595369e+01
1.058701417603027295e+01
1.039867187389379311e+01
1.041820821662563645e+01
1.049739884867495476e+01
1.008580020134628619e+01
1.012601063425857895e+01
1.058728681223433910e+01
1.049971325158391267e+01
1.056080857599964418e+01
1.057812388581086083e+01
1.030040276544851885e+01
1.008588976315466290e+01
1.065692090276520965e+01
1.058701417603027295e+01
1.036329785445480844e+01
1.062349312863705464e+01
1.060969367721287604e+01
1.062518441046756301e+01
1.063185094209379145e+01
1.017949834933559394e+01
1.011699631134796817e+01
1.056080857599964418e+01
1.055328631595020106e+01
1.075910750611179800e+01
1.017949834933559394e+01
1.063072276244098369e+01
1.038199079641146305e+01
1.036329785445480844e+01
1.034516243631975208e+01
1.015690358879321664e+01
1.052214695777264808e+01
1.039180030570421920e+01
1.065692090276520965e+01
1.089726456754612016e+01
1.028074437674756325e+01
1.041634484717353892e+01
1.043586443561147448e+01
1.041309090135667148e+01
1.053112905106928565e+01
1.031943080366109555e+01
1.031294265116928877e+01
1.063775613399141307e+01
1.064803061254579575e+01
1.060103577780422057e+01
1.031974484128810587e+01
1.034670660580505164e+01
1.067793288000516583e+01
1.042523513739295282e+01
1.031294265116928877e+01
1.058507934216142132e+01
1.030649599590313770e+01
1.035886913905206441e+01
1.032290535797510955e+01
1.052164336294779901e+01
1.060487692172331542e+01
1.085687017583981984e+01
1.031294265116928877e+01
1.091276508642917520e+01
1.033778022102994854e+01
1.074402882883195254e+01
1.034667051124936243e+01
1.062507971615022484e+01
1.058471460836517686e+01
1.011699631134796817e+01
1.036635429903949124e+01
1.056920608861067734e+01
1.064437456655015524e+01
1.009859801128533086e+01
1.058032857989473108e+01
1.062518441046756301e+01
1.033762920892874249e+01
1.023467261491328095e+01
1.058219680245016470e+01
1.031294265116928877e+01
1.049725880264889000e+01
1.056920608861067734e+01
1.020948227196708125e+01
1.065692090276520965e+01
1.057812388581086083e+01
1.037896739159210924e+01
1.028359010655661621e+01
1.055328631595020106e+01
1.055328631595020106e+01
1.055909913815550283e+01
1.052265748355854846e+01
1.034108104558907826e+01
1.033778022102994854e+01
1.067242142164826291e+01
1.040742704997335544e+01
1.050514087781270334e+01
1.090557796563140158e+01
1.060969367721287604e+01
1.053441982947051514e+01
1.016257484701088742e+01
1.058701417603027295e+01
1.033894167606624315e+01
1.032046491121873188e+01
1.034667051124936243e+01
1.036376570705926525e+01
1.033778022102994854e+01
1.057176403819383026e+01
1.060969367721287604e+01
1.037896739159210924e+01
1.042324449720724822e+01
1.045098926768011616e+01
1.049331465878737291e+01
1.015690358879321664e+01
1.040560500996300597e+01
1.049405862652355381e+01
1.017274723657575919e+01
1.060251469491332799e+01
1.034667051124936243e+01
1.057599154690510623e+01
1.060249839748111889e+01
1.056895250156966704e+01
1.034516243631975208e+01
1.038065451573988618e+01
1.034538437544049749e+01
1.031974484128810587e+01
1.051182976017623538e+01
1.031294265116928877e+01
1.041309090135667148e+01
1.057239338491978486e+01
1.062518441046756301e+01
1.080662756904142974e+01
1.061652651105890754e+01
1.035094202922199180e+01
1.033778022102994854e+01
1.038626957622119029e+01
1.051447741492586729e+01
1.054226281726763403e+01
1.056634461378226142e+01
1.033970264974541209e+01
1.083418416285337571e+01
1.061652651105890754e+01
1.036635429903949124e+01
1.091276508642917520e+01
1.060367543637821441e+01
1.077153328506049590e+01
1.030466258860251294e+01
1.055465328462356922e+01
1.067242142164826291e+01
1.036916920424185129e+01
1.010636294102413935e+01
1.029526003799413303e+01
1.059965266767206593e+01
1.013461091009424742e+01
1.049768347037844585e+01
1.032046491121873188e+01
1.036552260010584092e+01
1.085099682174527835e+01
1.054864058711921260e+01
1.036329785445480844e+01
1.032396830391696874e+01
1.051255814600019356e+01
1.041634484717353892e+01
1.032046491121873188e+01
1.051077774811048648e+01
1.014474677245302026e+01
1.033263218973323561e+01
1.076734237533153404e+01
1.075865067658935281e+01
1.031294265116928877e+01
1.037640659273439070e+01
1.064803061254579575e+01
1.058847955088255688e+01
1.017949834933559394e+01
1.087945648012652455e+01
1.086353670746604827e+01
1.055328631595020106e+01
1.032046491121873188e+01
1.063275001852020196e+01
1.040742704997335544e+01
1.039902953736232227e+01
1.058856691063686206e+01
1.036935001243196375e+01
1.054458589547085978e+01
1.060969367721287604e+01
1.032886242382976505e+01
1.056080857599964418e+01
1.037382466413772342e+01
1.087945648012652455e+01
1.065692090276520965e+01
1.076677415002512106e+01
1.016257484701088742e+01
1.059532757411555437e+01
1.076734237533153404e+01
1.040742704997335544e+01
1.063911281534561226e+01
1.058491879380218492e+01
1.019273248706811330e+01
1.085687017583981984e+01
1.032046491121873188e+01
1.038626957622119029e+01
1.033894167606624315e+01
1.008580020134628619e+01
1.063071530273457910e+01
1.027446421684932965e+01
1.089726456754612016e+01
1.058471460836517686e+01
1.061030866414781570e+01
1.063389875902970338e+01
1.029078538628837336e+01
1.064064431246649711e+01
1.028359010655661621e+01
1.063913112212416046e+01
1.036329785445480844e+01
1.061416832891863571e+01
1.029526003799413303e+01
1.020688594350446898e+01
1.036635429903949124e+01
1.030627611954306033e+01
1.015145664092330691e+01
1.082505827314608915e+01
1.075078130977796675e+01
1.050154656752859950e+01
1.084585409429089253e+01
1.042820029248666103e+01
1.056529861283112837e+01
1.059716665095555932e+01
1.090557796563140158e+01
1.032046491121873188e+01
1.064803061254579575e+01
1.049492129089003711e+01
1.063067988924593088e+01
1.063987229191162598e+01
1.034667051124936243e+01
1.049405862652355381e+01
1.011095135509800080e+01
1.060325033551639429e+01
1.033778022102994854e+01
1.041984201411650623e+01
1.038151450906184081e+01
1.061652651105890754e+01
1.067242142164826291e+01
1.066523430085048929e+01
1.028359010655661621e+01
1.032886242382976505e+01
1.008588976315466290e+01
1.057927223078460877e+01
1.052531626618504212e+01
1.061652651105890754e+01
1.033778022102994854e+01
1.056449156069372286e+01
1.074765483223147200e+01
1.038065451573988618e+01
1.031294265116928877e+01
1.080841002216653912e+01
1.011095135509800080e+01
1.050789802911393700e+01
1.038065451573988618e+01
1.034667051124936243e+01
1.080123844734090000e+01
1.041309090135667148e+01
1.054074643022943114e+01
1.044722960828538127e+01
1.039902953736232227e+01
1.049106169930719901e+01
1.012295418967389615e+01
1.090557796563140158e+01
1.066523430085048929e+01
1.034359888138162020e+01
1.058161253398623458e+01
1.058701417603027295e+01
1.015145664092330691e+01
1.059460712631064183e+01
1.006615233112222541e+01
1.057812388581086083e+01
1.091827654478607812e+01
1.058293817723336439e+01
1.084585409429089253e+01
1.033263218973323561e+01
1.006431892382160065e+01
1.039180030570421920e+01
1.011699631134796817e+01
1.060802615327023091e+01
1.077476349425142743e+01
1.039724725357412893e+01
1.040543554122902492e+01
1.061750982669961374e+01
1.046522000172585898e+01
1.041634484717353892e+01
1.065692090276520965e+01
1.062111784115802671e+01
1.051922716395814206e+01
