6.619992826642473460e-02
3.607909946956766589e-01
2.740529294511606651e-01
3.850170247626216735e-02
3.030464173494227254e-01
3.123841211646780636e-01
1.689360643282551422e-01
5.020005938680807134e-01
6.217115353939668410e-01
2.130623319928641735e-01
3.145893222310292003e-01
3.607909946956766589e-01
1.970917930135218654e-01
2.985557838846961687e-01
2.532468833865770819e-01
2.278665236968677732e-01
2.215700041762396211e-01
-3.946851103791537696e-02
3.438615180350605982e-01
-8.542576221985065388e-02
1.106422596712821615e-01
-3.946851103791537696e-02
3.060021220379969265e-01
2.162281888492021409e-01
4.187619500644927939e-01
2.059517173730895934e-01
2.689790467310366751e-01
2.649969979657633701e-01
1.745906809974950846e-01
2.740529294511606651e-01
-1.488902957099718094e-01
3.191717922031305221e-01
3.123841211646780636e-01
2.412443459437376703e-01
2.441827055231762245e-01
3.145893222310292003e-01
3.438615180350605982e-01
3.299696441893331667e-01
3.330068714166678490e-01
3.739608008285291163e-01
7.220134777162350304e-01
2.632550774649580205e-01
-8.542576221985065388e-02
2.740529294511606651e-01
2.466665811125423602e-01
2.108374199913072289e-01
3.299696441893331667e-01
3.191717922031305221e-01
3.409766516458638819e-01
2.689790467310366751e-01
3.123841211646780636e-01
2.632550774649580205e-01
8.445217091914081209e-02
2.560232198459715391e-01
3.409766516458638819e-01
1.689360643282551422e-01
2.412015786889529778e-01
4.631682662783234150e-01
4.187619500644927939e-01
3.481249967823281111e-01
2.102641414837265188e-01
2.812827102685826475e-01
2.551607420285435524e-01
2.721449035873728661e-01
-8.709037490373106039e-03
2.658913045208812775e-01
3.507702211247654134e-01
-6.249536943935218858e-02
4.167077094338491605e-01
6.217115353939668410e-01
2.130623319928641735e-01
2.879448032968863203e-01
3.781766374020669730e-01
2.787631330981543698e-01
3.095860719614549339e-01
4.190689299771843679e-01
3.209137127039358717e-01
4.773931387188099507e-01
-8.709037490373106039e-03
7.707114954263829532e-01
4.187619500644927939e-01
5.019246475925207562e-01
1.522604471050712505e-01
-8.631468106204920332e-02
5.704556488264920233e-01
3.030464173494227254e-01
2.649969979657633701e-01
4.420234416223163265e-01
2.883971060766672423e-01
7.030477211503853852e-01
2.560232198459715391e-01
-4.076001411618079828e-02
4.018544663980385678e-01
1.400156262011442720e-01
3.836206660110939026e-01
4.428993470608695304e-01
2.130623319928641735e-01
3.123841211646780636e-01
2.073628230138933048e-01
5.215178222959906407e-01
2.632550774649580205e-01
-5.148601100822602916e-03
1.817155386983593246e-01
1.687716124152842667e-01
3.363196596894244550e-01
2.955135521616547578e-01
3.438615180350605982e-01
3.929259860803746562e-02
3.387374959196716162e-01
3.123841211646780636e-01
2.412443459437376703e-01
3.585075667268924349e-01
2.382816876252071836e-01
2.795575715730986843e-01
2.632550774649580205e-01
3.360535071632249071e-01
2.903306223886730209e-01
6.217115353939668410e-01
3.349123453540769901e-02
2.994797328745590903e-01
8.494601961295700221e-02
3.391096215208744269e-01
1.910088332168591307e-01
2.489988900581234788e-01
1.770450050981970946e-01
6.006276488288015969e-01
-8.175951226325395282e-02
4.387289484105316717e-01
2.632550774649580205e-01
3.299696441893331667e-01
1.407975459144203967e-01
4.222948891319937559e-01
9.468084170620194584e-02
3.123841211646780636e-01
1.665589744094528868e-01
1.561936768843743550e-01
3.123841211646780636e-01
4.187619500644927939e-01
4.040823169638407819e-01
2.879448032968863203e-01
5.332719271996531063e-01
5.336018567368494558e-01
6.282733240024285237e-02
1.190963248480656489e-01
2.991581908396998557e-01
3.330068714166678490e-01
3.869826323226970288e-01
1.959894144622360557e-01
5.961377993964980249e-01
6.776282501321393426e-01
4.288869476370287259e-01
3.925595357452085210e-01
3.388929794748403168e-01
2.942312685192334243e-01
1.007130189031961720e-01
-1.280607587035298423e-01
-1.037791457608143730e-01
2.388321486555646800e-01
1.384275528957861212e-01
3.191717922031305221e-01
3.683008359028487888e-01
1.876428609746181309e-01
2.862585698433122161e-01
3.145893222310292003e-01
3.925595357452085210e-01
3.239231349248381520e-01
3.449492989735993831e-01
6.263723635646627486e-01
7.030477211503853852e-01
7.282670767827266189e-01
-7.130526831520178632e-02
2.710250406511747201e-01
3.191717922031305221e-01
2.941984023633779088e-01
3.610746369945765366e-01
-7.130526831520178632e-02
3.661635402051288679e-01
2.857874507199476000e-01
3.239231349248381520e-01
3.330068714166678490e-01
2.500854072998262012e-01
3.230983418612609626e-01
3.089666044189467442e-01
3.145893222310292003e-01
3.705060369692034783e-01
5.914853932872965459e-02
7.464527955840267737e-01
-5.148601100822602916e-03
2.971610606819101719e-01
1.923036891453140385e-01
3.975073595633560330e-02
2.382816876252071836e-01
3.899238977586527710e-01
2.903306223886730209e-01
1.143334756311382705e-01
3.452505664369347471e-01
-5.966195616511527078e-02
3.869826323226970288e-01
7.707114954263829532e-01
2.382816876252071836e-01
5.284506325272211313e-01
3.514302668998272594e-01
2.218293782657116964e-01
6.563590215428227737e-02
3.205388606136558849e-01
2.939914606860014601e-01
2.469255479550316323e-01
2.382816876252071836e-01
4.187619500644927939e-01
3.123841211646780636e-01
2.453153555620346538e-01
3.366428210070342431e-01
3.494465298555766708e-01
-3.946851103791537696e-02
2.710250406511747201e-01
-4.786243102264364779e-02
3.438615180350605982e-01
4.209367307118068169e-01
2.801367924250524055e-01
2.118602593739318252e-01
7.030477211503853852e-01
1.458598786588574114e-01
-1.312393776736566764e-01
5.188085180507648886e-01
2.382816876252071836e-01
9.821877639274134708e-02
3.438615180350605982e-01
-1.488902957099718094e-01
3.145893222310292003e-01
3.683008359028487888e-01
6.217115353939668410e-01
8.488083117624789509e-02
2.941984023633779088e-01
2.941984023633779088e-01
4.534181384390763014e-01
3.256565555615136276e-01
1.604562664341298017e-01
3.123841211646780636e-01
3.628452353263220687e-01
7.220134777162350304e-01
2.047937573063620675e-01
3.946542106578441178e-01
6.263723635646627486e-01
3.764840349963378685e-01
-8.175951226325395282e-02
3.925595357452085210e-01
3.360535071632249071e-01
2.632550774649580205e-01
3.366428210070342431e-01
2.359244861890257283e-01
3.123841211646780636e-01
1.722069325864534761e-01
6.263723635646627486e-01
6.217115353939668410e-01
2.913099736814412921e-01
4.994127700024719729e-03
2.249725165010652006e-02
2.500854072998262012e-01
4.181249670608266911e-01
3.688129343048984765e-02
2.412443459437376703e-01
4.408154488404978366e-01
3.366428210070342431e-01
1.928491553476820997e-01
5.748662203337691068e-01
4.801641505942768617e-01
3.330068714166678490e-01
3.149221826254606782e-01
1.771974605972648220e-01
3.452505664369347471e-01
2.614264047849275130e-01
2.382816876252071836e-01
2.971610606819101719e-01
1.754328050122317961e-01
7.030477211503853852e-01
5.288062099716732689e-01
1.910088332168591307e-01
1.968502097908082504e-01
3.123841211646780636e-01
3.119399345841440407e-01
2.794521881439404609e-01
4.040823169638407819e-01
1.417063387619919013e-01
1.547636565296937050e-01
1.187440471384153540e-01
1.910088332168591307e-01
-4.786243102264364779e-02
4.187619500644927939e-01
5.713793773131641274e-01
4.197631918446820265e-01
-8.542576221985065388e-02
4.411830056268009059e-01
3.628452353263220687e-01
3.209137127039358717e-01
-1.155786709032859960e-01
1.620691249771493148e-01
5.491339284862508663e-01
2.619967038965942407e-01
1.057096223877849184e-01
2.632550774649580205e-01
2.408285482884195972e-01
2.215060769367855897e-01
4.239495028190134462e-01
3.239231349248381520e-01
7.282540397399017706e-02
2.665781520458470055e-01
7.464527955840267737e-01
2.632550774649580205e-01
2.536976449876249262e-01
-9.254511547963062412e-02
3.391096215208744269e-01
4.019878461482324639e-01
3.585075667268924349e-01
2.382816876252071836e-01
4.972201812547680788e-01
2.903306223886730209e-01
2.430949893252787319e-01
-7.130526831520178632e-02
3.218080192590555555e-01
2.721449035873728661e-01
2.941984023633779088e-01
2.632550774649580205e-01
3.725672711816567784e-01
7.220134777162350304e-01
6.973237518843067306e-01
1.143773575940265630e-02
5.704556488264920233e-01
4.115542587918845641e-01
6.263723635646627486e-01
2.879448032968863203e-01
3.191717922031305221e-01
5.961377993964980249e-01
3.218080192590555555e-01
3.145893222310292003e-01
3.994414234414378484e-01
-8.175951226325395282e-02
4.167077094338491605e-01
4.019878461482324639e-01
7.220134777162350304e-01
2.658913045208812775e-01
2.300767107658749921e-01
2.295758808748669111e-01
2.469255479550316323e-01
2.632550774649580205e-01
3.119399345841440407e-01
3.360535071632249071e-01
-1.280607587035298423e-01
2.412015786889529778e-01
-1.741501226191033425e-02
3.705060369692034783e-01
-3.946851103791537696e-02
3.089272352251590803e-01
3.763277979857608813e-01
1.363869744071433132e-01
4.016135241909317699e-01
8.488083117624789509e-02
3.952728000989154111e-01
3.239231349248381520e-01
6.520545141346705265e-01
1.620691249771493148e-01
2.209117914121350168e-01
-4.786243102264364779e-02
2.130623319928641735e-01
2.530498896807742426e-01
1.644820370025712464e-02
3.070379861534124899e-01
1.638343379667102084e-01
1.959323409393167736e-01
2.883971060766672423e-01
1.351564237440197047e-01
8.858876089527711883e-02
3.946542106578441178e-01
2.632550774649580205e-01
2.903306223886730209e-01
5.384004657121366222e-02
3.660309094987557188e-01
3.983099749535021772e-01
3.366428210070342431e-01
3.688129343048984765e-02
2.740529294511606651e-01
2.894186165880370254e-01
3.123841211646780636e-01
-1.538855357702928472e-02
2.844617626480427930e-01
1.910088332168591307e-01
3.628452353263220687e-01
3.387374959196716162e-01
8.488083117624789509e-02
2.879448032968863203e-01
2.862585698433122161e-01
-1.383637420881047575e-01
3.384270060882634823e-01
1.910088332168591307e-01
3.123841211646780636e-01
4.680322127489340289e-01
2.812827102685826475e-01
3.149221826254606782e-01
2.382816876252071836e-01
5.336573892051728052e-01
2.740529294511606651e-01
2.305147197755754718e-01
3.149221826254606782e-01
3.366428210070342431e-01
5.142138098248665301e-01
2.971610606819101719e-01
2.435595757127906325e-01
2.768285061503075184e-01
6.973237518843067306e-01
-1.740578501550515966e-02
2.680064201866674267e-01
3.946542106578441178e-01
3.387374959196716162e-01
1.704299593673432867e-01
2.171354735368247191e-01
3.925595357452085210e-01
2.530498896807742426e-01
2.636239015170893651e-01
2.955135521616547578e-01
3.683008359028505652e-01
4.428993470608695304e-01
5.212191625410049767e-01
1.959323409393167736e-01
3.391096215208744269e-01
-1.413424769580213791e-01
3.089666044189467442e-01
2.710250406511747201e-01
4.649528458368763495e-01
4.324007497345103701e-01
3.060021220379987028e-01
3.755712580011678625e-01
3.284404403925780258e-01
1.515670062198992696e-02
7.464527955840267737e-01
3.145893222310292003e-01
3.383263793545765452e-01
3.077240459295822461e-01
