2.484999999999999876e+00
2.350000000000000089e+00
2.322000000000000064e+00
2.283999999999999808e+00
2.358999999999999986e+00
2.119000000000000217e+00
2.359999999999999876e+00
2.263999999999999790e+00
2.536000000000000032e+00
2.165000000000000036e+00
2.216000000000000192e+00
2.478000000000000203e+00
1.725000000000000089e+00
2.601999999999999869e+00
2.031000000000000139e+00
2.337000000000000188e+00
2.794999999999999929e+00
2.501999999999999780e+00
2.259999999999999787e+00
2.306000000000000050e+00
2.008000000000000007e+00
1.911000000000000032e+00
2.287999999999999812e+00
2.153000000000000025e+00
1.885000000000000009e+00
2.036000000000000032e+00
2.325000000000000178e+00
2.430000000000000160e+00
2.366999999999999993e+00
2.475999999999999979e+00
2.539000000000000146e+00
2.174999999999999822e+00
2.426000000000000156e+00
2.367999999999999883e+00
2.311999999999999833e+00
2.137000000000000011e+00
2.346999999999999975e+00
2.310000000000000053e+00
2.371999999999999886e+00
2.579000000000000181e+00
2.140000000000000124e+00
2.480999999999999872e+00
2.537999999999999812e+00
2.459000000000000075e+00
2.355999999999999872e+00
2.563000000000000167e+00
2.321000000000000174e+00
2.321000000000000174e+00
2.693000000000000060e+00
2.274999999999999911e+00
2.241000000000000103e+00
2.587000000000000188e+00
2.266999999999999904e+00
2.209000000000000075e+00
2.790000000000000036e+00
2.391000000000000014e+00
2.218999999999999861e+00
2.571000000000000174e+00
2.333000000000000185e+00
2.432999999999999829e+00
2.309000000000000163e+00
2.217000000000000082e+00
2.225999999999999979e+00
2.194999999999999840e+00
2.217999999999999972e+00
2.362000000000000099e+00
2.032000000000000028e+00
2.213000000000000078e+00
2.149999999999999911e+00
2.181999999999999940e+00
1.901000000000000023e+00
2.186999999999999833e+00
2.233999999999999986e+00
2.349000000000000199e+00
2.391000000000000014e+00
2.189999999999999947e+00
1.750000000000000000e+00
1.778999999999999915e+00
2.275999999999999801e+00
2.254999999999999893e+00
2.482000000000000206e+00
2.181000000000000050e+00
2.451999999999999957e+00
2.255999999999999783e+00
2.319999999999999840e+00
2.616999999999999993e+00
2.575000000000000178e+00
2.120000000000000107e+00
2.003000000000000114e+00
2.024000000000000021e+00
2.274000000000000021e+00
2.206999999999999851e+00
2.317000000000000171e+00
2.439000000000000057e+00
2.411000000000000032e+00
2.180000000000000160e+00
2.217000000000000082e+00
2.025999999999999801e+00
2.373000000000000220e+00
2.451999999999999957e+00
2.198999999999999844e+00
2.536000000000000032e+00
2.142999999999999794e+00
2.366000000000000103e+00
2.315999999999999837e+00
2.443999999999999950e+00
2.126999999999999780e+00
2.343999999999999861e+00
2.161000000000000032e+00
1.844999999999999973e+00
