2.745000000000000107e+00
2.322999999999999954e+00
2.521999999999999797e+00
2.556999999999999940e+00
2.479000000000000092e+00
2.388999999999999790e+00
2.754999999999999893e+00
2.520000000000000018e+00
3.101999999999999869e+00
2.544000000000000039e+00
2.596000000000000085e+00
2.713000000000000078e+00
2.190999999999999837e+00
2.472999999999999865e+00
2.355999999999999872e+00
2.407999999999999918e+00
2.802000000000000046e+00
2.620999999999999996e+00
2.573999999999999844e+00
2.750000000000000000e+00
2.426000000000000156e+00
2.581999999999999851e+00
2.402000000000000135e+00
2.447000000000000064e+00
2.705000000000000071e+00
2.732000000000000206e+00
2.512999999999999901e+00
2.524999999999999911e+00
2.390000000000000124e+00
2.713000000000000078e+00
2.709999999999999964e+00
2.666999999999999815e+00
2.886000000000000121e+00
2.463999999999999968e+00
2.692000000000000171e+00
2.470000000000000195e+00
2.427999999999999936e+00
2.471000000000000085e+00
2.615000000000000213e+00
2.689000000000000057e+00
2.604000000000000092e+00
2.806999999999999940e+00
2.890000000000000124e+00
2.705000000000000071e+00
2.411000000000000032e+00
2.955999999999999961e+00
2.645999999999999908e+00
2.540999999999999925e+00
2.539000000000000146e+00
2.599000000000000199e+00
2.766999999999999904e+00
2.725000000000000089e+00
2.464999999999999858e+00
2.557999999999999829e+00
2.616000000000000103e+00
2.629000000000000004e+00
2.306000000000000050e+00
2.677000000000000046e+00
2.664000000000000146e+00
2.585999999999999854e+00
2.486000000000000210e+00
2.349000000000000199e+00
2.701999999999999957e+00
2.459999999999999964e+00
2.564000000000000057e+00
2.705999999999999961e+00
2.374000000000000110e+00
2.269000000000000128e+00
2.334000000000000075e+00
2.222999999999999865e+00
2.015000000000000124e+00
2.250000000000000000e+00
2.547000000000000153e+00
2.512000000000000011e+00
2.717000000000000082e+00
2.560000000000000053e+00
2.244000000000000217e+00
2.177000000000000046e+00
2.410000000000000142e+00
2.257000000000000117e+00
2.581999999999999851e+00
2.500999999999999890e+00
2.492999999999999883e+00
2.572000000000000064e+00
2.403000000000000025e+00
2.619000000000000217e+00
1.764000000000000012e+00
2.427999999999999936e+00
2.611000000000000210e+00
2.116999999999999993e+00
2.512999999999999901e+00
2.431000000000000050e+00
2.488999999999999879e+00
2.467999999999999972e+00
2.540999999999999925e+00
2.261000000000000121e+00
2.439999999999999947e+00
2.218999999999999861e+00
2.748000000000000220e+00
2.472999999999999865e+00
2.351999999999999869e+00
2.785000000000000142e+00
2.561999999999999833e+00
2.198999999999999844e+00
2.285000000000000142e+00
2.854999999999999982e+00
2.330999999999999961e+00
2.535000000000000142e+00
2.390000000000000124e+00
2.504999999999999893e+00
