1.279874306997752775e+01
1.243554982538553411e+01
1.556892479573138033e+01
1.183343070917751305e+01
1.554281496761195669e+01
1.234038092970406453e+01
1.247025404287307282e+01
1.288376752061176944e+01
1.338445816501456775e+01
1.216322159231437183e+01
1.260950720415727133e+01
1.243554982538553411e+01
1.250619659094725122e+01
1.307756359370099020e+01
1.299543842256556658e+01
1.295226952748256899e+01
1.294185011251805051e+01
1.206371359496191076e+01
1.228556518395584973e+01
1.231102954662219950e+01
1.200845163520100733e+01
1.206371359496191076e+01
1.554495375008494662e+01
1.242716980704491903e+01
1.269703779675679201e+01
1.291647372057006393e+01
1.215477081284849348e+01
1.556344117421764395e+01
1.286740587402320202e+01
1.556892479573138033e+01
1.223783584677500258e+01
1.224047701792253129e+01
1.234038092970406453e+01
1.554685951773174679e+01
1.554908396025732742e+01
1.260950720415727133e+01
1.228556518395584973e+01
1.556047401626550197e+01
1.556221007070104534e+01
1.276430565957918617e+01
1.355594692658221945e+01
1.224892779738840787e+01
1.231102954662219950e+01
1.556892479573138033e+01
1.298406020740656253e+01
1.302767418789806442e+01
1.556047401626550197e+01
1.224047701792253129e+01
1.271094531048668763e+01
1.215477081284849348e+01
1.234038092970406453e+01
1.224892779738840787e+01
1.282491333397742928e+01
1.555755168688450141e+01
1.271094531048668763e+01
1.247025404287307282e+01
1.247075990370692722e+01
1.292479208689497483e+01
1.269703779675679201e+01
1.317357405981382890e+01
1.292341522165988899e+01
1.253499753238137160e+01
1.299877305511516745e+01
1.241871902757904067e+01
1.202501172317984590e+01
1.251584806974024744e+01
1.317881086985818051e+01
1.220158370437601292e+01
1.242709904591965575e+01
1.338445816501456775e+01
1.216322159231437183e+01
1.229401596342172809e+01
1.323337561604592771e+01
1.315554166509411438e+01
1.321654235584332504e+01
1.343032047803388984e+01
1.555499039475176559e+01
1.283826043787803073e+01
1.202501172317984590e+01
1.364960606099924334e+01
1.269703779675679201e+01
1.300076373754445491e+01
1.292850057772498396e+01
1.217474603110405695e+01
1.330712545675613967e+01
1.554281496761195669e+01
1.556344117421764395e+01
1.313501482938751153e+01
1.553148296288307861e+01
1.341670177600898484e+01
1.555755168688450141e+01
1.250196188932305574e+01
1.339810166742095454e+01
1.230503436536577233e+01
1.336315156801157045e+01
1.274502771580698735e+01
1.216322159231437183e+01
1.234038092970406453e+01
1.251958753781181422e+01
1.292103466275947277e+01
1.224892779738840787e+01
1.245129336386972696e+01
1.248643371354836162e+01
1.285856072082873958e+01
1.326988766913734175e+01
1.558008866808451032e+01
1.228556518395584973e+01
1.231595440787682705e+01
1.265738193170405346e+01
1.234038092970406453e+01
1.554685951773174679e+01
1.264380439644571830e+01
1.220533770072639967e+01
1.315709937546535002e+01
1.224892779738840787e+01
1.556389963436467383e+01
1.256221303602258388e+01
1.338445816501456775e+01
1.190528979937633913e+01
1.319643726049665489e+01
1.282563069014948454e+01
1.556554235861394275e+01
1.238505369863289118e+01
1.298807777438807065e+01
1.287116000008300887e+01
1.326193181889562034e+01
1.241835827146614513e+01
1.287842712061263839e+01
1.224892779738840787e+01
1.556047401626550197e+01
1.196447063409920197e+01
1.274332874111285996e+01
1.275214052356129280e+01
1.234038092970406453e+01
1.200000085573512898e+01
1.245433048811903198e+01
1.234038092970406453e+01
1.269703779675679201e+01
1.281572269202542991e+01
1.229401596342172809e+01
1.306325646268901153e+01
1.352400184962743523e+01
1.219475351988359968e+01
1.287650169166506942e+01
1.307869802930548175e+01
1.556221007070104534e+01
1.275347849527286570e+01
1.290062222219631316e+01
1.334513322220774434e+01
1.337600738554868940e+01
1.286021940652497975e+01
1.237922431837287363e+01
1.327501778452952763e+01
1.553614198867764884e+01
1.238714391204081977e+01
1.233865954286100575e+01
1.237794862190962775e+01
1.297068557731755156e+01
1.243245534588008816e+01
1.224047701792253129e+01
1.233193015023818617e+01
1.212252720185407640e+01
1.557558867427228932e+01
1.260950720415727133e+01
1.237922431837287363e+01
1.555686382964842451e+01
1.316729748109342601e+01
1.329867467729026131e+01
1.341670177600898484e+01
1.345881788442101268e+01
1.243893820137394357e+01
1.556714259916635967e+01
1.224047701792253129e+01
1.219688692126052132e+01
1.264762438181307402e+01
1.243893820137394357e+01
1.320940829995346100e+01
1.316934726152223156e+01
1.555686382964842451e+01
1.556221007070104534e+01
1.555340452955082498e+01
1.268318240494156157e+01
1.554704917956798127e+01
1.260950720415727133e+01
1.260105642469139298e+01
1.193855155838960869e+01
1.360231189286455589e+01
1.245129336386972696e+01
1.553840873826586844e+01
1.203674371412976996e+01
1.276193992263582366e+01
1.220533770072639967e+01
1.325682446566661277e+01
1.256221303602258388e+01
1.226702659991416766e+01
1.556868589429964445e+01
1.234970420984376815e+01
1.275347849527286570e+01
1.364960606099924334e+01
1.220533770072639967e+01
1.305363202668262623e+01
1.557163788861863196e+01
1.304747363534164073e+01
1.279794474040415153e+01
1.267927021715934011e+01
1.306900062117700223e+01
1.237660291916701283e+01
1.220533770072639967e+01
1.269703779675679201e+01
1.234038092970406453e+01
1.248781639018536538e+01
1.238767509783875198e+01
1.317618938694832664e+01
1.206371359496191076e+01
1.556714259916635967e+01
1.236949784244374939e+01
1.228556518395584973e+01
1.331836555950967416e+01
1.557235041383055218e+01
1.292599688596815355e+01
1.341670177600898484e+01
1.291825027209125132e+01
1.225556970960138692e+01
1.303438448788101667e+01
1.220533770072639967e+01
1.238419576791971544e+01
1.228556518395584973e+01
1.223783584677500258e+01
1.260950720415727133e+01
1.233193015023818617e+01
1.338445816501456775e+01
1.197292141356508033e+01
1.219688692126052132e+01
1.219688692126052132e+01
1.290611507218310194e+01
1.268710797357853082e+01
1.294178376891848714e+01
1.234038092970406453e+01
1.270548857622267036e+01
1.355594692658221945e+01
1.251622338873443496e+01
1.264893115223817510e+01
1.329867467729026131e+01
1.276850982207369078e+01
1.241835827146614513e+01
1.237922431837287363e+01
1.556389963436467383e+01
1.224892779738840787e+01
1.238767509783875198e+01
1.307343774087278199e+01
1.234038092970406453e+01
1.286377309366994837e+01
1.329867467729026131e+01
1.338445816501456775e+01
1.553383328066924207e+01
1.247230727436088671e+01
1.229689944946149893e+01
1.555340452955082498e+01
1.342857591259200234e+01
1.231321010937871563e+01
1.554685951773174679e+01
1.247520569043827265e+01
1.238767509783875198e+01
1.289567778940456044e+01
1.322640159725969333e+01
1.295782118261995386e+01
1.556221007070104534e+01
1.555110858499442728e+01
1.296948991691336062e+01
1.556868589429964445e+01
1.259286279239191764e+01
1.220533770072639967e+01
1.553840873826586844e+01
1.286869240114991619e+01
1.341670177600898484e+01
1.293516699443734552e+01
1.238505369863289118e+01
1.300305474419362106e+01
1.234038092970406453e+01
1.554910090741862305e+01
1.261845235632575424e+01
1.281572269202542991e+01
1.281840647333538463e+01
1.293253858483216412e+01
1.218630274041772132e+01
1.238505369863289118e+01
1.236949784244374939e+01
1.269703779675679201e+01
1.358205902887385541e+01
1.273918197003940378e+01
1.231102954662219950e+01
1.288301186684796917e+01
1.270548857622267036e+01
1.555499039475176559e+01
1.235815498930964651e+01
1.208320225904725298e+01
1.319203174208422169e+01
1.556152264311883116e+01
1.239306675256972134e+01
1.224892779738840787e+01
1.308261080075983429e+01
1.233590852870671739e+01
1.285119919298751157e+01
1.555686382964842451e+01
1.280816675700512697e+01
1.260011268048060629e+01
1.360231189286455589e+01
1.224892779738840787e+01
1.258207877734004576e+01
1.239802239713658416e+01
1.556554235861394275e+01
1.271054972641501024e+01
1.264380439644571830e+01
1.220533770072639967e+01
1.356332235906119799e+01
1.256221303602258388e+01
1.297794002851653516e+01
1.243893820137394357e+01
1.250739729027436908e+01
1.241871902757904067e+01
1.219688692126052132e+01
1.224892779738840787e+01
1.322217922130542078e+01
1.355594692658221945e+01
1.351085876054889923e+01
1.212712190569485848e+01
1.330712545675613967e+01
1.282891212573836803e+01
1.329867467729026131e+01
1.229401596342172809e+01
1.224047701792253129e+01
1.334513322220774434e+01
1.250739729027436908e+01
1.260950720415727133e+01
1.270651522920934617e+01
1.241835827146614513e+01
1.242709904591965575e+01
1.271054972641501024e+01
1.355594692658221945e+01
1.251584806974024744e+01
1.295595346233896272e+01
1.553754216342747796e+01
1.237660291916701283e+01
1.224892779738840787e+01
1.554910090741862305e+01
1.556389963436467383e+01
1.233865954286100575e+01
1.247075990370692722e+01
1.184188148864339141e+01
1.260105642469139298e+01
1.206371359496191076e+01
1.309722664597388686e+01
1.322968471238499610e+01
1.204519449359564831e+01
1.328011356367784046e+01
1.197292141356508033e+01
1.326748991080576978e+01
1.555686382964842451e+01
1.333668244274186598e+01
1.208320225904725298e+01
1.553012334627556612e+01
1.236949784244374939e+01
1.216322159231437183e+01
1.555549995903385962e+01
1.205526281549603240e+01
1.257005733499732614e+01
1.246385425295299498e+01
1.229658358589989398e+01
1.553148296288307861e+01
1.280892128570202004e+01
1.223028374151952669e+01
1.264893115223817510e+01
1.224892779738840787e+01
1.256221303602258388e+01
1.233258008653409377e+01
1.320914398084835817e+01
1.327353969354906482e+01
1.238767509783875198e+01
1.231321010937871563e+01
1.556892479573138033e+01
1.306048109990202377e+01
1.234038092970406453e+01
1.243048742190806522e+01
1.316673634384416047e+01
1.238505369863289118e+01
1.270548857622267036e+01
1.265738193170405346e+01
1.197292141356508033e+01
1.229401596342172809e+01
1.557558867427228932e+01
1.194789423431925535e+01
1.270693835904498670e+01
1.238505369863289118e+01
1.234038092970406453e+01
1.293418774093181334e+01
1.253499753238137160e+01
1.555110858499442728e+01
1.220533770072639967e+01
1.294462861720380253e+01
1.556892479573138033e+01
1.255036744305360585e+01
1.555110858499442728e+01
1.238767509783875198e+01
1.290698282146635201e+01
1.553840873826586844e+01
1.211407642238819804e+01
1.552167256680968777e+01
1.351085876054889923e+01
1.225204835868620101e+01
1.556531460911430287e+01
1.264893115223817510e+01
1.265738193170405346e+01
1.295819507657739678e+01
1.293457797091040540e+01
1.237922431837287363e+01
1.555549995903385962e+01
1.301365881766375665e+01
1.558008866808451032e+01
1.233193015023818617e+01
1.274502771580698735e+01
1.303919533432392441e+01
1.229658358589989398e+01
1.556554235861394275e+01
1.231948032608807786e+01
1.554704917956798127e+01
1.556714259916635967e+01
1.252319560948846799e+01
1.276005904260781243e+01
1.554495375008494662e+01
1.334750015381844612e+01
1.313489269427537209e+01
1.249351110985717561e+01
1.360231189286455589e+01
1.260950720415727133e+01
1.315424881872266916e+01
1.265990816160896770e+01
