2.448999999999999844e+00
2.025999999999999801e+00
2.435999999999999943e+00
2.536999999999999922e+00
2.138999999999999790e+00
2.245999999999999996e+00
2.250999999999999890e+00
2.282999999999999918e+00
2.625999999999999890e+00
2.178999999999999826e+00
2.133999999999999897e+00
2.141000000000000014e+00
2.254000000000000004e+00
2.294000000000000039e+00
2.040000000000000036e+00
2.295999999999999819e+00
2.523000000000000131e+00
2.241999999999999993e+00
2.325000000000000178e+00
2.354000000000000092e+00
2.128000000000000114e+00
2.512000000000000011e+00
2.376999999999999780e+00
2.620000000000000107e+00
1.897000000000000020e+00
1.973999999999999977e+00
2.443999999999999950e+00
2.619000000000000217e+00
1.961000000000000076e+00
2.370999999999999996e+00
2.205999999999999961e+00
2.439999999999999947e+00
2.819999999999999840e+00
2.608999999999999986e+00
2.092000000000000082e+00
2.524000000000000021e+00
2.460999999999999854e+00
2.232000000000000206e+00
2.388999999999999790e+00
2.370999999999999996e+00
2.028999999999999915e+00
2.474000000000000199e+00
2.817000000000000171e+00
2.350000000000000089e+00
1.750000000000000000e+00
2.673999999999999932e+00
2.459000000000000075e+00
2.032999999999999918e+00
2.652000000000000135e+00
2.325000000000000178e+00
1.812999999999999945e+00
2.431000000000000050e+00
2.325000000000000178e+00
2.355999999999999872e+00
2.628000000000000114e+00
2.533999999999999808e+00
2.396999999999999797e+00
2.903999999999999915e+00
2.471999999999999975e+00
2.395999999999999908e+00
1.929999999999999938e+00
2.041999999999999815e+00
1.812000000000000055e+00
2.120999999999999996e+00
2.620999999999999996e+00
2.273000000000000131e+00
2.486000000000000210e+00
2.254999999999999893e+00
2.192000000000000171e+00
2.073999999999999844e+00
2.298000000000000043e+00
2.246999999999999886e+00
2.588000000000000078e+00
2.172000000000000153e+00
1.927000000000000046e+00
1.846000000000000085e+00
1.893000000000000016e+00
2.076000000000000068e+00
2.513999999999999790e+00
2.169999999999999929e+00
2.462000000000000188e+00
2.072000000000000064e+00
2.451000000000000068e+00
1.993000000000000105e+00
2.746999999999999886e+00
2.837000000000000188e+00
2.587000000000000188e+00
2.305000000000000160e+00
2.177000000000000046e+00
2.052000000000000046e+00
2.311999999999999833e+00
2.032000000000000028e+00
2.225999999999999979e+00
2.245999999999999996e+00
2.160000000000000142e+00
2.443000000000000060e+00
2.230999999999999872e+00
1.818999999999999950e+00
2.358000000000000096e+00
2.782999999999999918e+00
2.099000000000000199e+00
2.569999999999999840e+00
2.342999999999999972e+00
2.455000000000000071e+00
2.673999999999999932e+00
2.333000000000000185e+00
2.661000000000000032e+00
2.509999999999999787e+00
1.989000000000000101e+00
2.406000000000000139e+00
