7.319814814834959549e-01
-6.064768457804262658e-01
-1.942440660426924870e+00
-4.685206789917122916e-01
-3.332243087042038976e+00
2.866386223067945993e-01
-6.491459102167256301e-01
-7.317102869045257751e-01
-1.549739422332131744e-01
2.289908334545810220e+00
-1.648582340098302845e+00
1.420298825471565829e+00
-4.215686440500934773e-02
-2.552640536107304570e-01
6.427847017574348509e-01
1.911653986615279716e-02
1.093587522261080074e-02
-2.958485924971861469e-01
-1.380831882838670310e+00
-1.139792426770757539e+00
-3.693115895607216315e-01
-1.734787218929260688e-01
3.312089422254711479e-01
-7.614839396587702591e-01
-6.359629593020134086e-01
-4.868468851542059883e-01
-9.647334172136690089e-02
1.685973122775169530e+00
5.404817441801657019e-01
2.120143146687567093e+00
-1.205776059668744571e+00
-4.901013189218200727e-01
-1.341660846340729130e+00
2.207146193587807836e+00
1.694901225441487025e+00
-1.668970113882179973e-01
-1.610557238141303582e-01
9.517789037116045625e-01
-8.512114895494430344e-01
2.702128935030705462e-02
-1.734784545809656242e+00
-1.048028250677693451e+00
-1.336560153035339260e+00
1.616007752252800245e+00
-3.816469669606708526e-01
-8.999223563853575580e-01
1.285517889636854649e-01
4.094995276505510873e-01
-1.334033756043845461e-03
-1.624635359800750578e+00
-2.104887878747639718e+00
-1.689259843846840914e+00
1.679185355767530474e+00
-2.291068267892127253e+00
-3.572330288213975136e-01
-8.374100968563369385e-01
8.538082012904387730e-01
-1.334306473237230506e+00
-1.226926756445513966e+00
-1.356281258624868036e+00
2.170791076006775899e+00
-3.492427635103673711e-01
7.210472290867364631e-01
-8.547172175573234387e-01
4.058123423915618866e-01
2.832045535361235045e-01
-8.691675826437098573e-01
-1.282156412120923350e-01
-3.450405458642807899e-01
3.570344771046184418e-01
1.167152987817219545e+00
-1.156921901044736467e+00
-9.858018406654012189e-01
2.617317252908049063e-01
8.328087845134532485e-02
2.747352112582118200e-01
1.264271322515529705e-01
-5.854652050540082309e-01
-1.459716277834165910e+00
-5.020619880197283447e-01
7.736568773129974819e-01
-4.152192787686343478e-01
-2.863369742696659781e-01
-1.416013442963209634e+00
3.802667633170516703e-01
-1.621104639742417364e+00
5.119263134619872480e-01
-2.847931919737450301e-01
2.907595054698446813e+00
-2.884886944150341082e-01
1.172882644895926640e+00
-7.064361180856046918e-01
4.312103432822904647e-01
-2.872157135340647205e-01
3.842752972854757143e-01
-1.013503837044484657e+00
-5.652023214664048112e-01
5.297353791616250529e-01
2.969140862039692408e+00
-8.369964113382954984e-01
-8.705272759771268687e-01
5.054538509259424994e-02
1.806061526162912878e-01
7.124053763027331510e-01
2.712789119088448997e-02
-2.445841674554140033e-01
2.216175046629770051e+00
-4.554165697923604483e-01
-7.154291031215235241e-01
-2.136455911601939928e+00
5.342487402753860692e+00
-5.981435758166069316e-01
6.926384650342370941e-01
1.075972066752355571e+00
-6.746454721425829693e-01
-2.302545050439929852e+00
1.756958347573823076e+00
-1.005696048703544676e+00
2.325918161272202966e-01
1.496740567197608174e+00
-2.316479458412870340e-01
1.574480574784616227e+00
-9.029751126346196033e-01
3.464947830446467036e-01
-1.647319627076668791e-01
1.992673338025993113e-01
-6.519291066165678883e-01
-2.104302540406794708e-01
5.737066051990556970e-01
6.597693139939831974e-01
4.571703656754427803e-01
9.304262705268190325e-01
2.000382586998032119e-01
5.118672928368958042e-01
-1.091104702133744331e+00
2.811541223220964447e+00
1.568960415073747505e+00
-1.606952830430596058e-01
-1.513322833540577950e+00
-1.156921901044736467e+00
2.149217224375450652e-03
-8.271806060342289380e-01
-1.023305321654942368e+00
-1.399331885533028341e+00
-1.971035897737198894e-01
-3.410722806714234778e+00
-7.374040580217839924e-01
1.296047031922678450e+00
-6.082942514940419265e-01
1.721086926630066349e+00
1.657751082311242907e-01
-1.922891591794770316e-02
-1.834187895285924741e-01
-8.826865882519018269e-01
-1.314680333945466684e+00
1.587204163176692884e+00
-9.834836249622302962e-01
-1.279342803669640972e-03
9.763724762381513766e-01
-1.272496046451334184e+00
1.573223213308307944e+00
2.862527181090063766e-01
3.876224995653907435e-01
-8.120270931420856542e-01
-5.379863811433484022e-01
-9.623915582014564984e-01
-2.684414988865072016e-01
-1.752481445750660560e+00
-9.474580179348011111e-01
-6.208414161811249832e-01
6.692322975996988221e-01
-8.056779556102663387e-01
-5.521994516987094315e-01
-3.055902761844570548e-01
-2.049435411698959375e-01
-1.304043298182820720e+00
3.348571923886328183e-01
-9.506705302861077900e-02
2.811483539731939096e+00
-9.428441916992661431e-01
-6.089233939086857728e-01
2.228172655352861575e+00
-6.229982567746219502e-01
-1.363559661316392946e+00
-1.394682620092594805e+00
-7.186147627085087697e-01
-2.074206048705546035e+00
9.699301413821256324e-01
2.155548358639259865e-01
3.657890046850640342e-01
3.634351693979800957e-01
1.050507992494875420e-01
1.450131880271038343e+00
-2.866362311594434775e-01
-1.262108295721896756e+00
2.008311724252167085e+00
-3.173236605782039366e-01
1.067925487759467051e+00
-1.660221363127701633e+00
9.977575425895515160e-01
-4.505688638702815690e-02
-2.512041512478754957e+00
-1.327423927659842351e-01
-6.221369737422303148e-01
1.181652951709734056e+00
-1.842238175622511187e-02
-3.894597668426654224e-01
-3.432990250834788704e-01
5.270978046579942733e-01
1.454442088766582930e-01
2.234916864558886385e+00
8.896293045534063859e-01
5.631178392559550439e-01
-6.529691639719957807e-01
2.656085366739177056e-01
-4.423046176466309820e-01
5.873941192886319440e-01
-5.710545342247873579e-01
-4.761749067204045227e-01
-6.925918321804435118e-01
9.702412125933598253e-01
-2.876878776988999742e-01
-9.785959962780467203e-01
1.504910655478775228e+00
2.681377183409708875e-01
1.432545469717118714e+00
-1.559289787495409030e+00
-1.403390296609169710e-02
-1.071978770650991564e+00
1.764214154777107302e-01
-1.368434427915786282e-02
2.984051364243087145e-01
1.635781498502542508e+00
-1.770197659901773246e+00
2.453899857591626876e+00
-5.888843139378834302e-01
3.729616640710065600e-01
-2.616671202558734088e-01
2.117370428307485675e+00
-1.045480450767849179e-01
-3.684527514262809778e-01
-5.776122828630674277e-01
-1.399928535009608899e+00
-6.406152761118548700e-01
-9.936848752819181785e-01
3.166821679788584198e+00
-6.492297833052841074e-04
-8.760972414664524033e-01
-9.209666539535585894e-01
-1.056340929256892602e-01
-1.445558574605182445e+00
-1.169801800438732942e+00
-5.163093580890205647e-01
-5.408643973619351453e-01
-7.463377106470030498e-01
-7.117506398576506355e-01
-3.732617586115334896e-01
4.807742015397100666e-01
-1.136546529293200214e+00
6.819975312299596526e-01
3.449104266217241088e-01
-4.993858512680230954e-01
1.471593417876393639e+00
9.820923937256076375e-01
-1.059303988760297965e+00
-3.900852426960873531e-01
5.103717346936116339e-01
-2.420456172469910960e+00
-5.948463623601730338e-03
2.305803045184107170e-01
1.030994240775907400e+00
8.764395640442815272e-02
-2.062004554081622310e-01
1.053745134297143782e+00
3.112471011830672540e-01
5.342105864700997797e-01
-3.229840942667244197e-01
-2.680058448620381006e-01
1.581353774756402819e+00
-9.431649334185299161e-01
9.860382393937264789e-01
-5.994495876424583702e-01
1.713993784381767360e-01
1.077723610706744939e+00
1.391114031204708779e+00
-2.415243860695205080e-01
-2.513860380881496326e-01
-7.015648127511522336e-01
-1.467322506198341037e+00
-1.400329378665699787e-01
1.255693957639691716e+00
6.328164134759191040e-01
8.380650273791746541e-01
-8.264404238409387427e-01
-1.725559758923494558e+00
6.018576793937058245e-01
-7.925086367961493572e-01
1.488247266991246098e-01
-6.042758669399427296e-01
1.028764641628223009e+00
-1.166032064663518053e+00
1.210664251131836622e-01
-1.035715586930199716e+00
-5.141285912388805501e-01
9.846157314542401950e-01
4.553046307469680309e-01
-2.180236516985262218e-01
5.119529565970773466e-02
1.074172821680012546e-01
6.444167562061834387e-01
-3.057095758450639966e+00
2.714969872358680147e-01
-9.423066941506652583e-02
1.588086281281308132e+00
-5.827567776361631813e-01
8.672200487400016922e-02
-3.861953352150634400e-01
-9.283634590382746632e-01
-5.470582404137910304e-01
5.026765827453876234e-01
4.221149385149455813e-01
-1.614286298842358081e+00
7.331696857578683113e-02
-5.729603730311688681e-01
-6.902188442634810128e-01
-7.021810370275066715e-01
1.917655701508378829e+00
2.359120355966948801e-01
-2.140698342328610781e+00
2.607476576039130300e+00
2.412816456670287213e+00
-5.400317347028834591e-01
7.907234412205026153e-02
-9.369611000430321246e-01
2.424958296100129029e+00
-9.585315451796222463e-01
-9.427026348880080953e-01
-6.878701194866901902e-01
-8.094883394496239504e-01
7.776318143470013766e-02
5.544724695502992740e-01
1.245852798027808461e+00
4.428196374343589259e-01
-1.382142653202355520e+00
2.835993623692699028e+00
-3.084739518601426478e-01
-8.193639574429297801e-01
-7.702358522582755662e-02
-2.788952824148733800e-01
-1.387425491178283510e+00
-8.408343978605001823e-01
-9.299535088652163828e-02
-9.117160447972132431e-01
-3.181647393044852445e-01
2.038479293897932643e-01
2.984051364243087145e-01
-1.117013157646974175e+00
5.334746718751797179e-01
-1.149197485652604156e+00
1.813029354788808778e+00
-2.193111626441028417e+00
-1.054050042970867684e+00
6.111573542268473602e-01
1.535022571668095415e-01
1.080903458404034900e+00
9.344073824981875553e-01
4.543262795648967955e-01
6.187306811499522219e-01
-4.180170762723726674e-01
2.069805922277597077e+00
-3.504373612049789810e-01
-7.429820818260270965e-01
1.338652413072909830e+00
-1.820659368552953961e+00
2.734876822191860679e-01
-3.977435052505996493e-01
4.398569979732246393e-01
-1.447842234158227548e+00
-7.506174600003544251e-02
5.255484355853620393e+00
-1.962908309349257752e-01
1.291557857499295414e+00
5.090679530918194029e-01
-1.038071692959592340e+00
-3.731894973144172512e-01
-1.246231642724929589e+00
-1.161847925425274708e+00
1.049596149407250323e+00
1.409313767387385008e+00
-6.464338020627600212e-01
6.877229317870444669e-01
6.558055161348976814e-01
3.449878178471577073e-01
-1.532629087937139367e+00
7.033841371017114374e-01
-1.080412993528606647e+00
2.132323634976178273e+00
1.027867394015285596e+00
4.962708464810073328e-01
-1.106567872862034729e+00
5.065677329572634280e-01
-3.851514039293920111e-01
-1.122205322013009043e+00
1.707705658429452544e-01
1.016242666686751200e-01
-4.088903812157819728e-01
-9.181225847841020249e-01
-5.103846870500790001e-01
3.337574984290976321e+00
2.833238543213917104e+00
1.578101092357933277e+00
-8.797542562909597130e-01
2.199579318368694372e-02
-7.018595038696359700e-02
9.012906243277266638e-01
3.510437369612636749e-01
-1.818578300571082051e-01
6.511031445520629179e-02
-1.253570841790739854e+00
-1.081437969025593970e+00
-7.047685485312153997e-01
-1.087808756831857071e+00
-9.580254864388662028e-01
-6.164181009094812924e-02
1.559096205485071884e+00
-2.532875621193714788e-01
-6.330175412728707984e-01
4.246413981618149536e-01
-1.000133962839395929e+00
-6.443569618228318641e-01
-1.673165479938558686e-01
7.201597244932627095e-01
-8.729242158490899128e-02
-9.896264508611150035e-01
-5.334798096965397141e-02
-2.620561846949789192e-02
