2.720000000000000195e+00
2.463999999999999968e+00
2.669000000000000039e+00
2.193999999999999950e+00
2.339999999999999858e+00
2.221000000000000085e+00
2.467000000000000082e+00
2.471000000000000085e+00
3.125999999999999890e+00
2.302999999999999936e+00
2.138999999999999790e+00
2.979000000000000092e+00
1.852000000000000091e+00
2.478000000000000203e+00
2.402000000000000135e+00
2.672000000000000153e+00
2.250999999999999890e+00
2.488999999999999879e+00
2.339999999999999858e+00
2.419999999999999929e+00
2.564999999999999947e+00
2.386000000000000121e+00
2.319999999999999840e+00
2.322999999999999954e+00
2.115000000000000213e+00
2.003000000000000114e+00
2.720000000000000195e+00
2.221999999999999975e+00
2.435999999999999943e+00
2.670999999999999819e+00
2.262000000000000011e+00
2.665999999999999925e+00
2.883000000000000007e+00
2.436999999999999833e+00
2.794000000000000039e+00
2.089999999999999858e+00
2.160000000000000142e+00
2.642999999999999794e+00
2.508999999999999897e+00
2.299999999999999822e+00
2.101999999999999869e+00
2.438000000000000167e+00
2.987999999999999989e+00
2.778999999999999915e+00
2.185999999999999943e+00
2.354999999999999982e+00
2.283999999999999808e+00
2.281000000000000139e+00
2.636000000000000121e+00
2.142999999999999794e+00
1.961999999999999966e+00
2.736000000000000210e+00
2.234999999999999876e+00
2.370000000000000107e+00
3.003000000000000114e+00
2.411000000000000032e+00
2.244000000000000217e+00
2.431999999999999940e+00
2.923999999999999932e+00
2.439999999999999947e+00
2.411000000000000032e+00
2.527000000000000135e+00
2.587000000000000188e+00
2.488999999999999879e+00
2.100999999999999979e+00
2.471999999999999975e+00
2.601999999999999869e+00
2.443000000000000060e+00
2.830000000000000071e+00
2.237999999999999989e+00
2.048999999999999932e+00
2.378000000000000114e+00
2.782999999999999918e+00
2.237000000000000099e+00
2.532999999999999918e+00
2.484999999999999876e+00
2.520999999999999908e+00
2.366999999999999993e+00
2.354000000000000092e+00
2.411000000000000032e+00
2.552999999999999936e+00
2.591000000000000192e+00
2.605999999999999872e+00
2.326999999999999957e+00
2.282999999999999918e+00
2.520000000000000018e+00
2.793000000000000149e+00
2.083000000000000185e+00
1.953999999999999959e+00
1.931999999999999940e+00
2.355999999999999872e+00
2.185999999999999943e+00
2.278999999999999915e+00
2.096999999999999975e+00
2.495999999999999996e+00
2.701000000000000068e+00
2.537999999999999812e+00
2.422000000000000153e+00
2.375999999999999890e+00
2.584999999999999964e+00
2.630999999999999783e+00
2.766999999999999904e+00
2.287999999999999812e+00
2.428999999999999826e+00
2.504000000000000004e+00
2.585999999999999854e+00
2.250999999999999890e+00
3.125000000000000000e+00
2.279999999999999805e+00
2.218999999999999861e+00
