2.391000000000000014e+00
2.326000000000000068e+00
2.258000000000000007e+00
2.154999999999999805e+00
2.289000000000000146e+00
2.012999999999999901e+00
2.281000000000000139e+00
2.282000000000000028e+00
2.911000000000000032e+00
2.281000000000000139e+00
2.177999999999999936e+00
2.407000000000000028e+00
1.937000000000000055e+00
2.972999999999999865e+00
2.262999999999999901e+00
2.323999999999999844e+00
2.617999999999999883e+00
2.274000000000000021e+00
2.323999999999999844e+00
2.346000000000000085e+00
2.384999999999999787e+00
2.071000000000000174e+00
2.391000000000000014e+00
2.149000000000000021e+00
1.852000000000000091e+00
1.921000000000000041e+00
2.255999999999999783e+00
2.504999999999999893e+00
2.388999999999999790e+00
2.527000000000000135e+00
2.408999999999999808e+00
2.236000000000000210e+00
2.623000000000000220e+00
2.278000000000000025e+00
2.279999999999999805e+00
2.128000000000000114e+00
2.266999999999999904e+00
2.379000000000000004e+00
2.386000000000000121e+00
2.286999999999999922e+00
2.040999999999999925e+00
2.321000000000000174e+00
2.452999999999999847e+00
2.362999999999999989e+00
2.274000000000000021e+00
2.370999999999999996e+00
2.274999999999999911e+00
2.305000000000000160e+00
2.716000000000000192e+00
2.225999999999999979e+00
2.410000000000000142e+00
2.720000000000000195e+00
2.345000000000000195e+00
2.080000000000000071e+00
2.865000000000000213e+00
2.427000000000000046e+00
2.257000000000000117e+00
2.482000000000000206e+00
2.629000000000000004e+00
2.314999999999999947e+00
2.475999999999999979e+00
2.157000000000000028e+00
2.265000000000000124e+00
2.249000000000000110e+00
2.000000000000000000e+00
2.404999999999999805e+00
2.384999999999999787e+00
2.170999999999999819e+00
2.221999999999999975e+00
2.274000000000000021e+00
2.071000000000000174e+00
2.161000000000000032e+00
2.298999999999999932e+00
2.349000000000000199e+00
2.323999999999999844e+00
2.221999999999999975e+00
1.818000000000000060e+00
1.921999999999999931e+00
2.162999999999999812e+00
2.290000000000000036e+00
2.464999999999999858e+00
2.283999999999999808e+00
2.572000000000000064e+00
2.431999999999999940e+00
2.173999999999999932e+00
2.533999999999999808e+00
2.779999999999999805e+00
2.173999999999999932e+00
2.153999999999999915e+00
2.013999999999999790e+00
2.329000000000000181e+00
2.077999999999999847e+00
2.230999999999999872e+00
2.281000000000000139e+00
2.298000000000000043e+00
2.225000000000000089e+00
2.230999999999999872e+00
2.031000000000000139e+00
2.380999999999999783e+00
2.326000000000000068e+00
2.172000000000000153e+00
2.567000000000000171e+00
2.274000000000000021e+00
2.164000000000000146e+00
2.216000000000000192e+00
2.524000000000000021e+00
2.236000000000000210e+00
2.201000000000000068e+00
2.108000000000000096e+00
2.145000000000000018e+00
