2.237000000000000099e+00
2.446000000000000174e+00
2.666999999999999815e+00
2.035000000000000142e+00
2.193000000000000060e+00
2.049999999999999822e+00
2.295999999999999819e+00
2.383999999999999897e+00
2.286000000000000032e+00
2.323999999999999844e+00
2.108000000000000096e+00
2.404999999999999805e+00
2.237000000000000099e+00
2.185999999999999943e+00
1.985000000000000098e+00
2.350999999999999979e+00
2.251999999999999780e+00
2.428999999999999826e+00
2.262999999999999901e+00
1.772000000000000020e+00
2.362999999999999989e+00
2.011000000000000121e+00
2.615000000000000213e+00
2.322000000000000064e+00
2.398000000000000131e+00
2.208000000000000185e+00
2.370000000000000107e+00
2.533999999999999808e+00
2.448999999999999844e+00
2.470000000000000195e+00
1.804999999999999938e+00
2.113999999999999879e+00
2.246999999999999886e+00
2.470000000000000195e+00
2.653999999999999915e+00
2.291999999999999815e+00
2.495999999999999996e+00
2.557999999999999829e+00
2.362999999999999989e+00
2.415999999999999925e+00
2.258000000000000007e+00
2.233000000000000096e+00
1.923999999999999932e+00
2.653999999999999915e+00
2.164000000000000146e+00
2.213000000000000078e+00
2.668000000000000149e+00
2.202999999999999847e+00
2.178999999999999826e+00
2.205000000000000071e+00
2.174999999999999822e+00
2.266999999999999904e+00
2.213999999999999968e+00
2.112000000000000099e+00
2.407999999999999918e+00
2.176000000000000156e+00
2.310000000000000053e+00
2.406000000000000139e+00
2.351999999999999869e+00
2.084000000000000075e+00
2.455999999999999961e+00
2.362999999999999989e+00
2.218999999999999861e+00
2.240000000000000213e+00
2.274999999999999911e+00
2.278000000000000025e+00
2.447000000000000064e+00
2.315999999999999837e+00
2.189999999999999947e+00
2.406000000000000139e+00
2.197999999999999954e+00
2.201000000000000068e+00
2.174999999999999822e+00
2.529999999999999805e+00
2.290000000000000036e+00
2.649000000000000021e+00
2.779999999999999805e+00
2.596000000000000085e+00
2.153999999999999915e+00
2.399999999999999911e+00
2.172000000000000153e+00
2.559000000000000163e+00
2.186999999999999833e+00
2.226999999999999869e+00
2.251999999999999780e+00
2.972999999999999865e+00
2.379999999999999893e+00
2.161000000000000032e+00
2.496999999999999886e+00
2.244000000000000217e+00
2.986000000000000210e+00
2.226999999999999869e+00
2.430000000000000160e+00
2.096999999999999975e+00
2.346999999999999975e+00
2.186999999999999833e+00
2.391000000000000014e+00
2.423999999999999932e+00
2.339999999999999858e+00
2.069999999999999840e+00
2.237000000000000099e+00
2.096999999999999975e+00
2.267999999999999794e+00
2.427999999999999936e+00
2.483999999999999986e+00
2.634999999999999787e+00
2.115000000000000213e+00
2.040999999999999925e+00
2.141000000000000014e+00
2.193000000000000060e+00
2.766000000000000014e+00
2.271999999999999797e+00
2.036000000000000032e+00
2.209999999999999964e+00
2.342000000000000082e+00
2.561999999999999833e+00
2.338999999999999968e+00
2.157999999999999918e+00
1.989999999999999991e+00
2.290000000000000036e+00
2.173999999999999932e+00
2.452999999999999847e+00
2.361000000000000210e+00
2.323999999999999844e+00
2.188000000000000167e+00
2.289000000000000146e+00
2.044000000000000039e+00
2.386000000000000121e+00
2.188000000000000167e+00
2.370999999999999996e+00
2.240000000000000213e+00
2.214999999999999858e+00
2.261000000000000121e+00
2.145999999999999908e+00
2.176000000000000156e+00
2.177999999999999936e+00
2.259999999999999787e+00
2.317000000000000171e+00
1.991000000000000103e+00
2.204000000000000181e+00
2.479999999999999982e+00
2.525999999999999801e+00
2.064000000000000057e+00
2.142999999999999794e+00
2.220000000000000195e+00
2.193000000000000060e+00
2.354999999999999982e+00
2.359999999999999876e+00
2.204000000000000181e+00
2.321000000000000174e+00
2.408999999999999808e+00
2.257000000000000117e+00
2.306000000000000050e+00
2.620000000000000107e+00
2.097999999999999865e+00
2.047000000000000153e+00
1.877999999999999892e+00
2.121999999999999886e+00
2.237000000000000099e+00
2.125000000000000000e+00
2.342999999999999972e+00
2.133000000000000007e+00
1.816999999999999948e+00
2.160000000000000142e+00
2.152000000000000135e+00
2.620000000000000107e+00
2.350999999999999979e+00
2.108999999999999986e+00
2.087000000000000188e+00
2.255999999999999783e+00
2.233999999999999986e+00
2.962000000000000188e+00
2.321000000000000174e+00
2.486000000000000210e+00
2.168000000000000149e+00
1.903999999999999915e+00
2.107000000000000206e+00
2.392999999999999794e+00
2.496999999999999886e+00
2.161000000000000032e+00
2.321000000000000174e+00
2.212000000000000188e+00
2.464999999999999858e+00
2.173999999999999932e+00
2.293000000000000149e+00
2.040999999999999925e+00
2.185999999999999943e+00
2.212000000000000188e+00
2.668000000000000149e+00
2.354000000000000092e+00
2.208000000000000185e+00
2.201000000000000068e+00
2.326999999999999957e+00
2.306000000000000050e+00
2.455000000000000071e+00
2.809000000000000163e+00
2.031000000000000139e+00
2.314000000000000057e+00
2.157000000000000028e+00
2.349000000000000199e+00
2.319999999999999840e+00
2.589999999999999858e+00
2.218999999999999861e+00
2.129999999999999893e+00
2.498000000000000220e+00
2.386000000000000121e+00
2.057999999999999829e+00
2.166999999999999815e+00
2.370000000000000107e+00
2.165000000000000036e+00
2.197999999999999954e+00
2.424999999999999822e+00
2.362999999999999989e+00
2.173000000000000043e+00
2.649999999999999911e+00
2.044000000000000039e+00
2.282999999999999918e+00
2.443999999999999950e+00
2.762999999999999901e+00
2.116000000000000103e+00
2.154999999999999805e+00
2.072000000000000064e+00
2.269000000000000128e+00
2.369000000000000217e+00
2.204000000000000181e+00
2.067000000000000171e+00
2.270000000000000018e+00
1.691999999999999948e+00
2.048000000000000043e+00
2.273000000000000131e+00
2.089999999999999858e+00
2.350999999999999979e+00
2.123000000000000220e+00
1.919000000000000039e+00
2.149999999999999911e+00
2.220000000000000195e+00
2.173999999999999932e+00
2.170999999999999819e+00
2.330999999999999961e+00
2.262000000000000011e+00
2.329000000000000181e+00
2.374000000000000110e+00
2.055000000000000160e+00
2.412999999999999812e+00
1.883000000000000007e+00
2.217999999999999972e+00
2.625999999999999890e+00
2.213999999999999968e+00
2.338000000000000078e+00
2.373000000000000220e+00
2.366999999999999993e+00
2.197999999999999954e+00
2.226999999999999869e+00
2.120999999999999996e+00
2.572999999999999954e+00
1.925000000000000044e+00
2.160000000000000142e+00
1.816999999999999948e+00
2.311999999999999833e+00
2.113999999999999879e+00
2.649999999999999911e+00
2.462000000000000188e+00
2.262000000000000011e+00
2.225999999999999979e+00
2.161999999999999922e+00
2.294000000000000039e+00
2.559000000000000163e+00
2.589999999999999858e+00
2.270000000000000018e+00
2.615000000000000213e+00
2.249000000000000110e+00
2.263999999999999790e+00
2.329000000000000181e+00
2.287999999999999812e+00
2.123000000000000220e+00
2.262999999999999901e+00
2.108000000000000096e+00
2.371999999999999886e+00
2.484999999999999876e+00
2.948999999999999844e+00
2.251999999999999780e+00
2.403000000000000025e+00
2.298000000000000043e+00
2.217000000000000082e+00
2.218999999999999861e+00
2.240000000000000213e+00
2.148000000000000131e+00
2.205000000000000071e+00
2.603000000000000203e+00
2.533999999999999808e+00
1.987000000000000099e+00
2.427999999999999936e+00
2.228000000000000203e+00
2.572999999999999954e+00
1.983000000000000096e+00
2.060999999999999943e+00
2.096000000000000085e+00
2.734999999999999876e+00
2.217999999999999972e+00
2.359999999999999876e+00
2.176000000000000156e+00
1.953000000000000069e+00
2.161000000000000032e+00
2.919999999999999929e+00
2.435999999999999943e+00
2.162999999999999812e+00
2.269000000000000128e+00
2.361000000000000210e+00
2.432999999999999829e+00
2.071000000000000174e+00
2.475000000000000089e+00
2.507000000000000117e+00
2.338999999999999968e+00
2.269000000000000128e+00
2.483000000000000096e+00
2.277000000000000135e+00
2.472999999999999865e+00
2.237000000000000099e+00
2.319999999999999840e+00
2.326999999999999957e+00
2.343999999999999861e+00
2.354999999999999982e+00
2.233000000000000096e+00
2.169999999999999929e+00
2.184000000000000163e+00
2.096000000000000085e+00
2.298999999999999932e+00
2.416999999999999815e+00
2.087000000000000188e+00
2.174999999999999822e+00
2.092000000000000082e+00
2.083000000000000185e+00
2.057999999999999829e+00
2.387000000000000011e+00
2.286000000000000032e+00
2.039000000000000146e+00
2.479999999999999982e+00
2.435999999999999943e+00
2.488999999999999879e+00
2.124000000000000110e+00
2.184000000000000163e+00
2.986000000000000210e+00
2.108999999999999986e+00
2.236000000000000210e+00
2.446000000000000174e+00
2.329000000000000181e+00
1.955999999999999961e+00
2.084000000000000075e+00
2.004000000000000004e+00
2.254999999999999893e+00
2.001999999999999780e+00
2.113999999999999879e+00
2.363999999999999879e+00
2.325000000000000178e+00
2.270999999999999908e+00
2.221999999999999975e+00
2.350999999999999979e+00
2.716000000000000192e+00
2.262000000000000011e+00
2.282000000000000028e+00
2.112000000000000099e+00
2.266999999999999904e+00
2.055000000000000160e+00
2.532999999999999918e+00
1.987000000000000099e+00
2.214999999999999858e+00
2.177000000000000046e+00
2.331999999999999851e+00
2.919999999999999929e+00
2.093999999999999861e+00
2.188000000000000167e+00
2.208000000000000185e+00
2.138999999999999790e+00
2.270000000000000018e+00
2.254000000000000004e+00
2.261000000000000121e+00
2.217999999999999972e+00
2.197999999999999954e+00
2.315999999999999837e+00
2.766000000000000014e+00
2.169000000000000039e+00
2.088000000000000078e+00
2.043000000000000149e+00
2.342000000000000082e+00
2.185000000000000053e+00
2.177999999999999936e+00
2.275999999999999801e+00
2.365000000000000213e+00
2.240000000000000213e+00
2.713000000000000078e+00
2.041999999999999815e+00
2.262000000000000011e+00
2.242999999999999883e+00
2.338999999999999968e+00
2.310000000000000053e+00
2.230999999999999872e+00
2.681000000000000050e+00
2.205999999999999961e+00
2.241000000000000103e+00
2.519000000000000128e+00
2.116999999999999993e+00
2.564999999999999947e+00
2.357000000000000206e+00
2.315999999999999837e+00
2.625999999999999890e+00
2.214999999999999858e+00
3.016999999999999904e+00
2.166999999999999815e+00
2.213000000000000078e+00
2.541999999999999815e+00
2.343999999999999861e+00
2.153000000000000025e+00
2.115000000000000213e+00
2.285000000000000142e+00
2.330000000000000071e+00
2.865000000000000213e+00
2.174999999999999822e+00
2.734999999999999876e+00
2.369000000000000217e+00
2.245999999999999996e+00
2.346999999999999975e+00
2.089999999999999858e+00
2.967999999999999972e+00
2.028999999999999915e+00
3.059000000000000163e+00
2.782000000000000028e+00
2.194999999999999840e+00
2.374000000000000110e+00
3.016999999999999904e+00
2.281000000000000139e+00
2.177999999999999936e+00
1.933999999999999941e+00
2.603000000000000203e+00
2.354000000000000092e+00
2.060999999999999943e+00
2.282000000000000028e+00
