1.260787574750066931e+01
1.359432227864787990e+01
1.671706496192060953e+01
1.220578986096393770e+01
1.652580975729423685e+01
1.328238002657887229e+01
1.299594437110738099e+01
1.392970447130136158e+01
1.227571701057417286e+01
1.278342476155651930e+01
1.328494360578058853e+01
1.359432227864787990e+01
1.304530498005368067e+01
1.332398122321350264e+01
1.308864881276746850e+01
1.297463817857949131e+01
1.294816934948608989e+01
1.205243447299270798e+01
1.314590891360045788e+01
1.082795149376228139e+01
1.244613957837450258e+01
1.205243447299270798e+01
1.654761015826780834e+01
1.274314207048494652e+01
1.361966845226094414e+01
1.288545820936280784e+01
1.278808226104947110e+01
1.665184415645236626e+01
1.277145193161631198e+01
1.671706496192060953e+01
1.061619171120851668e+01
1.301562343923874465e+01
1.328238002657887229e+01
1.647753506272407265e+01
1.649934615460485787e+01
1.328494360578058853e+01
1.314590891360045788e+01
1.672172246141355956e+01
1.674343943314893579e+01
1.356810326893863028e+01
1.273178468852169587e+01
1.301096593974579285e+01
1.082795149376228139e+01
1.671706496192060953e+01
1.305792866992124246e+01
1.314972155423328815e+01
1.672172246141355956e+01
1.301562343923874465e+01
1.343712867368023112e+01
1.278808226104947110e+01
1.328238002657887229e+01
1.301096593974579285e+01
1.265895263009635840e+01
1.658653349989942782e+01
1.343712867368023112e+01
1.299594437110738099e+01
1.286226805126751316e+01
1.402494340587599986e+01
1.361966845226094414e+01
1.362782559754416312e+01
1.290236290373819728e+01
1.310741338823408064e+01
1.309774140725608937e+01
1.274779956997789832e+01
1.202627098372458470e+01
1.299255352562922816e+01
1.364527478321488907e+01
1.280015992931759961e+01
1.359897977814083170e+01
1.227571701057417286e+01
1.278342476155651930e+01
1.314125141410750786e+01
1.383262010184893676e+01
1.353632156897785599e+01
1.373988280397861672e+01
1.456326892161305686e+01
1.665650165594531629e+01
1.379609341288331592e+01
1.202627098372458470e+01
1.302417476867305624e+01
1.361966845226094414e+01
1.427152869264829782e+01
1.288948593334140114e+01
1.279223196933118878e+01
1.210761103034885622e+01
1.652580975729423685e+01
1.665184415645236626e+01
1.182783129436520575e+01
1.641673648985351619e+01
1.237861553546365911e+01
1.658653349989942782e+01
1.128507200868104299e+01
1.442639521069848740e+01
1.244788238292965232e+01
1.428368052608602667e+01
1.379704725456910630e+01
1.278342476155651930e+01
1.328238002657887229e+01
1.306522258904214695e+01
1.404428284703780605e+01
1.301096593974579285e+01
1.119543567085424485e+01
1.301742369378362163e+01
1.275194514428871173e+01
1.392836195043174108e+01
1.686878920045581509e+01
1.314590891360045788e+01
1.285044199043611179e+01
1.344562439016960020e+01
1.328238002657887229e+01
1.647753506272407265e+01
1.331093808033172721e+01
1.289183995896322621e+01
1.354136555482464388e+01
1.301096593974579285e+01
1.676514356727645350e+01
1.313368213810059260e+01
1.227571701057417286e+01
1.227934495951569360e+01
1.367141216096336009e+01
1.266039458473093404e+01
1.678683415025761860e+01
1.263472687307823961e+01
1.306872165195741253e+01
1.277982894713140638e+01
1.204133035228164239e+01
1.109002240228916136e+01
1.388381479340463542e+01
1.301096593974579285e+01
1.672172246141355956e+01
1.238788662685469788e+01
1.354102046825927808e+01
1.254348528015097841e+01
1.328238002657887229e+01
1.245079707786745438e+01
1.297598902983886937e+01
1.328238002657887229e+01
1.361966845226094414e+01
1.370455928959738578e+01
1.314125141410750786e+01
1.448896214011138106e+01
1.504316621386836417e+01
1.223453123888346639e+01
1.276822964568570917e+01
1.332739364135064086e+01
1.674343943314893579e+01
1.379238975507615628e+01
1.284756880719235461e+01
1.218711354582212003e+01
1.228037451006712288e+01
1.383036038049842276e+01
1.343829899375181824e+01
1.394702566839168689e+01
1.646037719519037879e+01
1.290459044257474197e+01
1.087731217202050082e+01
1.098485147724783317e+01
1.302242754047406770e+01
1.295048412732290366e+01
1.301562343923874465e+01
1.328703752607182231e+01
1.268518373615998485e+01
1.680385296906098347e+01
1.328494360578058853e+01
1.343829899375181824e+01
1.667825285927325396e+01
1.360703239060598335e+01
1.211226852984180802e+01
1.237861553546365911e+01
1.248703073287036602e+01
1.114108010480782696e+01
1.669533586611588305e+01
1.301562343923874465e+01
1.289649745845617801e+01
1.331901921169889746e+01
1.114108010480782696e+01
1.374907265515302868e+01
1.358130438458567468e+01
1.667825285927325396e+01
1.674343943314893579e+01
1.654295265877485832e+01
1.337346287245594745e+01
1.656940414348002122e+01
1.328494360578058853e+01
1.328960110527353855e+01
1.232780979153070788e+01
1.287291330099306030e+01
1.119543567085424485e+01
1.648219256221702267e+01
1.252173525542762000e+01
1.254115750270122298e+01
1.289183995896322621e+01
1.391632159152444714e+01
1.313368213810059260e+01
1.236837986745638851e+01
1.683017180862689344e+01
1.093590744816392046e+01
1.379238975507615628e+01
1.302417476867305624e+01
1.289183995896322621e+01
1.445458460059262684e+01
1.687344669994876512e+01
1.320596865922442475e+01
1.260636471294958838e+01
1.336474467463926352e+01
1.329836229497043121e+01
1.263938437257119141e+01
1.289183995896322621e+01
1.361966845226094414e+01
1.328238002657887229e+01
1.303572820174904656e+01
1.343364149425886822e+01
1.363652848074639934e+01
1.205243447299270798e+01
1.669533586611588305e+01
1.098950897674078497e+01
1.314590891360045788e+01
1.414573648825983732e+01
1.676048606778349992e+01
1.290869822475738715e+01
1.237861553546365911e+01
1.286472592195286246e+01
1.066797302363351996e+01
1.438681998601427381e+01
1.289183995896322621e+01
1.290192266307800217e+01
1.314590891360045788e+01
1.061619171120851668e+01
1.328494360578058853e+01
1.328703752607182231e+01
1.227571701057417286e+01
1.238322912736174608e+01
1.289649745845617801e+01
1.289649745845617801e+01
1.396723606010643870e+01
1.338227422621088181e+01
1.292218505074014701e+01
1.328238002657887229e+01
1.361501095276799411e+01
1.273178468852169587e+01
1.306014101568325181e+01
1.345028188966255200e+01
1.211226852984180802e+01
1.357889042984537298e+01
1.109002240228916136e+01
1.343829899375181824e+01
1.676514356727645350e+01
1.301096593974579285e+01
1.343364149425886822e+01
1.328178125682574340e+01
1.328238002657887229e+01
1.276340108676077989e+01
1.211226852984180802e+01
1.227571701057417286e+01
1.643855826655638097e+01
1.124351825446961683e+01
1.283934323878788675e+01
1.654295265877485832e+01
1.455571789375043323e+01
1.284876158098141019e+01
1.647753506272407265e+01
1.376836634073922383e+01
1.343364149425886822e+01
1.283595527635935163e+01
1.197841990126888589e+01
1.412980493899581980e+01
1.674343943314893579e+01
1.661297001246638061e+01
1.299257841268426539e+01
1.683017180862689344e+01
1.318870295767163014e+01
1.289183995896322621e+01
1.648219256221702267e+01
1.277431616448379259e+01
1.237861553546365911e+01
1.408892950797189059e+01
1.263472687307823961e+01
1.308172229926564434e+01
1.328238002657887229e+01
1.659119099939238140e+01
1.323748484230000777e+01
1.370455928959738578e+01
1.266752273197046819e+01
1.289935339344761545e+01
1.223918873837641819e+01
1.263472687307823961e+01
1.098950897674078497e+01
1.361966845226094414e+01
1.535113206365011074e+01
1.353064564034659867e+01
1.082795149376228139e+01
1.389745134032014384e+01
1.361501095276799411e+01
1.665650165594531629e+01
1.093124994867097044e+01
1.259658027140793202e+01
1.192300056543784592e+01
1.663008296967057476e+01
1.291006595042789584e+01
1.301096593974579285e+01
1.330911144998709972e+01
1.254114334717465518e+01
1.380429822843780308e+01
1.667825285927325396e+01
1.262592389592283837e+01
1.320223120349617041e+01
1.287291330099306030e+01
1.301096593974579285e+01
1.316901132689746490e+01
1.103786091077819798e+01
1.678683415025761860e+01
1.346084056288421493e+01
1.331093808033172721e+01
1.289183995896322621e+01
1.519795844343189728e+01
1.313368213810059260e+01
1.304160129804311552e+01
1.114108010480782696e+01
1.299721102512217819e+01
1.274779956997789832e+01
1.289649745845617801e+01
1.301096593974579285e+01
1.379334201666933346e+01
1.273178468852169587e+01
1.260149921415998087e+01
1.213064707103741391e+01
1.210761103034885622e+01
1.374111944228882720e+01
1.211226852984180802e+01
1.314125141410750786e+01
1.301562343923874465e+01
1.218711354582212003e+01
1.299721102512217819e+01
1.328494360578058853e+01
1.345126464361410967e+01
1.109002240228916136e+01
1.359897977814083170e+01
1.346084056288421493e+01
1.273178468852169587e+01
1.299255352562922816e+01
1.298409557544779425e+01
1.639025507912734625e+01
1.263938437257119141e+01
1.301096593974579285e+01
1.659119099939238140e+01
1.676514356727645350e+01
1.087731217202050082e+01
1.286226805126751316e+01
1.220113236147098768e+01
1.328960110527353855e+01
1.205243447299270798e+01
1.338373364953441325e+01
1.381962348456367273e+01
1.251707775593466820e+01
1.400143662801708189e+01
1.238322912736174608e+01
1.395505107242613363e+01
1.667825285927325396e+01
1.219177104531507005e+01
1.259658027140793202e+01
1.632477767363053189e+01
1.098950897674078497e+01
1.278342476155651930e+01
1.656474664398707120e+01
1.205709197248565800e+01
1.316726299981026749e+01
1.298778311311060740e+01
1.245253988242260235e+01
1.641673648985351619e+01
1.264858603677018500e+01
1.229744168989622288e+01
1.345028188966255200e+01
1.301096593974579285e+01
1.313368213810059260e+01
1.286123739333327265e+01
1.374816235363628714e+01
1.397720653728769946e+01
1.343364149425886822e+01
1.284876158098141019e+01
1.671706496192060953e+01
1.327311767189172897e+01
1.328238002657887229e+01
1.114573760430077698e+01
1.357274890000563339e+01
1.263472687307823961e+01
1.361501095276799411e+01
1.344562439016960020e+01
1.238322912736174608e+01
1.314125141410750786e+01
1.680385296906098347e+01
1.195585242260522918e+01
1.342774711545711241e+01
1.263472687307823961e+01
1.328238002657887229e+01
1.405440790422729513e+01
1.310741338823408064e+01
1.661297001246638061e+01
1.289183995896322621e+01
1.411918750981588921e+01
1.671706496192060953e+01
1.311412652184183081e+01
1.661297001246638061e+01
1.343364149425886822e+01
1.400054172122599816e+01
1.648219256221702267e+01
1.268984123565293487e+01
1.632943517312348192e+01
1.260149921415998087e+01
1.281800126580315968e+01
1.667359535978030394e+01
1.345028188966255200e+01
1.344562439016960020e+01
1.296352769246291814e+01
1.292994249102330429e+01
1.343829899375181824e+01
1.656474664398707120e+01
1.313881970228554152e+01
1.686878920045581509e+01
1.328703752607182231e+01
1.379704725456910630e+01
1.440363554775521848e+01
1.245253988242260235e+01
1.678683415025761860e+01
1.082329399426932959e+01
1.656940414348002122e+01
1.669533586611588305e+01
1.394574514304738599e+01
1.358354792933832478e+01
1.654761015826780834e+01
1.422156459746230972e+01
1.350175678971652005e+01
1.128972950817399301e+01
1.287291330099306030e+01
1.328494360578058853e+01
1.356422315238702403e+01
1.332253224323180696e+01
