2.869000000000000217e+00
2.693000000000000060e+00
2.642999999999999794e+00
2.859999999999999876e+00
2.744000000000000217e+00
2.423999999999999932e+00
2.923999999999999932e+00
2.595000000000000195e+00
3.071000000000000174e+00
2.656000000000000139e+00
2.600000000000000089e+00
2.829000000000000181e+00
2.342000000000000082e+00
2.593999999999999861e+00
2.581999999999999851e+00
2.770999999999999908e+00
3.088000000000000078e+00
2.504999999999999893e+00
2.693999999999999950e+00
2.572999999999999954e+00
2.748000000000000220e+00
2.474000000000000199e+00
2.625000000000000000e+00
2.585999999999999854e+00
2.615000000000000213e+00
2.379999999999999893e+00
2.648000000000000131e+00
2.722999999999999865e+00
2.649999999999999911e+00
2.799999999999999822e+00
2.697999999999999954e+00
2.761000000000000121e+00
3.045999999999999819e+00
2.626999999999999780e+00
2.778000000000000025e+00
2.883000000000000007e+00
2.605999999999999872e+00
2.552000000000000046e+00
2.785000000000000142e+00
2.587000000000000188e+00
2.487000000000000099e+00
2.907999999999999918e+00
2.888999999999999790e+00
2.662999999999999812e+00
2.483999999999999986e+00
3.081999999999999851e+00
2.560000000000000053e+00
2.688000000000000167e+00
3.029999999999999805e+00
2.410000000000000142e+00
2.548000000000000043e+00
2.988999999999999879e+00
2.649999999999999911e+00
2.692000000000000171e+00
3.170999999999999819e+00
2.708000000000000185e+00
2.591000000000000192e+00
2.807999999999999829e+00
2.787999999999999812e+00
2.803999999999999826e+00
2.661999999999999922e+00
2.851999999999999869e+00
2.476999999999999869e+00
2.492999999999999883e+00
2.883000000000000007e+00
2.734999999999999876e+00
2.673999999999999932e+00
2.541999999999999815e+00
2.617999999999999883e+00
2.634999999999999787e+00
2.577999999999999847e+00
2.492999999999999883e+00
2.902000000000000135e+00
2.661000000000000032e+00
2.511000000000000121e+00
2.536000000000000032e+00
2.456999999999999851e+00
2.415000000000000036e+00
2.656000000000000139e+00
2.563000000000000167e+00
3.024999999999999911e+00
2.611000000000000210e+00
2.918000000000000149e+00
2.523000000000000131e+00
2.628000000000000114e+00
2.927999999999999936e+00
3.103000000000000203e+00
2.633999999999999897e+00
2.519000000000000128e+00
2.536000000000000032e+00
2.426000000000000156e+00
2.592999999999999972e+00
2.427000000000000046e+00
2.495000000000000107e+00
2.759999999999999787e+00
2.686999999999999833e+00
2.604000000000000092e+00
2.249000000000000110e+00
2.729000000000000092e+00
2.552000000000000046e+00
2.507000000000000117e+00
3.032000000000000028e+00
2.487000000000000099e+00
2.783999999999999808e+00
2.603000000000000203e+00
2.876999999999999780e+00
2.830000000000000071e+00
2.553999999999999826e+00
2.543000000000000149e+00
2.580999999999999961e+00
