1.526701427636748676e+01
1.732867163045874648e+01
2.046713522412657582e+01
1.614024162001500073e+01
2.070954231738889106e+01
1.702750997293431112e+01
1.596580749044085579e+01
1.739691243724555747e+01
1.729362186102876464e+01
1.651368608728346032e+01
1.714685274590073405e+01
1.732867163045874648e+01
1.603852801960210428e+01
1.640533185109458003e+01
1.616470188311260614e+01
1.604397192981834763e+01
1.601545904983722934e+01
1.574853292704054653e+01
1.725028993387319787e+01
1.566548071312747759e+01
1.612383929863418786e+01
1.574853292704054653e+01
2.072331477970982050e+01
1.660152948955502694e+01
1.782239356835615141e+01
1.594706689296726765e+01
1.687713435560376496e+01
2.042753060665084774e+01
1.581918364736550942e+01
2.046713522412657582e+01
1.545996746969273339e+01
1.711753263813385573e+01
1.702750997293431112e+01
2.031831731818170894e+01
2.033224399145666439e+01
1.714685274590073405e+01
1.725028993387319787e+01
2.083058349244687690e+01
2.084361351389087602e+01
1.666437668596547894e+01
1.777505752593190991e+01
1.675408436981355464e+01
1.566548071312747759e+01
2.046713522412657582e+01
1.613248084692779116e+01
1.586950923002794056e+01
2.083058349244687690e+01
1.711753263813385573e+01
1.652110085981542298e+01
1.687713435560376496e+01
1.702750997293431112e+01
1.675408436981355464e+01
1.532932430305944393e+01
2.038717473164658145e+01
1.652110085981542298e+01
1.596580749044085579e+01
1.672582394515940152e+01
1.713271843543073558e+01
1.782239356835615141e+01
1.670314761032276962e+01
1.596562538411902921e+01
1.648127796567601067e+01
1.617419821590481988e+01
1.696497775787533158e+01
1.605760479395610218e+01
1.685858124089874011e+01
1.671987640754572979e+01
1.553638355766158341e+01
1.769211989877905111e+01
1.729362186102876464e+01
1.651368608728346032e+01
1.688684166555289323e+01
1.689715446331691595e+01
1.625586163873870404e+01
1.645088241345023405e+01
1.719155384447623547e+01
2.079097887497115238e+01
1.726168143166531266e+01
1.605760479395610218e+01
1.806332903093390385e+01
1.782239356835615141e+01
1.737180477370880993e+01
1.559316528323505224e+01
1.550220182548294545e+01
1.709906535509077585e+01
2.070954231738889106e+01
2.042753060665084774e+01
1.672390735829065278e+01
2.063953566897849257e+01
1.776535021598278163e+01
2.038717473164658145e+01
1.574112101700704436e+01
1.707350292964417449e+01
1.627632234126724597e+01
1.694829195516124543e+01
1.798492366895892403e+01
1.651368608728346032e+01
1.702750997293431112e+01
1.606657785593458954e+01
1.751063111731360422e+01
1.675408436981355464e+01
1.601237993327554321e+01
1.599807761706928844e+01
1.579676100056607524e+01
1.662702018002721971e+01
2.055647586427454954e+01
1.725028993387319787e+01
1.569630421730677483e+01
1.730041120580459335e+01
1.702750997293431112e+01
2.031831731818170894e+01
1.673491593838167546e+01
1.662978991420918007e+01
1.626075762928349278e+01
1.675408436981355464e+01
2.085655614376432254e+01
1.699924954828015800e+01
1.729362186102876464e+01
1.589947827732740748e+01
1.638585925367197049e+01
1.533105782756913982e+01
2.086941040243926437e+01
1.648542566262930720e+01
1.614382563245662894e+01
1.582875955016848124e+01
1.737550342733350561e+01
1.555299040116753240e+01
1.699205012804931769e+01
1.675408436981355464e+01
2.083058349244687690e+01
1.640663355762233877e+01
1.699359507882124376e+01
1.554293882174553687e+01
1.702750997293431112e+01
1.648728756695448894e+01
1.593479621095080034e+01
1.702750997293431112e+01
1.782239356835615141e+01
1.680856869377004870e+01
1.688684166555289323e+01
1.757636479361531201e+01
1.794928840352418575e+01
1.601492486464788456e+01
1.545737822330017153e+01
1.640875046037367113e+01
2.084361351389087602e+01
1.762147540063862294e+01
1.590511593293575743e+01
1.719279862630041578e+01
1.765707012934906572e+01
1.693794401102583791e+01
1.753856143887518826e+01
1.664424082996007925e+01
2.066776327719197681e+01
1.581213938278952469e+01
1.535308859824177219e+01
1.545410634060826638e+01
1.609496959113533876e+01
1.589340796342116491e+01
1.711753263813385573e+01
1.739095824125461220e+01
1.640540600064974797e+01
2.051872704196744124e+01
1.714685274590073405e+01
1.753856143887518826e+01
2.080426519335906121e+01
1.668316282595707634e+01
1.746251362341107694e+01
1.776535021598278163e+01
1.788145404290850138e+01
1.560137945234310486e+01
2.045401879073998685e+01
1.711753263813385573e+01
1.699323818252948470e+01
1.674439176262735884e+01
1.560137945234310486e+01
1.681861491400204400e+01
1.629940718676184019e+01
2.080426519335906121e+01
2.084361351389087602e+01
2.035986651138951586e+01
1.644924918093726518e+01
2.073700866711180169e+01
1.714685274590073405e+01
1.751030101422103513e+01
1.596852057832865768e+01
1.791572583331332780e+01
1.601237993327554321e+01
2.068176558650201358e+01
1.657429776303206026e+01
1.518251617411181442e+01
1.662978991420918007e+01
1.697502843769101233e+01
1.699924954828015800e+01
1.618258907005760605e+01
2.089484988768180429e+01
1.576726187828595371e+01
1.762147540063862294e+01
1.806332903093390385e+01
1.662978991420918007e+01
1.754438980517604918e+01
2.091992413259485417e+01
1.592723757542663421e+01
1.526514224643840478e+01
1.643927705924527061e+01
1.637960746275673074e+01
1.684887393094961183e+01
1.662978991420918007e+01
1.782239356835615141e+01
1.702750997293431112e+01
1.638151128618917340e+01
1.717511317055488718e+01
1.671149596013644256e+01
1.574853292704054653e+01
2.045401879073998685e+01
1.581755460892856746e+01
1.725028993387319787e+01
1.718445275862079669e+01
2.049310787544401791e+01
1.597255652204110277e+01
1.776535021598278163e+01
1.556588221749684564e+01
1.551133679626478923e+01
1.748096245269216453e+01
1.662978991420918007e+01
1.580705875777328018e+01
1.725028993387319787e+01
1.545996746969273339e+01
1.714685274590073405e+01
1.739095824125461220e+01
1.729362186102876464e+01
1.604318528930203769e+01
1.699323818252948470e+01
1.699323818252948470e+01
1.707556406648393832e+01
1.645929366981799546e+01
1.562888893380551281e+01
1.702750997293431112e+01
1.745894530003584677e+01
1.777505752593190991e+01
1.605948252825543321e+01
1.766385947412489799e+01
1.746251362341107694e+01
1.667594556518208293e+01
1.555299040116753240e+01
1.753856143887518826e+01
2.085655614376432254e+01
1.675408436981355464e+01
1.717511317055488718e+01
1.600415055064080150e+01
1.702750997293431112e+01
1.580995074700813774e+01
1.746251362341107694e+01
1.729362186102876464e+01
2.065368631147482148e+01
1.605899416795370271e+01
1.566761979718350872e+01
2.035986651138951586e+01
1.718509315858751663e+01
1.569211555104225653e+01
2.031831731818170894e+01
1.785065399301030453e+01
1.717511317055488718e+01
1.589215380971448965e+01
1.729484941800135545e+01
1.723537079815340078e+01
2.084361351389087602e+01
2.076415679864710384e+01
1.570471324764507060e+01
2.089484988768180429e+01
1.622904776113061232e+01
1.662978991420918007e+01
2.068176558650201358e+01
1.582246132530682914e+01
1.776535021598278163e+01
1.755443065513609469e+01
1.648542566262930720e+01
1.579888101559416214e+01
1.702750997293431112e+01
2.075062299996688253e+01
1.628926566891763983e+01
1.680856869377004870e+01
1.569747327039023688e+01
1.560398133289952227e+01
1.637837313296818564e+01
1.648542566262930720e+01
1.581755460892856746e+01
1.782239356835615141e+01
1.819146099466322397e+01
1.698234281810018942e+01
1.566548071312747759e+01
1.700577696932995408e+01
1.745894530003584677e+01
2.079097887497115238e+01
1.540381360996564908e+01
1.630458276592139910e+01
1.722018470702797543e+01
2.041416081520421244e+01
1.582242234340768405e+01
1.675408436981355464e+01
1.603164180698002284e+01
1.674059384431589592e+01
1.691138541616491864e+01
2.080426519335906121e+01
1.528924149569838420e+01
1.624592956497812324e+01
1.791572583331332780e+01
1.675408436981355464e+01
1.620420085214428951e+01
1.550386565079907086e+01
2.086941040243926437e+01
1.690574709458493174e+01
1.673491593838167546e+01
1.662978991420918007e+01
1.771257373081774489e+01
1.699924954828015800e+01
1.611526679879125368e+01
1.560137945234310486e+01
1.722202950921904474e+01
1.696497775787533158e+01
1.699323818252948470e+01
1.675408436981355464e+01
1.686033272987575415e+01
1.777505752593190991e+01
1.764230023019257132e+01
1.587121785267325436e+01
1.709906535509077585e+01
1.684648435213998496e+01
1.746251362341107694e+01
1.688684166555289323e+01
1.711753263813385573e+01
1.719279862630041578e+01
1.722202950921904474e+01
1.714685274590073405e+01
1.689511046021241825e+01
1.555299040116753240e+01
1.769211989877905111e+01
1.690574709458493174e+01
1.777505752593190991e+01
1.685858124089874011e+01
1.605411228455798778e+01
2.026186406101065529e+01
1.684887393094961183e+01
1.675408436981355464e+01
2.075062299996688253e+01
2.085655614376432254e+01
1.535308859824177219e+01
1.672582394515940152e+01
1.577679335169469965e+01
1.751030101422103513e+01
1.574853292704054653e+01
1.646493328140576295e+01
1.688499049627365878e+01
1.621084949471175918e+01
1.705340538327411792e+01
1.604318528930203769e+01
1.701079243648426953e+01
2.080426519335906121e+01
1.755624689462071686e+01
1.630458276592139910e+01
2.021876765544033105e+01
1.581755460892856746e+01
1.651368608728346032e+01
2.037356039879150060e+01
1.611198119536084761e+01
1.655949222905825380e+01
1.595325448520693712e+01
1.663977060958754706e+01
2.063953566897849257e+01
1.567463072152230552e+01
1.609557887398003473e+01
1.766385947412489799e+01
1.675408436981355464e+01
1.699924954828015800e+01
1.572210584546542833e+01
1.681775464265846054e+01
1.703117586395114458e+01
1.717511317055488718e+01
1.569211555104225653e+01
2.046713522412657582e+01
1.635415507977576866e+01
1.702750997293431112e+01
1.596482772066340594e+01
1.629114530752007894e+01
1.648542566262930720e+01
1.745894530003584677e+01
1.730041120580459335e+01
1.604318528930203769e+01
1.688684166555289323e+01
2.051872704196744124e+01
1.555448890642820103e+01
1.651061446314617243e+01
1.648542566262930720e+01
1.702750997293431112e+01
1.716171563183030102e+01
1.648127796567601067e+01
2.076415679864710384e+01
1.662978991420918007e+01
1.758395913168385860e+01
2.046713522412657582e+01
1.613299340616345390e+01
2.076415679864710384e+01
1.717511317055488718e+01
1.746744690296103286e+01
2.068176558650201358e+01
1.676885426897004905e+01
2.058221592376063569e+01
1.764230023019257132e+01
1.560356447395153978e+01
2.044081692503875658e+01
1.766385947412489799e+01
1.730041120580459335e+01
1.567359055959714098e+01
1.599570653829865918e+01
1.753856143887518826e+01
2.037356039879150060e+01
1.621688085450358585e+01
2.055647586427454954e+01
1.739095824125461220e+01
1.798492366895892403e+01
1.749675151369391557e+01
1.663977060958754706e+01
2.086941040243926437e+01
1.530203244480717650e+01
2.073700866711180169e+01
2.045401879073998330e+01
1.801318409361307715e+01
1.703939383350238401e+01
2.072331477970982405e+01
1.689311532613222866e+01
1.658112297437069671e+01
1.610456928532734722e+01
1.791572583331332780e+01
1.714685274590073405e+01
1.664184421658962520e+01
1.639048911752276894e+01
