5.424898643082944005e+00
5.354465373950715978e+00
5.531045160265977145e+00
5.370505787166530709e+00
5.685745117706534124e+00
5.325738461361956055e+00
4.897458838591240315e+00
5.148875676873429619e+00
4.739247506229023799e+00
5.277892797844862649e+00
5.271616514564839484e+00
5.354465373950715978e+00
4.903740157855474457e+00
5.651247397530360317e+00
5.628696101268859664e+00
5.617679277691822293e+00
5.615107988528414751e+00
5.145732271788052259e+00
5.468903397379498266e+00
4.388405256793862286e+00
5.243906794778275149e+00
5.145732271788052259e+00
5.686039110651375239e+00
5.220181918071544303e+00
5.457752682276345801e+00
5.608987641221363951e+00
5.434443290449700648e+00
5.530630026927341625e+00
5.597717522865290896e+00
5.531045160265977145e+00
4.288193301290477599e+00
5.456423427383453983e+00
5.325738461361956055e+00
5.528542454113361870e+00
5.528879173537720071e+00
5.271616514564839484e+00
5.468903397379498266e+00
5.687595652870815144e+00
5.687687934099532328e+00
4.958030832141732347e+00
4.783338702245854002e+00
5.299872934778615985e+00
4.388405256793862286e+00
5.531045160265977145e+00
5.625735392921606959e+00
5.478466416621843749e+00
5.687595652870815144e+00
5.456423427383453983e+00
4.945230394154945586e+00
5.434443290449700648e+00
5.325738461361956055e+00
5.299872934778615985e+00
5.430229541751161904e+00
5.530011465043799035e+00
4.945230394154945586e+00
4.897458838591240315e+00
5.231649912004975533e+00
5.001781553561401417e+00
5.457752682276345801e+00
5.679665770395724067e+00
5.610641868581408787e+00
5.067049766398748822e+00
5.629571531480816127e+00
5.376732410676383189e+00
5.297215294633605964e+00
5.244129882001019816e+00
5.681260929487120137e+00
4.847810549419611981e+00
5.511015866555553977e+00
4.739247506229023799e+00
5.277892797844862649e+00
5.312352904774660267e+00
5.698083076426538440e+00
5.515110385234117452e+00
5.533695308187768447e+00
5.601056238070556859e+00
5.687180519532179623e+00
5.136104485316934642e+00
5.297215294633605964e+00
4.810825334809673670e+00
5.457752682276345801e+00
5.024607368789206774e+00
5.453287492339297771e+00
4.840982759266251101e+00
4.722329301715548766e+00
5.685745117706534124e+00
5.530630026927341625e+00
4.690216442527090912e+00
5.683957088870371877e+00
4.905429087920894382e+00
5.530011465043799035e+00
4.434798932173264596e+00
5.590857234177120993e+00
5.191213853790626054e+00
5.579768799436489068e+00
5.472855763899457493e+00
5.277892797844862649e+00
5.325738461361956055e+00
4.906137500145511865e+00
5.159713102910809646e+00
5.299872934778615985e+00
4.550185679942570616e+00
4.900261110465361725e+00
5.595763696570455359e+00
5.550300465507624459e+00
5.531193761970543576e+00
5.468903397379498266e+00
4.871211254952919845e+00
5.286242351177075527e+00
5.325738461361956055e+00
5.528542454113361870e+00
5.088709525888857499e+00
5.288404940845184754e+00
5.515578181850981920e+00
5.299872934778615985e+00
5.687756849121578639e+00
5.257515438588315604e+00
4.739247506229023799e+00
5.224788673304838760e+00
5.527514353966980210e+00
5.430378348349250928e+00
5.687802207178200398e+00
5.209669775071222197e+00
5.626776138539727690e+00
5.598553876008801389e+00
4.871443084854307770e+00
4.349901145103403088e+00
4.988395996974105628e+00
5.299872934778615985e+00
5.687595652870815144e+00
5.393602443751046138e+00
5.111496715372254585e+00
5.574003586057973081e+00
5.325738461361956055e+00
5.400457287383114036e+00
4.894734715857786078e+00
5.325738461361956055e+00
5.457752682276345801e+00
4.971209340283447631e+00
5.312352904774660267e+00
5.043962727334926122e+00
5.789412250009258187e+00
5.168828928372567688e+00
5.441310431678988202e+00
5.651572144415819565e+00
5.687687934099532328e+00
5.316305271294619494e+00
5.605266062261328841e+00
4.730422674035460240e+00
4.895797998833861797e+00
4.983284849728958577e+00
5.496390029943317934e+00
5.551910110654480590e+00
5.684735150192214093e+00
4.883440030662914211e+00
4.256266565111074485e+00
4.303982904638457008e+00
5.622307353384079498e+00
4.891034432896551820e+00
5.456423427383453983e+00
5.482288953966794054e+00
5.268261708757830064e+00
5.531273324905806810e+00
5.271616514564839484e+00
5.496390029943317934e+00
5.687341754828386442e+00
5.677759012100653813e+00
4.878879794320386765e+00
4.905429087920894382e+00
4.915941230921217375e+00
4.372065322197406623e+00
5.530929703589343660e+00
5.456423427383453983e+00
5.444955433450023641e+00
5.089529049650244552e+00
4.372065322197406623e+00
5.690652268606656961e+00
5.519269924513726444e+00
5.687341754828386442e+00
5.687687934099532328e+00
5.529488618046537241e+00
4.938917937823189774e+00
5.686311454218327732e+00
5.271616514564839484e+00
5.428167007169677483e+00
5.230704176328335286e+00
4.796724258833149790e+00
4.550185679942570616e+00
5.685092946718199869e+00
5.407893996849193030e+00
5.417710030027663493e+00
5.288404940845184754e+00
5.705405391310072183e+00
5.257515438588315604e+00
5.183120481470714580e+00
5.687821489360159077e+00
4.436875858664396155e+00
5.316305271294619494e+00
4.810825334809673670e+00
5.288404940845184754e+00
5.040956633044467949e+00
5.687744254575381575e+00
5.483863731027921240e+00
5.424738963480184140e+00
4.938047211870645548e+00
5.648806380821381978e+00
5.366220267676060196e+00
5.288404940845184754e+00
5.457752682276345801e+00
5.325738461361956055e+00
5.058534367227222717e+00
5.339839537338479936e+00
5.680461935448446908e+00
5.145732271788052259e+00
5.530929703589343660e+00
4.460533397243295006e+00
5.468903397379498266e+00
5.724799572785520319e+00
5.531206356516740641e+00
5.611260928441638818e+00
4.905429087920894382e+00
5.450860717408265721e+00
4.313534478146557660e+00
5.034970027024145089e+00
5.288404940845184754e+00
4.882945381171476917e+00
5.468903397379498266e+00
4.288193301290477599e+00
5.271616514564839484e+00
5.482288953966794054e+00
4.739247506229023799e+00
5.237051951146208140e+00
5.444955433450023641e+00
5.444955433450023641e+00
4.996330786109579591e+00
4.939796277562549243e+00
5.456480908642572736e+00
5.325738461361956055e+00
5.301202189671507803e+00
4.783338702245854002e+00
4.905531979684166544e+00
5.442792843781913525e+00
4.878879794320386765e+00
4.959077154991569536e+00
4.349901145103403088e+00
5.496390029943317934e+00
5.687756849121578639e+00
5.299872934778615985e+00
5.339839537338479936e+00
5.491118114951640372e+00
5.325738461361956055e+00
5.596912235530010271e+00
4.878879794320386765e+00
4.739247506229023799e+00
5.684356467323353534e+00
4.571112970733198111e+00
4.867751951658197740e+00
5.529488618046537241e+00
5.600505049896638887e+00
4.870719957582329229e+00
5.528542454113361870e+00
5.525975705049986253e+00
5.339839537338479936e+00
5.604121079181664022e+00
4.864588241222239873e+00
5.011588527354933653e+00
5.687687934099532328e+00
5.686790430183552125e+00
5.463319347143706928e+00
5.687821489360159077e+00
4.919949886977720510e+00
5.288404940845184754e+00
5.685092946718199869e+00
5.598003660731626141e+00
4.905429087920894382e+00
5.163897296720339369e+00
5.209669775071222197e+00
5.471927089316887205e+00
5.325738461361956055e+00
5.686561957648637922e+00
4.925090037268725851e+00
4.971209340283447631e+00
5.587183612912555830e+00
5.454252455573813663e+00
5.325379420977405687e+00
5.209669775071222197e+00
4.460533397243295006e+00
5.457752682276345801e+00
5.806717371545174977e+00
5.110486382649146009e+00
4.388405256793862286e+00
4.989696917635844109e+00
5.301202189671507803e+00
5.687180519532179623e+00
4.280325366059558156e+00
5.259436876564266505e+00
4.858240466404367019e+00
5.530446188459479551e+00
4.884432723781081620e+00
5.299872934778615985e+00
5.493724475814595110e+00
5.356589178589027611e+00
4.980787467970020366e+00
5.687341754828386442e+00
5.426796553647166732e+00
4.921388286099581677e+00
4.796724258833149790e+00
5.299872934778615985e+00
4.917835741239930947e+00
4.327190918451745638e+00
5.687802207178200398e+00
5.103656560050008117e+00
5.088709525888857499e+00
5.288404940845184754e+00
5.642168730961243384e+00
5.257515438588315604e+00
5.624159742955752606e+00
4.372065322197406623e+00
5.400680374605857814e+00
5.376732410676383189e+00
5.444955433450023641e+00
5.299872934778615985e+00
5.694604417871337532e+00
4.783338702245854002e+00
4.770858732249809719e+00
5.156565650531198308e+00
4.722329301715548766e+00
4.974724082577663076e+00
4.878879794320386765e+00
5.312352904774660267e+00
5.456423427383453983e+00
4.730422674035460240e+00
5.400680374605857814e+00
5.271616514564839484e+00
5.102714617323409030e+00
4.349901145103403088e+00
5.511015866555553977e+00
5.103656560050008117e+00
4.783338702245854002e+00
5.244129882001019816e+00
5.618596545223359051e+00
5.526986712987184802e+00
5.366220267676060196e+00
5.299872934778615985e+00
5.686561957648637922e+00
5.687756849121578639e+00
4.256266565111074485e+00
5.231649912004975533e+00
5.213955294561692710e+00
5.428167007169677483e+00
5.145732271788052259e+00
5.656918897628449017e+00
5.696934982236316003e+00
5.251343504244355032e+00
5.712719587432204982e+00
5.237051951146208140e+00
5.708750375235892349e+00
5.687341754828386442e+00
4.886973166640299127e+00
5.259436876564266505e+00
5.525605941787466335e+00
4.460533397243295006e+00
5.277892797844862649e+00
5.529760961613489734e+00
5.302282764392890257e+00
5.073692806862760918e+00
4.896360335180117929e+00
5.347764346395464941e+00
5.683957088870371877e+00
5.585224444270791011e+00
5.175683772004634697e+00
5.442792843781913525e+00
5.299872934778615985e+00
5.257515438588315604e+00
4.874145624004668775e+00
5.690570658613951949e+00
5.710651303330333661e+00
5.339839537338479936e+00
4.870719957582329229e+00
5.531045160265977145e+00
5.646396318909236101e+00
5.325738461361956055e+00
4.528615814802244621e+00
5.518480968440554690e+00
5.209669775071222197e+00
5.301202189671507803e+00
5.286242351177075527e+00
5.237051951146208140e+00
5.312352904774660267e+00
5.531273324905806810e+00
5.125961706962230302e+00
4.944304800957275425e+00
5.209669775071222197e+00
5.325738461361956055e+00
5.004550631485679801e+00
5.067049766398748822e+00
5.686790430183552125e+00
5.288404940845184754e+00
5.166719037985672003e+00
5.531045160265977145e+00
4.911787316381577284e+00
5.686790430183552125e+00
5.339839537338479936e+00
5.155591589017530119e+00
5.685092946718199869e+00
5.424812201362668063e+00
5.682156434392304334e+00
4.770858732249809719e+00
4.859037364597693198e+00
5.530791262223548443e+00
5.442792843781913525e+00
5.286242351177075527e+00
5.460502486117487564e+00
5.613333528716432319e+00
5.496390029943317934e+00
5.529760961613489734e+00
5.633522166875048143e+00
5.531193761970543576e+00
5.482288953966794942e+00
5.472855763899457493e+00
5.036463003812267303e+00
5.347764346395464941e+00
5.687802207178200398e+00
4.231854764189024287e+00
5.686311454218327732e+00
5.530929703589343660e+00
5.541078786673098833e+00
5.115627647596407535e+00
5.686039110651375239e+00
5.574803594461362088e+00
5.668011796028457283e+00
4.591349424778103483e+00
4.796724258833149790e+00
5.271616514564839484e+00
5.673813739182072879e+00
4.933805171014472357e+00
