2.404999999999999805e+00
2.137000000000000011e+00
2.011000000000000121e+00
2.306999999999999940e+00
1.905999999999999917e+00
1.965999999999999970e+00
2.294999999999999929e+00
2.120999999999999996e+00
2.725999999999999979e+00
1.991999999999999993e+00
2.025999999999999801e+00
2.113999999999999879e+00
2.165000000000000036e+00
2.658999999999999808e+00
2.079000000000000181e+00
2.269000000000000128e+00
2.817000000000000171e+00
1.987000000000000099e+00
2.126999999999999780e+00
2.025999999999999801e+00
2.024000000000000021e+00
2.190999999999999837e+00
2.065999999999999837e+00
2.069999999999999840e+00
2.361000000000000210e+00
1.953999999999999959e+00
2.427000000000000046e+00
2.063000000000000167e+00
1.883999999999999897e+00
2.116000000000000103e+00
2.244000000000000217e+00
1.949000000000000066e+00
2.516000000000000014e+00
2.061999999999999833e+00
2.125000000000000000e+00
2.220000000000000195e+00
2.112000000000000099e+00
2.253000000000000114e+00
2.193999999999999950e+00
1.927999999999999936e+00
2.129000000000000004e+00
2.488999999999999879e+00
2.000000000000000000e+00
2.108999999999999986e+00
1.931000000000000050e+00
2.472999999999999865e+00
2.056000000000000050e+00
2.299999999999999822e+00
2.376999999999999780e+00
1.907000000000000028e+00
2.205000000000000071e+00
2.620000000000000107e+00
2.200000000000000178e+00
2.218999999999999861e+00
2.575000000000000178e+00
2.182999999999999829e+00
2.040999999999999925e+00
2.436999999999999833e+00
2.133999999999999897e+00
2.193999999999999950e+00
2.052999999999999936e+00
2.293000000000000149e+00
2.250999999999999890e+00
2.084999999999999964e+00
2.162999999999999812e+00
2.346000000000000085e+00
2.307999999999999829e+00
2.168000000000000149e+00
1.917000000000000037e+00
2.186999999999999833e+00
2.194999999999999840e+00
2.032000000000000028e+00
2.392999999999999794e+00
2.250999999999999890e+00
2.224000000000000199e+00
1.836000000000000076e+00
2.266999999999999904e+00
2.024999999999999911e+00
2.112999999999999989e+00
2.137999999999999901e+00
2.537999999999999812e+00
2.285000000000000142e+00
2.516000000000000014e+00
2.142999999999999794e+00
2.097999999999999865e+00
2.547000000000000153e+00
2.439000000000000057e+00
2.130999999999999783e+00
2.137000000000000011e+00
2.076000000000000068e+00
1.808000000000000052e+00
1.816999999999999948e+00
2.125999999999999890e+00
1.957999999999999963e+00
2.059000000000000163e+00
2.350999999999999979e+00
2.057999999999999829e+00
1.941999999999999948e+00
2.189000000000000057e+00
2.197000000000000064e+00
2.103000000000000203e+00
2.653000000000000025e+00
2.029999999999999805e+00
2.031000000000000139e+00
2.310000000000000053e+00
2.564000000000000057e+00
2.041999999999999815e+00
2.000000000000000000e+00
2.265000000000000124e+00
1.911999999999999922e+00
