2.089999999999999858e+00
2.027000000000000135e+00
2.181000000000000050e+00
1.872000000000000108e+00
2.149999999999999911e+00
1.788999999999999924e+00
1.772999999999999909e+00
2.333000000000000185e+00
2.379999999999999893e+00
1.959999999999999964e+00
1.887999999999999901e+00
2.111000000000000210e+00
1.727999999999999980e+00
2.407000000000000028e+00
1.981999999999999984e+00
2.097999999999999865e+00
2.369000000000000217e+00
2.061999999999999833e+00
2.286000000000000032e+00
2.013999999999999790e+00
2.015000000000000124e+00
1.913000000000000034e+00
2.052999999999999936e+00
1.979999999999999982e+00
1.883000000000000007e+00
1.743000000000000105e+00
1.812000000000000055e+00
1.798000000000000043e+00
2.137000000000000011e+00
1.971000000000000085e+00
2.123000000000000220e+00
1.802999999999999936e+00
2.049999999999999822e+00
1.905000000000000027e+00
2.088000000000000078e+00
1.780000000000000027e+00
2.004000000000000004e+00
2.008999999999999897e+00
1.949999999999999956e+00
2.137000000000000011e+00
1.828999999999999959e+00
2.378000000000000114e+00
2.431999999999999940e+00
1.963000000000000078e+00
2.072000000000000064e+00
2.330000000000000071e+00
2.016999999999999904e+00
2.067000000000000171e+00
2.395999999999999908e+00
1.887999999999999901e+00
2.016000000000000014e+00
2.184000000000000163e+00
2.185000000000000053e+00
2.157000000000000028e+00
2.431999999999999940e+00
2.126999999999999780e+00
2.109999999999999876e+00
2.285000000000000142e+00
1.921999999999999931e+00
1.985999999999999988e+00
2.073999999999999844e+00
1.822000000000000064e+00
2.009999999999999787e+00
1.985999999999999988e+00
1.806999999999999940e+00
1.991999999999999993e+00
1.858000000000000096e+00
2.100000000000000089e+00
1.875000000000000000e+00
2.049999999999999822e+00
1.999000000000000110e+00
1.949999999999999956e+00
1.778000000000000025e+00
1.975000000000000089e+00
2.021999999999999797e+00
2.208000000000000185e+00
1.840000000000000080e+00
1.911999999999999922e+00
2.140000000000000124e+00
1.887000000000000011e+00
2.123000000000000220e+00
2.012999999999999901e+00
2.076999999999999957e+00
2.067000000000000171e+00
2.254000000000000004e+00
2.714999999999999858e+00
2.375000000000000000e+00
1.875999999999999890e+00
1.792000000000000037e+00
1.947000000000000064e+00
1.770999999999999908e+00
2.091000000000000192e+00
1.931999999999999940e+00
1.975000000000000089e+00
1.981999999999999984e+00
2.103000000000000203e+00
1.973999999999999977e+00
1.993999999999999995e+00
2.064999999999999947e+00
2.024000000000000021e+00
2.084000000000000075e+00
2.733999999999999986e+00
1.889000000000000012e+00
1.903999999999999915e+00
1.977000000000000091e+00
2.259999999999999787e+00
2.137999999999999901e+00
1.925999999999999934e+00
1.868000000000000105e+00
1.673999999999999932e+00
