2.055000000000000160e+00
2.032999999999999918e+00
2.053999999999999826e+00
2.007000000000000117e+00
2.406000000000000139e+00
1.862000000000000099e+00
1.844999999999999973e+00
2.063000000000000167e+00
1.903000000000000025e+00
2.065999999999999837e+00
1.671999999999999931e+00
1.862000000000000099e+00
2.176000000000000156e+00
2.104999999999999982e+00
2.069999999999999840e+00
2.129999999999999893e+00
2.043000000000000149e+00
2.036000000000000032e+00
1.879999999999999893e+00
1.655000000000000027e+00
1.929000000000000048e+00
1.856000000000000094e+00
2.511000000000000121e+00
2.063000000000000167e+00
1.925999999999999934e+00
1.951000000000000068e+00
2.101999999999999869e+00
2.714999999999999858e+00
1.951000000000000068e+00
2.423999999999999932e+00
1.840999999999999970e+00
2.060000000000000053e+00
1.979000000000000092e+00
2.423999999999999932e+00
2.471000000000000085e+00
1.919999999999999929e+00
2.181000000000000050e+00
2.330000000000000071e+00
2.301000000000000156e+00
1.935999999999999943e+00
1.830000000000000071e+00
2.124000000000000110e+00
1.713000000000000078e+00
2.471000000000000085e+00
2.063000000000000167e+00
2.053999999999999826e+00
2.611000000000000210e+00
2.213000000000000078e+00
2.104999999999999982e+00
1.961000000000000076e+00
1.945000000000000062e+00
2.181000000000000050e+00
1.913000000000000034e+00
2.375000000000000000e+00
2.099000000000000199e+00
1.860000000000000098e+00
1.737999999999999989e+00
1.979999999999999982e+00
1.891000000000000014e+00
1.864999999999999991e+00
2.145999999999999908e+00
1.963999999999999968e+00
1.913000000000000034e+00
1.862999999999999989e+00
1.987999999999999989e+00
1.895999999999999908e+00
1.933000000000000052e+00
1.818999999999999950e+00
2.218999999999999861e+00
1.762999999999999901e+00
2.040000000000000036e+00
1.885999999999999899e+00
1.981000000000000094e+00
2.111000000000000210e+00
1.923000000000000043e+00
2.119000000000000217e+00
2.375000000000000000e+00
1.850000000000000089e+00
1.850999999999999979e+00
1.951999999999999957e+00
2.120000000000000107e+00
1.891999999999999904e+00
1.959999999999999964e+00
1.995000000000000107e+00
1.931000000000000050e+00
2.407000000000000028e+00
2.407000000000000028e+00
1.659999999999999920e+00
2.120000000000000107e+00
1.625999999999999890e+00
2.017999999999999794e+00
1.699000000000000066e+00
1.850000000000000089e+00
1.907999999999999918e+00
2.134999999999999787e+00
1.822000000000000064e+00
2.004999999999999893e+00
2.181000000000000050e+00
2.152000000000000135e+00
1.965000000000000080e+00
2.181999999999999940e+00
2.004999999999999893e+00
2.044000000000000039e+00
2.076000000000000068e+00
2.084999999999999964e+00
2.435000000000000053e+00
1.995999999999999996e+00
2.004999999999999893e+00
1.875000000000000000e+00
1.921999999999999931e+00
2.400999999999999801e+00
1.822999999999999954e+00
2.209999999999999964e+00
1.901000000000000023e+00
1.981999999999999984e+00
2.400999999999999801e+00
1.947999999999999954e+00
1.733000000000000096e+00
2.059000000000000163e+00
2.009999999999999787e+00
1.945000000000000062e+00
2.431999999999999940e+00
1.848000000000000087e+00
1.889000000000000012e+00
2.176000000000000156e+00
1.667999999999999927e+00
1.627000000000000002e+00
1.995999999999999996e+00
2.125999999999999890e+00
2.330000000000000071e+00
2.153000000000000025e+00
2.126999999999999780e+00
2.031000000000000139e+00
2.019000000000000128e+00
1.929999999999999938e+00
2.088000000000000078e+00
2.129999999999999893e+00
2.067000000000000171e+00
1.903000000000000025e+00
2.229999999999999982e+00
2.133999999999999897e+00
2.262999999999999901e+00
1.653000000000000025e+00
1.824000000000000066e+00
1.929999999999999938e+00
2.406000000000000139e+00
1.965999999999999970e+00
1.971999999999999975e+00
1.826000000000000068e+00
2.180000000000000160e+00
1.999000000000000110e+00
1.957999999999999963e+00
1.889999999999999902e+00
2.253000000000000114e+00
1.770999999999999908e+00
1.804999999999999938e+00
1.806000000000000050e+00
1.915999999999999925e+00
2.104999999999999982e+00
2.204000000000000181e+00
1.971000000000000085e+00
2.156000000000000139e+00
2.245999999999999996e+00
1.991000000000000103e+00
2.189000000000000057e+00
2.253000000000000114e+00
1.903000000000000025e+00
1.737000000000000099e+00
1.701999999999999957e+00
1.977999999999999980e+00
1.683000000000000052e+00
2.576000000000000068e+00
2.096000000000000085e+00
2.073999999999999844e+00
1.877999999999999892e+00
1.576000000000000068e+00
1.901999999999999913e+00
1.945000000000000062e+00
2.120000000000000107e+00
2.267999999999999794e+00
2.378000000000000114e+00
2.056999999999999940e+00
2.123000000000000220e+00
1.993000000000000105e+00
2.012999999999999901e+00
1.969999999999999973e+00
1.719999999999999973e+00
1.963000000000000078e+00
2.611000000000000210e+00
1.929000000000000048e+00
1.848000000000000087e+00
2.012999999999999901e+00
2.032000000000000028e+00
1.721999999999999975e+00
1.927000000000000046e+00
2.365000000000000213e+00
1.693000000000000060e+00
2.068000000000000060e+00
1.929000000000000048e+00
2.173999999999999932e+00
1.923000000000000043e+00
2.383999999999999897e+00
1.915999999999999925e+00
1.909999999999999920e+00
2.112999999999999989e+00
2.145999999999999908e+00
1.786999999999999922e+00
1.854000000000000092e+00
2.204000000000000181e+00
1.881000000000000005e+00
1.933000000000000052e+00
2.342999999999999972e+00
2.128000000000000114e+00
2.044999999999999929e+00
2.301000000000000156e+00
1.915000000000000036e+00
2.170999999999999819e+00
2.113999999999999879e+00
2.379999999999999893e+00
1.836000000000000076e+00
1.830000000000000071e+00
1.776999999999999913e+00
1.943999999999999950e+00
1.667000000000000037e+00
2.133999999999999897e+00
1.915000000000000036e+00
2.093999999999999861e+00
1.959999999999999964e+00
1.842999999999999972e+00
2.040999999999999925e+00
1.667999999999999927e+00
2.091000000000000192e+00
2.133000000000000007e+00
2.121999999999999886e+00
2.045999999999999819e+00
2.000000000000000000e+00
1.834999999999999964e+00
1.963000000000000078e+00
2.027000000000000135e+00
1.995000000000000107e+00
1.933999999999999941e+00
2.108000000000000096e+00
1.870000000000000107e+00
2.255999999999999783e+00
1.667999999999999927e+00
2.314000000000000057e+00
2.402000000000000135e+00
2.008999999999999897e+00
1.935999999999999943e+00
1.852000000000000091e+00
1.846000000000000085e+00
1.905000000000000027e+00
1.870000000000000107e+00
1.681999999999999940e+00
2.479999999999999982e+00
1.661999999999999922e+00
2.025999999999999801e+00
2.245999999999999996e+00
1.945999999999999952e+00
2.008999999999999897e+00
2.301000000000000156e+00
2.242999999999999883e+00
2.087000000000000188e+00
1.780000000000000027e+00
1.939000000000000057e+00
2.040000000000000036e+00
2.182999999999999829e+00
2.383999999999999897e+00
2.158999999999999808e+00
2.511000000000000121e+00
1.995999999999999996e+00
2.249000000000000110e+00
2.653999999999999915e+00
2.033999999999999808e+00
2.035000000000000142e+00
2.104000000000000092e+00
1.846000000000000085e+00
1.774000000000000021e+00
2.129999999999999893e+00
2.607000000000000206e+00
1.756000000000000005e+00
1.881000000000000005e+00
2.105999999999999872e+00
1.937000000000000055e+00
1.951999999999999957e+00
2.174999999999999822e+00
1.945000000000000062e+00
1.923000000000000043e+00
2.045999999999999819e+00
2.161000000000000032e+00
1.731999999999999984e+00
1.887999999999999901e+00
1.983000000000000096e+00
2.479999999999999982e+00
1.683000000000000052e+00
2.168000000000000149e+00
1.774000000000000021e+00
2.369000000000000217e+00
1.840999999999999970e+00
2.017999999999999794e+00
1.745000000000000107e+00
1.842000000000000082e+00
1.913000000000000034e+00
2.176000000000000156e+00
1.782999999999999918e+00
2.068000000000000060e+00
1.877999999999999892e+00
2.266999999999999904e+00
2.036000000000000032e+00
1.794999999999999929e+00
2.129999999999999893e+00
2.201999999999999957e+00
1.959999999999999964e+00
2.326000000000000068e+00
2.138999999999999790e+00
2.052000000000000046e+00
1.983000000000000096e+00
1.879999999999999893e+00
1.768999999999999906e+00
2.092000000000000082e+00
2.107000000000000206e+00
1.826999999999999957e+00
2.004000000000000004e+00
1.830999999999999961e+00
1.606999999999999984e+00
1.969999999999999973e+00
2.049999999999999822e+00
2.225000000000000089e+00
1.874000000000000110e+00
2.233000000000000096e+00
2.178999999999999826e+00
1.756999999999999895e+00
1.917999999999999927e+00
1.872000000000000108e+00
2.025999999999999801e+00
1.810999999999999943e+00
2.105999999999999872e+00
2.173000000000000043e+00
1.768999999999999906e+00
1.711000000000000076e+00
1.850999999999999979e+00
2.017999999999999794e+00
1.721000000000000085e+00
2.048999999999999932e+00
2.491999999999999993e+00
2.653999999999999915e+00
1.641000000000000014e+00
1.923999999999999932e+00
1.961000000000000076e+00
1.834999999999999964e+00
2.044999999999999929e+00
2.048999999999999932e+00
2.224000000000000199e+00
2.129999999999999893e+00
2.083000000000000185e+00
1.899000000000000021e+00
2.225000000000000089e+00
2.395999999999999908e+00
1.778000000000000025e+00
2.024999999999999911e+00
2.375000000000000000e+00
1.727999999999999980e+00
2.173000000000000043e+00
2.315999999999999837e+00
1.883999999999999897e+00
1.983999999999999986e+00
2.120999999999999996e+00
1.872999999999999998e+00
2.176000000000000156e+00
2.040999999999999925e+00
1.862999999999999989e+00
1.870999999999999996e+00
1.889000000000000012e+00
1.840000000000000080e+00
1.699000000000000066e+00
1.959999999999999964e+00
1.937000000000000055e+00
2.178999999999999826e+00
2.012000000000000011e+00
2.400999999999999801e+00
1.903000000000000025e+00
2.036000000000000032e+00
1.697999999999999954e+00
2.019000000000000128e+00
2.145999999999999908e+00
2.069999999999999840e+00
2.004999999999999893e+00
2.262000000000000011e+00
2.303999999999999826e+00
2.321000000000000174e+00
2.107000000000000206e+00
1.802999999999999936e+00
1.822999999999999954e+00
1.977999999999999980e+00
1.844999999999999973e+00
2.029999999999999805e+00
2.313000000000000167e+00
2.068000000000000060e+00
1.917999999999999927e+00
2.549999999999999822e+00
1.804000000000000048e+00
2.209999999999999964e+00
2.161999999999999922e+00
2.007000000000000117e+00
2.402000000000000135e+00
2.091000000000000192e+00
2.271999999999999797e+00
1.842999999999999972e+00
1.729000000000000092e+00
2.315999999999999837e+00
1.997000000000000108e+00
1.993000000000000105e+00
2.107000000000000206e+00
1.850000000000000089e+00
2.158999999999999808e+00
2.431999999999999940e+00
2.137000000000000011e+00
2.369000000000000217e+00
1.965000000000000080e+00
1.756999999999999895e+00
2.043000000000000149e+00
1.834000000000000075e+00
2.346000000000000085e+00
1.737000000000000099e+00
2.333000000000000185e+00
2.157999999999999918e+00
2.009999999999999787e+00
2.064999999999999947e+00
2.271999999999999797e+00
2.103000000000000203e+00
1.967000000000000082e+00
1.655000000000000027e+00
1.786000000000000032e+00
1.856999999999999984e+00
2.023000000000000131e+00
2.067000000000000171e+00
