1.160664483515267342e+01
1.313427320836048828e+01
1.540507478533614005e+01
1.271898403286407486e+01
1.528395683941206684e+01
1.301437568506116627e+01
1.150397434040805855e+01
1.201551417319316961e+01
1.062101693618363285e+01
1.283092445206976784e+01
1.117091990237301147e+01
1.313427320836048828e+01
1.152792619002164720e+01
1.201933114504602962e+01
1.193376816037619825e+01
1.189107839579588521e+01
1.188101237693056333e+01
1.067923144510499078e+01
1.310278587230797598e+01
1.040660420318102908e+01
1.269470947495680058e+01
1.067923144510499078e+01
1.531193201970722129e+01
1.097185487113784497e+01
1.144506570067483686e+01
1.185690045153650729e+01
1.297059595516397401e+01
1.531587251840799269e+01
1.181197936453824759e+01
1.540507478533614005e+01
1.035749247615197177e+01
1.305560868131545682e+01
1.301437568506116627e+01
1.508907193232565902e+01
1.511655623586647934e+01
1.117091990237301147e+01
1.310278587230797598e+01
1.554474628843034800e+01
1.557499391931422394e+01
1.174481368914577040e+01
1.079133194582686173e+01
1.291593717822125065e+01
1.040660420318102908e+01
1.540507478533614005e+01
1.192236570687739849e+01
1.181826800468618721e+01
1.554474628843034800e+01
1.305560868131545682e+01
1.169432171472548987e+01
1.297059595516397401e+01
1.301437568506116627e+01
1.291593717822125065e+01
1.162821486579608177e+01
1.522895424846751489e+01
1.169432171472548987e+01
1.150397434040805855e+01
1.101585609355637274e+01
1.191221247520933524e+01
1.144506570067483686e+01
1.213250257694742196e+01
1.186343828155744973e+01
1.169422958721351335e+01
1.193712980485534025e+01
1.111152637423205292e+01
1.080210672147062390e+01
1.106303328454889012e+01
1.213930786430691988e+01
1.138782817955763171e+01
1.327394471145469623e+01
1.062101693618363285e+01
1.283092445206976784e+01
1.296311436921376803e+01
1.221530440937895001e+01
1.195955274886035191e+01
1.203920056539201155e+01
1.244277092134121254e+01
1.545554402150220064e+01
1.196724430237245684e+01
1.080210672147062390e+01
1.089921856365098307e+01
1.144506570067483686e+01
1.200592137193225462e+01
1.172059156537190461e+01
1.138277187418357350e+01
1.055301275507899206e+01
1.528395683941206684e+01
1.531587251840799269e+01
1.042628297727868159e+01
1.514774647692859055e+01
1.079881353177706771e+01
1.522895424846751489e+01
1.030685830197354491e+01
1.236470672320853303e+01
1.085737628618831963e+01
1.228840226879069064e+01
1.152548056033882062e+01
1.283092445206976784e+01
1.301437568506116627e+01
1.153729319583489321e+01
1.205728396072731989e+01
1.291593717822125065e+01
1.044375748365539280e+01
1.151453808899176501e+01
1.180413160034454911e+01
1.211884713977408978e+01
1.562229019688060383e+01
1.310278587230797598e+01
1.142285365228861771e+01
1.123419212369561038e+01
1.301437568506116627e+01
1.508907193232565902e+01
1.178158499679835280e+01
1.287193595580272287e+01
1.196146032055171737e+01
1.291593717822125065e+01
1.560550045937404207e+01
1.111429460039628836e+01
1.062101693618363285e+01
1.261887822318029961e+01
1.201175182705549815e+01
1.162881674686157929e+01
1.563626719154301448e+01
1.093084336740488993e+01
1.192637976338551020e+01
1.181533382684463085e+01
1.066259855466410045e+01
1.029843699810945168e+01
1.186095115936193700e+01
1.291593717822125065e+01
1.554474628843034800e+01
1.280676845596827107e+01
1.187240230260696450e+01
1.171627220537996550e+01
1.301437568506116627e+01
1.283438097805100853e+01
1.149393591047428664e+01
1.301437568506116627e+01
1.144506570067483686e+01
1.179580810148282488e+01
1.296311436921376803e+01
1.209579845804319476e+01
1.289457834273892800e+01
1.076701586820918699e+01
1.167288323123903737e+01
1.202056486505645871e+01
1.557499391931422394e+01
1.138580905724461445e+01
1.184213767115896943e+01
1.058567494746629123e+01
1.076068843927783902e+01
1.184166117209868574e+01
1.321067249013209732e+01
1.212709095145601879e+01
1.520150264585638844e+01
1.145568032631943645e+01
1.027558549970551738e+01
1.028918046702275646e+01
1.190909897469168044e+01
1.148074005672534881e+01
1.305560868131545682e+01
1.315404718815537422e+01
1.279279935957053915e+01
1.552762389566015422e+01
1.117091990237301147e+01
1.321067249013209732e+01
1.548502262245755290e+01
1.212444730399170822e+01
1.069268425817319823e+01
1.079881353177706771e+01
1.083982503551002452e+01
1.030166675243996366e+01
1.537508478069498885e+01
1.305560868131545682e+01
1.301160745889693082e+01
1.178489032825378757e+01
1.030166675243996366e+01
1.218071506469263277e+01
1.197667108933233671e+01
1.548502262245755290e+01
1.557499391931422394e+01
1.517226051661301334e+01
1.166910359571139466e+01
1.534015456277936806e+01
1.117091990237301147e+01
1.131059140546721942e+01
1.264185430476584315e+01
1.084259326167425996e+01
1.044375748365539280e+01
1.522874343541986697e+01
1.286446668156010453e+01
1.157763338840929634e+01
1.287193595580272287e+01
1.225120036205078655e+01
1.111429460039628836e+01
1.082471409380102045e+01
1.569858636394129725e+01
1.042264247146188794e+01
1.138580905724461445e+01
1.089921856365098307e+01
1.287193595580272287e+01
1.208104248118273283e+01
1.576196169997481178e+01
1.183872653491003746e+01
1.160599887727071255e+01
1.166561067851285394e+01
1.201007818749044453e+01
1.107051487049909611e+01
1.287193595580272287e+01
1.144506570067483686e+01
1.301437568506116627e+01
1.166080536617565855e+01
1.307100098703788937e+01
1.213589147574890426e+01
1.067923144510499078e+01
1.537508478069498885e+01
1.042885197011696263e+01
1.310278587230797598e+01
1.235669934096435263e+01
1.546582895627983412e+01
1.186588101276425533e+01
1.079881353177706771e+01
1.171098461471753183e+01
1.037212820909127586e+01
1.205257961269375677e+01
1.287193595580272287e+01
1.145415932199562370e+01
1.310278587230797598e+01
1.035749247615197177e+01
1.117091990237301147e+01
1.315404718815537422e+01
1.062101693618363285e+01
1.266709695287406490e+01
1.301160745889693082e+01
1.301160745889693082e+01
1.189113611479498189e+01
1.167262372410304216e+01
1.173318365487535075e+01
1.301437568506116627e+01
1.130539419758062891e+01
1.079133194582686173e+01
1.153491785911354839e+01
1.137386362678981833e+01
1.069268425817319823e+01
1.174889973596445891e+01
1.029843699810945168e+01
1.321067249013209732e+01
1.560550045937404207e+01
1.291593717822125065e+01
1.307100098703788937e+01
1.186610405282125136e+01
1.301437568506116627e+01
1.180874671141826582e+01
1.069268425817319823e+01
1.062101693618363285e+01
1.517450408733703426e+01
1.044545754651677072e+01
1.141548337111979450e+01
1.517226051661301334e+01
1.243833485267039940e+01
1.142175465916289667e+01
1.508907193232565902e+01
1.334514678533971477e+01
1.307100098703788937e+01
1.183758106512820518e+01
1.063498603258136299e+01
1.195121063352307722e+01
1.557499391931422394e+01
1.539734686898749949e+01
1.175995205858107617e+01
1.569858636394129725e+01
1.159254626510496955e+01
1.287193595580272287e+01
1.522874343541986697e+01
1.181312734937981368e+01
1.079881353177706771e+01
1.207381857649858503e+01
1.093084336740488993e+01
1.179325684366829563e+01
1.301437568506116627e+01
1.536862575156172284e+01
1.161334042671818523e+01
1.179580810148282488e+01
1.176951866161800453e+01
1.172440258441742067e+01
1.090668737130339316e+01
1.093084336740488993e+01
1.042885197011696263e+01
1.144506570067483686e+01
1.313502014713021282e+01
1.186843274531214298e+01
1.040660420318102908e+01
1.186587247516752974e+01
1.130539419758062891e+01
1.545554402150220064e+01
1.028297096836767821e+01
1.275745737085319753e+01
1.060974338447314125e+01
1.528664769489571462e+01
1.145877710860890453e+01
1.291593717822125065e+01
1.187596944198144833e+01
1.103238977799986742e+01
1.183223538297749577e+01
1.548502262245755290e+01
1.161432425964527226e+01
1.159836224545422390e+01
1.084259326167425996e+01
1.291593717822125065e+01
1.158400752491944097e+01
1.029430535662019608e+01
1.563626719154301448e+01
1.184144825417652669e+01
1.178158499679835280e+01
1.287193595580272287e+01
1.287535869749429374e+01
1.111429460039628836e+01
1.191627643729476382e+01
1.030166675243996366e+01
1.120270478764309807e+01
1.111152637423205292e+01
1.301160745889693082e+01
1.291593717822125065e+01
1.219889472443123424e+01
1.079133194582686173e+01
1.074415475483434435e+01
1.071879713851542171e+01
1.055301275507899206e+01
1.180923636452433811e+01
1.069268425817319823e+01
1.296311436921376803e+01
1.305560868131545682e+01
1.058567494746629123e+01
1.120270478764309807e+01
1.117091990237301147e+01
1.183770671717175205e+01
1.029843699810945168e+01
1.327394471145469623e+01
1.184144825417652669e+01
1.079133194582686173e+01
1.106303328454889012e+01
1.189465998179579209e+01
1.498155702860363192e+01
1.107051487049909611e+01
1.291593717822125065e+01
1.536862575156172284e+01
1.560550045937404207e+01
1.027558549970551738e+01
1.101585609355637274e+01
1.257931252976986869e+01
1.131059140546721942e+01
1.067923144510499078e+01
1.204100057029175730e+01
1.220984482021505713e+01
1.272479517846589836e+01
1.228907556672956503e+01
1.266709695287406490e+01
1.226825732653909462e+01
1.548502262245755290e+01
1.072534645056049740e+01
1.275745737085319753e+01
1.490342835464536719e+01
1.042885197011696263e+01
1.283092445206976784e+01
1.520048305968516011e+01
1.081890294819919696e+01
1.172088176281222260e+01
1.149989665334872058e+01
1.099704778928252580e+01
1.514774647692859055e+01
1.176159298708417111e+01
1.079462839029192267e+01
1.137386362678981833e+01
1.291593717822125065e+01
1.111429460039628836e+01
1.142977968273229550e+01
1.218034464008641926e+01
1.227814714861214895e+01
1.307100098703788937e+01
1.142175465916289667e+01
1.540507478533614005e+01
1.200096985766507451e+01
1.301437568506116627e+01
1.044133825553416983e+01
1.197339636699327237e+01
1.093084336740488993e+01
1.130539419758062891e+01
1.123419212369561038e+01
1.266709695287406490e+01
1.296311436921376803e+01
1.552762389566015422e+01
1.062275332867517896e+01
1.169063614971870813e+01
1.093084336740488993e+01
1.301437568506116627e+01
1.192306736285140367e+01
1.169422958721351335e+01
1.539734686898749949e+01
1.287193595580272287e+01
1.208513337342819938e+01
1.540507478533614005e+01
1.155969892932108678e+01
1.539734686898749949e+01
1.307100098703788937e+01
1.204124365010664732e+01
1.522874343541986697e+01
1.293247086266474533e+01
1.504309985773957337e+01
1.074415475483434435e+01
1.140055705947847109e+01
1.534535111936334673e+01
1.137386362678981833e+01
1.123419212369561038e+01
1.174895861031385991e+01
1.187404350492979432e+01
1.321067249013209732e+01
1.520048305968516011e+01
1.195224447242008914e+01
1.562229019688060383e+01
1.315404718815537244e+01
1.152548056033882062e+01
1.205956740149504824e+01
1.099704778928252580e+01
1.563626719154301448e+01
1.026693270008682290e+01
1.534015456277936806e+01
1.537508478069498885e+01
1.342556164500369853e+01
1.188857123905866686e+01
1.531193201970721951e+01
1.225673363941914573e+01
1.208448670415241821e+01
1.044652980506775108e+01
1.084259326167425996e+01
1.117091990237301147e+01
1.210803950173546362e+01
1.164855064465596080e+01
