1.981999999999999984e+00
2.028999999999999915e+00
2.406000000000000139e+00
2.056000000000000050e+00
2.286999999999999922e+00
1.784999999999999920e+00
1.832999999999999963e+00
2.033999999999999808e+00
1.840999999999999970e+00
2.020999999999999908e+00
1.874000000000000110e+00
1.933000000000000052e+00
1.881999999999999895e+00
1.875999999999999890e+00
1.921999999999999931e+00
1.729999999999999982e+00
1.981999999999999984e+00
2.113999999999999879e+00
1.804000000000000048e+00
1.572000000000000064e+00
1.983999999999999986e+00
1.782999999999999918e+00
2.380999999999999783e+00
1.870000000000000107e+00
1.717000000000000082e+00
1.752000000000000002e+00
1.887999999999999901e+00
2.237999999999999989e+00
1.715999999999999970e+00
2.391999999999999904e+00
1.705999999999999961e+00
1.993999999999999995e+00
2.028999999999999915e+00
2.391999999999999904e+00
2.338999999999999968e+00
1.766000000000000014e+00
2.153999999999999915e+00
2.294000000000000039e+00
2.263999999999999790e+00
2.011000000000000121e+00
1.889999999999999902e+00
2.017999999999999794e+00
1.558000000000000052e+00
2.338999999999999968e+00
1.727000000000000091e+00
1.810999999999999943e+00
2.576999999999999957e+00
1.913000000000000034e+00
1.939999999999999947e+00
1.895000000000000018e+00
1.921000000000000041e+00
2.112000000000000099e+00
1.743000000000000105e+00
2.059000000000000163e+00
1.852999999999999980e+00
1.923000000000000043e+00
2.024000000000000021e+00
1.967999999999999972e+00
2.093999999999999861e+00
1.766000000000000014e+00
1.800000000000000044e+00
1.997999999999999998e+00
2.071000000000000174e+00
1.895000000000000018e+00
1.834999999999999964e+00
1.842999999999999972e+00
2.116999999999999993e+00
1.798999999999999932e+00
2.298000000000000043e+00
2.004000000000000004e+00
1.975000000000000089e+00
1.897000000000000020e+00
1.758999999999999897e+00
1.973999999999999977e+00
1.937000000000000055e+00
2.112999999999999989e+00
2.363999999999999879e+00
1.883999999999999897e+00
1.752000000000000002e+00
1.826999999999999957e+00
1.780999999999999917e+00
1.975999999999999979e+00
1.671999999999999931e+00
1.820000000000000062e+00
1.969999999999999973e+00
2.410000000000000142e+00
2.101999999999999869e+00
1.584999999999999964e+00
2.120999999999999996e+00
1.832999999999999963e+00
2.261000000000000121e+00
1.766999999999999904e+00
2.000999999999999890e+00
1.889000000000000012e+00
2.112000000000000099e+00
1.985999999999999988e+00
2.048999999999999932e+00
1.917999999999999927e+00
2.012999999999999901e+00
1.907999999999999918e+00
2.196000000000000174e+00
1.653000000000000025e+00
1.818000000000000060e+00
2.024000000000000021e+00
1.915000000000000036e+00
2.294999999999999929e+00
2.107000000000000206e+00
1.875000000000000000e+00
1.816999999999999948e+00
1.856999999999999984e+00
2.400999999999999801e+00
1.955999999999999961e+00
1.971999999999999975e+00
1.766999999999999904e+00
2.080999999999999961e+00
2.487999999999999989e+00
1.971999999999999975e+00
1.810999999999999943e+00
1.959999999999999964e+00
1.848000000000000087e+00
1.822000000000000064e+00
2.422000000000000153e+00
1.782999999999999918e+00
1.947000000000000064e+00
1.985000000000000098e+00
1.810999999999999943e+00
1.550000000000000044e+00
1.989999999999999991e+00
2.197000000000000064e+00
2.298999999999999932e+00
1.965000000000000080e+00
2.168000000000000149e+00
1.693999999999999950e+00
1.927000000000000046e+00
1.824000000000000066e+00
1.923999999999999932e+00
2.458000000000000185e+00
2.069999999999999840e+00
1.558000000000000052e+00
2.004000000000000004e+00
2.319999999999999840e+00
2.153999999999999915e+00
1.721000000000000085e+00
1.776999999999999913e+00
1.875000000000000000e+00
2.286999999999999922e+00
1.943000000000000060e+00
1.939000000000000057e+00
1.782000000000000028e+00
1.737000000000000099e+00
1.808999999999999941e+00
2.077999999999999847e+00
1.921999999999999931e+00
2.350000000000000089e+00
1.943000000000000060e+00
1.673000000000000043e+00
1.558999999999999941e+00
1.816999999999999948e+00
2.017999999999999794e+00
2.012999999999999901e+00
1.875000000000000000e+00
1.941000000000000059e+00
2.633000000000000007e+00
1.854999999999999982e+00
1.893000000000000016e+00
2.350000000000000089e+00
1.967999999999999972e+00
1.679000000000000048e+00
1.778000000000000025e+00
1.796999999999999931e+00
1.840999999999999970e+00
2.379000000000000004e+00
2.130999999999999783e+00
2.142999999999999794e+00
1.848999999999999977e+00
1.524999999999999911e+00
1.921999999999999931e+00
1.895999999999999908e+00
2.120999999999999996e+00
2.402000000000000135e+00
2.232000000000000206e+00
1.997000000000000108e+00
2.112000000000000099e+00
2.021999999999999797e+00
1.993000000000000105e+00
2.056999999999999940e+00
1.691999999999999948e+00
1.842000000000000082e+00
2.576999999999999957e+00
2.105999999999999872e+00
1.703000000000000069e+00
2.104000000000000092e+00
1.868999999999999995e+00
1.852000000000000091e+00
1.919999999999999929e+00
2.192000000000000171e+00
1.616000000000000103e+00
1.969999999999999973e+00
1.669000000000000039e+00
2.206999999999999851e+00
1.939000000000000057e+00
2.365000000000000213e+00
1.985999999999999988e+00
1.703000000000000069e+00
1.887999999999999901e+00
1.931999999999999940e+00
1.679999999999999938e+00
2.129999999999999893e+00
2.366000000000000103e+00
2.017999999999999794e+00
1.836000000000000076e+00
2.337000000000000188e+00
2.031000000000000139e+00
1.866000000000000103e+00
2.278999999999999915e+00
1.760000000000000009e+00
2.111000000000000210e+00
1.919999999999999929e+00
2.310000000000000053e+00
1.776000000000000023e+00
1.776999999999999913e+00
1.891999999999999904e+00
1.512999999999999901e+00
1.842999999999999972e+00
2.072000000000000064e+00
1.770000000000000018e+00
1.822999999999999954e+00
1.568000000000000060e+00
1.975000000000000089e+00
2.168000000000000149e+00
1.723000000000000087e+00
2.170999999999999819e+00
1.929999999999999938e+00
2.149999999999999911e+00
1.826000000000000068e+00
2.092999999999999972e+00
1.824000000000000066e+00
1.991999999999999993e+00
2.063000000000000167e+00
2.013999999999999790e+00
1.985000000000000098e+00
2.020000000000000018e+00
1.764000000000000012e+00
2.075000000000000178e+00
1.570000000000000062e+00
2.057999999999999829e+00
2.182999999999999829e+00
2.032999999999999918e+00
2.029999999999999805e+00
1.893000000000000016e+00
1.907999999999999918e+00
1.921999999999999931e+00
1.838000000000000078e+00
1.723000000000000087e+00
2.339999999999999858e+00
1.602000000000000091e+00
1.689999999999999947e+00
2.633000000000000007e+00
1.796999999999999931e+00
1.955000000000000071e+00
2.278999999999999915e+00
2.032000000000000028e+00
1.957000000000000073e+00
1.707000000000000073e+00
1.790999999999999925e+00
1.832999999999999963e+00
2.161999999999999922e+00
2.365000000000000213e+00
1.931000000000000050e+00
2.380999999999999783e+00
1.762999999999999901e+00
1.971999999999999975e+00
2.303999999999999826e+00
2.069999999999999840e+00
2.128000000000000114e+00
2.085999999999999854e+00
1.764000000000000012e+00
2.065999999999999837e+00
2.060000000000000053e+00
2.249000000000000110e+00
1.697000000000000064e+00
2.051000000000000156e+00
2.116999999999999993e+00
1.800999999999999934e+00
1.969999999999999973e+00
1.870999999999999996e+00
1.645000000000000018e+00
1.961999999999999966e+00
1.826000000000000068e+00
2.101999999999999869e+00
1.629000000000000004e+00
1.965999999999999970e+00
1.967000000000000082e+00
2.339999999999999858e+00
1.639000000000000012e+00
2.016999999999999904e+00
1.836999999999999966e+00
2.552000000000000046e+00
1.838000000000000078e+00
2.073999999999999844e+00
1.780000000000000027e+00
1.951000000000000068e+00
1.991999999999999993e+00
2.089999999999999858e+00
1.800999999999999934e+00
2.052000000000000046e+00
1.725999999999999979e+00
2.257000000000000117e+00
1.941999999999999948e+00
1.556999999999999940e+00
1.969999999999999973e+00
1.802999999999999936e+00
1.987999999999999989e+00
2.186999999999999833e+00
1.796000000000000041e+00
1.798000000000000043e+00
1.709999999999999964e+00
1.631999999999999895e+00
1.945000000000000062e+00
2.173999999999999932e+00
1.883999999999999897e+00
1.826000000000000068e+00
1.804999999999999938e+00
1.631000000000000005e+00
1.796999999999999931e+00
1.875999999999999890e+00
1.806999999999999940e+00
2.157000000000000028e+00
1.768999999999999906e+00
2.262000000000000011e+00
2.104000000000000092e+00
1.750999999999999890e+00
1.883999999999999897e+00
2.016999999999999904e+00
2.126999999999999780e+00
1.774000000000000021e+00
2.023000000000000131e+00
1.951000000000000068e+00
1.921000000000000041e+00
1.681000000000000050e+00
1.995999999999999996e+00
2.261000000000000121e+00
1.806999999999999940e+00
1.941000000000000059e+00
2.431999999999999940e+00
2.303999999999999826e+00
1.574000000000000066e+00
1.953999999999999959e+00
2.032000000000000028e+00
2.124000000000000110e+00
1.965999999999999970e+00
2.047000000000000153e+00
2.056000000000000050e+00
2.108000000000000096e+00
1.842999999999999972e+00
1.949999999999999956e+00
2.150999999999999801e+00
2.314999999999999947e+00
1.590999999999999970e+00
1.754999999999999893e+00
2.059000000000000163e+00
1.729000000000000092e+00
2.208000000000000185e+00
2.322999999999999954e+00
1.866999999999999993e+00
2.031000000000000139e+00
1.931000000000000050e+00
1.889000000000000012e+00
2.089999999999999858e+00
1.925000000000000044e+00
1.798000000000000043e+00
1.852999999999999980e+00
2.036000000000000032e+00
1.834000000000000075e+00
1.840999999999999970e+00
1.729000000000000092e+00
1.729999999999999982e+00
2.076000000000000068e+00
1.915999999999999925e+00
2.400999999999999801e+00
1.687000000000000055e+00
2.105999999999999872e+00
1.554999999999999938e+00
1.937000000000000055e+00
1.945000000000000062e+00
1.848999999999999977e+00
1.943999999999999950e+00
2.173999999999999932e+00
2.214999999999999858e+00
2.289000000000000146e+00
1.842999999999999972e+00
1.784000000000000030e+00
1.790000000000000036e+00
1.905000000000000027e+00
2.040000000000000036e+00
1.965999999999999970e+00
2.367999999999999883e+00
2.000000000000000000e+00
1.784999999999999920e+00
2.269000000000000128e+00
1.667000000000000037e+00
2.149999999999999911e+00
2.096000000000000085e+00
1.691000000000000059e+00
2.182999999999999829e+00
2.097999999999999865e+00
2.365000000000000213e+00
1.608000000000000096e+00
1.548999999999999932e+00
2.136000000000000121e+00
2.057999999999999829e+00
1.969000000000000083e+00
1.870000000000000107e+00
2.129000000000000004e+00
2.129000000000000004e+00
2.483999999999999986e+00
1.709999999999999964e+00
2.552000000000000046e+00
2.132000000000000117e+00
1.762000000000000011e+00
2.174999999999999822e+00
2.111000000000000210e+00
2.097999999999999865e+00
1.699999999999999956e+00
2.532999999999999918e+00
2.169000000000000039e+00
2.021999999999999797e+00
2.241000000000000103e+00
2.365000000000000213e+00
2.047000000000000153e+00
1.893000000000000016e+00
1.473999999999999977e+00
1.997999999999999998e+00
1.739999999999999991e+00
1.790000000000000036e+00
1.927999999999999936e+00
