2.755999999999999783e+00
2.964999999999999858e+00
3.484999999999999876e+00
2.646999999999999797e+00
2.451999999999999957e+00
3.088000000000000078e+00
3.274999999999999911e+00
3.072999999999999954e+00
3.192000000000000171e+00
2.899999999999999911e+00
2.875999999999999890e+00
3.346000000000000085e+00
3.291999999999999815e+00
3.290999999999999925e+00
2.375999999999999890e+00
3.206999999999999851e+00
3.331999999999999851e+00
3.087000000000000188e+00
3.025999999999999801e+00
3.064999999999999947e+00
2.903999999999999915e+00
3.185999999999999943e+00
3.516999999999999904e+00
2.907000000000000028e+00
2.827999999999999847e+00
3.226999999999999869e+00
3.168000000000000149e+00
3.281000000000000139e+00
3.201000000000000068e+00
3.299999999999999822e+00
2.603000000000000203e+00
2.874000000000000110e+00
3.017999999999999794e+00
3.299999999999999822e+00
3.833000000000000185e+00
2.904999999999999805e+00
2.863999999999999879e+00
3.548000000000000043e+00
3.285000000000000142e+00
3.583000000000000185e+00
3.032999999999999918e+00
2.963000000000000078e+00
3.431000000000000050e+00
3.833000000000000185e+00
3.475999999999999979e+00
3.173999999999999932e+00
3.716000000000000192e+00
3.245000000000000107e+00
3.229999999999999982e+00
3.160000000000000142e+00
2.922000000000000153e+00
3.503000000000000114e+00
3.644000000000000128e+00
2.261000000000000121e+00
3.185000000000000053e+00
2.770000000000000018e+00
2.968999999999999861e+00
3.061999999999999833e+00
3.487999999999999989e+00
3.177000000000000046e+00
3.173999999999999932e+00
3.576999999999999957e+00
3.322999999999999954e+00
3.003000000000000114e+00
3.486000000000000210e+00
2.854000000000000092e+00
3.293000000000000149e+00
3.120000000000000107e+00
3.310999999999999943e+00
3.342999999999999972e+00
3.310999999999999943e+00
3.060999999999999943e+00
3.540999999999999925e+00
3.266999999999999904e+00
3.004000000000000004e+00
3.310000000000000053e+00
2.963999999999999968e+00
3.209999999999999964e+00
3.495000000000000107e+00
3.580999999999999961e+00
2.617999999999999883e+00
3.766000000000000014e+00
3.051000000000000156e+00
3.145999999999999908e+00
3.081999999999999851e+00
2.228000000000000203e+00
3.149999999999999911e+00
3.471999999999999975e+00
3.322999999999999954e+00
3.476999999999999869e+00
3.702999999999999847e+00
3.126999999999999780e+00
3.733000000000000096e+00
2.853000000000000203e+00
3.173000000000000043e+00
3.343999999999999861e+00
3.021999999999999797e+00
2.415999999999999925e+00
3.476999999999999869e+00
3.757000000000000117e+00
3.230999999999999872e+00
3.378000000000000114e+00
3.146999999999999797e+00
3.004000000000000004e+00
3.365000000000000213e+00
3.717000000000000082e+00
3.047000000000000153e+00
3.104000000000000092e+00
3.108999999999999986e+00
2.783999999999999808e+00
3.782000000000000028e+00
3.092999999999999972e+00
2.935000000000000053e+00
3.504999999999999893e+00
2.963000000000000078e+00
3.005999999999999783e+00
3.520000000000000018e+00
3.362000000000000099e+00
3.335999999999999854e+00
3.414000000000000146e+00
2.943000000000000060e+00
3.571000000000000174e+00
3.573999999999999844e+00
3.258999999999999897e+00
3.101999999999999869e+00
2.802000000000000046e+00
2.822999999999999954e+00
3.141000000000000014e+00
3.467000000000000082e+00
3.560000000000000053e+00
3.004000000000000004e+00
3.246999999999999886e+00
3.366999999999999993e+00
3.454000000000000181e+00
2.878000000000000114e+00
3.238999999999999879e+00
3.426000000000000156e+00
3.257000000000000117e+00
3.085999999999999854e+00
3.185999999999999943e+00
3.286999999999999922e+00
3.657000000000000028e+00
2.688000000000000167e+00
2.939999999999999947e+00
2.978000000000000203e+00
2.451999999999999957e+00
3.023000000000000131e+00
3.346000000000000085e+00
3.440999999999999837e+00
3.289000000000000146e+00
3.564999999999999947e+00
2.891000000000000014e+00
3.613999999999999879e+00
3.544999999999999929e+00
3.019000000000000128e+00
3.145999999999999908e+00
2.725999999999999979e+00
3.669000000000000039e+00
3.012000000000000011e+00
2.708000000000000185e+00
3.024000000000000021e+00
3.068000000000000060e+00
2.799999999999999822e+00
3.736000000000000210e+00
3.242999999999999883e+00
3.544999999999999929e+00
3.197999999999999954e+00
2.850999999999999979e+00
3.382000000000000117e+00
3.197999999999999954e+00
3.088999999999999968e+00
3.266999999999999904e+00
3.468999999999999861e+00
3.306999999999999940e+00
3.572999999999999954e+00
2.508000000000000007e+00
3.419000000000000039e+00
3.358000000000000096e+00
3.322999999999999954e+00
2.363999999999999879e+00
3.576000000000000068e+00
3.436999999999999833e+00
3.524000000000000021e+00
2.855999999999999872e+00
3.334999999999999964e+00
3.087000000000000188e+00
2.934000000000000163e+00
3.363999999999999879e+00
3.716000000000000192e+00
3.136000000000000121e+00
3.545999999999999819e+00
2.741999999999999993e+00
3.133999999999999897e+00
3.592000000000000082e+00
3.278999999999999915e+00
3.406000000000000139e+00
3.322999999999999954e+00
2.775999999999999801e+00
3.407000000000000028e+00
3.234999999999999876e+00
3.100999999999999979e+00
4.142999999999999794e+00
3.085999999999999854e+00
2.951999999999999957e+00
3.173000000000000043e+00
3.331999999999999851e+00
3.262999999999999901e+00
3.865000000000000213e+00
3.462000000000000188e+00
3.287999999999999812e+00
3.174999999999999822e+00
3.209000000000000075e+00
3.620999999999999996e+00
3.025999999999999801e+00
3.653000000000000025e+00
2.987000000000000099e+00
3.267999999999999794e+00
3.491000000000000103e+00
3.366999999999999993e+00
3.412999999999999812e+00
3.242999999999999883e+00
3.596999999999999975e+00
2.876999999999999780e+00
3.412999999999999812e+00
3.246999999999999886e+00
3.330999999999999961e+00
3.415000000000000036e+00
3.048999999999999932e+00
3.408999999999999808e+00
3.350000000000000089e+00
3.560000000000000053e+00
3.487000000000000099e+00
3.424999999999999822e+00
2.955000000000000071e+00
2.689999999999999947e+00
3.212000000000000188e+00
3.250000000000000000e+00
2.636000000000000121e+00
3.068999999999999950e+00
3.983000000000000096e+00
3.100999999999999979e+00
3.482000000000000206e+00
3.241999999999999993e+00
3.345000000000000195e+00
3.024000000000000021e+00
2.943999999999999950e+00
3.407000000000000028e+00
3.338999999999999968e+00
3.041999999999999815e+00
3.064000000000000057e+00
2.750999999999999890e+00
3.161000000000000032e+00
3.111000000000000210e+00
3.000999999999999890e+00
3.299999999999999822e+00
3.561999999999999833e+00
3.363999999999999879e+00
2.799999999999999822e+00
3.882000000000000117e+00
3.447000000000000064e+00
3.653000000000000025e+00
3.153000000000000025e+00
2.971999999999999975e+00
3.262000000000000011e+00
3.349000000000000199e+00
3.306000000000000050e+00
3.371999999999999886e+00
4.142999999999999794e+00
3.346999999999999975e+00
3.516999999999999904e+00
3.262999999999999901e+00
3.032999999999999918e+00
3.113999999999999879e+00
3.674999999999999822e+00
3.821000000000000174e+00
3.028999999999999915e+00
3.009999999999999787e+00
3.504000000000000004e+00
3.305000000000000160e+00
2.867999999999999883e+00
3.076000000000000068e+00
3.709999999999999964e+00
3.230999999999999872e+00
2.958000000000000185e+00
3.269000000000000128e+00
3.073999999999999844e+00
2.886000000000000121e+00
3.165000000000000036e+00
3.205000000000000071e+00
3.612000000000000099e+00
2.759999999999999787e+00
2.798000000000000043e+00
3.145999999999999908e+00
3.299999999999999822e+00
2.745999999999999996e+00
3.436999999999999833e+00
3.000999999999999890e+00
3.129999999999999893e+00
3.065999999999999837e+00
3.406000000000000139e+00
3.532000000000000028e+00
3.076999999999999957e+00
3.088000000000000078e+00
2.987999999999999989e+00
2.990000000000000213e+00
3.366999999999999993e+00
3.504000000000000004e+00
3.169000000000000039e+00
3.498000000000000220e+00
2.781000000000000139e+00
3.330000000000000071e+00
3.870000000000000107e+00
3.339999999999999858e+00
3.434000000000000163e+00
3.282000000000000028e+00
3.242999999999999883e+00
3.108999999999999986e+00
3.161000000000000032e+00
3.217999999999999972e+00
2.854999999999999982e+00
3.129000000000000004e+00
3.141000000000000014e+00
3.700000000000000178e+00
3.492999999999999883e+00
3.044000000000000039e+00
3.363999999999999879e+00
3.149000000000000021e+00
3.460999999999999854e+00
3.080000000000000071e+00
2.721999999999999975e+00
3.262000000000000011e+00
3.217000000000000082e+00
3.085999999999999854e+00
3.382000000000000117e+00
3.236000000000000210e+00
3.259999999999999787e+00
3.597999999999999865e+00
3.608000000000000096e+00
3.424999999999999822e+00
3.033999999999999808e+00
3.706999999999999851e+00
3.702999999999999847e+00
3.214999999999999858e+00
3.216000000000000192e+00
3.428999999999999826e+00
3.113999999999999879e+00
2.745000000000000107e+00
3.536999999999999922e+00
2.986000000000000210e+00
3.174999999999999822e+00
3.157000000000000028e+00
3.241999999999999993e+00
3.539000000000000146e+00
2.952999999999999847e+00
2.976999999999999869e+00
3.488999999999999879e+00
3.837000000000000188e+00
3.488999999999999879e+00
2.886000000000000121e+00
3.438000000000000167e+00
2.261000000000000121e+00
3.044000000000000039e+00
3.193000000000000060e+00
3.551000000000000156e+00
2.794999999999999929e+00
3.181000000000000050e+00
3.600000000000000089e+00
3.440999999999999837e+00
2.987999999999999989e+00
2.871999999999999886e+00
3.306000000000000050e+00
2.923999999999999932e+00
3.237000000000000099e+00
3.250999999999999890e+00
3.362000000000000099e+00
3.132000000000000117e+00
3.266999999999999904e+00
3.521999999999999797e+00
2.998000000000000220e+00
3.782000000000000028e+00
3.206999999999999851e+00
3.302999999999999936e+00
2.773000000000000131e+00
3.174999999999999822e+00
2.975000000000000089e+00
3.399000000000000021e+00
2.938000000000000167e+00
3.105999999999999872e+00
3.028000000000000025e+00
3.657000000000000028e+00
3.249000000000000110e+00
3.435000000000000053e+00
3.313000000000000167e+00
2.536000000000000032e+00
3.335999999999999854e+00
3.245000000000000107e+00
3.204000000000000181e+00
2.141000000000000014e+00
3.653000000000000025e+00
3.544999999999999929e+00
3.301000000000000156e+00
3.161999999999999922e+00
3.060000000000000053e+00
3.337000000000000188e+00
3.407000000000000028e+00
3.084999999999999964e+00
3.349000000000000199e+00
3.321000000000000174e+00
3.117999999999999883e+00
3.737999999999999989e+00
2.838999999999999968e+00
3.083000000000000185e+00
3.093999999999999861e+00
3.568999999999999950e+00
3.017999999999999794e+00
3.861000000000000210e+00
3.862000000000000099e+00
3.129999999999999893e+00
3.138999999999999790e+00
3.565999999999999837e+00
3.369000000000000217e+00
3.258000000000000007e+00
3.325000000000000178e+00
2.696000000000000174e+00
3.483000000000000096e+00
3.323999999999999844e+00
3.161999999999999922e+00
3.781000000000000139e+00
3.349000000000000199e+00
3.234999999999999876e+00
3.218999999999999861e+00
3.169999999999999929e+00
3.666999999999999815e+00
3.068000000000000060e+00
3.076000000000000068e+00
3.334000000000000075e+00
