9.821251497998114033e+00
9.489188037268030840e+00
1.040874678503017137e+01
9.455434498496432028e+00
1.074123171191682502e+01
9.431166937971321218e+00
9.813279537424399734e+00
1.028204238663814785e+01
1.000738807439946321e+01
9.327352859147211461e+00
9.107037884263334604e+00
9.489188037268030840e+00
9.826138893362038829e+00
1.023728862297681808e+01
1.018823855597139705e+01
1.016416824455518331e+01
1.015854724674657028e+01
8.838109011583172858e+00
9.666499780332554081e+00
9.487149188549777179e+00
9.253395123394247079e+00
8.838109011583172858e+00
1.073418315017925906e+01
8.996990815040470935e+00
9.427297417766313359e+00
1.014516756618399107e+01
9.591339860382133153e+00
1.043285893998360336e+01
1.012055413092071277e+01
1.040874678503017137e+01
9.308703808551635817e+00
9.639351107249115813e+00
9.431166937971321218e+00
1.049093057840437737e+01
1.048415586948933509e+01
9.107037884263334604e+00
9.666499780332554081e+00
1.067273378626509484e+01
1.066440571145800753e+01
9.943366234134657589e+00
1.010359785253291598e+01
9.375364106014195897e+00
9.487149188549777179e+00
1.040874678503017137e+01
1.018177275136264903e+01
9.938045469625045314e+00
1.067273378626509484e+01
9.639351107249115813e+00
9.915386414333758225e+00
9.591339860382133153e+00
9.431166937971321218e+00
9.375364106014195897e+00
9.832776714387408745e+00
1.045568300452784705e+01
9.915386414333758225e+00
9.813279537424399734e+00
9.022025620335856644e+00
1.003822830603552774e+01
9.427297417766313359e+00
1.029652669907762608e+01
1.014878362373331910e+01
1.010427996409823237e+01
1.019014985521378058e+01
9.260977816275390850e+00
9.092455290047110950e+00
9.049174293419293136e+00
1.029969896667002338e+01
9.729386470584948654e+00
9.753175038502950756e+00
1.000738807439946321e+01
9.327352859147211461e+00
9.402512779097632389e+00
1.033182915854272288e+01
1.001633834982603766e+01
1.005319102409047893e+01
1.015225863232196524e+01
1.069684594121852328e+01
1.025434397638781725e+01
9.092455290047110950e+00
1.016146144337695745e+01
9.427297417766313359e+00
1.008483346457437513e+01
9.883039329465169942e+00
9.719969924765578639e+00
9.970540986858203780e+00
1.074123171191682502e+01
1.043285893998360336e+01
9.902913853839335090e+00
1.077443253740748119e+01
1.029242493381741674e+01
1.045568300452784705e+01
9.540958147434613679e+00
1.014222577500030731e+01
8.933709460156151749e+00
1.012882993406406129e+01
9.452454442582702399e+00
9.327352859147211461e+00
9.431166937971321218e+00
9.831126801533326187e+00
1.030512698830085583e+01
9.375364106014195897e+00
9.744573057226414647e+00
9.818975398861287118e+00
1.011629448858711200e+01
1.008348604733111387e+01
1.034733130560133318e+01
9.666499780332554081e+00
9.764692185759249909e+00
9.135849551589691586e+00
9.431166937971321218e+00
1.049093057840437737e+01
1.015086731914158769e+01
9.350329300718810188e+00
1.001729735181102576e+01
9.375364106014195897e+00
1.065593070334338321e+01
9.077828452292981964e+00
1.000738807439946321e+01
9.213082404253372104e+00
1.004123932496802318e+01
9.833099259879750420e+00
1.064730780888348072e+01
8.974014373468872208e+00
1.018404590538568044e+01
1.012237843414971650e+01
1.021846719806445236e+01
9.414296711096504566e+00
1.000957414716183891e+01
9.375364106014195897e+00
1.067273378626509484e+01
9.502720796648167934e+00
1.020061000197548218e+01
1.006927064377310366e+01
9.431166937971321218e+00
9.517382124629168771e+00
9.807814939197729842e+00
9.431166937971321218e+00
9.427297417766313359e+00
9.972156114371939495e+00
9.402512779097632389e+00
1.012105213146268667e+01
1.042772454376752655e+01
8.885395309734906988e+00
9.856879888514226806e+00
1.023798800277952736e+01
1.066440571145800753e+01
9.188467441347780706e+00
1.013703428052282973e+01
9.988133019269774593e+00
1.027137507563438490e+01
9.998481440533339537e+00
9.724363371176593773e+00
1.008626457325635783e+01
1.076155679169968948e+01
9.786100633835777884e+00
9.264256895500405875e+00
9.342162771387016562e+00
1.017428333250609995e+01
9.800521660153775017e+00
9.639351107249115813e+00
9.695153939206241134e+00
9.306303000964179617e+00
1.037454907380563363e+01
9.107037884263334604e+00
9.724363371176593773e+00
1.068895294810761243e+01
1.029270932175234599e+01
1.023452798809312547e+01
1.029242493381741674e+01
1.031540137538901369e+01
9.448176499060647160e+00
1.041692887956746105e+01
9.639351107249115813e+00
9.614316301953730104e+00
1.015265008402999669e+01
9.448176499060647160e+00
1.031795218451610552e+01
1.002481372326708886e+01
1.068895294810761243e+01
1.066440571145800753e+01
1.047019614894433914e+01
9.901604393525623493e+00
1.072699623247382128e+01
9.107037884263334604e+00
9.371024885498254520e+00
9.225340149144695800e+00
1.013225201140660481e+01
9.744573057226414647e+00
1.075491757963929906e+01
9.533442914657841882e+00
9.805831456834420479e+00
9.350329300718810188e+00
1.034495218604350342e+01
9.077828452292981964e+00
8.916117427744580937e+00
1.062961454877686940e+01
9.567913785535935745e+00
9.188467441347780706e+00
1.016146144337695745e+01
9.350329300718810188e+00
1.011567055078738520e+01
1.061131830683625488e+01
9.949811237601828395e+00
9.820907287373316308e+00
9.899705217046948391e+00
1.023202075089729846e+01
9.238001374703793900e+00
9.350329300718810188e+00
9.427297417766313359e+00
9.431166937971321218e+00
1.008649777587667629e+01
9.460376369941673858e+00
1.029811248206821617e+01
8.838109011583172858e+00
1.041692887956746105e+01
9.606149772621936478e+00
9.666499780332554081e+00
1.037659312487494567e+01
1.039194370210846330e+01
1.015013693548316631e+01
1.029242493381741674e+01
9.877734973685635467e+00
9.355406970980221004e+00
1.010467286228233696e+01
9.350329300718810188e+00
9.785189691555288505e+00
9.666499780332554081e+00
9.308703808551635817e+00
9.107037884263334604e+00
9.695153939206241134e+00
1.000738807439946321e+01
9.238733795413246241e+00
9.614316301953730104e+00
9.614316301953730104e+00
1.002664663960097613e+01
9.903520727352825403e+00
9.890020455348336625e+00
9.431166937971321218e+00
9.163310416531393443e+00
1.010359785253291598e+01
9.829863313091186328e+00
9.399836552824611502e+00
1.023452798809312547e+01
9.945653388802695005e+00
9.414296711096504566e+00
9.724363371176593773e+00
1.065593070334338321e+01
9.375364106014195897e+00
9.460376369941673858e+00
9.965572323642374997e+00
9.431166937971321218e+00
1.011879809564718435e+01
1.023452798809312547e+01
1.000738807439946321e+01
1.076806145994317099e+01
9.775503300794293082e+00
9.759054947192524310e+00
1.047019614894433914e+01
1.015177931840187675e+01
9.763880726353752593e+00
1.049093057840437737e+01
9.780635903444652612e+00
9.460376369941673858e+00
1.013453277983635381e+01
1.020380587008345152e+01
1.005867331048519375e+01
1.066440571145800753e+01
1.071220351700836204e+01
9.904969368367163796e+00
1.062961454877686940e+01
9.860456491458453598e+00
9.350329300718810188e+00
1.075491757963929906e+01
1.012117821369242954e+01
1.029242493381741674e+01
1.031388581740046817e+01
8.974014373468872208e+00
9.923774429216654980e+00
9.431166937971321218e+00
1.071967000576276874e+01
9.871544260033573437e+00
9.972156114371939495e+00
1.009763858338049047e+01
9.885148751421784397e+00
9.149382310969828680e+00
8.974014373468872208e+00
9.606149772621936478e+00
9.427297417766313359e+00
1.041371539920137401e+01
1.019840122844633967e+01
9.487149188549777179e+00
1.001238741418424993e+01
9.163310416531393443e+00
1.069684594121852328e+01
9.303926784301015829e+00
9.287047945834491003e+00
1.019041222381489931e+01
1.044060881193794010e+01
9.787939727555166058e+00
9.375364106014195897e+00
9.971205295535320090e+00
9.216951516520762056e+00
9.993044646624140270e+00
1.068895294810761243e+01
9.825347534130342453e+00
9.863552475529647978e+00
1.013225201140660481e+01
9.375364106014195897e+00
9.855917145554400349e+00
9.378955774428737513e+00
1.064730780888348072e+01
1.018347187739236226e+01
1.015086731914158769e+01
9.350329300718810188e+00
1.015873939997468156e+01
9.077828452292981964e+00
1.017833071151811630e+01
9.448176499060647160e+00
9.313161294654214828e+00
9.260977816275390850e+00
9.614316301953730104e+00
9.375364106014195897e+00
1.032539931405210432e+01
1.010359785253291598e+01
1.007644917944947949e+01
8.859743918575032851e+00
9.970540986858203780e+00
9.979825611441739852e+00
1.023452798809312547e+01
9.402512779097632389e+00
9.639351107249115813e+00
9.988133019269774593e+00
9.313161294654214828e+00
9.107037884263334604e+00
1.018141354068491999e+01
9.414296711096504566e+00
9.753175038502950756e+00
1.018347187739236226e+01
1.010359785253291598e+01
9.049174293419293136e+00
1.016617328743833859e+01
1.051668397589544313e+01
9.238001374703793900e+00
9.375364106014195897e+00
1.071967000576276874e+01
1.065593070334338321e+01
9.264256895500405875e+00
9.022025620335856644e+00
9.191447497261512112e+00
9.371024885498254520e+00
8.838109011583172858e+00
1.024944656485767425e+01
1.032972040846697226e+01
9.269455913422920190e+00
1.035745357154694091e+01
9.238733795413246241e+00
1.035074853476167078e+01
1.068895294810761243e+01
1.025212002050469629e+01
9.287047945834491003e+00
1.053461299899292136e+01
9.606149772621936478e+00
9.327352859147211461e+00
1.046300923123890136e+01
9.102096012818092774e+00
1.011841840575402607e+01
9.811066869010852898e+00
9.197696461391073441e+00
1.077443253740748119e+01
1.009339437368255865e+01
8.900056637715907826e+00
9.399836552824611502e+00
9.375364106014195897e+00
9.077828452292981964e+00
9.769615911474474501e+00
1.031779687083486152e+01
1.035398370849246774e+01
9.460376369941673858e+00
9.763880726353752593e+00
1.040874678503017137e+01
1.022680284314040300e+01
9.431166937971321218e+00
9.712163500295567076e+00
1.002321532168329732e+01
8.974014373468872208e+00
9.163310416531393443e+00
9.135849551589691586e+00
9.238733795413246241e+00
9.402512779097632389e+00
1.037454907380563363e+01
8.802671679376352643e+00
9.913364369028386136e+00
8.974014373468872208e+00
9.431166937971321218e+00
1.004405626778956595e+01
1.010427996409823237e+01
1.071220351700836204e+01
9.350329300718810188e+00
1.031973532809646343e+01
1.040874678503017137e+01
9.843019236657474025e+00
1.071220351700836204e+01
9.460376369941673858e+00
1.029640955644027756e+01
1.075491757963929906e+01
9.570290002199101309e+00
1.079860000022784305e+01
1.007644917944947949e+01
9.745575899726013347e+00
1.042496594687269074e+01
9.399836552824611502e+00
9.135849551589691586e+00
9.898812168035059145e+00
1.015466796319394227e+01
9.724363371176593773e+00
1.046300923123890136e+01
1.019877182692085249e+01
1.034733130560133318e+01
9.695153939206241134e+00
9.452454442582702399e+00
1.010744921770855242e+01
9.197696461391073441e+00
1.064730780888348072e+01
9.223162187314857263e+00
1.072699623247382128e+01
1.041692887956745928e+01
9.805792928261041652e+00
1.020964039003761670e+01
1.073418315017925906e+01
1.012210244330526265e+01
1.027279656664112473e+01
9.804945148669533594e+00
1.013225201140660481e+01
9.107037884263334604e+00
1.028472672138252442e+01
9.890462082569658975e+00
