1.018909000000000000e+06
1.021503000000000000e+06
9.944900000000000000e+05
1.114886000000000000e+06
1.190926000000000000e+06
9.506120000000000000e+05
1.149243000000000000e+06
8.749070000000000000e+05
1.044609000000000000e+06
1.103521000000000000e+06
8.121800000000000000e+05
1.086782000000000000e+06
8.306840000000000000e+05
9.614840000000000000e+05
1.140682000000000000e+06
9.784250000000000000e+05
9.277060000000000000e+05
1.003678000000000000e+06
1.022959000000000000e+06
1.084081000000000000e+06
8.756070000000000000e+05
8.763880000000000000e+05
1.135888000000000000e+06
9.530810000000000000e+05
1.029294000000000000e+06
1.158787000000000000e+06
1.029997000000000000e+06
1.008788000000000000e+06
9.947130000000000000e+05
1.205786000000000000e+06
9.985940000000000000e+05
8.565720000000000000e+05
1.077482000000000000e+06
1.016883000000000000e+06
1.166418000000000000e+06
9.354340000000000000e+05
9.162460000000000000e+05
8.400970000000000000e+05
1.106266000000000000e+06
1.039901000000000000e+06
1.034055000000000000e+06
8.521700000000000000e+05
1.228447000000000000e+06
1.048334000000000000e+06
7.789570000000000000e+05
1.091269000000000000e+06
9.839910000000000000e+05
1.055559000000000000e+06
1.114947000000000000e+06
9.877720000000000000e+05
1.029206000000000000e+06
9.158770000000000000e+05
1.272200000000000000e+06
1.035490000000000000e+06
9.861810000000000000e+05
1.144590000000000000e+06
1.017857000000000000e+06
8.216560000000000000e+05
1.068670000000000000e+06
9.932840000000000000e+05
9.514240000000000000e+05
9.443820000000000000e+05
8.443890000000000000e+05
1.163723000000000000e+06
9.307560000000000000e+05
1.016886000000000000e+06
9.563070000000000000e+05
1.137337000000000000e+06
1.002598000000000000e+06
1.104569000000000000e+06
1.002572000000000000e+06
1.004601000000000000e+06
1.173324000000000000e+06
9.377630000000000000e+05
1.106195000000000000e+06
1.087247000000000000e+06
8.760670000000000000e+05
7.907690000000000000e+05
1.047993000000000000e+06
1.033121000000000000e+06
9.457590000000000000e+05
8.418020000000000000e+05
1.058090000000000000e+06
1.083781000000000000e+06
9.498710000000000000e+05
1.009323000000000000e+06
1.015964000000000000e+06
1.036377000000000000e+06
8.431690000000000000e+05
9.196250000000000000e+05
1.191000000000000000e+06
1.141112000000000000e+06
8.986660000000000000e+05
1.188630000000000000e+06
1.197783000000000000e+06
9.915010000000000000e+05
1.039148000000000000e+06
9.626380000000000000e+05
1.147622000000000000e+06
1.016350000000000000e+06
1.015623000000000000e+06
8.898810000000000000e+05
9.524900000000000000e+05
8.342250000000000000e+05
1.019185000000000000e+06
1.091536000000000000e+06
1.033387000000000000e+06
1.043842000000000000e+06
9.453260000000000000e+05
1.022881000000000000e+06
