9.077880000000000000e+05
9.977590000000000000e+05
9.928290000000000000e+05
1.174134000000000000e+06
9.142280000000000000e+05
9.013620000000000000e+05
1.085911000000000000e+06
1.095054000000000000e+06
9.346600000000000000e+05
1.064565000000000000e+06
1.082044000000000000e+06
9.962610000000000000e+05
7.367460000000000000e+05
1.000047000000000000e+06
1.085093000000000000e+06
1.103393000000000000e+06
1.086096000000000000e+06
8.945530000000000000e+05
1.128145000000000000e+06
1.063470000000000000e+06
1.129942000000000000e+06
8.733880000000000000e+05
1.186114000000000000e+06
9.470610000000000000e+05
1.172707000000000000e+06
1.034720000000000000e+06
1.048448000000000000e+06
1.009323000000000000e+06
1.088498000000000000e+06
1.013266000000000000e+06
9.339810000000000000e+05
1.127090000000000000e+06
1.141926000000000000e+06
1.013266000000000000e+06
9.778600000000000000e+05
9.973090000000000000e+05
9.962060000000000000e+05
1.161704000000000000e+06
1.136460000000000000e+06
9.821540000000000000e+05
9.336890000000000000e+05
9.787140000000000000e+05
1.028577000000000000e+06
9.778600000000000000e+05
1.116736000000000000e+06
9.288290000000000000e+05
1.120901000000000000e+06
1.145628000000000000e+06
9.102400000000000000e+05
1.196846000000000000e+06
8.440450000000000000e+05
8.971000000000000000e+05
1.021514000000000000e+06
6.261960000000000000e+05
9.372360000000000000e+05
7.925890000000000000e+05
1.011146000000000000e+06
1.038974000000000000e+06
1.014724000000000000e+06
9.824560000000000000e+05
1.091926000000000000e+06
1.346162000000000000e+06
1.013279000000000000e+06
1.021195000000000000e+06
1.201894000000000000e+06
1.053271000000000000e+06
1.111112000000000000e+06
9.678650000000000000e+05
1.129690000000000000e+06
1.119418000000000000e+06
9.442440000000000000e+05
9.450860000000000000e+05
1.050344000000000000e+06
9.192490000000000000e+05
9.335980000000000000e+05
1.078486000000000000e+06
1.015964000000000000e+06
1.194924000000000000e+06
1.075553000000000000e+06
1.078212000000000000e+06
1.024209000000000000e+06
1.130993000000000000e+06
9.741170000000000000e+05
8.954550000000000000e+05
9.583770000000000000e+05
9.614840000000000000e+05
7.572100000000000000e+05
1.164914000000000000e+06
9.165750000000000000e+05
1.209852000000000000e+06
9.635370000000000000e+05
9.483930000000000000e+05
9.483580000000000000e+05
8.723430000000000000e+05
8.487870000000000000e+05
1.002503000000000000e+06
1.020394000000000000e+06
9.435140000000000000e+05
1.021441000000000000e+06
1.148064000000000000e+06
9.798750000000000000e+05
1.060209000000000000e+06
1.052989000000000000e+06
1.153852000000000000e+06
1.086703000000000000e+06
9.572790000000000000e+05
1.030361000000000000e+06
9.405350000000000000e+05
8.929430000000000000e+05
1.064688000000000000e+06
1.085103000000000000e+06
1.044158000000000000e+06
9.754020000000000000e+05
9.248200000000000000e+05
9.866920000000000000e+05
9.334620000000000000e+05
9.897580000000000000e+05
1.175326000000000000e+06
8.870590000000000000e+05
8.050210000000000000e+05
8.540270000000000000e+05
1.228447000000000000e+06
1.026423000000000000e+06
1.052742000000000000e+06
1.086933000000000000e+06
1.172934000000000000e+06
9.901590000000000000e+05
8.723300000000000000e+05
9.615080000000000000e+05
1.091269000000000000e+06
1.140384000000000000e+06
1.143336000000000000e+06
9.968430000000000000e+05
1.063000000000000000e+06
1.142155000000000000e+06
7.920510000000000000e+05
9.881490000000000000e+05
1.078564000000000000e+06
8.935430000000000000e+05
1.036259000000000000e+06
1.070086000000000000e+06
1.079087000000000000e+06
8.380980000000000000e+05
8.328420000000000000e+05
1.144445000000000000e+06
9.142280000000000000e+05
9.914700000000000000e+05
1.111113000000000000e+06
8.366560000000000000e+05
1.073620000000000000e+06
9.230440000000000000e+05
9.170100000000000000e+05
9.761200000000000000e+05
1.185191000000000000e+06
9.604100000000000000e+05
8.960280000000000000e+05
9.232110000000000000e+05
1.039954000000000000e+06
8.385610000000000000e+05
1.072442000000000000e+06
1.064603000000000000e+06
8.963350000000000000e+05
8.406310000000000000e+05
8.864060000000000000e+05
1.034679000000000000e+06
1.185191000000000000e+06
1.273840000000000000e+06
1.000307000000000000e+06
1.066165000000000000e+06
1.059403000000000000e+06
8.676240000000000000e+05
1.086697000000000000e+06
1.090550000000000000e+06
1.087180000000000000e+06
1.079514000000000000e+06
8.614380000000000000e+05
1.123176000000000000e+06
9.545700000000000000e+05
9.165750000000000000e+05
8.875790000000000000e+05
8.521700000000000000e+05
1.024499000000000000e+06
9.457590000000000000e+05
9.089200000000000000e+05
1.050143000000000000e+06
8.549140000000000000e+05
9.185100000000000000e+05
1.078621000000000000e+06
1.120901000000000000e+06
1.091318000000000000e+06
8.560510000000000000e+05
1.030766000000000000e+06
9.637180000000000000e+05
8.810320000000000000e+05
1.121397000000000000e+06
1.136542000000000000e+06
9.637440000000000000e+05
1.018889000000000000e+06
8.580640000000000000e+05
1.038181000000000000e+06
1.013096000000000000e+06
9.910520000000000000e+05
1.005583000000000000e+06
9.205420000000000000e+05
1.007789000000000000e+06
9.818810000000000000e+05
9.284630000000000000e+05
9.966760000000000000e+05
1.039355000000000000e+06
1.087202000000000000e+06
1.146561000000000000e+06
9.303150000000000000e+05
1.075007000000000000e+06
9.301510000000000000e+05
1.021654000000000000e+06
9.206890000000000000e+05
1.154965000000000000e+06
1.110549000000000000e+06
9.655340000000000000e+05
1.027143000000000000e+06
1.084728000000000000e+06
9.609090000000000000e+05
1.040532000000000000e+06
1.204717000000000000e+06
9.818920000000000000e+05
9.335810000000000000e+05
1.147831000000000000e+06
9.135720000000000000e+05
9.118820000000000000e+05
1.299346000000000000e+06
1.027579000000000000e+06
1.031468000000000000e+06
1.174831000000000000e+06
1.095051000000000000e+06
9.216240000000000000e+05
9.683530000000000000e+05
8.510230000000000000e+05
9.220090000000000000e+05
9.483840000000000000e+05
1.082828000000000000e+06
8.842170000000000000e+05
1.090920000000000000e+06
1.171850000000000000e+06
1.044518000000000000e+06
8.526100000000000000e+05
1.119536000000000000e+06
1.266326000000000000e+06
1.087477000000000000e+06
1.110795000000000000e+06
1.022195000000000000e+06
9.553650000000000000e+05
1.063381000000000000e+06
1.172832000000000000e+06
9.954370000000000000e+05
1.089904000000000000e+06
9.179500000000000000e+05
8.000710000000000000e+05
8.406310000000000000e+05
9.617050000000000000e+05
9.871280000000000000e+05
1.021654000000000000e+06
1.142043000000000000e+06
9.514010000000000000e+05
9.727130000000000000e+05
1.131282000000000000e+06
9.198330000000000000e+05
1.084489000000000000e+06
9.910520000000000000e+05
8.120130000000000000e+05
1.186114000000000000e+06
9.186020000000000000e+05
9.798250000000000000e+05
9.977680000000000000e+05
1.115662000000000000e+06
1.142082000000000000e+06
1.076081000000000000e+06
1.059290000000000000e+06
1.008441000000000000e+06
9.671910000000000000e+05
1.077494000000000000e+06
1.098132000000000000e+06
8.862030000000000000e+05
9.841410000000000000e+05
8.486490000000000000e+05
1.013937000000000000e+06
9.121540000000000000e+05
1.105830000000000000e+06
9.574490000000000000e+05
9.428480000000000000e+05
1.139888000000000000e+06
9.189440000000000000e+05
1.033840000000000000e+06
9.521980000000000000e+05
1.089904000000000000e+06
9.897830000000000000e+05
9.633000000000000000e+05
1.037038000000000000e+06
9.989700000000000000e+05
1.087937000000000000e+06
9.090690000000000000e+05
9.983220000000000000e+05
1.028608000000000000e+06
9.559840000000000000e+05
1.101414000000000000e+06
8.828990000000000000e+05
9.667060000000000000e+05
9.856490000000000000e+05
9.770020000000000000e+05
9.851180000000000000e+05
9.139540000000000000e+05
1.063318000000000000e+06
1.198103000000000000e+06
1.229507000000000000e+06
9.978620000000000000e+05
9.137950000000000000e+05
1.012557000000000000e+06
1.037521000000000000e+06
9.097350000000000000e+05
1.095664000000000000e+06
1.195350000000000000e+06
1.128160000000000000e+06
1.039789000000000000e+06
9.354480000000000000e+05
9.677050000000000000e+05
1.052133000000000000e+06
8.803520000000000000e+05
1.040655000000000000e+06
9.052400000000000000e+05
1.045167000000000000e+06
9.371870000000000000e+05
9.075960000000000000e+05
8.754140000000000000e+05
1.091122000000000000e+06
1.026757000000000000e+06
1.141793000000000000e+06
9.335750000000000000e+05
9.600410000000000000e+05
1.105920000000000000e+06
9.399750000000000000e+05
9.660730000000000000e+05
1.111843000000000000e+06
9.635370000000000000e+05
9.338650000000000000e+05
9.536690000000000000e+05
9.882640000000000000e+05
9.977680000000000000e+05
9.130300000000000000e+05
9.987080000000000000e+05
9.445720000000000000e+05
1.122251000000000000e+06
9.715840000000000000e+05
1.126831000000000000e+06
1.114093000000000000e+06
1.109165000000000000e+06
6.550020000000000000e+05
1.032620000000000000e+06
1.124831000000000000e+06
1.114947000000000000e+06
1.014161000000000000e+06
9.761530000000000000e+05
6.261960000000000000e+05
1.208010000000000000e+06
1.072658000000000000e+06
9.889450000000000000e+05
1.058062000000000000e+06
9.739090000000000000e+05
8.693630000000000000e+05
1.216040000000000000e+06
1.101414000000000000e+06
9.133390000000000000e+05
9.953530000000000000e+05
9.987840000000000000e+05
9.885810000000000000e+05
9.027400000000000000e+05
9.090020000000000000e+05
1.236243000000000000e+06
1.055315000000000000e+06
9.054870000000000000e+05
1.004065000000000000e+06
1.085103000000000000e+06
9.773820000000000000e+05
1.070574000000000000e+06
8.786680000000000000e+05
1.001789000000000000e+06
9.821830000000000000e+05
1.007061000000000000e+06
9.745060000000000000e+05
1.012092000000000000e+06
9.740010000000000000e+05
1.075839000000000000e+06
9.352510000000000000e+05
1.031036000000000000e+06
9.033560000000000000e+05
1.010327000000000000e+06
1.078990000000000000e+06
1.221941000000000000e+06
1.154574000000000000e+06
9.956090000000000000e+05
1.052203000000000000e+06
9.750250000000000000e+05
1.026458000000000000e+06
1.076776000000000000e+06
9.726310000000000000e+05
1.032107000000000000e+06
1.266326000000000000e+06
1.052945000000000000e+06
1.032046000000000000e+06
9.698870000000000000e+05
8.880990000000000000e+05
9.464290000000000000e+05
1.120621000000000000e+06
1.000002000000000000e+06
9.015450000000000000e+05
1.262153000000000000e+06
9.570420000000000000e+05
9.861810000000000000e+05
9.609160000000000000e+05
9.989700000000000000e+05
1.181913000000000000e+06
1.068773000000000000e+06
1.028446000000000000e+06
9.906600000000000000e+05
1.064958000000000000e+06
9.217090000000000000e+05
1.172284000000000000e+06
1.048603000000000000e+06
1.026578000000000000e+06
1.158067000000000000e+06
1.032046000000000000e+06
9.894730000000000000e+05
1.007711000000000000e+06
1.018234000000000000e+06
1.069528000000000000e+06
9.832890000000000000e+05
9.807700000000000000e+05
9.803280000000000000e+05
