1.160179126101851566e+01
1.187580899829841208e+01
1.166346939764992285e+01
1.201962628992121118e+01
1.195517568979199829e+01
1.185354292074739924e+01
1.174416549068490845e+01
1.209311177333454879e+01
1.174604697949758858e+01
1.181265198775304803e+01
1.163011300361717026e+01
1.187580899829841208e+01
1.174986674862058322e+01
1.192787139317332645e+01
1.190861897802112068e+01
1.189901859274506890e+01
1.189675950952273986e+01
1.152020072383750460e+01
1.210716321636128079e+01
1.175540983443538146e+01
1.178207290100574944e+01
1.152020072383750460e+01
1.195239663534007235e+01
1.158718158582446911e+01
1.191629180727753479e+01
1.189135345810975153e+01
1.207739691350244193e+01
1.167294941079103765e+01
1.188129123673626708e+01
1.166346939764992285e+01
1.171242068453929264e+01
1.209652509377134244e+01
1.185354292074739924e+01
1.169583035933386306e+01
1.169315686013635691e+01
1.163011300361717026e+01
1.210716321636128079e+01
1.192821432339931675e+01
1.192494237793716749e+01
1.179889968192648197e+01
1.178435657568966377e+01
1.183178016802194854e+01
1.175540983443538146e+01
1.166346939764992285e+01
1.190605123664641951e+01
1.164932673659546047e+01
1.192821432339931675e+01
1.209652509377134244e+01
1.178758008752823727e+01
1.207739691350244193e+01
1.185354292074739924e+01
1.183178016802194854e+01
1.160665282502354145e+01
1.168193327976459983e+01
1.178758008752823727e+01
1.174416549068490845e+01
1.159709952768763586e+01
1.183618883543679523e+01
1.191629180727753479e+01
1.195072890370289365e+01
1.189281865820181849e+01
1.202079937114587338e+01
1.190937652391167667e+01
1.185192651157386301e+01
1.178057073458413839e+01
1.160773765027757243e+01
1.195194305796761292e+01
1.170682273159833819e+01
1.214055392404780598e+01
1.174604697949758858e+01
1.181265198775304803e+01
1.184241829061188511e+01
1.196418349411708348e+01
1.167976779196284909e+01
1.169387021630260293e+01
1.173078321870437790e+01
1.193769433654043155e+01
1.208229047819284574e+01
1.178057073458413839e+01
1.180673192902926161e+01
1.191629180727753479e+01
1.185410014907514054e+01
1.162736208290188245e+01
1.170302281240169862e+01
1.173079819450887307e+01
1.195517568979199829e+01
1.167294941079103765e+01
1.170149468386045477e+01
1.196828381591754287e+01
1.201933519858022059e+01
1.168193327976459983e+01
1.157536030157326046e+01
1.172719352603641241e+01
1.156151094743982277e+01
1.172229690230297727e+01
1.192575203813296092e+01
1.181265198775304803e+01
1.185354292074739924e+01
1.175205768490864955e+01
1.210205912344028611e+01
1.183178016802194854e+01
1.182308259774739945e+01
1.174670013369191501e+01
1.187953280738120654e+01
1.170535738594015562e+01
1.163936509572143763e+01
1.210716321636128079e+01
1.172215230279324238e+01
1.164112835796409939e+01
1.185354292074739924e+01
1.169583035933386306e+01
1.204058178794895007e+01
1.182186222615878179e+01
1.168013645703799241e+01
1.183178016802194854e+01
1.192161385949759023e+01
1.161886228041308655e+01
1.174604697949758858e+01
1.176457231138656390e+01
1.168931131821542024e+01
1.160678819845017884e+01
1.191822840661865257e+01
1.157797134741873535e+01
1.190695485900332784e+01
1.188204270554999908e+01
1.198875611183292200e+01
1.154019402687398532e+01
1.182506420530128111e+01
1.183178016802194854e+01
1.192821432339931675e+01
1.204053472986256246e+01
1.206093316699079843e+01
1.185971676711972833e+01
1.185354292074739924e+01
1.204681782675514334e+01
1.174172014301465161e+01
1.185354292074739924e+01
1.191629180727753479e+01
1.181037137301455253e+01
1.184241829061188511e+01
1.186786874324555718e+01
1.199886117095610416e+01
1.154110916377885410e+01
1.161667521133309755e+01
1.192814344854865460e+01
1.192494237793716749e+01
1.166100711238356524e+01
1.188804614634500467e+01
1.173812987285191412e+01
1.201079190524698248e+01
1.182073062677764064e+01
1.212953856970087685e+01
1.170640544479382505e+01
1.196319654884644201e+01
1.173189231930265386e+01
1.150099134721265592e+01
1.152104128050945242e+01
1.190306699398537837e+01
1.173843697194641855e+01
1.209652509377134244e+01
1.211828784649679314e+01
1.180410869441980992e+01
1.165004073208904067e+01
1.163011300361717026e+01
1.212953856970087685e+01
1.193458994123902350e+01
1.194926653945812589e+01
1.199554312025826697e+01
1.201933519858022059e+01
1.202854543698595435e+01
1.154939898173532598e+01
1.166668513159656406e+01
1.209652509377134244e+01
1.208660715190817569e+01
1.204132330924475092e+01
1.154939898173532598e+01
1.195890993982888162e+01
1.168302283638688266e+01
1.193458994123902350e+01
1.192494237793716749e+01
1.168765170959067845e+01
1.178193181125592837e+01
1.194956426106804592e+01
1.163011300361717026e+01
1.189485792936656416e+01
1.176996986036841797e+01
1.179548120582517790e+01
1.182308259774739945e+01
1.196057528508325873e+01
1.205360483518048831e+01
1.159520751282912698e+01
1.182186222615878179e+01
1.196915057351630907e+01
1.161886228041308655e+01
1.155417926909678172e+01
1.191128525169500918e+01
1.177586639333271634e+01
1.166100711238356524e+01
1.180673192902926161e+01
1.182186222615878179e+01
1.186583205369941929e+01
1.190411002147083153e+01
1.165395224180453759e+01
1.160164531434075563e+01
1.178114930997894305e+01
1.192582030691240647e+01
1.184271627316812925e+01
1.182186222615878179e+01
1.191629180727753479e+01
1.185354292074739924e+01
1.201301082644316942e+01
1.186479364395148295e+01
1.195133596942020127e+01
1.152020072383750460e+01
1.166668513159656406e+01
1.178578620625884632e+01
1.210716321636128079e+01
1.198102831800013135e+01
1.165686893374819633e+01
1.189336620743269357e+01
1.201933519858022059e+01
1.162520944179625459e+01
1.172339250280466416e+01
1.186165958380684238e+01
1.182186222615878179e+01
1.173147730146938805e+01
1.210716321636128079e+01
1.171242068453929264e+01
1.163011300361717026e+01
1.211828784649679314e+01
1.174604697949758858e+01
1.177578980411316678e+01
1.208660715190817569e+01
1.208660715190817569e+01
1.183170361034652096e+01
1.178272032984948048e+01
1.163018492772728152e+01
1.185354292074739924e+01
1.165154688152814089e+01
1.178435657568966377e+01
1.175150377794872902e+01
1.190587328371349329e+01
1.199554312025826697e+01
1.179981710611219015e+01
1.154019402687398532e+01
1.212953856970087685e+01
1.192161385949759023e+01
1.183178016802194854e+01
1.186479364395148295e+01
1.166011582218641784e+01
1.185354292074739924e+01
1.188056697437789921e+01
1.199554312025826697e+01
1.174604697949758858e+01
1.196576593863723126e+01
1.183174103412288680e+01
1.171961515408007237e+01
1.168765170959067845e+01
1.173061427594917561e+01
1.172178582191179252e+01
1.169583035933386306e+01
1.215097244761184747e+01
1.186479364395148295e+01
1.188702555144740991e+01
1.198247301494034112e+01
1.184407260889203606e+01
1.192494237793716749e+01
1.194373810721599050e+01
1.163619267716682160e+01
1.191128525169500918e+01
1.176471881569514544e+01
1.182186222615878179e+01
1.196057528508325873e+01
1.188154841785436133e+01
1.201933519858022059e+01
1.210543916116743723e+01
1.157797134741873535e+01
1.164368483883009020e+01
1.185354292074739924e+01
1.194667820551399373e+01
1.176941438575804177e+01
1.181037137301455253e+01
1.187176485200432552e+01
1.162821624532980280e+01
1.180585408952824977e+01
1.157797134741873535e+01
1.178578620625884632e+01
1.191629180727753479e+01
1.199267552671511794e+01
1.206004282819183793e+01
1.175540983443538146e+01
1.182616069246186363e+01
1.165154688152814089e+01
1.193769433654043155e+01
1.151112146758332244e+01
1.179619158777413546e+01
1.197665307119559053e+01
1.167599867896271881e+01
1.173272980973880131e+01
1.183178016802194854e+01
1.166231065378767262e+01
1.183417297983489114e+01
1.181860032005399219e+01
1.193458994123902350e+01
1.160352458963716593e+01
1.176603460018927549e+01
1.179548120582517790e+01
1.183178016802194854e+01
1.176278283042294426e+01
1.153073679670251650e+01
1.191822840661865257e+01
1.205399491874986140e+01
1.204058178794895007e+01
1.182186222615878179e+01
1.173178898896071765e+01
1.161886228041308655e+01
1.190468107790385588e+01
1.154939898173532598e+01
1.187248257602696810e+01
1.185192651157386301e+01
1.208660715190817569e+01
1.183178016802194854e+01
1.196174258595025996e+01
1.178435657568966377e+01
1.177371845309972720e+01
1.152989167105225121e+01
1.173079819450887307e+01
1.181340128025547109e+01
1.199554312025826697e+01
1.184241829061188511e+01
1.209652509377134244e+01
1.173812987285191412e+01
1.187248257602696810e+01
1.163011300361717026e+01
1.205315679432192333e+01
1.154019402687398532e+01
1.214055392404780598e+01
1.205399491874986140e+01
1.178435657568966377e+01
1.160773765027757243e+01
1.189982277238503805e+01
1.170600561639992243e+01
1.184271627316812925e+01
1.183178016802194854e+01
1.194667820551399373e+01
1.192161385949759023e+01
1.150099134721265592e+01
1.159709952768763586e+01
1.175488136417181728e+01
1.189485792936656416e+01
1.152020072383750460e+01
1.193259268394369599e+01
1.196338346882453330e+01
1.178885990943109441e+01
1.197386203603055854e+01
1.177578980411316678e+01
1.197133771535779978e+01
1.193458994123902350e+01
1.200287479860130802e+01
1.179619158777413546e+01
1.171310250342322412e+01
1.178578620625884632e+01
1.181265198775304803e+01
1.168481933531865025e+01
1.178494564958689850e+01
1.202689231577313222e+01
1.174317692148508918e+01
1.182625587318921667e+01
1.196828381591754287e+01
1.186998144903353314e+01
1.154739226067143676e+01
1.190587328371349329e+01
1.183178016802194854e+01
1.161886228041308655e+01
1.172438311455192483e+01
1.195885080175152915e+01
1.197255649006896583e+01
1.186479364395148295e+01
1.172178582191179252e+01
1.166346939764992285e+01
1.192378524088856295e+01
1.185354292074739924e+01
1.181414390748471988e+01
1.168240949095667247e+01
1.157797134741873535e+01
1.165154688152814089e+01
1.164112835796409939e+01
1.177578980411316678e+01
1.184241829061188511e+01
1.165004073208904067e+01
1.150409419762570629e+01
1.178675460910920592e+01
1.157797134741873535e+01
1.185354292074739924e+01
1.183844045941374823e+01
1.202079937114587338e+01
1.194373810721599050e+01
1.182186222615878179e+01
1.210769219750365977e+01
1.166346939764992285e+01
1.175723598207010490e+01
1.194373810721599050e+01
1.186479364395148295e+01
1.209868718093197693e+01
1.196057528508325873e+01
1.206885362016920382e+01
1.197784742917261802e+01
1.177371845309972720e+01
1.171366387353030980e+01
1.166984501548962960e+01
1.190587328371349329e+01
1.164112835796409939e+01
1.163372406695816963e+01
1.189519634522725511e+01
1.212953856970087685e+01
1.168481933531865025e+01
1.191278573815147723e+01
1.163936509572143763e+01
1.211828784649679314e+01
1.192575203813296092e+01
1.186271418397521060e+01
1.182625587318921667e+01
1.191822840661865257e+01
1.149066490868598756e+01
1.194956426106804592e+01
1.166668513159656406e+01
1.216043267846727183e+01
1.206456203186158582e+01
1.195239663534007235e+01
1.171981183297728002e+01
1.194161531797452369e+01
1.184010522732265436e+01
1.179548120582517790e+01
1.163011300361717026e+01
1.194620397781569388e+01
1.177732563679902889e+01
