-1.300795828200811965e-01
-2.865084614517733885e-01
4.593992672802433841e-01
8.002169705809777378e-01
-1.398273542286956994e+00
-1.193282258486839664e+00
1.036201244104575148e+00
-1.835653632234777177e-01
-3.339166750764502867e-01
5.984453388683842467e-01
1.499560673439708447e+00
-3.013334586226046330e-01
-2.644866078260784459e+00
-3.653723620083086931e-01
3.350446520558206798e-01
4.970203855627114975e-01
3.781146380361345427e-01
4.877886808997952510e-03
5.964164527699825774e-02
6.236016163323409023e-01
1.315467641505507101e+00
-2.318548531628593923e-01
1.123884847760553862e+00
3.110766748034216600e-01
1.215673457334111696e+00
1.153739762471359467e-02
-5.635595876433031615e-01
5.819721824892846174e-01
4.422709517017768266e-01
6.543550695646016546e-01
-2.402257410487352307e-01
9.072645062754743084e-02
1.150021137576819008e+00
5.348441586349965693e-01
2.049656886023277780e-01
6.644645467949298334e-01
-1.184117969841956164e+00
1.007294363681837668e+00
8.028550422126619068e-01
-1.453597646860155523e-01
-4.547040293705387204e-01
-3.084012553231495479e-01
3.663933434628853791e-01
3.146032117264619399e-01
5.717572409326463490e-01
-9.784008642015466772e-02
6.554380155851564638e-01
2.563447827385346156e-01
-8.289959027652015200e-01
7.762179575549679189e-01
-1.822958050895996163e+00
-1.156018970007942404e+00
7.685250889059499491e-01
-3.795375821445562625e+00
-5.514149808251358476e-01
-1.957728896152979070e+00
9.340293236237923180e-01
2.601352037177550036e-01
-2.820435107343512438e-01
-5.724190502781459911e-01
4.325338967911138144e-01
2.167588840667477701e+00
-2.069578997865730297e-01
3.524374561261400113e-02
2.007228498679969331e+00
1.309685837758437499e+00
3.931634513535776088e-01
5.744840257601425276e-02
-5.381564586175199838e-02
1.050170917952351290e+00
-5.864403653964521679e-01
-6.912584272339291624e-01
-8.992055840449211801e-02
-2.690574218845038224e-01
-1.927126591021408042e-01
8.223936877598653217e-01
-3.328668025751826409e-01
7.252792263597849232e-01
8.472572398626543322e-01
5.789493570875937634e-01
-1.871548437183925551e-01
1.027866438313438824e+00
3.357003139622400378e-01
-6.681767286756263857e-01
-9.991052714057850614e-02
-9.230909489485005226e-01
-2.087237435538716213e+00
1.494631156864980603e+00
-1.422634225053164059e+00
8.573659127190993434e-01
1.062352692122792430e-01
2.793204043129575709e-01
-1.723578788064671352e-01
-4.057004881000473850e-01
-1.002748690018547162e+00
-4.424398956889455392e-01
1.762489343758643079e-01
-7.499134164070374586e-01
4.085994960346007732e-01
2.513795202022071629e-01
-2.967491099163847013e-01
4.002906879588997158e-01
7.248731976809714705e-01
9.138571855999518823e-01
9.592443988436017976e-01
2.016826166129397913e-01
-8.503341557089971747e-01
-2.737362027497114991e-01
-4.873199338513478640e-01
4.436693355182210197e-01
1.196599357349456660e+00
-4.541721543167746566e-01
-3.038802005011608243e-01
-2.238592766535814627e-01
-2.285486820154437881e-01
-1.078653410539369473e+00
6.315173316105907597e-01
1.433556469432568203e+00
-1.008134049104105312e+00
-1.299582658953181147e+00
-6.083632188500295301e-01
1.599418988773630312e+00
1.161974102452996371e+00
1.004941987343855453e-01
4.285752811844106280e-01
7.017424396617313320e-01
7.098153148270320845e-01
-1.369777380202659378e+00
-4.823664898924986399e-01
3.935787351121454725e-01
4.232209744812892027e-01
3.637927879703664602e-01
-1.850485206714022612e-01
4.277907222326195469e-01
4.150297647484262331e-01
-1.954839648592274770e+00
-2.970095015097466984e-01
3.437392289668599887e-01
-1.088980147109407826e+00
2.159964855193375610e-01
4.303234200291127798e-01
1.909720420158045329e-02
-7.187679796438284363e-01
-8.269722359543431045e-01
7.015711028489295398e-01
-1.286620165743985078e+00
4.837180125436156830e-01
5.856910767719529787e-01
-1.133971022565493092e+00
-5.589669643153485218e-02
-8.202734439008938505e-01
-2.079309199635100747e+00
1.134803915821118031e-01
1.076275256886631393e+00
-1.102424649316446348e-01
7.259140428377881815e-02
2.369834005639994412e-01
1.592125454279206404e-02
-1.415210030967038124e+00
-4.102242241712157900e-01
-5.667008533976143347e-01
-1.058722849912624442e+00
-1.051230420089873219e+00
-5.168595049301120126e-01
-8.940805009281519444e-01
1.181921120169644013e+00
1.508577124273873027e+00
-5.551589271067270959e-01
-1.350780062451659436e-01
-2.114633621033078226e-01
-3.094509159480993699e-01
1.318524437257019732e+00
-2.420625662095410857e-01
-2.353712934488001451e-01
-1.309334600863913955e-01
-3.623772742177955863e-01
4.584730307000366989e-01
1.111129553009869951e-02
-1.298200789022856627e+00
-1.563123044324180366e+00
-1.064419315438049463e+00
3.261335761083542506e-01
-1.058421063601149070e+00
-2.680472254553251110e-01
1.529025050193777990e-01
-1.382340768336233872e+00
-6.105745299630745970e-01
5.336777352889515713e-01
5.359271046555448281e-01
-7.130794328114017921e-02
-5.556235655160879361e-01
2.415305091441803387e-01
-7.772557585736511454e-01
-5.328482409065720127e-01
2.167945454859845356e+00
8.540009959143395335e-01
-1.905388207253706778e-01
7.610755335522159104e-01
-1.150199512075243069e+00
3.128262416022020154e-01
-9.559284995805224228e-02
-4.463998580123428872e-01
5.030337905800817966e-01
-2.290797744199671998e-02
1.695907236252944261e-01
-5.019190050744114506e-01
-8.898950758293452390e-01
-9.150550393477188682e-02
-3.704859694799453318e-02
6.535929585022912658e-01
5.706799876323535026e-01
-9.299521098906455840e-01
1.322569714906469962e-01
3.933436915156302005e-01
7.216056705051598907e-01
-5.642217905509716580e-01
2.984017244062336927e-01
3.014846687045587559e-01
2.184414521942419363e-01
-5.224384246602305215e-02
-1.187358236960210471e-03
2.364520711560031130e-01
5.496894466399341317e-01
1.630775678509823745e+00
-2.387107361634609737e-01
-3.792422036198043189e-01
2.353195750503090378e-01
-4.060221864745122144e-01
-2.356728503799825625e-01
1.471564347607088097e+00
3.865463706258367438e-01
4.239887673812479663e-01
5.508622016845918790e-01
-1.627820421555825348e-01
-8.758440714782369518e-01
-2.209780759357844460e-01
-7.054069756158264370e-01
-9.741291051476924645e-01
7.261342330838371772e-02
6.781015822002552929e-01
-9.680938392255742375e-01
5.023593375783745874e-01
6.744206760247584143e-01
4.477666142281563344e-01
-4.112816794854649571e-01
-1.032650616963954604e-01
1.891614212751997037e+00
7.391254767141490767e-01
8.270564140904929085e-01
6.126653036530513852e-01
-6.280562515964520642e-01
2.594118824554033642e-01
6.810413147154527058e-01
1.433169980107812658e-01
2.427024955894233893e-01
-7.220689859818746337e-01
-1.779702786282596483e+00
-1.190129944339930246e+00
-7.472680654525265531e-02
1.910927492590021037e-01
6.139706518010034086e-01
1.685271614939051407e-02
-7.115867594976473809e-01
-4.578478321366117321e-01
4.355807423131230482e-01
-9.404691040545386516e-01
3.449665328670571407e-01
-5.927486801535211125e-01
-1.075124314959394756e+00
1.275711575191718961e+00
-6.570123478241520765e-01
-2.594298931361730398e-01
-5.904295245131269132e-01
6.378958964064985748e-01
4.014753425922992780e-01
-4.015103723919727363e-01
1.485012031719139314e+00
5.561432022678625131e-01
-5.076292604816056153e-01
2.017625619190427655e-01
1.052203526930752586e+00
-1.166686386713638113e+00
-3.211824333278134880e-01
-7.205090138051620796e-01
1.432496269215115525e-01
-2.817578688619735983e-02
8.375517933161193973e-01
-8.702570277393284481e-01
-1.017157553949415538e+00
3.370762117661055823e-01
-4.888703949680258676e-01
2.493199168461464610e-01
1.129248260505609919e-01
3.463725524501521380e-01
7.926517035912764575e-01
-3.284224631846185405e-01
-2.230253750393865197e-01
4.720364493405024842e-01
1.097222975056218353e+00
-1.028033527776139433e+00
4.212927771575948888e-01
1.787351213464707100e-01
-4.780738827757852749e-01
4.603043522652951469e-01
-3.470103039829521285e-01
-1.750355109854584978e-01
-7.774446366461135183e-02
-3.256031463922556823e-01
1.844830466136476721e-02
1.328612699782617534e-01
1.783047895424754448e-01
8.575800261432775518e-01
1.168433336144925505e+00
-7.977060833478885615e-02
-4.713460506557187180e-01
8.628625526624242870e-01
-7.365942760576343548e-03
4.320650321003567662e-02
6.782693785978631817e-01
1.669652482428600315e+00
1.381643509986242857e-01
2.904138771150497900e-01
-9.845910199135430307e-01
-1.844964411479583788e-01
4.867773780850195298e-01
-1.914843319108575359e-01
5.287616839224233978e-01
-9.774815962716137951e-01
-2.185893794401187751e-01
-7.730390077832978157e-01
-2.053284122075770046e+00
-7.997534322655279748e-01
6.352524371828426331e-01
9.607690407469753335e-01
3.793815100015984765e-01
2.643698202014066467e-01
-1.674780723606241528e+00
5.984843945748982014e-02
-4.041973534619178743e-01
4.303607926121540417e-01
5.554511622375732927e-01
1.733473196652634066e-02
-8.318841012501373422e-01
-5.624330120510434572e-01
-6.304827861783136589e-01
-4.465427170586359074e-01
2.130032431533016024e-01
8.081920423743637061e-01
-3.627527867743498557e-01
8.395437330296345868e-01
8.311026848466294137e-01
5.637696819188326991e-01
3.800863845120568407e-01
1.101787851101080795e+00
-3.657615910911000245e+00
4.350856858710834829e-01
4.328108569484447887e-01
5.797151899872153846e-01
-4.715980347711789533e-01
-1.984299826631971964e-01
-3.910485574634987582e+00
1.533936910398455700e+00
6.743086897845438354e-01
3.431474975359492530e-01
6.612174017911771617e-01
-1.077337827049340335e+00
-1.096105829660902975e+00
1.951875835964040018e+00
3.358709162349877153e-01
-8.915358189470442563e-01
9.690183673082888305e-01
-4.022158499334892445e-01
-2.097154891346670602e-01
-2.917291513960032501e-01
-6.060168261756481156e-01
1.234140776917281634e+00
-7.789985643689288641e-02
-1.192089899433862454e+00
3.553261047818117024e-01
1.316110268279061746e+00
-5.314539228452473951e-01
4.988839333761847517e-01
-9.963759516939664218e-01
3.877803710685243099e-01
7.141267384183387357e-01
6.792624350985571047e-01
3.870751358097004324e-01
2.358758109993802088e-01
-3.963807996902342090e-01
1.282325617952701169e+00
5.112195771386163212e-01
3.699631413269350855e-01
-1.245567548532997004e-01
-7.790100864572552242e-02
6.214907700088984077e-01
1.179913976431495426e+00
8.891846895124309036e-01
-1.020722903291939043e-01
-6.297093396659522169e-01
2.869850573935772142e-01
4.368639231290400438e-01
2.061427772156413096e-01
-4.955221189226075573e-01
-7.841234340633316258e-01
1.747727405297506031e+00
-4.882650736328403851e-01
-3.302056975752700740e-01
-1.360487769204405673e-01
-7.856365624012096038e-01
-1.871138313452694671e-02
7.812006609045878402e-01
6.486353118271526164e-01
-2.789653884812408613e-01
1.595772208990833718e+00
-1.663382537725964561e+00
3.164584974432103626e-01
-6.299546824073947171e-01
6.073263998228380922e-01
4.915501272359348306e-01
2.125708783459273055e-01
6.200836640019651014e-02
-1.727628791326676905e-01
1.932419133587951199e-01
3.143428978512000649e-01
1.018101134516447015e+00
9.724317460200609942e-01
-1.090010195041691832e+00
4.777953209375159771e-01
-2.362144378433756464e-01
1.786794144790134209e-01
-3.471759348494603548e-01
3.908937950759276692e-02
5.494189901679661370e-01
5.209851388186058641e-01
-5.721304254059220717e-01
-8.274986851805309074e-02
