2.451000000000000068e+00
1.838000000000000078e+00
2.181999999999999940e+00
1.923000000000000043e+00
2.144000000000000128e+00
1.800999999999999934e+00
2.255999999999999783e+00
2.096000000000000085e+00
2.359999999999999876e+00
1.981999999999999984e+00
1.822999999999999954e+00
2.209999999999999964e+00
1.683000000000000052e+00
2.500000000000000000e+00
1.963000000000000078e+00
2.008000000000000007e+00
2.657999999999999918e+00
2.068000000000000060e+00
2.154999999999999805e+00
2.233999999999999986e+00
1.844000000000000083e+00
1.625999999999999890e+00
2.130999999999999783e+00
1.957999999999999963e+00
2.012000000000000011e+00
1.901999999999999913e+00
2.274000000000000021e+00
1.941999999999999948e+00
2.012999999999999901e+00
2.055000000000000160e+00
2.100000000000000089e+00
1.826999999999999957e+00
2.629000000000000004e+00
2.464999999999999858e+00
2.185000000000000053e+00
1.989000000000000101e+00
2.080999999999999961e+00
2.202999999999999847e+00
2.072999999999999954e+00
2.174999999999999822e+00
2.126999999999999780e+00
2.258000000000000007e+00
2.508999999999999897e+00
2.213000000000000078e+00
2.083000000000000185e+00
2.553999999999999826e+00
1.903000000000000025e+00
2.076999999999999957e+00
1.917999999999999927e+00
1.903000000000000025e+00
2.157999999999999918e+00
2.084999999999999964e+00
2.067000000000000171e+00
2.236000000000000210e+00
2.330000000000000071e+00
2.234999999999999876e+00
1.929000000000000048e+00
2.369000000000000217e+00
1.820999999999999952e+00
2.406000000000000139e+00
2.434000000000000163e+00
1.889000000000000012e+00
2.181000000000000050e+00
2.220000000000000195e+00
2.016000000000000014e+00
2.319999999999999840e+00
1.925999999999999934e+00
2.041999999999999815e+00
1.786999999999999922e+00
2.161999999999999922e+00
1.669000000000000039e+00
1.957999999999999963e+00
1.979000000000000092e+00
2.101999999999999869e+00
2.044000000000000039e+00
1.967000000000000082e+00
1.451999999999999957e+00
1.887000000000000011e+00
2.448999999999999844e+00
2.068000000000000060e+00
2.133999999999999897e+00
1.792000000000000037e+00
2.326999999999999957e+00
2.004999999999999893e+00
2.080999999999999961e+00
2.200000000000000178e+00
2.161000000000000032e+00
1.919999999999999929e+00
1.891999999999999904e+00
1.999000000000000110e+00
2.241000000000000103e+00
2.091000000000000192e+00
2.157999999999999918e+00
2.069999999999999840e+00
2.071000000000000174e+00
2.033999999999999808e+00
2.237000000000000099e+00
1.856000000000000094e+00
2.162999999999999812e+00
2.048000000000000043e+00
2.073999999999999844e+00
2.478000000000000203e+00
2.068999999999999950e+00
2.298999999999999932e+00
2.053999999999999826e+00
2.169999999999999929e+00
2.027000000000000135e+00
1.949000000000000066e+00
1.885000000000000009e+00
2.027000000000000135e+00
