9.839708069313186201e+00
1.090576759570231857e+01
1.243989395642885043e+01
1.014775885530406718e+01
1.230425448628870022e+01
1.075094541988375241e+01
1.013734875898996357e+01
1.063832215643738621e+01
9.355968482267780217e+00
1.049719953984842569e+01
9.897491723875146974e+00
1.090576759570231857e+01
1.016963925807483804e+01
1.020732354540166398e+01
1.008833429213073174e+01
1.002930031661943389e+01
1.001543014128307973e+01
9.227259117368618035e+00
1.067249518518725360e+01
8.467838483797674343e+00
1.031154637947558150e+01
9.227259117368618035e+00
1.231826168961245216e+01
9.625238508781539082e+00
1.005354540573518207e+01
9.982284153446912001e+00
1.048915921066811485e+01
1.239697773716052431e+01
9.920828710386631499e+00
1.243989395642885043e+01
8.328708193153101291e+00
1.060678818003149715e+01
1.075094541988375241e+01
1.228440856542719395e+01
1.229833032200315657e+01
9.897491723875146974e+00
1.067249518518725360e+01
1.243185362724853782e+01
1.244624400285400689e+01
1.046450423064590751e+01
9.591614895011851161e+00
1.061482850921180798e+01
8.467838483797674343e+00
1.243989395642885043e+01
1.007253322608797141e+01
1.012994851239684735e+01
1.243185362724853782e+01
1.060678818003149715e+01
1.039513046096353754e+01
1.048915921066811485e+01
1.075094541988375241e+01
1.061482850921180798e+01
9.868914210593676017e+00
1.235444444688602950e+01
1.039513046096353754e+01
1.013734875898996357e+01
9.686288442096046225e+00
1.069614205676928975e+01
1.005354540573518207e+01
1.035834334242709609e+01
9.991260563155940133e+00
1.019746334623755146e+01
1.009299726750971438e+01
9.617198179601228247e+00
9.196222255503228027e+00
9.751995447251804450e+00
1.036699894093741570e+01
9.966372581592690238e+00
1.089772726652200596e+01
9.355968482267780217e+00
1.049719953984842569e+01
1.068053551436756621e+01
1.046008765381473182e+01
1.032330847396909768e+01
1.042431564492589047e+01
1.084150749320670926e+01
1.238893740798021170e+01
1.057120186086697622e+01
9.196222255503228027e+00
9.737111171635191909e+00
1.005354540573518207e+01
1.081851370871792994e+01
9.994940318979587346e+00
9.954798279981124765e+00
9.263344201523040056e+00
1.230425448628870022e+01
1.239697773716052431e+01
9.092323000662549504e+00
1.223485965817818943e+01
9.400238591312398029e+00
1.235444444688602950e+01
8.713661339656873395e+00
1.077062744215830925e+01
9.468104894665071214e+00
1.069749098610389204e+01
1.014249898169493136e+01
1.049719953984842569e+01
1.075094541988375241e+01
1.018225319221705405e+01
1.069540036977588038e+01
1.061482850921180798e+01
8.661450016197253632e+00
1.015160040630858873e+01
9.910131709726771376e+00
1.051822219754995658e+01
1.254151686984630665e+01
1.067249518518725360e+01
1.002490986747471879e+01
9.977227528586556815e+00
1.075094541988375241e+01
1.228440856542719395e+01
1.031559686202109205e+01
1.055377857589730084e+01
1.032581062136416428e+01
1.061482850921180798e+01
1.246067681799750737e+01
9.822405352767990649e+00
9.355968482267780217e+00
1.020933825784264926e+01
1.039031836818706012e+01
9.869730270671960071e+00
1.247515204564705549e+01
9.568659472732663929e+00
1.007809302297473053e+01
9.925404591895231832e+00
9.214585430939553845e+00
8.620452579692528872e+00
1.062573215125310355e+01
1.061482850921180798e+01
1.243185362724853782e+01
1.026624700894931230e+01
1.043981832631567386e+01
9.791101486781379037e+00
1.075094541988375241e+01
1.030350605029526889e+01
1.012377989218813035e+01
1.075094541988375241e+01
1.005354540573518207e+01
1.053505571793539985e+01
1.068053551436756621e+01
1.092667938062273336e+01
1.108616440406536796e+01
9.345747271013861379e+00
9.929653760782727545e+00
1.020902898773684697e+01
1.244624400285400689e+01
1.015053931087524397e+01
9.962045017139665504e+00
9.307724342425117925e+00
9.347928153087469383e+00
1.059888365457712567e+01
1.081799146181059790e+01
1.052755641118715602e+01
1.226248924359279080e+01
1.007154742616830490e+01
8.507357852519355390e+00
8.566443322205284261e+00
1.005417890940963765e+01
1.010588240266665316e+01
1.060678818003149715e+01
1.074290509070343802e+01
1.044488910162349704e+01
1.249770998795097476e+01
9.897491723875146974e+00
1.081799146181059790e+01
1.240320030277965380e+01
1.034803008771660515e+01
9.255303872342729221e+00
9.400238591312398029e+00
9.456817627361274958e+00
8.645586353985542871e+00
1.242554604739340540e+01
1.060678818003149715e+01
1.054573824671699001e+01
1.032009071195127170e+01
8.645586353985542871e+00
1.041852733906371320e+01
1.034562017929533795e+01
1.240320030277965380e+01
1.244624400285400689e+01
1.232630201879276477e+01
1.036066424596183211e+01
1.233231157576212134e+01
9.897491723875146974e+00
9.889451394694836139e+00
1.024028539739920696e+01
9.662024800528037360e+00
8.661450016197253632e+00
1.227636823624688134e+01
1.034422449169844427e+01
9.800534329033736114e+00
1.055377857589730084e+01
1.050183705726459493e+01
9.822405352767990649e+00
9.423724753762993345e+00
1.250422963033634893e+01
8.529501329731623116e+00
1.015053931087524397e+01
9.737111171635191909e+00
1.055377857589730084e+01
1.090953123325148333e+01
1.253347654066599581e+01
1.015844559483354637e+01
9.838834571960850539e+00
1.035589991610581251e+01
1.019450707290802605e+01
9.560619143552353094e+00
1.055377857589730084e+01
1.005354540573518207e+01
1.075094541988375241e+01
1.015244931973847820e+01
1.082603179099090873e+01
1.036266023510224166e+01
9.227259117368618035e+00
1.242554604739340540e+01
8.558402993024969874e+00
1.067249518518725360e+01
1.061706963150127514e+01
1.246871714717781821e+01
9.994616517912286113e+00
9.400238591312398029e+00
9.981758677463139051e+00
8.365499065785229504e+00
1.087578757227209181e+01
1.055377857589730084e+01
1.006944077333354137e+01
1.067249518518725360e+01
8.328708193153101291e+00
9.897491723875146974e+00
1.074290509070343802e+01
9.355968482267780217e+00
1.027428733812962314e+01
1.054573824671699001e+01
1.054573824671699001e+01
1.066741540490064288e+01
1.036546802500502551e+01
1.001224456691447884e+01
1.075094541988375241e+01
1.006158573491549468e+01
9.591614895011851161e+00
1.017905469586165879e+01
9.969187199406244204e+00
9.255303872342729221e+00
1.047013947631530328e+01
8.620452579692528872e+00
1.081799146181059790e+01
1.246067681799750737e+01
1.061482850921180798e+01
1.082603179099090873e+01
1.019657411338867270e+01
1.075094541988375241e+01
9.916420998264959152e+00
9.255303872342729221e+00
9.355968482267780217e+00
1.224865304189256499e+01
8.684137314737842672e+00
1.001386796103219723e+01
1.232630201879276477e+01
1.083757713769052167e+01
1.002328369571506528e+01
1.228440856542719395e+01
1.098208547285094383e+01
1.082603179099090873e+01
9.955806533796248914e+00
9.177326389593595479e+00
1.074821309606045716e+01
1.244624400285400689e+01
1.236053928841125682e+01
1.004913021368177439e+01
1.250422963033634893e+01
1.025674301636111885e+01
1.055377857589730084e+01
1.227636823624688134e+01
9.922394457741166462e+00
9.400238591312398029e+00
1.071757661395218086e+01
9.568659472732663929e+00
1.009521002819343138e+01
1.075094541988375241e+01
1.234640411770571866e+01
1.028487065152055102e+01
1.053505571793539985e+01
9.863087168674441685e+00
1.000017428683749010e+01
9.337706941833550545e+00
9.568659472732663929e+00
8.558402993024969874e+00
1.005354540573518207e+01
1.125634119965180524e+01
1.043435584755365220e+01
8.467838483797674343e+00
1.063256193044150599e+01
1.006158573491549468e+01
1.238893740798021170e+01
8.537541658911933951e+00
1.039664496178083297e+01
9.143324448863179299e+00
1.238275739002706111e+01
1.007582648154451377e+01
1.061482850921180798e+01
1.021025770997758109e+01
9.508308705327422672e+00
1.058574215673353436e+01
1.240320030277965380e+01
9.850097514033688384e+00
1.026460347905504022e+01
9.662024800528037360e+00
1.061482850921180798e+01
1.024521127157591671e+01
8.594075932448959065e+00
1.247515204564705549e+01
1.039730237484146791e+01
1.031559686202109205e+01
1.055377857589730084e+01
1.118161872117201305e+01
9.822405352767990649e+00
1.006410476541744892e+01
8.645586353985542871e+00
9.743955118071491839e+00
9.617198179601228247e+00
1.054573824671699001e+01
1.061482850921180798e+01
1.044053690084686892e+01
9.591614895011851161e+00
9.525907889856092936e+00
9.280798190726887498e+00
9.263344201523040056e+00
1.055371319685485432e+01
9.255303872342729221e+00
1.068053551436756621e+01
1.060678818003149715e+01
9.307724342425117925e+00
9.743955118071491839e+00
9.897491723875146974e+00
1.039217571952099384e+01
8.620452579692528872e+00
1.089772726652200596e+01
1.039730237484146791e+01
9.591614895011851161e+00
9.751995447251804450e+00
1.003424007513628169e+01
1.222914944866195697e+01
9.560619143552353094e+00
1.061482850921180798e+01
1.234640411770571866e+01
1.246067681799750737e+01
8.507357852519355390e+00
9.686288442096046225e+00
1.015579918448437979e+01
9.889451394694836139e+00
9.227259117368618035e+00
1.023713686738477868e+01
1.045361596789164871e+01
1.035226482087875510e+01
1.054443712681244349e+01
1.027428733812962314e+01
1.052120126309664272e+01
1.240320030277965380e+01
9.299684013244807090e+00
1.039664496178083297e+01
1.218815517299920437e+01
8.558402993024969874e+00
1.049719953984842569e+01
1.234035190494243395e+01
9.219218788188305425e+00
1.023339527140429261e+01
1.013184069470330861e+01
9.460064565484760379e+00
1.223485965817818943e+01
9.852344682810956655e+00
9.383006312359819745e+00
9.969187199406244204e+00
1.061482850921180798e+01
9.822405352767990649e+00
1.003502660315688821e+01
1.041807501225675914e+01
1.053229339052064084e+01
1.082603179099090873e+01
1.002328369571506528e+01
1.243989395642885043e+01
1.018185360667158079e+01
1.075094541988375241e+01
8.637546024805232037e+00
1.034137693869721275e+01
9.568659472732663929e+00
1.006158573491549468e+01
9.977227528586556815e+00
1.027428733812962314e+01
1.068053551436756621e+01
1.249770998795097476e+01
9.147937409304374157e+00
1.039008573850903439e+01
9.568659472732663929e+00
1.075094541988375241e+01
1.071078607876701838e+01
1.019746334623755146e+01
1.236053928841125682e+01
1.055377857589730084e+01
1.073259410442950568e+01
1.243989395642885043e+01
1.021242949240197007e+01
1.236053928841125682e+01
1.082603179099090873e+01
1.067364476421488817e+01
1.227636823624688134e+01
1.043684877244318443e+01
1.218011484381889353e+01
9.525907889856092936e+00
9.990050951845528715e+00
1.241124063195996641e+01
9.969187199406244204e+00
9.977227528586556815e+00
1.003396534315441890e+01
1.000583884438277948e+01
1.081799146181059790e+01
1.234035190494243395e+01
1.011398832384917235e+01
1.254151686984630665e+01
1.074290509070344157e+01
1.014249898169493136e+01
1.088415434071658083e+01
9.460064565484760379e+00
1.247515204564705549e+01
8.475878812977985177e+00
1.233231157576212134e+01
1.242554604739340540e+01
1.107103904881069489e+01
1.046209914713499067e+01
1.231826168961245394e+01
1.066588220289033551e+01
1.029580637850204994e+01
8.705621010476562560e+00
9.662024800528037360e+00
9.897491723875145198e+00
1.032679795260909472e+01
1.033266292415284404e+01
