-1.329792909360606012e+00
-9.348950204765408278e-01
-2.211582575664313710e-01
-1.260759209534700886e+00
-9.153340807759365871e-01
3.252984979913196573e-01
6.622363278432351619e-01
9.879672077305658995e-01
-7.262370111512180815e-01
-6.132294303584328032e-01
-1.443507696266369766e+00
-1.615269110605112246e+00
1.971335946031853581e-01
-1.432296822011588588e+00
-5.604875448431543283e-01
-1.345529280092099933e+00
8.064881580328624455e-01
-1.875858505783567498e-02
1.448241063424849040e+00
-7.303814866860733890e-01
2.374267782730937193e-01
-1.550688618209017600e+00
2.382886529861126257e-01
1.653958100590146585e-01
-1.153412329407503156e+00
-1.238813245059802171e+00
-8.255149231162044465e-01
-7.156702551012735780e-01
1.263573855137596069e-01
-5.152497985795082558e-01
-8.553605943440869552e-01
3.295858480910123234e-01
-1.773107194432818945e+00
-4.204686490744955485e-01
7.067198202623337089e-01
-9.665872656337892721e-01
8.442318048411179277e-01
-8.228189413153583764e-01
-5.239763227241995835e-01
-7.602209854285874036e-01
1.538861002939610201e-01
-1.098399296970132388e+00
-1.263808036539919133e+00
6.204251277993504399e-01
-1.885477339203315283e+00
-1.864036265952316640e+00
1.339527013363000618e+00
1.374120747662709974e+00
-3.883415577538286423e-02
5.630694296435275747e-01
-1.515074258415234798e+00
8.383231543140264863e-01
-3.793633603383428921e-01
-1.508243184480335231e+00
1.309878863910640456e+00
-1.523511440614303325e+00
7.129329647182210961e-01
-2.456838330887216870e-01
-2.936617643498124486e-01
-1.124806694843758947e+00
3.137809302447987392e+00
8.797022580995864649e-01
8.421312404979152122e-01
-2.109500394111195332e-01
8.940849162287400897e-01
-1.322924438821128978e+00
2.560607452078531132e+00
-6.655068184812269472e-01
2.543045379763758440e+00
7.358892517106655484e-01
2.990668736385576620e-01
-9.578130592475082861e-02
-3.101800799246901885e+00
1.923982268156358005e-02
5.050854647058358182e+00
3.293651090784623481e+00
-8.962384283615831837e-01
-7.483499337723979739e-02
1.633193446251472447e-01
-4.031247652875259435e-01
-2.267631472007279603e-01
6.967338342930853301e-01
4.522991615253232900e-01
-9.691924720122695458e-01
-1.968784941616144868e-01
8.438291941735345247e-01
-1.393467474860551780e+00
1.322995469791727607e-01
1.070128780277852965e+00
-6.617550670452103656e-01
2.567686262273338182e-01
-1.150448924857340627e+00
4.577333834543148017e-01
-8.686998628689303337e-02
1.820789096453637512e+00
-1.110217270772843490e+00
-5.826312476660469031e-01
1.535193982296583881e+00
1.213472813445611198e+00
-2.971196620961432111e-01
4.736888780056280335e-01
-2.084176066480691036e-01
6.076195516673695007e-02
-1.293376221143588634e+00
3.759513728452039238e+00
9.207695320926635729e-02
7.282754425120930436e-03
4.533205089322184245e-01
-2.690993290984283193e-01
3.816597713601270758e-01
-4.207016112263845670e-02
-1.186095375918691852e+00
2.068677921619217930e+00
-2.653096550504382423e-01
1.583102919469522085e+00
-1.047123980549069105e-01
-1.217418603993161152e+00
-6.106753998638975167e-01
-3.927345249637388402e-01
-1.523274645853740950e+00
-1.432618479086888552e+00
7.867964164117328130e-01
7.036906042822416163e-01
8.059188690331730021e-01
-1.564575937253737947e-01
7.627036371995260522e-02
-7.073650528489264788e-01
-1.081884421990628287e+00
1.282720472867519890e+00
1.050674693860811582e+00
5.213016757602124684e-01
4.133168125020223460e-01
-7.418662863677963903e-01
-9.733368453516846874e-02
-1.090793741450545529e+00
1.081219182149631974e+00
-8.289469331073888725e-01
-1.307412625980771369e-02
-2.701079320767463710e+00
1.223271332384192167e+00
-1.278914036737166526e+00
-3.444820022939863446e-01
-2.816719440970438249e-01
4.008121319498720858e-01
7.357936287019827271e-01
-1.001888383472949506e+00
3.897536642773395399e-01
8.909323371555876170e-01
-1.388559925359929892e+00
-3.663036397105166597e-01
-7.854039770479258331e-02
-9.669103654555231131e-01
2.251648583989659169e+00
2.672261695148944738e-01
-6.200787574490006504e-01
-5.828882018765263462e-01
-1.192365301861649796e+00
-8.001844876018102681e-01
1.468893273208591976e+00
3.615912632185451225e-01
-1.968880268825150104e+00
-9.607335665250293921e-01
2.558903968532140749e-01
-2.916529084986538289e-01
1.432415599685674001e+00
1.814511918666299739e-01
-3.471072249892271921e-01
2.815009472227622545e-01
-1.150286129154140413e+00
-5.917660233443857928e-03
1.153039224141577668e+00
-5.835190564187389684e-02
1.067882865110429735e+00
9.844388772339945914e-02
2.219466261048452516e-01
-1.399060826765661014e+00
-9.428223798538060141e-01
1.269118319855395027e+00
9.675112951176451093e-01
4.305871554511130350e-01
-3.924945326969007109e-01
-9.285852630612501102e-01
-9.887629003349284185e-01
7.513242278859011414e-01
2.145777187223060434e+00
8.437850220838550852e-01
-1.281938256399462128e+00
7.534973698354404670e-01
1.434308162868013214e+00
-1.463329651896376093e+00
-2.700807212314579875e-01
-1.259781774613337069e+00
2.615707606732783352e-01
-1.472798990045647294e+00
3.801211934433077477e-01
-3.344056349572370745e-01
-4.233508473232930336e-02
-4.836543623406683867e-01
1.557442800731088539e+00
1.362269135554402544e+00
1.198830420540346609e-01
-5.041587471858700598e-01
-1.233700528444840794e+00
-9.735258223759803153e-02
1.364696240909757385e+00
-1.244559559912929436e-01
-1.789102269845731286e+00
6.737755541885909194e-01
4.930459975445416337e-02
-9.130484899454759384e-01
1.004107134340050111e-01
8.994964532811094982e-01
1.048879019106736754e+00
-1.321001204928198058e+00
-9.280031842798418529e-01
1.528651092708969816e+00
2.858373096498260102e-01
-4.637526244026874966e-01
5.613647605473363056e-01
1.422583187677456840e+00
-3.774865099590686279e-01
1.281828945141304077e+00
-8.176264315576011743e-01
-1.218056776067554692e+00
-1.170337025761968519e+00
-6.459027522471469940e-01
-1.582034733107148261e+00
-6.315562258261514517e-02
1.279887340445270416e-01
1.484624893882053209e+00
-2.524642197763753426e-01
1.059203007755165293e+00
5.771272887376898142e-01
-1.049702677142612783e+00
-1.020323214330078665e+00
1.363601659514651399e+00
-3.571192389962423164e-01
-1.529907140374770380e+00
5.272199446038458026e-01
8.683674735275928591e-02
2.713329372714223808e-01
-4.066791453600097639e-01
-8.754527894096055807e-01
1.024185027914910284e+00
-1.608588127034870530e+00
7.843614499848089450e-01
5.921864326278263313e-01
2.108097159708590684e+00
2.871903410420503011e+00
5.060289862267093319e-01
8.699143652793144277e-01
5.033409439442462219e-01
2.910428112061464456e-01
-1.717430737164425514e+00
5.447249669636992225e-02
-1.028795943535911750e+00
-1.109949140508642129e+00
3.603776689144318479e-01
8.770526584314333185e-01
8.089238231423185876e-01
-8.419682668331088804e-01
5.577665258999354725e-01
3.120018458792419125e+00
-1.220921366315813383e+00
-5.702864393451977376e-01
-1.586040614791324188e+00
8.516796205019772081e-01
-3.987392511460918221e-01
2.782450166375578071e+00
1.249258792918096772e-01
6.111964794942414958e-02
-2.237830182856365424e-01
4.418709610837308621e-01
3.312773110091984385e-01
8.962585387338573018e-01
1.007731343590962281e+00
-1.555339797795931789e+00
1.439962480656894028e+00
-1.313787917434773966e+00
8.757712134327898523e-01
-1.033583603236764459e+00
-3.468202507534238754e-01
6.220247749543847959e-01
1.556362637944365579e+00
-9.165341155711547172e-01
1.579155041402567072e-01
1.649983274785202125e+00
-1.495554432083357588e+00
-6.618179794391987336e-01
3.463649830524769269e-01
-1.067850656844930857e+00
2.126855221303533827e-01
-1.544618368415439369e-01
-3.104237637120669038e-02
4.414240205585218679e-01
2.222179966276236929e+00
-6.366050556696836171e-01
1.597020867841989267e+00
-5.462714289968511050e-01
-1.694918064250240108e-01
-5.050328818208887904e-01
-9.945605914288900840e-01
-1.091761838400395895e-01
-1.841352775148634047e+00
-5.144693658453368679e-01
2.926172257306045577e+00
-5.886160795614546748e-01
-1.337598913647106480e+00
-3.972624552757286764e-01
-1.694514656981392253e+00
-8.824810522626592713e-01
2.508691560624262129e-01
5.736654353773906756e-01
-4.487770215232724236e-01
-7.534925922994917258e-01
-6.916343429488656103e-01
-1.549415582517811030e-01
-3.615136229178541050e-01
1.641395240011793044e+00
7.827942945972372613e-01
1.279375616988287945e+00
-9.096349218789663293e-01
1.208063481146097462e-01
5.926642679786880974e-01
-2.249675950758805304e-02
1.486802361100711678e-01
5.071160083426115017e-01
-1.032336753981478950e+00
-1.178422863973316859e-01
1.708980942567991157e+00
-4.338435518251427814e-01
-4.671183979931241570e-01
4.169469430807004606e-02
-8.500365893621822933e-01
4.853829743539165298e-01
-3.583276222913827080e-01
6.365559365744277720e-01
1.036916302590531913e+00
1.907445604816443208e+00
-1.169151586220890104e+00
1.125390958227245219e+00
3.331462452589481482e-01
1.172167477736554941e+00
-2.867299652664594412e-01
1.521343022962101443e+00
3.295197033261655362e-01
-1.504308466570360103e+00
-6.097678529535036640e-01
-1.462605337543135819e-01
4.602877086937232631e-01
4.617563117854670551e-01
8.244472451771371890e-01
-1.060967721299160171e+00
1.619910627368818190e+00
-1.956761630309875599e+00
-1.142311853877032435e-01
8.309351486063416559e-01
-2.007730593543937125e+00
-1.096121204845902780e-01
1.177786321128720282e+00
-1.406876178694053570e+00
2.473933484638749236e-01
8.537348269646787280e-01
8.952099589752552378e-01
-1.100805949881727974e+00
-8.586233950772462764e-01
2.115537721589591413e+00
1.961072186651181992e+00
-1.738735289988426080e+00
-4.835155577713902697e-01
5.070258523333979195e-01
-1.347987997762474799e-01
-1.188418001701296189e+00
7.379356687539344595e-01
-1.747642728489058328e-01
-6.686004677869044066e-01
-1.244913870012847701e+00
3.526502249408299261e-01
2.337129457061182802e-01
-1.368513106276511293e-01
4.350323733957261463e-01
-5.824802110518513265e-01
5.123014643339179885e-01
7.719720002646648371e-01
7.441800436173459099e-01
1.388159024970019750e+00
-1.353022195574098974e-01
1.567538079404371842e+00
-9.166300933456752453e-01
-3.451968224535335583e-01
1.426159564121905546e-02
-1.086943903981230530e+00
-1.824235134906470490e+00
-4.985332752909614473e-02
1.292499181746157577e-01
-3.741110850445637792e-02
-7.078070376995656554e-01
2.145418701201944334e+00
-1.690597571436412982e-01
1.356189520486605682e+00
-1.032141141261661232e+00
1.266920105812837649e-01
-9.446339369776217687e-01
7.585266524653683229e-01
7.045376903853916017e-01
7.297098166956033083e-01
6.082393856211579797e-01
-1.363314153378007765e+00
-3.309977882934469484e-01
-1.342938175993162175e-01
1.076314776397841039e-01
-5.224038772555458232e-01
2.089036275183594693e+00
-2.332907525104835678e+00
2.468071662999875127e+00
-4.631380497510124289e-02
-1.787425661273386090e+00
1.500243891592653700e+00
-1.048495509582467178e-01
3.842189953736621089e-01
1.571590429757470375e-01
-2.821582020590408524e-01
6.769790589654618440e-01
-1.782825962551236598e+00
8.738694452301506432e-01
-1.083024899748203262e+00
-7.804936001148662372e-01
3.251683298656501409e-01
5.240275071903034432e-01
8.657728371106653276e-01
1.447250603459467877e+00
-1.551758470584583050e+00
-5.887684328467891054e-02
-2.433977920242360801e-02
8.789026613557111567e-01
1.178383423157559839e+00
