3.205999999999999961e+00
3.293000000000000149e+00
3.087000000000000188e+00
3.435999999999999943e+00
3.052999999999999936e+00
3.229999999999999982e+00
3.983000000000000096e+00
3.682999999999999829e+00
3.568000000000000060e+00
3.488999999999999879e+00
3.016000000000000014e+00
3.507000000000000117e+00
3.240000000000000213e+00
3.640000000000000124e+00
3.379000000000000004e+00
3.604000000000000092e+00
4.198999999999999844e+00
3.302999999999999936e+00
3.241999999999999993e+00
3.387000000000000011e+00
3.395999999999999908e+00
3.561999999999999833e+00
3.591000000000000192e+00
2.955999999999999961e+00
3.085999999999999854e+00
3.414000000000000146e+00
3.419999999999999929e+00
3.067000000000000171e+00
3.754000000000000004e+00
3.835999999999999854e+00
3.628000000000000114e+00
3.613999999999999879e+00
3.786000000000000032e+00
3.520999999999999908e+00
3.645000000000000018e+00
3.548000000000000043e+00
3.654999999999999805e+00
3.047000000000000153e+00
3.169999999999999929e+00
3.339999999999999858e+00
3.408999999999999808e+00
3.279999999999999805e+00
3.154999999999999805e+00
3.674999999999999822e+00
3.152000000000000135e+00
3.616000000000000103e+00
3.325000000000000178e+00
3.736000000000000210e+00
3.458000000000000185e+00
3.310000000000000053e+00
3.297000000000000153e+00
3.660000000000000142e+00
3.295999999999999819e+00
3.140000000000000124e+00
4.392000000000000348e+00
3.850000000000000089e+00
3.662999999999999812e+00
3.907999999999999918e+00
4.073000000000000398e+00
3.479999999999999982e+00
3.717999999999999972e+00
3.524000000000000021e+00
3.363999999999999879e+00
3.383999999999999897e+00
2.932999999999999829e+00
3.765000000000000124e+00
3.601999999999999869e+00
3.254000000000000004e+00
3.271999999999999797e+00
3.318999999999999950e+00
2.964999999999999858e+00
2.920999999999999819e+00
3.309000000000000163e+00
3.665000000000000036e+00
3.383000000000000007e+00
3.412999999999999812e+00
3.383999999999999897e+00
3.286999999999999922e+00
2.995000000000000107e+00
3.198999999999999844e+00
4.325999999999999623e+00
3.742999999999999883e+00
3.616999999999999993e+00
3.710999999999999854e+00
3.648000000000000131e+00
3.759999999999999787e+00
4.107999999999999652e+00
3.793000000000000149e+00
3.479999999999999982e+00
3.255999999999999783e+00
2.903999999999999915e+00
3.338999999999999968e+00
3.343999999999999861e+00
2.704000000000000181e+00
3.524999999999999911e+00
2.943000000000000060e+00
3.350000000000000089e+00
3.250999999999999890e+00
3.544000000000000039e+00
3.524000000000000021e+00
3.565999999999999837e+00
3.826999999999999957e+00
3.657999999999999918e+00
3.657000000000000028e+00
4.107999999999999652e+00
3.537999999999999812e+00
3.781000000000000139e+00
3.289000000000000146e+00
3.087000000000000188e+00
3.479999999999999982e+00
