3.470000000000000195e+00
3.754999999999999893e+00
3.863999999999999879e+00
2.814999999999999947e+00
3.519000000000000128e+00
3.027000000000000135e+00
3.314999999999999947e+00
3.561999999999999833e+00
3.158999999999999808e+00
3.287999999999999812e+00
3.713999999999999968e+00
3.105999999999999872e+00
3.250999999999999890e+00
3.819999999999999840e+00
3.549999999999999822e+00
3.532999999999999918e+00
3.297000000000000153e+00
3.907000000000000028e+00
3.148000000000000131e+00
2.494000000000000217e+00
2.733000000000000096e+00
2.992999999999999883e+00
3.818000000000000060e+00
3.604000000000000092e+00
3.376999999999999780e+00
3.145000000000000018e+00
3.392999999999999794e+00
3.759999999999999787e+00
3.564000000000000057e+00
3.919000000000000039e+00
3.210999999999999854e+00
3.214999999999999858e+00
3.528000000000000025e+00
3.919000000000000039e+00
3.641000000000000014e+00
3.551000000000000156e+00
3.278999999999999915e+00
3.972999999999999865e+00
3.721999999999999975e+00
3.274999999999999911e+00
3.636000000000000121e+00
3.153999999999999915e+00
3.059000000000000163e+00
3.641000000000000014e+00
3.380999999999999783e+00
3.677000000000000046e+00
3.916999999999999815e+00
3.258000000000000007e+00
3.298999999999999932e+00
2.861000000000000210e+00
3.036000000000000032e+00
3.458000000000000185e+00
3.467999999999999972e+00
3.274000000000000021e+00
3.520000000000000018e+00
3.403000000000000025e+00
3.483999999999999986e+00
3.505999999999999783e+00
3.515000000000000124e+00
3.176000000000000156e+00
3.954000000000000181e+00
3.087000000000000188e+00
3.599000000000000199e+00
3.383999999999999897e+00
3.548999999999999932e+00
3.329000000000000181e+00
3.358999999999999986e+00
3.350999999999999979e+00
3.233999999999999986e+00
3.701999999999999957e+00
3.169999999999999929e+00
3.285000000000000142e+00
3.632000000000000117e+00
3.289000000000000146e+00
3.888999999999999790e+00
3.779999999999999805e+00
4.107999999999999652e+00
3.286000000000000032e+00
3.173999999999999932e+00
3.454000000000000181e+00
3.384999999999999787e+00
3.369000000000000217e+00
3.633999999999999897e+00
3.294000000000000039e+00
3.778999999999999915e+00
3.640000000000000124e+00
4.003999999999999559e+00
2.810999999999999943e+00
3.822000000000000064e+00
4.089999999999999858e+00
3.900999999999999801e+00
2.915000000000000036e+00
3.604000000000000092e+00
3.092999999999999972e+00
3.616999999999999993e+00
3.754999999999999893e+00
2.975999999999999979e+00
3.200000000000000178e+00
3.294000000000000039e+00
3.263999999999999790e+00
3.293000000000000149e+00
3.629999999999999893e+00
3.463000000000000078e+00
3.595000000000000195e+00
3.757000000000000117e+00
3.552000000000000046e+00
3.552999999999999936e+00
3.467999999999999972e+00
3.125999999999999890e+00
3.609999999999999876e+00
3.019000000000000128e+00
3.383999999999999897e+00
3.540999999999999925e+00
3.790000000000000036e+00
3.270000000000000018e+00
3.504000000000000004e+00
3.410000000000000142e+00
3.267999999999999794e+00
3.040999999999999925e+00
3.835999999999999854e+00
3.770999999999999908e+00
3.154999999999999805e+00
3.350999999999999979e+00
3.536999999999999922e+00
3.225000000000000089e+00
3.491000000000000103e+00
3.608999999999999986e+00
3.088999999999999968e+00
2.960999999999999854e+00
3.616000000000000103e+00
2.903999999999999915e+00
3.226999999999999869e+00
3.591000000000000192e+00
3.060999999999999943e+00
3.248000000000000220e+00
3.254000000000000004e+00
3.338999999999999968e+00
3.129999999999999893e+00
3.064999999999999947e+00
3.428999999999999826e+00
3.315999999999999837e+00
3.424999999999999822e+00
3.071000000000000174e+00
3.462000000000000188e+00
3.475000000000000089e+00
3.519000000000000128e+00
3.420999999999999819e+00
3.716000000000000192e+00
3.580999999999999961e+00
3.548000000000000043e+00
3.486000000000000210e+00
3.467000000000000082e+00
2.979000000000000092e+00
4.107000000000000206e+00
3.132000000000000117e+00
3.657000000000000028e+00
3.770000000000000018e+00
3.285000000000000142e+00
3.411000000000000032e+00
2.904999999999999805e+00
3.580999999999999961e+00
3.361000000000000210e+00
3.960999999999999854e+00
3.213999999999999968e+00
3.369000000000000217e+00
4.107000000000000206e+00
3.475000000000000089e+00
3.454000000000000181e+00
3.865000000000000213e+00
3.511000000000000121e+00
3.634999999999999787e+00
3.721999999999999975e+00
3.553999999999999826e+00
3.064999999999999947e+00
2.887999999999999901e+00
3.483000000000000096e+00
3.488999999999999879e+00
3.412999999999999812e+00
3.822000000000000064e+00
4.408000000000000362e+00
3.279999999999999805e+00
3.454000000000000181e+00
4.325999999999999623e+00
3.273000000000000131e+00
3.290000000000000036e+00
3.474000000000000199e+00
3.270000000000000018e+00
3.201000000000000068e+00
3.916999999999999815e+00
3.287999999999999812e+00
3.507000000000000117e+00
3.251999999999999780e+00
3.810000000000000053e+00
2.959999999999999964e+00
3.569999999999999840e+00
3.512000000000000011e+00
3.436999999999999833e+00
3.225000000000000089e+00
3.876999999999999780e+00
3.576999999999999957e+00
3.596999999999999975e+00
3.940999999999999837e+00
3.459999999999999964e+00
3.350000000000000089e+00
3.261000000000000121e+00
3.201000000000000068e+00
3.475999999999999979e+00
3.479000000000000092e+00
3.902000000000000135e+00
2.972999999999999865e+00
3.794000000000000039e+00
3.326999999999999957e+00
3.571000000000000174e+00
3.170999999999999819e+00
4.065999999999999837e+00
3.145000000000000018e+00
3.083000000000000185e+00
4.006999999999999673e+00
3.601999999999999869e+00
3.623000000000000220e+00
3.922000000000000153e+00
3.601999999999999869e+00
3.544000000000000039e+00
3.435000000000000053e+00
3.117999999999999883e+00
3.407000000000000028e+00
2.991000000000000103e+00
3.133000000000000007e+00
3.192000000000000171e+00
3.112999999999999989e+00
3.491000000000000103e+00
3.289000000000000146e+00
3.125999999999999890e+00
3.244000000000000217e+00
3.125000000000000000e+00
3.545999999999999819e+00
3.810999999999999943e+00
3.233000000000000096e+00
3.112999999999999989e+00
3.394000000000000128e+00
3.560000000000000053e+00
2.966000000000000192e+00
3.321000000000000174e+00
3.641000000000000014e+00
3.592999999999999972e+00
3.369000000000000217e+00
3.081999999999999851e+00
3.319999999999999840e+00
3.137000000000000011e+00
3.523000000000000131e+00
3.220000000000000195e+00
3.383000000000000007e+00
3.819999999999999840e+00
3.545999999999999819e+00
3.646999999999999797e+00
3.672000000000000153e+00
3.379000000000000004e+00
3.960999999999999854e+00
3.645000000000000018e+00
3.632000000000000117e+00
4.065999999999999837e+00
3.342999999999999972e+00
3.395999999999999908e+00
3.672000000000000153e+00
3.669000000000000039e+00
3.302000000000000046e+00
3.365000000000000213e+00
3.940999999999999837e+00
3.567000000000000171e+00
3.818000000000000060e+00
4.004999999999999893e+00
3.209000000000000075e+00
3.653999999999999915e+00
3.301000000000000156e+00
3.803999999999999826e+00
3.567000000000000171e+00
3.391999999999999904e+00
3.051000000000000156e+00
3.370000000000000107e+00
3.795999999999999819e+00
3.056000000000000050e+00
3.291999999999999815e+00
3.531000000000000139e+00
3.629999999999999893e+00
3.888999999999999790e+00
3.698999999999999844e+00
3.786999999999999922e+00
3.257000000000000117e+00
3.729000000000000092e+00
3.572000000000000064e+00
3.803999999999999826e+00
3.250000000000000000e+00
3.685999999999999943e+00
3.646999999999999797e+00
3.142999999999999794e+00
3.262999999999999901e+00
3.358999999999999986e+00
4.011999999999999567e+00
3.423999999999999932e+00
3.442000000000000171e+00
3.470000000000000195e+00
3.213000000000000078e+00
3.565999999999999837e+00
3.233999999999999986e+00
3.498000000000000220e+00
3.370000000000000107e+00
3.689999999999999947e+00
3.529999999999999805e+00
3.311999999999999833e+00
3.193000000000000060e+00
3.806000000000000050e+00
3.370999999999999996e+00
3.317000000000000171e+00
3.660000000000000142e+00
3.528999999999999915e+00
3.480999999999999872e+00
3.466000000000000192e+00
3.595000000000000195e+00
3.803999999999999826e+00
3.455000000000000071e+00
3.141999999999999904e+00
3.209000000000000075e+00
3.209000000000000075e+00
3.508000000000000007e+00
3.282999999999999918e+00
3.607000000000000206e+00
3.855999999999999872e+00
3.628000000000000114e+00
3.480999999999999872e+00
2.670999999999999819e+00
3.261000000000000121e+00
3.422000000000000153e+00
3.960999999999999854e+00
3.693000000000000060e+00
3.563000000000000167e+00
3.096000000000000085e+00
3.684000000000000163e+00
3.690999999999999837e+00
3.778000000000000025e+00
3.297000000000000153e+00
3.423000000000000043e+00
3.900999999999999801e+00
3.563000000000000167e+00
2.967999999999999972e+00
4.052999999999999936e+00
3.653999999999999915e+00
3.362000000000000099e+00
3.241000000000000103e+00
2.829000000000000181e+00
3.494000000000000217e+00
3.350000000000000089e+00
3.779999999999999805e+00
3.403000000000000025e+00
3.496999999999999886e+00
3.351999999999999869e+00
3.391000000000000014e+00
3.677000000000000046e+00
3.458000000000000185e+00
3.955000000000000071e+00
3.495000000000000107e+00
3.274000000000000021e+00
3.431000000000000050e+00
2.908999999999999808e+00
3.701000000000000068e+00
3.314000000000000057e+00
3.161999999999999922e+00
3.370000000000000107e+00
3.218999999999999861e+00
3.233999999999999986e+00
3.568999999999999950e+00
3.080999999999999961e+00
3.366000000000000103e+00
3.488999999999999879e+00
3.841000000000000192e+00
3.943999999999999950e+00
3.180000000000000160e+00
3.448999999999999844e+00
3.112999999999999989e+00
3.504000000000000004e+00
3.019000000000000128e+00
3.704000000000000181e+00
3.245999999999999996e+00
3.791999999999999815e+00
3.404999999999999805e+00
3.100000000000000089e+00
3.295999999999999819e+00
3.561999999999999833e+00
2.918000000000000149e+00
3.072999999999999954e+00
3.620999999999999996e+00
2.866999999999999993e+00
3.137000000000000011e+00
3.611000000000000210e+00
2.826999999999999957e+00
3.210999999999999854e+00
3.616000000000000103e+00
3.640000000000000124e+00
2.770999999999999908e+00
3.532000000000000028e+00
3.560999999999999943e+00
3.258999999999999897e+00
3.633000000000000007e+00
3.258999999999999897e+00
3.355999999999999872e+00
3.081999999999999851e+00
3.335999999999999854e+00
3.713000000000000078e+00
3.495000000000000107e+00
3.456999999999999851e+00
4.019999999999999574e+00
3.112000000000000099e+00
3.443000000000000060e+00
3.273000000000000131e+00
3.494000000000000217e+00
3.439999999999999947e+00
4.392000000000000348e+00
3.616000000000000103e+00
4.011999999999999567e+00
3.608999999999999986e+00
3.180000000000000160e+00
3.588999999999999968e+00
3.403999999999999915e+00
4.187999999999999723e+00
3.176000000000000156e+00
4.051999999999999602e+00
4.094000000000000306e+00
3.349000000000000199e+00
3.588999999999999968e+00
3.713000000000000078e+00
3.492999999999999883e+00
3.575000000000000178e+00
3.603000000000000203e+00
3.579000000000000181e+00
3.080999999999999961e+00
3.666999999999999815e+00
3.310999999999999943e+00
