1.138171164591906859e+01
1.090650432043420537e+01
1.255394183899062988e+01
1.029246582325396631e+01
1.239669592898619044e+01
1.083248532907530226e+01
1.097857933821431509e+01
1.118988608647766014e+01
1.176250336629166426e+01
1.069267483662544294e+01
1.095785071927844179e+01
1.090650432043420537e+01
1.100912013976606652e+01
1.147982945039005465e+01
1.141523478578196737e+01
1.138084282742404874e+01
1.137249394124998503e+01
1.051388623097402331e+01
1.066347088983394720e+01
1.076237133778612964e+01
1.056619747477009597e+01
1.051388623097402331e+01
1.239947999521226230e+01
1.081493812924508369e+01
1.089977556988831076e+01
1.135208112957992910e+01
1.055983587254927514e+01
1.254597096347176866e+01
1.131228779965890396e+01
1.255394183899062988e+01
1.069897559474064153e+01
1.062806080221828786e+01
1.083248532907530226e+01
1.252391435420604360e+01
1.252673330557717968e+01
1.095785071927844179e+01
1.066347088983394720e+01
1.242110287491446208e+01
1.242372216801663676e+01
1.122168119500882888e+01
1.189897711499094690e+01
1.076089976629445744e+01
1.076237133778612964e+01
1.255394183899062988e+01
1.140620070584852996e+01
1.156688849915142470e+01
1.242110287491446208e+01
1.062806080221828786e+01
1.117871836160867716e+01
1.055983587254927514e+01
1.083248532907530226e+01
1.076089976629445744e+01
1.140335417279250585e+01
1.253783389847062857e+01
1.117871836160867716e+01
1.097857933821431509e+01
1.084948120993834664e+01
1.134812113636847997e+01
1.089977556988831076e+01
1.155456592280652472e+01
1.135767609788908317e+01
1.090769968165075277e+01
1.141787828931044402e+01
1.068209916516891589e+01
1.035498145649669510e+01
1.088489129755400420e+01
1.155863760874941981e+01
1.074563737232518612e+01
1.077366535635803757e+01
1.176250336629166426e+01
1.069267483662544294e+01
1.079630985391011500e+01
1.160112237769607013e+01
1.166681693366052208e+01
1.171425694357894720e+01
1.188361839414355003e+01
1.241313199939560086e+01
1.115423017831474972e+01
1.035498145649669510e+01
1.197193653671538449e+01
1.089977556988831076e+01
1.140720204990050846e+01
1.148780353198940318e+01
1.072237633957366931e+01
1.169928279952036299e+01
1.239669592898619044e+01
1.254597096347176866e+01
1.155471794896590687e+01
1.238251592643227283e+01
1.166250313363010704e+01
1.253783389847062857e+01
1.103236506553756335e+01
1.185750384947771252e+01
1.071640382084487442e+01
1.182949106599072486e+01
1.093744069170777067e+01
1.069267483662544294e+01
1.083248532907530226e+01
1.102044223045735194e+01
1.121893578239253841e+01
1.076089976629445744e+01
1.086891313930366643e+01
1.099235425410942391e+01
1.130506863910014381e+01
1.175588738320940330e+01
1.257187038784191024e+01
1.066347088983394720e+01
1.084535440701795572e+01
1.099508576407809457e+01
1.083248532907530226e+01
1.252391435420604360e+01
1.099804067259636220e+01
1.072635668560119449e+01
1.166802795735984866e+01
1.076089976629445744e+01
1.242632236612816499e+01
1.092106677271919146e+01
1.176250336629166426e+01
1.047949479275016849e+01
1.169861213890813367e+01
1.140394566240665775e+01
1.242890331187589581e+01
1.078125628026933214e+01
1.140939307032218331e+01
1.131534755019728600e+01
1.153602577177475830e+01
1.097142111682106425e+01
1.131194566120329270e+01
1.076089976629445744e+01
1.242110287491446208e+01
1.040371110796013632e+01
1.107880162556619652e+01
1.121709846322894144e+01
1.083248532907530226e+01
1.043335851069392639e+01
1.096498078481238103e+01
1.083248532907530226e+01
1.089977556988831076e+01
1.126261383419821982e+01
1.079630985391011500e+01
1.145590728813110815e+01
1.183620028426606829e+01
1.062513151568019509e+01
1.144565267393903696e+01
1.148071552015475660e+01
1.242372216801663676e+01
1.107027965578393847e+01
1.133927266373300391e+01
1.173048963828181712e+01
1.162966440221549469e+01
1.129768109471397786e+01
1.073643031155838301e+01
1.175990409915937640e+01
1.238823923224593848e+01
1.090718495061540949e+01
1.091061947549405531e+01
1.094112570710966637e+01
1.139555347169871702e+01
1.094623478786899362e+01
1.062806080221828786e+01
1.069964636499913446e+01
1.065983610521083236e+01
1.256430381196283719e+01
1.095785071927844179e+01
1.073643031155838301e+01
1.241580763323079140e+01
1.154968631918528033e+01
1.156644383544419519e+01
1.166250313363010704e+01
1.169618498260585859e+01
1.098656676307255431e+01
1.255130360827096503e+01
1.062806080221828786e+01
1.059351772152502669e+01
1.100117326961259145e+01
1.098656676307255431e+01
1.158244320259328397e+01
1.167754927947546939e+01
1.241580763323079140e+01
1.242372216801663676e+01
1.253231895928843009e+01
1.115616583459553901e+01
1.240224638280606939e+01
1.095785071927844179e+01
1.082501175520227221e+01
1.050765521608178688e+01
1.193515259015613417e+01
1.086891313930366643e+01
1.239107539012987580e+01
1.046377657436336328e+01
1.135106510292233217e+01
1.072635668560119449e+01
1.161943939616957167e+01
1.092106677271919146e+01
1.068519698208342028e+01
1.243400681678733832e+01
1.079307537988569266e+01
1.107027965578393847e+01
1.197193653671538449e+01
1.072635668560119449e+01
1.144838878921638958e+01
1.243903142376574245e+01
1.158247928299462437e+01
1.138104947559400237e+01
1.115297675533192034e+01
1.147313709830268458e+01
1.064841731619316434e+01
1.072635668560119449e+01
1.089977556988831076e+01
1.083248532907530226e+01
1.086786583550317609e+01
1.086926927563455259e+01
1.155659931328464829e+01
1.051388623097402331e+01
1.255130360827096503e+01
1.080828674303349679e+01
1.066347088983394720e+01
1.166780944059527414e+01
1.255916133020433278e+01
1.135975480285101291e+01
1.166250313363010704e+01
1.147953254394039568e+01
1.071514998746767944e+01
1.143337507803768283e+01
1.072635668560119449e+01
1.090463482773371595e+01
1.066347088983394720e+01
1.069897559474064153e+01
1.095785071927844179e+01
1.069964636499913446e+01
1.176250336629166426e+01
1.053655007203630589e+01
1.059351772152502669e+01
1.059351772152502669e+01
1.133356911683851287e+01
1.115936305520826544e+01
1.149849427751227893e+01
1.083248532907530226e+01
1.103261453396448033e+01
1.189897711499094690e+01
1.101760076375181363e+01
1.086224680000192677e+01
1.156644383544419519e+01
1.122504504657658231e+01
1.097142111682106425e+01
1.073643031155838301e+01
1.242632236612816499e+01
1.076089976629445744e+01
1.086926927563455259e+01
1.160283655517021195e+01
1.083248532907530226e+01
1.130932453506806112e+01
1.156644383544419519e+01
1.176250336629166426e+01
1.238538602522235443e+01
1.088416897351068613e+01
1.082873863464645758e+01
1.253231895928843009e+01
1.188219621380712887e+01
1.084296253247306119e+01
1.252391435420604360e+01
1.081119412624442155e+01
1.086926927563455259e+01
1.133526830407371655e+01
1.150637836904096822e+01
1.137381537316622193e+01
1.242372216801663676e+01
1.240772549260428370e+01
1.152069417749140889e+01
1.243400681678733832e+01
1.108183328206327367e+01
1.072635668560119449e+01
1.239107539012987580e+01
1.131333665206056871e+01
1.166250313363010704e+01
1.122993154724533049e+01
1.078125628026933214e+01
1.154741194790968883e+01
1.083248532907530226e+01
1.240499493439446077e+01
1.110304392944133234e+01
1.126261383419821982e+01
1.127211783258786681e+01
1.149105672572772541e+01
1.049229255160402552e+01
1.078125628026933214e+01
1.080828674303349679e+01
1.089977556988831076e+01
1.188748903346703401e+01
1.107547167984245284e+01
1.076237133778612964e+01
1.131553134237219993e+01
1.103261453396448033e+01
1.241313199939560086e+01
1.092591434396186223e+01
1.062782237720098522e+01
1.147748351308645098e+01
1.254327686413854970e+01
1.091230491074547082e+01
1.076089976629445744e+01
1.161000925299330433e+01
1.061557858477855198e+01
1.129059790960525689e+01
1.241580763323079140e+01
1.138951930463596973e+01
1.108785466226930438e+01
1.193515259015613417e+01
1.076089976629445744e+01
1.107285896603900888e+01
1.095628436478141943e+01
1.242890331187589581e+01
1.105239711830060934e+01
1.099804067259636220e+01
1.072635668560119449e+01
1.199598067264962609e+01
1.092106677271919146e+01
1.140133234772068249e+01
1.098656676307255431e+01
1.075205233347783640e+01
1.068209916516891589e+01
1.059351772152502669e+01
1.076089976629445744e+01
1.159239180608027553e+01
1.189897711499094690e+01
1.186356702737528934e+01
1.056807623639405769e+01
1.169928279952036299e+01
1.127304199383756256e+01
1.156644383544419519e+01
1.079630985391011500e+01
1.062806080221828786e+01
1.173048963828181712e+01
1.075205233347783640e+01
1.095785071927844179e+01
1.104913411478537810e+01
1.097142111682106425e+01
1.077366535635803757e+01
1.105239711830060934e+01
1.189897711499094690e+01
1.088489129755400420e+01
1.138379020261423946e+01
1.251246805732502132e+01
1.064841731619316434e+01
1.076089976629445744e+01
1.240499493439446077e+01
1.242632236612816499e+01
1.091061947549405531e+01
1.084948120993834664e+01
1.042530478733013410e+01
1.082501175520227221e+01
1.051388623097402331e+01
1.149517187131832152e+01
1.159824335930056272e+01
1.059661553843953108e+01
1.163768597839690777e+01
1.053655007203630589e+01
1.162778804430449320e+01
1.241580763323079140e+01
1.159765067420564932e+01
1.062782237720098522e+01
1.250370872514625376e+01
1.080828674303349679e+01
1.069267483662544294e+01
1.253508534688223897e+01
1.038104726689785551e+01
1.093704389197406890e+01
1.097311888015345538e+01
1.058356485676870662e+01
1.238251592643227283e+01
1.126429145331207415e+01
1.065477891841398517e+01
1.086224680000192677e+01
1.076089976629445744e+01
1.092106677271919146e+01
1.085983465211828936e+01
1.158223739225875626e+01
1.163252920414795533e+01
1.086926927563455259e+01
1.084296253247306119e+01
1.255394183899062988e+01
1.146647091372090266e+01
1.083248532907530226e+01
1.085372779899638651e+01
1.167551963885108712e+01
1.078125628026933214e+01
1.103261453396448033e+01
1.099508576407809457e+01
1.053655007203630589e+01
1.079630985391011500e+01
1.256430381196283719e+01
1.041352238872831926e+01
1.117547191250401006e+01
1.078125628026933214e+01
1.083248532907530226e+01
1.135543428390972132e+01
1.090769968165075277e+01
1.240772549260428370e+01
1.072635668560119449e+01
1.123728959554241058e+01
1.255394183899062988e+01
1.104634728404924182e+01
1.240772549260428370e+01
1.086926927563455259e+01
1.120799336360683007e+01
1.239107539012987580e+01
1.052699714113466278e+01
1.237086976107008596e+01
1.186356702737528934e+01
1.078959482293326033e+01
1.254864659730695919e+01
1.086224680000192677e+01
1.099508576407809457e+01
1.151166009721044148e+01
1.136665573192081347e+01
1.073643031155838301e+01
1.253508534688223897e+01
1.142965618602585209e+01
1.257187038784191024e+01
1.069964636499913446e+01
1.093744069170777067e+01
1.143712520156813284e+01
1.058356485676870662e+01
1.242890331187589581e+01
1.089521030186229744e+01
1.240224638280606939e+01
1.255130360827096503e+01
1.084885924806388324e+01
1.109220608250041273e+01
1.239947999521226230e+01
1.181703580992392766e+01
1.152449319992737742e+01
1.089952610146139556e+01
1.193515259015613417e+01
1.095785071927844179e+01
1.153954261875986020e+01
1.113715284525500593e+01
