2.459999999999999964e+00
2.310999999999999943e+00
2.258999999999999897e+00
2.419000000000000039e+00
2.400999999999999801e+00
2.021999999999999797e+00
2.734999999999999876e+00
2.376999999999999780e+00
2.282000000000000028e+00
2.930000000000000160e+00
2.500000000000000000e+00
2.875000000000000000e+00
1.608000000000000096e+00
2.083000000000000185e+00
2.233000000000000096e+00
2.483999999999999986e+00
2.975000000000000089e+00
3.060999999999999943e+00
2.883999999999999897e+00
2.149999999999999911e+00
2.456999999999999851e+00
2.105999999999999872e+00
2.021999999999999797e+00
2.362000000000000099e+00
2.198999999999999844e+00
1.725000000000000089e+00
3.032999999999999918e+00
2.754999999999999893e+00
2.426000000000000156e+00
2.592999999999999972e+00
2.439000000000000057e+00
3.111000000000000210e+00
2.629000000000000004e+00
2.349000000000000199e+00
2.491000000000000103e+00
2.716000000000000192e+00
2.232000000000000206e+00
2.535000000000000142e+00
2.815999999999999837e+00
2.504000000000000004e+00
2.182999999999999829e+00
2.180000000000000160e+00
2.467000000000000082e+00
2.414000000000000146e+00
2.880999999999999783e+00
2.204000000000000181e+00
2.365000000000000213e+00
2.769000000000000128e+00
2.466000000000000192e+00
2.568000000000000060e+00
2.537999999999999812e+00
3.164000000000000146e+00
2.511000000000000121e+00
2.399999999999999911e+00
2.630999999999999783e+00
2.205999999999999961e+00
2.770000000000000018e+00
3.174999999999999822e+00
2.257000000000000117e+00
2.407999999999999918e+00
2.482000000000000206e+00
2.149000000000000021e+00
2.579000000000000181e+00
2.754999999999999893e+00
2.810999999999999943e+00
2.383000000000000007e+00
2.604000000000000092e+00
2.786999999999999922e+00
1.975000000000000089e+00
2.279999999999999805e+00
1.796000000000000041e+00
2.258000000000000007e+00
1.862999999999999989e+00
2.432999999999999829e+00
2.251999999999999780e+00
2.052000000000000046e+00
1.693999999999999950e+00
2.133000000000000007e+00
2.043000000000000149e+00
2.825000000000000178e+00
2.726999999999999869e+00
2.395000000000000018e+00
2.416999999999999815e+00
2.494000000000000217e+00
2.762999999999999901e+00
2.689999999999999947e+00
2.810999999999999943e+00
1.778000000000000025e+00
2.399999999999999911e+00
2.291999999999999815e+00
2.806000000000000050e+00
1.885000000000000009e+00
2.613999999999999879e+00
2.005999999999999783e+00
2.641000000000000014e+00
2.253000000000000114e+00
2.584000000000000075e+00
2.430000000000000160e+00
2.547000000000000153e+00
2.400999999999999801e+00
2.914000000000000146e+00
2.939999999999999947e+00
2.766999999999999904e+00
2.419000000000000039e+00
2.511000000000000121e+00
2.390000000000000124e+00
2.561999999999999833e+00
2.273000000000000131e+00
1.971000000000000085e+00
2.154999999999999805e+00
