5.269072827128205017e-01
-1.185588804426604526e+00
2.185325629116495749e-01
1.299833270209856284e+00
1.598826504082683231e-01
-1.331774381536199037e-01
-4.355357024275037237e-01
-1.070562390358715366e+00
9.388821813144060391e-01
-9.750761127067675282e-01
-6.845409337468154609e-01
-4.206251736256210183e-01
-1.180166262259284116e+00
-4.709413701060482516e-01
-1.191835252410413659e+00
-4.723046744009180009e-01
1.234680310268998049e+00
1.785518215137469999e+00
-8.036972721610230463e-01
-3.315501366098904668e-01
-1.044271169183269565e+00
-1.217565423152134452e+00
-7.783444522327936932e-01
1.366208912023757938e+00
9.911697238716775660e-01
-4.836991102642459461e-01
1.147048765948802007e+00
2.281170772918221235e-01
2.315991268473626200e-02
7.141492503897275967e-02
-1.114746497630361294e-01
-5.532300152563605078e-01
-4.163228664771065901e-01
1.305064410639906469e-01
1.729340739472901456e+00
9.118088610788883663e-01
-2.499472769706289899e-01
-2.573414031330945040e-01
2.574930106664433116e-01
1.109582867817119789e+00
-1.016151212839218942e+00
-1.084938386327848336e+00
-3.422592874845270527e-01
1.675482171451433855e+00
9.063924846231714572e-01
-2.265527819010258737e-01
-3.914227790638622473e-01
-1.000859997985728445e+00
1.366623975399469559e+00
-3.294875561449788770e-01
-1.331774381536199037e-01
-3.361281963556932983e-01
2.761762829249594375e-01
-3.022690432700481100e+00
2.754343210209187487e-01
-3.231984398912071677e-01
3.234504848631130525e+00
-8.322016842581252405e-01
-4.584441703746648944e-01
-1.426870639473722058e+00
1.455544360494329892e+00
7.996887951976419107e-01
-5.146401167220134854e-01
-1.701952050353613854e+00
2.226719734460568673e-02
7.764337515623087604e-01
-6.180532898890066518e-01
8.230167642413332985e-01
-6.390348316212077773e-01
-2.640286902170400629e-01
-4.587539097145524117e-03
-4.884213301880604985e-02
-5.249230182916416743e-01
-5.836253661259978021e-01
-1.492591396168736040e+00
-5.476129663227483069e-02
9.485778763053667184e-01
4.313975982770267281e-01
1.767933993314407370e+00
1.654757648546281601e+00
-9.445859709259902814e-01
-8.739689071983199886e-01
-1.339607178002671928e-01
8.255403399776245488e-02
2.489267759905113286e-01
-1.400838941345809330e+00
5.502073224369140592e-01
-9.877800076795943962e-01
1.710201264076403715e+00
-9.030837430249999409e-01
4.014597048535517132e+00
1.830183626182431411e-01
-1.031396446215410601e+00
-3.985235179640593262e-01
4.640614567182941436e-02
-1.352450159025833099e+00
-4.185569442721610578e-01
-6.063896724348447620e-01
4.867331526908866279e-01
1.297832831870038561e-01
-5.708671448312779839e-01
-6.448301996928240687e-01
-9.014951171130338725e-01
7.716977441646797331e-01
-4.321501734474910150e-01
2.274953919681910186e+00
-1.164859950063003691e+00
4.718870427048155181e-01
3.728386779497208647e-02
-1.381541213643895594e+00
1.084327008074466248e+00
-1.074351120082460698e+00
1.092631438854256398e+00
-9.165005716718837014e-01
-1.227876829949808846e+00
1.891096310242650125e+00
-8.250781252967667179e-01
-6.238078392500224362e-02
9.053755909331706597e-01
9.302176414992816555e-01
-6.307255329356074025e-01
-2.543375691494231261e-01
-1.217444868623157594e+00
-4.062836134763348483e-01
1.436894069724995893e+00
-5.720000863007056457e-01
-8.983766818539172805e-01
1.329229498592751302e+00
-2.647322150276295027e-01
-1.078780348651473986e+00
-1.104821812594301900e+00
2.298691449743210935e+00
1.141268274740256383e-01
-3.487606684070470586e-01
-1.228427184137578676e+00
1.688365884721413135e+00
1.447377319051083244e+00
-8.969648967659714645e-01
-3.914925407522441558e-01
-8.876431150252186431e-01
-1.767053396396195408e-02
-4.225496058703350766e-01
-2.610594905485690842e-01
-8.383637793039527830e-01
1.205800911172154377e+00
1.057425322243957660e-01
5.691793593229999004e-01
3.731169000464139573e-01
8.800629459994210313e-01
-1.750412599842879335e-01
7.811681806965466990e-01
9.903787003097112018e-01
-1.328641981704262509e+00
-6.776749333690532118e-02
2.063891627645534355e-01
-2.558820087059118786e-01
-3.628312750147600352e-01
1.580959409430674034e+00
9.353600247192290773e-01
-1.384174568309764153e+00
-1.521073765183746040e+00
-1.438676719341443366e+00
-1.351654368802817530e+00
6.116065232778106209e-01
-3.200890783242046900e-01
-1.210672020315101821e-01
-4.176258971448078561e-01
4.071194392880227997e-01
5.522974732863467073e-01
4.290855375160957386e-01
1.173294357313016262e-01
2.928979874057223487e+00
1.083561239013036026e+00
4.100948839373807532e-03
3.960076433292979425e-01
-5.100822324254267182e-01
-1.522456226865506412e+00
1.772304663851195006e+00
1.646571274575063359e+00
5.511461378587092508e-01
-1.410156735555088137e+00
8.046184317802335118e-01
6.774768531420575224e-01
7.048129495286126200e-02
-8.734672640206027072e-01
-4.953401150299232003e-01
-2.634577527547976236e-02
9.660138033697837079e-01
-3.323312630388456368e-01
4.251583553346811040e-01
-5.930661644799227750e-01
9.245392595960497673e-01
8.644145189616345704e-01
1.099816897459648501e+00
-4.531101125960705911e-01
6.045683784475047728e-01
8.634556133094288821e-01
4.804636863740567310e-01
-1.432917642541327030e+00
3.657027064676710015e-01
5.006759453081535138e-01
6.658805097834834541e-01
6.172447568906698212e-01
-3.206107463729698792e-01
-3.518616671969514859e-02
1.798375751785068477e-01
3.494980655943880077e-01
1.955963377790112867e+00
2.841207610287951990e+00
-7.356558431934903108e-01
1.680043432490684996e+00
1.098374942250416542e+00
-7.773235981605455258e-01
-5.434261290257956789e-01
2.123796603978025832e+00
8.971329072747777356e-02
-9.605366233337321313e-01
2.796087795104130191e-01
-9.289734679099158213e-04
2.449456854730628352e-01
-2.611922663509840259e-01
-1.120565044190136694e+00
1.209438893702169171e+00
-2.666980766065278452e+00
-1.687824528400313495e+00
1.771680300584843604e+00
-6.018221061501656255e-01
8.750919537399027837e-01
6.721332592726625421e-01
-8.359837644081292984e-02
8.019653713573720033e-01
1.321191748886619832e-01
7.524248020471709930e-01
-1.579289945343889112e+00
-1.147027834922055733e+00
2.267093670328886867e-01
-1.158409366504780325e+00
-6.076741758376003749e-02
-2.312659170048351198e-01
1.745537263526782290e+00
-6.806532576535725410e-01
-6.559906366076581063e-01
-1.908336567826862673e-01
-1.227608088256502805e+00
-1.201417000569147353e+00
-2.941592067196444060e-01
-1.354423253578642683e+00
-7.219718464044857509e-01
-2.559814812660012873e-01
3.249864601842499812e-01
-9.840428444166482436e-01
3.669396467636940606e-01
-1.144595537820944781e-01
-3.109159128253192184e-01
-3.609756736911445274e-01
-2.063227848296659839e-01
-1.225051886759299213e+00
-1.286002307329694450e+00
8.861154015917677151e-01
2.610507209125347838e-01
2.177375035503070766e+00
-8.573037679806015943e-01
1.005642235628307013e+00
-1.127873034536005237e-01
2.473298702283005523e-01
1.026980024508441058e+00
-5.943445518436204500e-01
7.325665086314244734e-01
3.438170231568689617e-01
-8.496549677015368118e-01
-1.234976854644785016e+00
-1.201442891680738700e+00
6.985734756223507258e-01
2.724151742112504770e+00
1.919134512794816949e+00
-4.783615721771902196e-01
-1.038835964968260139e+00
-3.018200226437022238e-01
2.874974389298513788e+00
-1.086455948305179886e+00
-6.543307691901887324e-01
1.331772430798818130e+00
-4.730116007397305311e-01
-1.117534172988491115e+00
-1.000520344158418451e-01
-1.111976182696294613e+00
1.372483499709946875e+00
8.459456467850892114e-01
-5.652705046731505423e-01
1.176889524012568522e+00
-6.750189725334421187e-01
-1.152900089825939833e+00
3.037069139522143857e-01
-4.139980732212918402e-01
1.162352737554301685e+00
-1.039369279249964029e+00
-8.121734961724491608e-01
4.025662340229992364e-01
4.732434184443998215e-01
3.395956550329227164e-01
-2.131483809282167297e+00
-6.297943257703119135e-01
-1.076080978974675473e+00
6.228408453524172383e-01
-4.281878278667229365e-01
-7.951321489407900955e-01
1.349890133791237457e+00
-8.244047534195493299e-01
8.182451814362112774e-01
-9.565283384607237149e-01
-2.016427964123662930e-01
1.041262031378375807e+00
-3.275226268362617377e-02
9.684409928320720784e-01
2.378288793856298877e+00
-9.851073044971920822e-01
2.702785968719110810e-01
7.773623587904018861e-02
-1.110435449128537755e+00
3.777695993203435409e-01
-9.673385910499090468e-01
2.388607155590860842e-01
-1.463530295551781935e+00
-5.678702212847041020e-01
-7.433197764826557918e-01
-6.727585824086910193e-01
1.220482204946501115e-01
1.079670160608407370e+00
-7.193844838064968883e-01
2.936199169612561111e-01
1.362454897219802286e+00
-8.552485826925388945e-01
3.178088337666558516e+00
-2.837702936957943178e-01
2.476022526701624482e-01
1.655588499316011653e-01
-1.554305574291635073e-01
2.522689138741391446e+00
-1.814732838367882073e-01
6.376365851073866053e-02
1.553461454308116219e+00
4.061697821565419808e+00
1.370831697979248975e-01
-7.329764242080504255e-01
-8.332371456081630878e-01
6.283692757329903955e-01
-1.955325446422108704e-01
9.210545989242340248e-01
-1.510646511772218092e+00
-2.566904006348722067e+00
-2.622023968155334228e-01
9.941633163315377608e-02
4.487006533025944544e-01
-2.282799179055820804e-01
2.063086863221729850e+00
4.041481501608814586e-01
3.666919242979538307e-01
-2.299152246821124512e-01
-5.200128617962453959e-01
4.529123863664532568e-01
-2.960374563196736197e+00
-5.513994495306572263e-01
-9.065137115708680193e-01
1.562844336966102254e+00
-8.388991122571920478e-01
2.010361626539176605e+00
-1.511681193533396694e+00
-1.017485289014541161e+00
6.864708348537577054e-01
5.042213020290641223e-01
6.859109935420886206e-01
2.698976526334642134e-01
-1.070573351003448526e+00
-7.319551862885938232e-02
1.039219775085386210e+00
-1.240257642941196892e+00
-1.728079345479956452e-01
1.912049350764507993e+00
-1.118959641106768599e+00
1.025235492049448416e+00
4.041897615464662419e-01
2.703765890383749704e-01
-1.405908513646960400e-01
8.219873341912242726e-01
1.631730391926440593e-01
-1.320271987197456642e+00
6.389358321147733388e-01
4.311726821715701208e-01
-8.949217078201294751e-01
-5.964256906596372421e-01
2.502899353067853383e-01
-1.618905311797642632e+00
-3.622142536203853957e-01
-1.710274791379277959e+00
1.481451873656286777e-01
-1.063296265118339079e+00
3.145870583030020706e-02
4.513151969535439956e-01
-6.257638852934955809e-01
3.125755950936755401e+00
-1.368185163499868517e+00
-1.098020691812360061e+00
5.313920213218919358e-02
9.616621540558956127e-01
-1.284219053689282575e+00
-1.383047920262260311e-01
6.207022228495558958e-01
1.026624707535241043e+00
5.961580910148934764e-01
-1.018926487715640317e+00
-3.638611275702118841e-01
1.989552840820257296e-01
-4.903971133050834541e-01
-1.228707383902997580e-01
-2.570502865063496456e-01
4.817860394115721506e-02
6.622981261643609563e-02
3.412795686772821524e-01
-4.431326213310378126e-01
-1.316685042447802934e+00
-2.721669753052066154e-01
-1.071038392652261306e+00
1.539131211480466277e+00
-4.002164893681888769e-01
3.179721942609755603e-01
-5.980700940323179227e-01
-1.902482430028691884e-01
2.546219923177675870e+00
5.690451641519445047e-01
1.454431243025868570e+00
-1.043364407059920174e+00
-9.222019407992988471e-01
4.863483874980790711e-01
-1.376506451458682445e+00
-1.048070118031947162e+00
4.397532524700572543e-01
