2.807999999999999829e+00
2.935000000000000053e+00
3.097999999999999865e+00
2.612999999999999989e+00
2.625000000000000000e+00
2.718999999999999861e+00
2.830000000000000071e+00
2.793000000000000149e+00
3.016000000000000014e+00
2.677000000000000046e+00
2.714999999999999858e+00
3.016999999999999904e+00
3.097999999999999865e+00
2.944999999999999840e+00
2.624000000000000110e+00
2.866000000000000103e+00
2.813000000000000167e+00
2.914000000000000146e+00
2.640000000000000124e+00
2.318999999999999950e+00
2.795999999999999819e+00
2.478000000000000203e+00
3.261000000000000121e+00
2.787999999999999812e+00
2.887000000000000011e+00
2.638999999999999790e+00
2.880999999999999783e+00
3.309000000000000163e+00
2.612999999999999989e+00
3.105999999999999872e+00
2.500999999999999890e+00
2.855999999999999872e+00
2.855999999999999872e+00
3.105999999999999872e+00
3.200000000000000178e+00
2.951000000000000068e+00
2.987999999999999989e+00
2.952999999999999847e+00
2.959999999999999964e+00
3.093999999999999861e+00
2.968999999999999861e+00
2.850000000000000089e+00
2.366000000000000103e+00
3.200000000000000178e+00
2.689999999999999947e+00
2.826000000000000068e+00
3.166999999999999815e+00
2.815999999999999837e+00
2.963999999999999968e+00
2.733999999999999986e+00
2.588999999999999968e+00
2.894000000000000128e+00
2.879000000000000004e+00
3.456999999999999851e+00
2.991999999999999993e+00
2.646999999999999797e+00
3.029999999999999805e+00
2.879000000000000004e+00
2.810000000000000053e+00
2.459999999999999964e+00
2.846000000000000085e+00
2.960999999999999854e+00
2.942000000000000171e+00
2.701000000000000068e+00
2.658999999999999808e+00
2.717000000000000082e+00
2.992999999999999883e+00
2.968999999999999861e+00
2.838000000000000078e+00
2.952999999999999847e+00
2.660000000000000142e+00
2.748000000000000220e+00
2.424999999999999822e+00
3.024000000000000021e+00
2.689999999999999947e+00
3.036999999999999922e+00
3.295999999999999819e+00
2.737000000000000099e+00
2.748000000000000220e+00
3.146999999999999797e+00
2.858999999999999986e+00
3.248000000000000220e+00
2.537999999999999812e+00
2.698999999999999844e+00
3.019000000000000128e+00
2.970000000000000195e+00
2.761000000000000121e+00
2.593999999999999861e+00
2.821000000000000174e+00
2.968999999999999861e+00
2.952999999999999847e+00
2.770000000000000018e+00
2.891999999999999904e+00
2.761000000000000121e+00
2.880999999999999783e+00
2.693999999999999950e+00
2.819999999999999840e+00
2.754999999999999893e+00
2.884999999999999787e+00
2.653000000000000025e+00
2.875999999999999890e+00
2.689000000000000057e+00
2.785000000000000142e+00
2.883000000000000007e+00
3.117999999999999883e+00
2.982000000000000206e+00
2.834999999999999964e+00
2.717000000000000082e+00
2.733000000000000096e+00
2.709000000000000075e+00
3.186999999999999833e+00
2.632000000000000117e+00
2.737000000000000099e+00
2.782999999999999918e+00
2.653999999999999915e+00
2.967000000000000082e+00
2.842999999999999972e+00
2.810999999999999943e+00
2.761000000000000121e+00
2.767999999999999794e+00
2.879999999999999893e+00
3.059000000000000163e+00
2.814000000000000057e+00
2.974000000000000199e+00
2.733999999999999986e+00
2.716000000000000192e+00
2.527000000000000135e+00
2.878000000000000114e+00
2.763999999999999790e+00
3.184000000000000163e+00
2.765000000000000124e+00
2.846000000000000085e+00
2.710999999999999854e+00
2.745000000000000107e+00
2.616999999999999993e+00
2.806000000000000050e+00
3.064999999999999947e+00
2.902000000000000135e+00
2.524999999999999911e+00
2.717999999999999972e+00
3.100000000000000089e+00
2.963999999999999968e+00
2.419999999999999929e+00
2.672000000000000153e+00
2.748000000000000220e+00
2.625000000000000000e+00
2.673000000000000043e+00
2.798999999999999932e+00
2.875000000000000000e+00
3.109999999999999876e+00
2.994000000000000217e+00
2.951000000000000068e+00
2.620999999999999996e+00
3.024000000000000021e+00
2.575000000000000178e+00
2.766999999999999904e+00
2.354999999999999982e+00
2.737999999999999989e+00
2.946000000000000174e+00
2.404999999999999805e+00
2.661000000000000032e+00
2.713000000000000078e+00
2.963999999999999968e+00
2.722999999999999865e+00
2.826999999999999957e+00
3.024000000000000021e+00
2.834000000000000075e+00
2.837000000000000188e+00
2.738999999999999879e+00
2.939999999999999947e+00
2.661000000000000032e+00
3.225999999999999979e+00
2.750000000000000000e+00
2.884999999999999787e+00
2.763999999999999790e+00
2.420999999999999819e+00
2.365000000000000213e+00
2.903000000000000025e+00
2.821000000000000174e+00
2.648000000000000131e+00
3.027000000000000135e+00
2.769000000000000128e+00
3.097999999999999865e+00
2.645000000000000018e+00
2.817000000000000171e+00
2.636000000000000121e+00
2.741000000000000103e+00
2.669000000000000039e+00
3.166999999999999815e+00
2.787999999999999812e+00
2.786000000000000032e+00
2.790999999999999925e+00
2.843999999999999861e+00
2.761000000000000121e+00
2.685000000000000053e+00
2.676000000000000156e+00
2.607000000000000206e+00
2.951000000000000068e+00
3.024000000000000021e+00
2.751999999999999780e+00
2.888999999999999790e+00
3.036999999999999922e+00
2.640000000000000124e+00
2.479000000000000092e+00
2.923999999999999932e+00
3.120999999999999996e+00
2.721999999999999975e+00
2.951999999999999957e+00
2.895000000000000018e+00
2.943000000000000060e+00
3.017999999999999794e+00
2.721000000000000085e+00
2.940999999999999837e+00
2.729999999999999982e+00
3.107000000000000206e+00
2.766000000000000014e+00
2.580000000000000071e+00
2.846999999999999975e+00
2.947000000000000064e+00
2.549999999999999822e+00
2.895999999999999908e+00
2.899999999999999911e+00
2.700000000000000178e+00
2.778999999999999915e+00
2.705999999999999961e+00
2.911000000000000032e+00
2.728000000000000203e+00
2.604999999999999982e+00
2.737999999999999989e+00
2.818000000000000060e+00
2.963000000000000078e+00
2.712000000000000188e+00
2.791999999999999815e+00
2.693999999999999950e+00
2.830000000000000071e+00
2.810000000000000053e+00
2.753000000000000114e+00
3.005999999999999783e+00
3.112999999999999989e+00
2.988999999999999879e+00
2.959000000000000075e+00
2.930000000000000160e+00
2.834999999999999964e+00
2.838999999999999968e+00
2.773000000000000131e+00
2.898000000000000131e+00
2.931000000000000050e+00
2.758000000000000007e+00
2.810999999999999943e+00
2.793000000000000149e+00
2.548999999999999932e+00
2.579000000000000181e+00
2.899000000000000021e+00
2.914000000000000146e+00
3.036000000000000032e+00
2.630999999999999783e+00
2.677999999999999936e+00
2.963999999999999968e+00
2.930000000000000160e+00
2.810999999999999943e+00
3.107000000000000206e+00
2.875000000000000000e+00
2.956999999999999851e+00
2.580999999999999961e+00
2.694999999999999840e+00
2.950000000000000178e+00
2.998000000000000220e+00
3.036999999999999922e+00
3.007000000000000117e+00
3.261000000000000121e+00
3.064999999999999947e+00
2.786999999999999922e+00
2.842000000000000082e+00
2.749000000000000110e+00
3.104999999999999982e+00
3.121999999999999886e+00
2.645999999999999908e+00
2.891000000000000014e+00
2.944999999999999840e+00
3.198999999999999844e+00
2.737999999999999989e+00
2.706999999999999851e+00
2.879999999999999893e+00
2.729000000000000092e+00
2.754999999999999893e+00
2.939999999999999947e+00
2.774000000000000021e+00
2.826999999999999957e+00
2.920999999999999819e+00
2.963999999999999968e+00
2.608999999999999986e+00
2.911999999999999922e+00
2.583000000000000185e+00
3.036000000000000032e+00
2.714999999999999858e+00
2.749000000000000110e+00
2.726999999999999869e+00
2.939000000000000057e+00
2.592999999999999972e+00
3.079000000000000181e+00
2.749000000000000110e+00
2.649000000000000021e+00
2.637000000000000011e+00
2.935999999999999943e+00
2.686999999999999833e+00
2.649000000000000021e+00
2.904999999999999805e+00
3.028999999999999915e+00
2.814999999999999947e+00
2.616999999999999993e+00
2.862999999999999989e+00
2.935999999999999943e+00
2.783999999999999808e+00
2.990000000000000213e+00
2.952999999999999847e+00
2.935000000000000053e+00
2.806999999999999940e+00
2.626999999999999780e+00
2.750000000000000000e+00
2.991999999999999993e+00
2.817000000000000171e+00
2.862999999999999989e+00
2.908999999999999808e+00
3.043000000000000149e+00
2.685999999999999943e+00
2.637999999999999901e+00
3.125000000000000000e+00
2.918000000000000149e+00
3.040000000000000036e+00
3.193000000000000060e+00
2.713999999999999968e+00
2.831999999999999851e+00
2.652000000000000135e+00
2.720000000000000195e+00
2.757000000000000117e+00
2.646999999999999797e+00
3.000000000000000000e+00
2.884999999999999787e+00
2.974000000000000199e+00
2.813000000000000167e+00
2.773000000000000131e+00
2.952999999999999847e+00
2.879999999999999893e+00
2.754999999999999893e+00
3.209000000000000075e+00
2.842000000000000082e+00
2.504999999999999893e+00
2.680000000000000160e+00
2.592999999999999972e+00
2.794000000000000039e+00
2.810999999999999943e+00
2.778999999999999915e+00
2.954000000000000181e+00
2.552999999999999936e+00
2.407999999999999918e+00
2.850000000000000089e+00
2.778000000000000025e+00
3.035000000000000142e+00
2.835999999999999854e+00
2.819999999999999840e+00
3.456999999999999851e+00
2.664000000000000146e+00
2.750999999999999890e+00
3.001999999999999780e+00
2.641000000000000014e+00
2.936999999999999833e+00
2.697999999999999954e+00
2.783999999999999808e+00
2.935999999999999943e+00
2.702999999999999847e+00
2.721000000000000085e+00
2.749000000000000110e+00
2.839999999999999858e+00
2.838000000000000078e+00
2.862999999999999989e+00
2.661999999999999922e+00
2.774999999999999911e+00
2.717000000000000082e+00
2.754999999999999893e+00
3.186999999999999833e+00
2.745999999999999996e+00
2.774999999999999911e+00
2.456999999999999851e+00
2.749000000000000110e+00
2.573999999999999844e+00
2.775999999999999801e+00
2.839999999999999858e+00
2.810999999999999943e+00
2.754999999999999893e+00
3.210999999999999854e+00
2.716000000000000192e+00
2.823999999999999844e+00
2.794000000000000039e+00
2.672000000000000153e+00
3.032000000000000028e+00
2.765000000000000124e+00
2.845000000000000195e+00
2.798000000000000043e+00
2.767999999999999794e+00
3.120000000000000107e+00
2.581999999999999851e+00
2.787999999999999812e+00
2.748000000000000220e+00
3.093999999999999861e+00
2.931000000000000050e+00
2.759999999999999787e+00
2.907999999999999918e+00
2.560999999999999943e+00
2.835999999999999854e+00
3.266000000000000014e+00
2.755999999999999783e+00
2.849000000000000199e+00
2.870999999999999996e+00
2.790999999999999925e+00
2.733000000000000096e+00
3.129999999999999893e+00
2.823999999999999844e+00
2.939000000000000057e+00
2.979000000000000092e+00
2.787999999999999812e+00
3.032999999999999918e+00
2.755999999999999783e+00
3.289000000000000146e+00
2.355999999999999872e+00
3.116000000000000103e+00
3.017999999999999794e+00
2.620999999999999996e+00
3.100000000000000089e+00
2.907999999999999918e+00
2.793000000000000149e+00
2.774000000000000021e+00
2.712000000000000188e+00
3.084000000000000075e+00
2.791999999999999815e+00
2.786999999999999922e+00
2.959000000000000075e+00
