3.031000000000000139e+00
2.591000000000000192e+00
2.837000000000000188e+00
2.947999999999999954e+00
2.746999999999999886e+00
2.690999999999999837e+00
3.112000000000000099e+00
2.595000000000000195e+00
2.978000000000000203e+00
2.748000000000000220e+00
2.757000000000000117e+00
2.959000000000000075e+00
2.672000000000000153e+00
2.970000000000000195e+00
2.910000000000000142e+00
2.805000000000000160e+00
3.323999999999999844e+00
2.762999999999999901e+00
2.948999999999999844e+00
2.726999999999999869e+00
2.919000000000000039e+00
2.561999999999999833e+00
2.920999999999999819e+00
2.721999999999999975e+00
2.962000000000000188e+00
2.592000000000000082e+00
2.742999999999999883e+00
3.000000000000000000e+00
2.818999999999999950e+00
2.896999999999999797e+00
2.811999999999999833e+00
2.967000000000000082e+00
3.157000000000000028e+00
3.004000000000000004e+00
2.861000000000000210e+00
2.774000000000000021e+00
2.809000000000000163e+00
3.021999999999999797e+00
3.005999999999999783e+00
2.888999999999999790e+00
2.705000000000000071e+00
3.027000000000000135e+00
3.059000000000000163e+00
3.007000000000000117e+00
2.790000000000000036e+00
3.184000000000000163e+00
2.641000000000000014e+00
2.987999999999999989e+00
3.035000000000000142e+00
2.790000000000000036e+00
2.802999999999999936e+00
3.230999999999999872e+00
2.866000000000000103e+00
2.745000000000000107e+00
3.129999999999999893e+00
2.926000000000000156e+00
2.681999999999999940e+00
3.112999999999999989e+00
3.156000000000000139e+00
2.904999999999999805e+00
2.862999999999999989e+00
2.831999999999999851e+00
2.833000000000000185e+00
2.750999999999999890e+00
2.818999999999999950e+00
3.005999999999999783e+00
3.047000000000000153e+00
2.595000000000000195e+00
2.797000000000000153e+00
2.786000000000000032e+00
2.762000000000000011e+00
2.580999999999999961e+00
2.771999999999999797e+00
2.783999999999999808e+00
2.915000000000000036e+00
2.712000000000000188e+00
2.471999999999999975e+00
2.579000000000000181e+00
2.689999999999999947e+00
3.069999999999999840e+00
3.097999999999999865e+00
2.786999999999999922e+00
2.947999999999999954e+00
2.842000000000000082e+00
2.673000000000000043e+00
3.309000000000000163e+00
3.295999999999999819e+00
2.798999999999999932e+00
2.702999999999999847e+00
2.452999999999999847e+00
2.669000000000000039e+00
2.724000000000000199e+00
2.802999999999999936e+00
2.581999999999999851e+00
2.762999999999999901e+00
2.564000000000000057e+00
2.845000000000000195e+00
2.604999999999999982e+00
3.003000000000000114e+00
2.900999999999999801e+00
2.754999999999999893e+00
3.237999999999999989e+00
2.814999999999999947e+00
2.701999999999999957e+00
3.156000000000000139e+00
2.773000000000000131e+00
2.907999999999999918e+00
2.761000000000000121e+00
2.716000000000000192e+00
2.726999999999999869e+00
