1.534620835349979906e+01
1.567864817431905600e+01
1.855453160729125628e+01
1.436790990124611334e+01
1.845428061836789269e+01
1.545496443391566466e+01
1.577433662526536473e+01
1.645063146910019825e+01
1.657032480420941667e+01
1.506327755672664104e+01
1.603241327227715374e+01
1.567864817431905600e+01
1.582971190452139965e+01
1.580023939063713634e+01
1.561644911963446525e+01
1.552444948770911459e+01
1.550275036993197730e+01
1.497013840056814793e+01
1.521238243491524322e+01
1.446291384594940865e+01
1.476753686977864533e+01
1.497013840056814793e+01
1.845126721328226793e+01
1.561831803634978577e+01
1.612292036881820323e+01
1.545074456717171074e+01
1.492769227997144732e+01
1.856838915952153712e+01
1.535365016300908536e+01
1.855453160729125628e+01
1.416827920627720339e+01
1.511092561757086905e+01
1.545496443391566466e+01
1.859522733535463956e+01
1.859265693143389342e+01
1.603241327227715374e+01
1.521238243491524322e+01
1.841894633053606611e+01
1.841385346916410981e+01
1.630453799461606579e+01
1.693730038740224231e+01
1.524651089432605922e+01
1.446291384594940865e+01
1.855453160729125628e+01
1.559187639023537564e+01
1.580413548007431679e+01
1.841894633053606611e+01
1.511092561757086905e+01
1.619560822458038274e+01
1.492769227997144732e+01
1.545496443391566466e+01
1.524651089432605922e+01
1.539341025402082153e+01
1.858015162800286291e+01
1.619560822458038274e+01
1.577433662526536473e+01
1.571315411689290009e+01
1.666161770014149468e+01
1.612292036881820323e+01
1.602435452063909693e+01
1.546485073691126289e+01
1.575432540672439785e+01
1.562369403264370682e+01
1.548273275959459205e+01
1.479255939424970201e+01
1.581461093423727426e+01
1.603670076696866431e+01
1.542974292738677455e+01
1.554306289756386583e+01
1.657032480420941667e+01
1.506327755672664104e+01
1.534796771167043339e+01
1.616535594083802962e+01
1.609760851578883845e+01
1.624135745955611654e+01
1.672930012126568755e+01
1.843280388276634696e+01
1.634733412125708440e+01
1.479255939424970201e+01
1.715510272544212356e+01
1.612292036881820323e+01
1.684001261826676199e+01
1.559358565630816784e+01
1.539857965370169346e+01
1.642278145541496315e+01
1.845428061836789269e+01
1.856838915952153712e+01
1.613799045998770865e+01
1.846604683986861772e+01
1.651702495570325624e+01
1.858015162800286291e+01
1.517125056378799997e+01
1.665952565074614355e+01
1.537113475692313536e+01
1.658172158100096638e+01
1.623473435684913113e+01
1.506327755672664104e+01
1.545496443391566466e+01
1.585102138909490677e+01
1.653697023510417807e+01
1.524651089432605922e+01
1.492092872963166350e+01
1.579893704678460864e+01
1.533664356154253383e+01
1.636683567985249255e+01
1.851378641915646739e+01
1.521238243491524322e+01
1.556464731717239935e+01
1.614529139688589510e+01
1.545496443391566466e+01
1.859522733535463956e+01
1.594650579292595083e+01
1.515167481378294490e+01
1.610126821856949419e+01
1.524651089432605922e+01
1.840852087516998736e+01
1.592160765648250553e+01
1.657032480420941667e+01
1.459731626188138520e+01
1.619392723743938944e+01
1.539472363760897089e+01
1.840294681216897388e+01
1.552992077929348191e+01
1.560052663865277189e+01
1.536091452294311743e+01
1.622128426875525875e+01
1.493415599969579510e+01
1.655462097789626341e+01
1.524651089432605922e+01
1.841894633053606611e+01
1.457084353320801640e+01
1.614290484419436922e+01
1.514431779856341187e+01
1.545496443391566466e+01
1.463195159302345161e+01
1.575064287105679384e+01
1.545496443391566466e+01
1.612292036881820323e+01
1.641443614185673638e+01
1.534796771167043339e+01
1.698722862574505044e+01
1.679657362104059359e+01
1.517307203253004921e+01
1.549048165177881664e+01
1.580284557105395216e+01
1.841385346916410981e+01
1.637031963360432485e+01
1.541887332131209121e+01
1.649382421008810340e+01
1.643473952745422650e+01
1.651327772937272087e+01
1.543018477295512447e+01
1.637884207883852383e+01
1.846199356651485957e+01
1.565612564104512572e+01
1.466875894077068310e+01
1.480472236929650620e+01
1.556328706217123781e+01
1.571891699151300159e+01
1.511092561757086905e+01
1.531937915716047094e+01
1.498099212847760775e+01
1.853271482053152752e+01
1.603241327227715374e+01
1.543018477295512447e+01
1.842841980095245091e+01
1.600956388186761359e+01
1.628719617865977298e+01
1.651702495570325624e+01
1.660542221275956010e+01
1.499625357010371118e+01
1.855938647242579620e+01
1.511092561757086905e+01
1.501608953702775118e+01
1.595368850254085302e+01
1.499625357010371118e+01
1.610887783197946632e+01
1.613007520506320702e+01
1.842841980095245091e+01
1.841385346916410981e+01
1.858685249003746165e+01
1.614107178579481428e+01
1.844802970303710765e+01
1.603241327227715374e+01
1.589682799552196535e+01
1.464979760555730515e+01
1.704429710964747358e+01
1.492092872963166350e+01
1.845964205859944585e+01
1.469786350292796406e+01
1.528219582098586393e+01
1.515167481378294490e+01
1.622044349482975889e+01
1.592160765648250553e+01
1.530009200224999688e+01
1.839106733360732449e+01
1.460193748894536370e+01
1.637031963360432485e+01
1.715510272544212356e+01
1.515167481378294490e+01
1.696461943648962034e+01
1.837820114240127722e+01
1.584825054701214064e+01
1.534479033876521648e+01
1.613350702741854192e+01
1.578061485233100392e+01
1.539433550253828820e+01
1.515167481378294490e+01
1.612292036881820323e+01
1.545496443391566466e+01
1.567856422697342644e+01
1.556577004971031464e+01
1.603051981382371949e+01
1.497013840056814793e+01
1.855938647242579620e+01
1.466913709254131248e+01
1.521238243491524322e+01
1.636343135915076630e+01
1.854410615192518108e+01
1.547012013940711661e+01
1.651702495570325624e+01
1.557285246839325055e+01
1.424384071491101267e+01
1.691930942762832402e+01
1.515167481378294490e+01
1.565217126150393767e+01
1.521238243491524322e+01
1.416827920627720339e+01
1.603241327227715374e+01
1.531937915716047094e+01
1.657032480420941667e+01
1.470642880996320834e+01
1.501608953702775118e+01
1.501608953702775118e+01
1.661826470647229215e+01
1.614869243054428694e+01
1.562074701975650726e+01
1.545496443391566466e+01
1.625850564557339695e+01
1.693730038740224231e+01
1.584563307801929710e+01
1.600970612013070493e+01
1.628719617865977298e+01
1.631334503571224204e+01
1.493415599969579510e+01
1.543018477295512447e+01
1.840852087516998736e+01
1.524651089432605922e+01
1.556577004971031464e+01
1.590703188107964117e+01
1.545496443391566466e+01
1.534664684312455840e+01
1.628719617865977298e+01
1.657032480420941667e+01
1.846412791480966931e+01
1.497928380359233103e+01
1.554141057945084015e+01
1.858685249003746165e+01
1.672557744174421401e+01
1.556127261026234088e+01
1.859522733535463956e+01
1.565627714625136413e+01
1.556577004971031464e+01
1.540902982883561201e+01
1.616017620893982354e+01
1.673888501226681313e+01
1.841385346916410981e+01
1.844087542152921699e+01
1.567845214934362730e+01
1.839106733360732449e+01
1.597419013600447535e+01
1.515167481378294490e+01
1.845964205859944585e+01
1.535613653636242049e+01
1.651702495570325624e+01
1.656999484002341205e+01
1.552992077929348191e+01
1.575022449433353877e+01
1.545496443391566466e+01
1.844456635124767274e+01
1.601980461249484478e+01
1.641443614185673638e+01
1.526138643639439074e+01
1.560180761318242126e+01
1.503748675577485727e+01
1.552992077929348191e+01
1.466913709254131248e+01
1.612292036881820323e+01
1.689245864986055423e+01
1.613434554619727734e+01
1.446291384594940865e+01
1.656509976294610453e+01
1.625850564557339695e+01
1.843280388276634696e+01
1.473752276570055564e+01
1.490449153435629448e+01
1.610354500453392390e+01
1.857254045425221634e+01
1.566411704063041910e+01
1.524651089432605922e+01
1.592801419595491019e+01
1.531205007428925846e+01
1.649297354950274652e+01
1.842841980095245091e+01
1.536304514341904870e+01
1.598697774614850431e+01
1.704429710964747358e+01
1.524651089432605922e+01
1.595536819205841006e+01
1.487028952336082277e+01
1.840294681216897388e+01
1.607612346058162345e+01
1.594650579292595083e+01
1.515167481378294490e+01
1.698551052378894610e+01
1.592160765648250553e+01
1.557875426828106669e+01
1.499625357010371118e+01
1.567902565748208410e+01
1.548273275959459205e+01
1.501608953702775118e+01
1.524651089432605922e+01
1.613898698184489078e+01
1.693730038740224231e+01
1.683584357005786813e+01
1.506395948444822608e+01
1.642278145541496315e+01
1.644338148609230643e+01
1.628719617865977298e+01
1.534796771167043339e+01
1.511092561757086905e+01
1.649382421008810340e+01
1.567902565748208410e+01
1.603241327227715374e+01
1.606804395303808874e+01
1.493415599969579510e+01
1.554306289756386583e+01
1.607612346058162345e+01
1.693730038740224231e+01
1.581461093423727426e+01
1.553216916925468105e+01
1.860333735483162343e+01
1.539433550253828820e+01
1.524651089432605922e+01
1.844456635124767274e+01
1.840852087516998736e+01
1.466875894077068310e+01
1.571315411689290009e+01
1.450349517800130705e+01
1.589682799552196535e+01
1.497013840056814793e+01
1.584560109694569086e+01
1.615666704538535825e+01
1.483344877968315600e+01
1.627488442024818482e+01
1.470642880996320834e+01
1.624541516066179270e+01
1.842841980095245091e+01
1.635823893333291323e+01
1.490449153435629448e+01
1.860718831219566027e+01
1.466913709254131248e+01
1.506327755672664104e+01
1.858361497979230137e+01
1.483455312381295421e+01
1.581360348501447355e+01
1.576475261246741155e+01
1.523554948016794519e+01
1.846604683986861772e+01
1.524408078109996367e+01
1.523418009234548620e+01
1.600970612013070493e+01
1.524651089432605922e+01
1.592160765648250553e+01
1.558531152579743484e+01
1.610825441843698158e+01
1.625955080915680995e+01
1.556577004971031464e+01
1.556127261026234088e+01
1.855453160729125628e+01
1.576117832707671873e+01
1.545496443391566466e+01
1.486066829334851747e+01
1.612393003790200652e+01
1.552992077929348191e+01
1.625850564557339695e+01
1.614529139688589510e+01
1.470642880996320834e+01
1.534796771167043339e+01
1.853271482053152752e+01
1.481790679566770308e+01
1.618764539470343777e+01
1.552992077929348191e+01
1.545496443391566466e+01
1.668352967612800342e+01
1.575432540672439785e+01
1.844087542152921699e+01
1.515167481378294490e+01
1.659216985426022717e+01
1.855453160729125628e+01
1.590140815070484237e+01
1.844087542152921699e+01
1.556577004971031464e+01
1.650427280314177381e+01
1.845964205859944585e+01
1.484540685172241758e+01
1.847160303544046656e+01
1.683584357005786813e+01
1.548821884303704977e+01
1.856400507770764463e+01
1.600970612013070493e+01
1.614529139688589510e+01
1.565475749339638867e+01
1.548772434559062638e+01
1.543018477295512447e+01
1.858361497979230137e+01
1.565627272427322403e+01
1.851378641915646739e+01
1.531937915716047449e+01
1.623473435684913113e+01
1.693064404267561329e+01
1.523554948016794519e+01
1.840294681216897388e+01
1.459849912270460059e+01
1.844802970303710765e+01
1.855938647242579620e+01
1.576809113428229203e+01
1.617775975895704832e+01
1.845126721328227148e+01
1.654629473853457711e+01
1.593340258169168244e+01
1.503566528703280802e+01
1.704429710964747358e+01
1.603241327227715374e+01
1.597884806808452929e+01
1.609651008632139124e+01
