2.983000000000000096e+00
2.954000000000000181e+00
2.911999999999999922e+00
2.785000000000000142e+00
2.712000000000000188e+00
2.656000000000000139e+00
3.103000000000000203e+00
2.833000000000000185e+00
2.947000000000000064e+00
2.858999999999999986e+00
2.740000000000000213e+00
3.011000000000000121e+00
2.418000000000000149e+00
2.834999999999999964e+00
2.906000000000000139e+00
2.834000000000000075e+00
3.351999999999999869e+00
2.935999999999999943e+00
3.029999999999999805e+00
2.692000000000000171e+00
2.895000000000000018e+00
2.342000000000000082e+00
3.008000000000000007e+00
2.741000000000000103e+00
2.818999999999999950e+00
2.942000000000000171e+00
3.069999999999999840e+00
2.730999999999999872e+00
2.805000000000000160e+00
2.983000000000000096e+00
2.975000000000000089e+00
3.048999999999999932e+00
3.145000000000000018e+00
2.741000000000000103e+00
2.781000000000000139e+00
2.778999999999999915e+00
3.013999999999999790e+00
3.104999999999999982e+00
2.892999999999999794e+00
2.986000000000000210e+00
2.843999999999999861e+00
3.075000000000000178e+00
3.133000000000000007e+00
2.777000000000000135e+00
2.685000000000000053e+00
3.248000000000000220e+00
2.803999999999999826e+00
2.927000000000000046e+00
3.044000000000000039e+00
2.636000000000000121e+00
2.781000000000000139e+00
3.076000000000000068e+00
2.923000000000000043e+00
2.763999999999999790e+00
3.325000000000000178e+00
2.831999999999999851e+00
2.946000000000000174e+00
3.351999999999999869e+00
3.484999999999999876e+00
2.934000000000000163e+00
2.980999999999999872e+00
2.814000000000000057e+00
3.130999999999999783e+00
2.907000000000000028e+00
2.795999999999999819e+00
3.092000000000000082e+00
2.851999999999999869e+00
2.720000000000000195e+00
2.855999999999999872e+00
2.637999999999999901e+00
2.580000000000000071e+00
2.790999999999999925e+00
2.871999999999999886e+00
2.947999999999999954e+00
2.887000000000000011e+00
2.710999999999999854e+00
2.498000000000000220e+00
2.520000000000000018e+00
2.763999999999999790e+00
2.689999999999999947e+00
2.951000000000000068e+00
2.988999999999999879e+00
2.875999999999999890e+00
2.778999999999999915e+00
2.884999999999999787e+00
3.357000000000000206e+00
3.073999999999999844e+00
2.640000000000000124e+00
2.850000000000000089e+00
2.866000000000000103e+00
2.759999999999999787e+00
2.641999999999999904e+00
2.728000000000000203e+00
2.729000000000000092e+00
2.737999999999999989e+00
2.685000000000000053e+00
2.892999999999999794e+00
2.648000000000000131e+00
2.809000000000000163e+00
2.931000000000000050e+00
2.678999999999999826e+00
3.226999999999999869e+00
2.794999999999999929e+00
2.846000000000000085e+00
3.317000000000000171e+00
2.959999999999999964e+00
2.962000000000000188e+00
2.854999999999999982e+00
2.552000000000000046e+00
2.853000000000000203e+00
