2.963000000000000078e+00
2.785000000000000142e+00
3.443999999999999950e+00
2.547000000000000153e+00
2.802999999999999936e+00
2.931000000000000050e+00
2.866000000000000103e+00
2.928999999999999826e+00
3.025999999999999801e+00
2.709000000000000075e+00
2.720000000000000195e+00
2.923999999999999932e+00
2.959999999999999964e+00
2.837000000000000188e+00
2.653000000000000025e+00
2.986000000000000210e+00
2.718999999999999861e+00
2.974000000000000199e+00
2.680000000000000160e+00
2.146999999999999797e+00
2.849000000000000199e+00
2.539000000000000146e+00
2.854000000000000092e+00
2.748000000000000220e+00
2.972999999999999865e+00
2.436999999999999833e+00
2.831999999999999851e+00
3.357000000000000206e+00
2.938000000000000167e+00
3.137000000000000011e+00
2.745999999999999996e+00
2.681999999999999940e+00
3.057999999999999829e+00
3.137000000000000011e+00
3.068999999999999950e+00
2.903000000000000025e+00
2.960999999999999854e+00
3.017999999999999794e+00
2.846999999999999975e+00
3.049999999999999822e+00
2.908999999999999808e+00
2.697000000000000064e+00
2.456999999999999851e+00
3.068999999999999950e+00
2.685000000000000053e+00
2.912999999999999812e+00
3.142999999999999794e+00
2.858999999999999986e+00
2.650999999999999801e+00
2.649000000000000021e+00
2.619000000000000217e+00
3.116000000000000103e+00
2.684000000000000163e+00
2.817000000000000171e+00
2.814999999999999947e+00
2.934000000000000163e+00
2.870999999999999996e+00
2.795999999999999819e+00
2.817000000000000171e+00
2.495999999999999996e+00
2.950000000000000178e+00
2.923000000000000043e+00
3.093999999999999861e+00
2.853000000000000203e+00
2.649000000000000021e+00
2.770999999999999908e+00
2.922000000000000153e+00
2.689000000000000057e+00
3.121999999999999886e+00
3.112000000000000099e+00
2.810000000000000053e+00
2.725999999999999979e+00
2.595000000000000195e+00
2.684000000000000163e+00
2.851999999999999869e+00
3.092000000000000082e+00
3.073999999999999844e+00
2.843999999999999861e+00
2.770999999999999908e+00
3.177000000000000046e+00
3.145000000000000018e+00
2.982000000000000206e+00
2.786999999999999922e+00
2.633999999999999897e+00
2.951999999999999957e+00
2.834999999999999964e+00
3.145999999999999908e+00
2.765000000000000124e+00
3.458000000000000185e+00
3.165999999999999925e+00
2.978000000000000203e+00
2.762999999999999901e+00
2.721999999999999975e+00
2.817000000000000171e+00
2.826000000000000068e+00
2.697999999999999954e+00
2.967999999999999972e+00
2.866999999999999993e+00
2.939999999999999947e+00
2.818000000000000060e+00
2.745999999999999996e+00
2.778000000000000025e+00
2.899000000000000021e+00
2.805000000000000160e+00
3.101999999999999869e+00
3.076000000000000068e+00
2.801000000000000156e+00
2.807999999999999829e+00
2.803999999999999826e+00
2.831999999999999851e+00
3.201999999999999957e+00
2.838000000000000078e+00
2.786000000000000032e+00
2.951000000000000068e+00
2.674999999999999822e+00
2.942000000000000171e+00
3.016999999999999904e+00
2.777000000000000135e+00
2.653000000000000025e+00
2.847999999999999865e+00
2.890000000000000124e+00
3.133000000000000007e+00
2.782000000000000028e+00
2.794000000000000039e+00
2.633999999999999897e+00
2.963000000000000078e+00
2.653000000000000025e+00
3.048000000000000043e+00
2.810999999999999943e+00
3.248000000000000220e+00
2.693000000000000060e+00
2.725000000000000089e+00
2.930000000000000160e+00
2.771999999999999797e+00
2.802999999999999936e+00
2.911000000000000032e+00
3.052000000000000046e+00
2.794999999999999929e+00
2.499000000000000110e+00
2.786999999999999922e+00
3.015000000000000124e+00
3.119000000000000217e+00
2.537999999999999812e+00
2.878000000000000114e+00
2.714999999999999858e+00
2.802999999999999936e+00
2.750000000000000000e+00
2.858000000000000096e+00
2.895999999999999908e+00
3.142999999999999794e+00
2.795999999999999819e+00
2.873000000000000220e+00
2.818000000000000060e+00
3.329000000000000181e+00
2.492999999999999883e+00
2.807999999999999829e+00
2.745999999999999996e+00
2.838000000000000078e+00
2.899999999999999911e+00
2.443999999999999950e+00
3.024000000000000021e+00
2.725000000000000089e+00
3.091000000000000192e+00
2.781000000000000139e+00
2.789000000000000146e+00
3.329000000000000181e+00
2.822999999999999954e+00
2.831999999999999851e+00
2.900999999999999801e+00
2.762000000000000011e+00
2.527000000000000135e+00
3.294999999999999929e+00
2.774000000000000021e+00
2.916999999999999815e+00
2.794000000000000039e+00
2.528000000000000025e+00
2.959000000000000075e+00
2.819999999999999840e+00
3.458000000000000185e+00
2.915000000000000036e+00
3.075000000000000178e+00
2.846999999999999975e+00
2.951000000000000068e+00
2.886000000000000121e+00
2.821000000000000174e+00
2.630999999999999783e+00
2.778000000000000025e+00
2.572999999999999954e+00
3.142999999999999794e+00
2.728000000000000203e+00
2.943000000000000060e+00
2.716000000000000192e+00
3.016000000000000014e+00
2.887000000000000011e+00
2.842999999999999972e+00
2.972999999999999865e+00
2.710999999999999854e+00
3.091000000000000192e+00
3.206999999999999851e+00
2.858999999999999986e+00
3.004999999999999893e+00
3.009999999999999787e+00
2.873000000000000220e+00
2.487000000000000099e+00
2.896999999999999797e+00
2.951000000000000068e+00
2.778000000000000025e+00
2.797000000000000153e+00
3.016999999999999904e+00
3.061999999999999833e+00
2.988999999999999879e+00
2.846000000000000085e+00
2.698999999999999844e+00
2.571000000000000174e+00
3.000999999999999890e+00
2.842000000000000082e+00
2.794999999999999929e+00
2.834000000000000075e+00
3.145000000000000018e+00
2.740000000000000213e+00
2.984999999999999876e+00
2.733000000000000096e+00
2.439000000000000057e+00
2.886000000000000121e+00
2.839999999999999858e+00
2.980999999999999872e+00
2.834000000000000075e+00
2.569999999999999840e+00
2.822999999999999954e+00
2.817000000000000171e+00
3.063000000000000167e+00
2.682999999999999829e+00
2.983999999999999986e+00
2.596999999999999975e+00
2.940999999999999837e+00
2.851999999999999869e+00
2.560999999999999943e+00
3.001999999999999780e+00
3.213000000000000078e+00
2.923000000000000043e+00
3.016000000000000014e+00
2.927999999999999936e+00
2.749000000000000110e+00
3.080000000000000071e+00
2.706999999999999851e+00
2.918000000000000149e+00
3.077999999999999847e+00
2.980999999999999872e+00
2.903000000000000025e+00
2.916999999999999815e+00
2.601999999999999869e+00
2.861000000000000210e+00
3.032999999999999918e+00
2.900999999999999801e+00
3.069999999999999840e+00
2.519000000000000128e+00
2.705999999999999961e+00
3.091000000000000192e+00
3.015000000000000124e+00
2.818999999999999950e+00
3.000999999999999890e+00
2.839999999999999858e+00
3.017999999999999794e+00
2.697999999999999954e+00
2.769000000000000128e+00
2.951999999999999957e+00
3.100999999999999979e+00
3.009999999999999787e+00
3.048999999999999932e+00
2.854000000000000092e+00
3.000999999999999890e+00
2.954000000000000181e+00
3.045999999999999819e+00
2.625999999999999890e+00
3.209999999999999964e+00
3.011000000000000121e+00
2.807999999999999829e+00
2.778999999999999915e+00
2.990000000000000213e+00
3.166999999999999815e+00
2.810000000000000053e+00
2.758000000000000007e+00
2.939999999999999947e+00
2.779999999999999805e+00
3.007000000000000117e+00
2.892999999999999794e+00
2.741000000000000103e+00
2.798999999999999932e+00
3.162999999999999812e+00
2.807999999999999829e+00
2.720000000000000195e+00
2.815999999999999837e+00
2.873000000000000220e+00
3.069999999999999840e+00
2.580000000000000071e+00
2.803999999999999826e+00
2.814999999999999947e+00
3.233999999999999986e+00
2.725999999999999979e+00
2.878000000000000114e+00
2.742999999999999883e+00
2.794999999999999929e+00
2.900999999999999801e+00
3.153000000000000025e+00
2.838000000000000078e+00
2.697000000000000064e+00
2.927999999999999936e+00
2.807999999999999829e+00
2.914000000000000146e+00
2.629999999999999893e+00
3.020999999999999908e+00
3.032999999999999918e+00
2.770999999999999908e+00
3.053999999999999826e+00
3.129000000000000004e+00
2.927999999999999936e+00
2.879000000000000004e+00
2.758000000000000007e+00
2.862999999999999989e+00
2.891000000000000014e+00
2.895000000000000018e+00
2.894000000000000128e+00
2.930000000000000160e+00
3.099000000000000199e+00
3.025999999999999801e+00
2.754999999999999893e+00
3.032999999999999918e+00
2.907999999999999918e+00
2.678999999999999826e+00
2.484999999999999876e+00
2.782999999999999918e+00
2.790999999999999925e+00
2.839999999999999858e+00
2.758999999999999897e+00
2.766999999999999904e+00
2.625999999999999890e+00
2.946000000000000174e+00
2.879999999999999893e+00
3.144000000000000128e+00
2.928999999999999826e+00
2.818000000000000060e+00
2.978000000000000203e+00
2.682999999999999829e+00
2.701000000000000068e+00
3.263999999999999790e+00
3.045999999999999819e+00
2.491000000000000103e+00
2.827999999999999847e+00
2.678999999999999826e+00
2.855999999999999872e+00
2.645000000000000018e+00
2.623000000000000220e+00
3.217999999999999972e+00
2.935999999999999943e+00
2.725000000000000089e+00
2.818000000000000060e+00
2.822000000000000064e+00
3.044000000000000039e+00
2.898000000000000131e+00
2.565999999999999837e+00
2.817000000000000171e+00
2.777000000000000135e+00
3.237999999999999989e+00
3.096000000000000085e+00
2.738999999999999879e+00
2.794000000000000039e+00
2.850999999999999979e+00
2.858000000000000096e+00
3.153000000000000025e+00
2.706999999999999851e+00
2.878000000000000114e+00
2.934000000000000163e+00
2.911000000000000032e+00
3.041999999999999815e+00
3.023000000000000131e+00
2.911000000000000032e+00
2.759999999999999787e+00
2.839999999999999858e+00
2.698999999999999844e+00
3.201999999999999957e+00
3.049999999999999822e+00
2.935999999999999943e+00
2.334999999999999964e+00
2.822000000000000064e+00
3.007000000000000117e+00
2.798999999999999932e+00
3.044000000000000039e+00
2.938000000000000167e+00
2.829000000000000181e+00
2.880999999999999783e+00
3.092000000000000082e+00
2.829000000000000181e+00
2.682999999999999829e+00
2.741999999999999993e+00
2.959000000000000075e+00
2.786000000000000032e+00
3.229999999999999982e+00
2.681999999999999940e+00
2.786000000000000032e+00
3.196000000000000174e+00
2.733999999999999986e+00
2.964999999999999858e+00
2.819999999999999840e+00
2.966000000000000192e+00
3.077999999999999847e+00
2.857000000000000206e+00
3.435999999999999943e+00
2.810000000000000053e+00
2.912999999999999812e+00
3.079000000000000181e+00
3.012999999999999901e+00
2.870000000000000107e+00
2.851999999999999869e+00
2.741000000000000103e+00
2.818999999999999950e+00
3.325000000000000178e+00
2.730999999999999872e+00
3.233999999999999986e+00
2.919999999999999929e+00
2.830000000000000071e+00
3.053999999999999826e+00
2.904999999999999805e+00
3.494000000000000217e+00
2.350000000000000089e+00
3.293000000000000149e+00
3.081999999999999851e+00
2.718999999999999861e+00
3.053999999999999826e+00
3.435999999999999943e+00
2.954000000000000181e+00
2.854999999999999982e+00
2.871999999999999886e+00
3.265000000000000124e+00
2.746999999999999886e+00
2.822999999999999954e+00
2.794000000000000039e+00
