1.336516653115060649e+01
1.422131568405089475e+01
1.583921102558698557e+01
1.318499747550833767e+01
1.594451650650306185e+01
1.401727760958978841e+01
1.400547995845153082e+01
1.490751871107438120e+01
1.418514819543654149e+01
1.365264995414345606e+01
1.388347116431948791e+01
1.422131568405089475e+01
1.406523909261178673e+01
1.403451437106134314e+01
1.386419657925193505e+01
1.377737737709035670e+01
1.375671956994446177e+01
1.284517539346621717e+01
1.402408430763287406e+01
1.236526578163682899e+01
1.336143594993622763e+01
1.284517539346621717e+01
1.594510542436526990e+01
1.350162800915985173e+01
1.419477015957373212e+01
1.370690243649893425e+01
1.375754582668297132e+01
1.584079350965270372e+01
1.361261268499917954e+01
1.583921102558698557e+01
1.215791230939651690e+01
1.393025396011886308e+01
1.401727760958978841e+01
1.583798052829222236e+01
1.583887721543778682e+01
1.388347116431948791e+01
1.402408430763287406e+01
1.594410689812650084e+01
1.594324986804851285e+01
1.454003757460899671e+01
1.453092098601305615e+01
1.382535808757934603e+01
1.236526578163682899e+01
1.583921102558698557e+01
1.384112312831967451e+01
1.380796409882817777e+01
1.594410689812650084e+01
1.393025396011886308e+01
1.443553464213758808e+01
1.375754582668297132e+01
1.401727760958978841e+01
1.382535808757934603e+01
1.341275541971967655e+01
1.584091895738456834e+01
1.443553464213758808e+01
1.400547995845153082e+01
1.359043187807674258e+01
1.487167677920712450e+01
1.419477015957373212e+01
1.423927420966424151e+01
1.372045922757636305e+01
1.423373855137052679e+01
1.387098418047622417e+01
1.360652388169936877e+01
1.290253232266272398e+01
1.368426222559075178e+01
1.425052854984351036e+01
1.360073551453870699e+01
1.432621155659041179e+01
1.418514819543654149e+01
1.365264995414345606e+01
1.391918843509335524e+01
1.436792696629721355e+01
1.407755246585390907e+01
1.420861963342413681e+01
1.466193178364765082e+01
1.594568938219222076e+01
1.481228401541798512e+01
1.290253232266272398e+01
1.473012992474179228e+01
1.419477015957373212e+01
1.503441055485644995e+01
1.360898401478752184e+01
1.356242486343194820e+01
1.403977084283843801e+01
1.594451650650306185e+01
1.584079350965270372e+01
1.374197620657434449e+01
1.593927904811359575e+01
1.436927837760267224e+01
1.584091895738456834e+01
1.270857688846689904e+01
1.459534931475028507e+01
1.326369543077450253e+01
1.452211424200649503e+01
1.429758943057740694e+01
1.365264995414345606e+01
1.401727760958978841e+01
1.408790678131847152e+01
1.498656858035345962e+01
1.382535808757934603e+01
1.271797285857135407e+01
1.403218613649362823e+01
1.359590754513614463e+01
1.432335354896978608e+01
1.582966545039040973e+01
1.402408430763287406e+01
1.376574655299560312e+01
1.398638947454829129e+01
1.401727760958978841e+01
1.583798052829222236e+01
1.442919092475715281e+01
1.373655421866245518e+01
1.408088989538941682e+01
1.382535808757934603e+01
1.594222601686958107e+01
1.378235140008718496e+01
1.418514819543654149e+01
1.318321846718878554e+01
1.416536168511202831e+01
1.341407140768164652e+01
1.594103411254597091e+01
1.341772374464085260e+01
1.384925482407343011e+01
1.361973006025480792e+01
1.407806437339544559e+01
1.251473787714219021e+01
1.477358760471069132e+01
1.382535808757934603e+01
1.594410689812650084e+01
1.340348083736359008e+01
1.462012148556521218e+01
1.340216696104693916e+01
1.401727760958978841e+01
1.346633182247574467e+01
1.397950493507206460e+01
1.401727760958978841e+01
1.419477015957373212e+01
1.464363305953382621e+01
1.391918843509335524e+01
1.516886080555056360e+01
1.496895859152868447e+01
1.306365875532146958e+01
1.350893857492047267e+01
1.403690709595949748e+01
1.594324986804851285e+01
1.419269355803788812e+01
1.367614505023221660e+01
1.411035419119680689e+01
1.429004406797606030e+01
1.473547647783578363e+01
1.422329324636160841e+01
1.433436693497425196e+01
1.594182767711010840e+01
1.387317341996102016e+01
1.231191999499681167e+01
1.241415405054737953e+01
1.381417427307462376e+01
1.394431358559172018e+01
1.393025396011886308e+01
1.412217348212930723e+01
1.357341564451684057e+01
1.583477705049442008e+01
1.388347116431948791e+01
1.422329324636160841e+01
1.594532542315461932e+01
1.422579182990239488e+01
1.414466671537795506e+01
1.436927837760267224e+01
1.445318264212167314e+01
1.256422517684700146e+01
1.583990246660777501e+01
1.393025396011886308e+01
1.384145009120197223e+01
1.443631000811140197e+01
1.256422517684700146e+01
1.431634930594644217e+01
1.410715473264994024e+01
1.594532542315461932e+01
1.594324986804851285e+01
1.584020955182575285e+01
1.438242027251226318e+01
1.594553860952019164e+01
1.388347116431948791e+01
1.398836703685900495e+01
1.323925568707675993e+01
1.462901016050948932e+01
1.271797285857135407e+01
1.594287640083174118e+01
1.353293416445825414e+01
1.329964091118504044e+01
1.373655421866245518e+01
1.441834278416936677e+01
1.378235140008718496e+01
1.319311208241613365e+01
1.593814121628974334e+01
1.246810201838424348e+01
1.419269355803788812e+01
1.473012992474179228e+01
1.373655421866245518e+01
1.514816804627387192e+01
1.593456132292992677e+01
1.384890963784701867e+01
1.336372774493720961e+01
1.437500644324631693e+01
1.401648233524720943e+01
1.352261961718036787e+01
1.373655421866245518e+01
1.419477015957373212e+01
1.401727760958978841e+01
1.415346861187075156e+01
1.411839737382209137e+01
1.424489419355063902e+01
1.284517539346621717e+01
1.583990246660777501e+01
1.251904992308689657e+01
1.402408430763287406e+01
1.455002483392265056e+01
1.583733014433006225e+01
1.372551479360111415e+01
1.436927837760267224e+01
1.358902210767957364e+01
1.220977502456558739e+01
1.510675687266714995e+01
1.373655421866245518e+01
1.386862368103269816e+01
1.402408430763287406e+01
1.215791230939651690e+01
1.388347116431948791e+01
1.412217348212930723e+01
1.418514819543654149e+01
1.329858496482407304e+01
1.384145009120197223e+01
1.384145009120197223e+01
1.483200844419084419e+01
1.438987712693504406e+01
1.363502485160388566e+01
1.401727760958978841e+01
1.408987428703421507e+01
1.453092098601305615e+01
1.408219139687193078e+01
1.409128534708780833e+01
1.414466671537795506e+01
1.454840315856464983e+01
1.251473787714219021e+01
1.422329324636160841e+01
1.594222601686958107e+01
1.382535808757934603e+01
1.411839737382209137e+01
1.390315266954937812e+01
1.401727760958978841e+01
1.360574081049450790e+01
1.414466671537795506e+01
1.418514819543654149e+01
1.594062814885614721e+01
1.276611486614254787e+01
1.373775944888149780e+01
1.584020955182575285e+01
1.465835320217494520e+01
1.376169831922440423e+01
1.583798052829222236e+01
1.442969636907633557e+01
1.411839737382209137e+01
1.366660868203717527e+01
1.401521338828329100e+01
1.494221570884996453e+01
1.594324986804851285e+01
1.594593285353321654e+01
1.368995885465084861e+01
1.593814121628974334e+01
1.421583511955356371e+01
1.373655421866245518e+01
1.594287640083174118e+01
1.361504996211489704e+01
1.436927837760267224e+01
1.501672588112066364e+01
1.341772374464085260e+01
1.375760397574929961e+01
1.401727760958978841e+01
1.594581482992408716e+01
1.426204920232435391e+01
1.464363305953382621e+01
1.352121882342717285e+01
1.361687974103996979e+01
1.316855462786098663e+01
1.341772374464085260e+01
1.251904992308689657e+01
1.419477015957373212e+01
1.507424968349444327e+01
1.461194499630030741e+01
1.236526578163682899e+01
1.478322503237565044e+01
1.408987428703421507e+01
1.594568938219222076e+01
1.236320614584472644e+01
1.349862164027710598e+01
1.395588411053597788e+01
1.584099557576432460e+01
1.388234226441673691e+01
1.382535808757934603e+01
1.392244503409411038e+01
1.344338530755375594e+01
1.471670131328163222e+01
1.594532542315461932e+01
1.338220831159255120e+01
1.422884813061626019e+01
1.462901016050948932e+01
1.382535808757934603e+01
1.419659638060102935e+01
1.246468939801109244e+01
1.594103411254597091e+01
1.455600429844355581e+01
1.442919092475715281e+01
1.373655421866245518e+01
1.492122582830577748e+01
1.378235140008718496e+01
1.382876810550045832e+01
1.256422517684700146e+01
1.378915809813027060e+01
1.360652388169936877e+01
1.384145009120197223e+01
1.382535808757934603e+01
1.434383468628110236e+01
1.453092098601305615e+01
1.443709063849904695e+01
1.294829225768618208e+01
1.403977084283843801e+01
1.467064984309618225e+01
1.414466671537795506e+01
1.391918843509335524e+01
1.393025396011886308e+01
1.411035419119680689e+01
1.378915809813027060e+01
1.388347116431948791e+01
1.454819497538388973e+01
1.251473787714219021e+01
1.432621155659041179e+01
1.455600429844355581e+01
1.453092098601305615e+01
1.368426222559075178e+01
1.378470922344070004e+01
1.583288573438667513e+01
1.352261961718036787e+01
1.382535808757934603e+01
1.594581482992408716e+01
1.594222601686958107e+01
1.231191999499681167e+01
1.359043187807674258e+01
1.308010160296882063e+01
1.398836703685900495e+01
1.284517539346621717e+01
1.407610301728542268e+01
1.435998578184393715e+01
1.342803829191873710e+01
1.446831426323001502e+01
1.329858496482407304e+01
1.444124349124651019e+01
1.594532542315461932e+01
1.421525006373632216e+01
1.349862164027710598e+01
1.582751568859275793e+01
1.251904992308689657e+01
1.365264995414345606e+01
1.584064273698067282e+01
1.295007126600573422e+01
1.429515329559608361e+01
1.399500381808676686e+01
1.336859130331401779e+01
1.593927904811359575e+01
1.350385394170723963e+01
1.312650974043362417e+01
1.409128534708780833e+01
1.382535808757934603e+01
1.378235140008718496e+01
1.379040738601208460e+01
1.431578044580137288e+01
1.445422210595465806e+01
1.411839737382209137e+01
1.376169831922440423e+01
1.583921102558698557e+01
1.399859507536857528e+01
1.401727760958978841e+01
1.266912104938651851e+01
1.410155251047675584e+01
1.341772374464085260e+01
1.408987428703421507e+01
1.398638947454829129e+01
1.329858496482407304e+01
1.391918843509335524e+01
1.583477705049442008e+01
1.266834178109597886e+01
1.442781481413417666e+01
1.341772374464085260e+01
1.401727760958978841e+01
1.489169771027437683e+01
1.423373855137052679e+01
1.594593285353321654e+01
1.373655421866245518e+01
1.503695969031704038e+01
1.583921102558698557e+01
1.414084389108693429e+01
1.594593285353321654e+01
1.411839737382209137e+01
1.495667294426882599e+01
1.594287640083174118e+01
1.367831151705635939e+01
1.593241156113227497e+01
1.443709063849904695e+01
1.367283676639655710e+01
1.584042955061510227e+01
1.409128534708780833e+01
1.398638947454829129e+01
1.366746416132459352e+01
1.374237134502722135e+01
1.422329324636160841e+01
1.584064273698067282e+01
1.390142324198836477e+01
1.582966545039040973e+01
1.412217348212930723e+01
1.429758943057740694e+01
1.511710979284114842e+01
1.336859130331401779e+01
1.594103411254597091e+01
1.226036990909731195e+01
1.594553860952019164e+01
1.583990246660777501e+01
1.453251564008001040e+01
1.465329903110416687e+01
1.594510542436526990e+01
1.448904393941426427e+01
1.415634021141321064e+01
1.281347276100641608e+01
1.462901016050948932e+01
1.388347116431948791e+01
1.419779014450551458e+01
1.433857463653643194e+01
