1.158029301289872315e+01
1.290138373385558879e+01
1.425057641983150347e+01
1.216390238465676887e+01
1.407800302771488887e+01
1.276578754056300191e+01
1.228405305663617852e+01
1.273309393908699150e+01
1.182725964373886640e+01
1.253935048783625561e+01
1.297105658361917513e+01
1.290138373385558879e+01
1.231884878244617099e+01
1.189189493371684669e+01
1.178623423760116573e+01
1.173278596533557838e+01
1.172010628788784636e+01
1.233762192317566786e+01
1.266975385843764279e+01
1.070112618712145647e+01
1.236282608878675937e+01
1.233762192317566786e+01
1.409307013562409416e+01
1.273044009010504318e+01
1.308098702725519225e+01
1.168959465159190358e+01
1.250516810118083555e+01
1.420374554888041807e+01
1.163212885590770185e+01
1.425057641983150347e+01
1.052145283881504945e+01
1.261153162156726992e+01
1.276578754056300191e+01
1.408228068144139300e+01
1.409719488469599469e+01
1.297105658361917513e+01
1.266975385843764279e+01
1.421639403317608341e+01
1.423216167688264377e+01
1.260476688774325638e+01
1.204028427148448444e+01
1.264571400822268821e+01
1.070112618712145647e+01
1.425057641983150347e+01
1.177200578683082099e+01
1.185047747658504314e+01
1.421639403317608341e+01
1.261153162156726992e+01
1.254079669848615097e+01
1.250516810118083555e+01
1.276578754056300191e+01
1.264571400822268821e+01
1.160887810546411281e+01
1.415761748006334564e+01
1.254079669848615097e+01
1.228405305663617852e+01
1.278525116008616891e+01
1.281096471211878196e+01
1.308098702725519225e+01
1.202422268264483307e+01
1.169788825002677513e+01
1.232208881637914644e+01
1.179042297375176318e+01
1.269625770344962490e+01
1.227649610061042473e+01
1.284347339695654178e+01
1.203180258740766462e+01
1.206257436057477861e+01
1.286720134720017050e+01
1.182725964373886640e+01
1.253935048783625561e+01
1.270393624509306107e+01
1.211351137217301677e+01
1.202070189755807306e+01
1.210918546678679064e+01
1.248296372898844808e+01
1.416956316222499979e+01
1.267380923058822972e+01
1.227649610061042473e+01
1.216786745814711779e+01
1.308098702725519225e+01
1.291810317909074257e+01
1.172804469485537560e+01
1.204325722218328210e+01
1.173914248387343839e+01
1.407800302771488887e+01
1.420374554888041807e+01
1.156318445659603356e+01
1.400381112538859263e+01
1.184151612757225891e+01
1.415761748006334564e+01
1.103107770473524596e+01
1.241810634816313375e+01
1.258497843897928270e+01
1.235183852677951855e+01
1.315987159672283191e+01
1.253935048783625561e+01
1.276578754056300191e+01
1.233214286751292832e+01
1.278317673282456468e+01
1.264571400822268821e+01
1.094220521976065719e+01
1.229955600069212807e+01
1.162199086596961450e+01
1.219187737381218106e+01
1.436261976343039493e+01
1.266975385843764279e+01
1.214926205509793888e+01
1.304092088571906949e+01
1.276578754056300191e+01
1.408228068144139300e+01
1.243904664231182977e+01
1.259090293824156248e+01
1.202289160579948124e+01
1.264571400822268821e+01
1.424800841697594045e+01
1.290532469242648261e+01
1.182725964373886640e+01
1.225754135173895953e+01
1.207937042491022694e+01
1.160967057245010281e+01
1.426393450527116258e+01
1.267888763969973631e+01
1.177701838731027095e+01
1.163645241636064043e+01
1.166499172852276267e+01
1.091589647302796529e+01
1.274911341664884290e+01
1.264571400822268821e+01
1.421639403317608341e+01
1.229120875471529395e+01
1.255535801352652570e+01
1.150559373320216494e+01
1.276578754056300191e+01
1.232864370213133931e+01
1.226905293220664106e+01
1.276578754056300191e+01
1.308098702725519225e+01
1.266856643489872525e+01
1.270393624509306107e+01
1.301318011387687790e+01
1.268555419125854478e+01
1.246492829323419116e+01
1.166705324587324455e+01
1.189339504651672463e+01
1.423216167688264377e+01
1.319405398337825197e+01
1.167080623322111776e+01
1.178178931350722536e+01
1.179307725708344634e+01
1.272540305866192156e+01
1.279733704510027614e+01
1.220013135998283893e+01
1.403326016613589999e+01
1.220856639623773532e+01
1.077508486875283999e+01
1.084899774649789173e+01
1.175540886473461732e+01
1.224886297553874570e+01
1.261153162156726992e+01
1.273160515390758185e+01
1.249091161734744304e+01
1.431412258023891226e+01
1.297105658361917513e+01
1.279733704510027614e+01
1.418509502766244879e+01
1.201519335334549687e+01
1.170496009721802011e+01
1.184151612757225891e+01
1.189306857797756756e+01
1.094690507898520160e+01
1.423488762069649916e+01
1.261153162156726992e+01
1.255672055158614420e+01
1.244335215486775326e+01
1.094690507898520160e+01
1.207697989513843240e+01
1.204022838803432371e+01
1.418509502766244879e+01
1.423216167688264377e+01
1.412725252227951422e+01
1.250845964847157532e+01
1.410821407358337964e+01
1.297105658361917513e+01
1.293687419696375684e+01
1.229034457557455262e+01
1.210213556695442527e+01
1.094220521976065719e+01
1.404809829478597472e+01
1.236861207082659675e+01
1.154118459167722044e+01
1.259090293824156248e+01
1.215032180894554692e+01
1.290532469242648261e+01
1.254233160934549574e+01
1.429602573372811314e+01
1.077877359975138560e+01
1.319405398337825197e+01
1.216786745814711779e+01
1.259090293824156248e+01
1.299805954840235245e+01
1.432843737677497487e+01
1.187582283805517314e+01
1.157943105184076771e+01
1.250395649087380079e+01
1.188061264034703335e+01
1.264470525304431625e+01
1.259090293824156248e+01
1.308098702725519225e+01
1.276578754056300191e+01
1.227492427595323932e+01
1.283151943175569443e+01
1.202800284778451712e+01
1.233762192317566786e+01
1.423488762069649916e+01
1.081481535984247344e+01
1.266975385843764279e+01
1.225267936568468308e+01
1.428219080363136051e+01
1.170098294665533167e+01
1.184151612757225891e+01
1.171584055731126028e+01
1.056960804067029080e+01
1.296836366253831585e+01
1.259090293824156248e+01
1.220601494614565752e+01
1.266975385843764279e+01
1.052145283881504945e+01
1.297105658361917513e+01
1.273160515390758185e+01
1.182725964373886640e+01
1.232539114137071046e+01
1.255672055158614420e+01
1.255672055158614420e+01
1.278577262409440607e+01
1.251299162123396513e+01
1.174398917816592913e+01
1.276578754056300191e+01
1.311516941391061231e+01
1.204028427148448444e+01
1.232878627627546564e+01
1.300673849906365120e+01
1.170496009721802011e+01
1.260990562212641919e+01
1.091589647302796529e+01
1.279733704510027614e+01
1.424800841697594045e+01
1.264571400822268821e+01
1.283151943175569443e+01
1.190953096826520863e+01
1.276578754056300191e+01
1.162795678172386893e+01
1.170496009721802011e+01
1.182725964373886640e+01
1.401849786027516842e+01
1.097023748842429747e+01
1.213416222718030113e+01
1.412725252227951422e+01
1.247935034788390318e+01
1.214706838497295038e+01
1.408228068144139300e+01
1.294144987539171154e+01
1.283151943175569443e+01
1.166498901772247443e+01
1.162755678110671731e+01
1.285655459039930193e+01
1.423216167688264377e+01
1.413873344691292466e+01
1.177770771719538878e+01
1.429602573372811314e+01
1.240800326034253942e+01
1.259090293824156248e+01
1.404809829478597472e+01
1.163360914043946082e+01
1.184151612757225891e+01
1.280259530880338303e+01
1.267888763969973631e+01
1.181936976220052493e+01
1.276578754056300191e+01
1.412343509340792735e+01
1.243570647933517392e+01
1.266856643489872525e+01
1.157684426908150499e+01
1.173287634786609424e+01
1.243074590657877465e+01
1.267888763969973631e+01
1.081481535984247344e+01
1.308098702725519225e+01
1.285022115608632554e+01
1.255034527273661737e+01
1.070112618712145647e+01
1.275513109612106888e+01
1.311516941391061231e+01
1.416956316222499979e+01
1.081295598640680389e+01
1.244544128711580200e+01
1.159251021531055770e+01
1.418829177256897189e+01
1.221371803160431924e+01
1.264571400822268821e+01
1.192158431137650965e+01
1.259626638255550368e+01
1.271376057019706707e+01
1.418509502766244879e+01
1.159051292607775352e+01
1.241578961911015710e+01
1.210213556695442527e+01
1.264571400822268821e+01
1.239651336618790722e+01
1.088328596878523769e+01
1.426393450527116258e+01
1.251611976736294807e+01
1.243904664231182977e+01
1.259090293824156248e+01
1.280377971299947859e+01
1.290532469242648261e+01
1.176439381699114683e+01
1.094690507898520160e+01
1.280929101030112349e+01
1.269625770344962490e+01
1.255672055158614420e+01
1.264571400822268821e+01
1.209631381346375889e+01
1.204028427148448444e+01
1.198206203461411157e+01
1.239707850360244024e+01
1.173914248387343839e+01
1.268525930126915213e+01
1.170496009721802011e+01
1.270393624509306107e+01
1.261153162156726992e+01
1.178178931350722536e+01
1.280929101030112349e+01
1.297105658361917513e+01
1.251135205185589427e+01
1.091589647302796529e+01
1.286720134720017050e+01
1.251611976736294807e+01
1.204028427148448444e+01
1.284347339695654178e+01
1.173728989071032913e+01
1.402338209631640531e+01
1.264470525304431625e+01
1.264571400822268821e+01
1.412343509340792735e+01
1.424800841697594045e+01
1.077508486875283999e+01
1.278525116008616891e+01
1.219808477131218716e+01
1.293687419696375684e+01
1.233762192317566786e+01
1.191808521430736612e+01
1.210781601272277186e+01
1.240279445748201503e+01
1.218802172662529948e+01
1.232539114137071046e+01
1.216743989173450657e+01
1.418509502766244879e+01
1.174760692685180707e+01
1.244544128711580200e+01
1.397999724593558568e+01
1.081481535984247344e+01
1.253935048783625561e+01
1.414239646023879793e+01
1.230343953652024958e+01
1.235855100638811876e+01
1.227799368378680711e+01
1.255079605232386442e+01
1.400381112538859263e+01
1.156639348011893453e+01
1.250236324065024007e+01
1.300673849906365120e+01
1.264571400822268821e+01
1.290532469242648261e+01
1.216269313741415914e+01
1.207658282466840483e+01
1.217725928398009927e+01
1.283151943175569443e+01
1.214706838497295038e+01
1.425057641983150347e+01
1.186945677389844356e+01
1.276578754056300191e+01
1.091272269232978331e+01
1.203651458049288081e+01
1.267888763969973631e+01
1.311516941391061231e+01
1.304092088571906949e+01
1.232539114137071046e+01
1.270393624509306107e+01
1.431412258023891226e+01
1.223924712083877253e+01
1.253608878890322487e+01
1.267888763969973631e+01
1.276578754056300191e+01
1.282379258461359939e+01
1.232208881637914644e+01
1.413873344691292466e+01
1.259090293824156248e+01
1.281573967252044355e+01
1.425057641983150347e+01
1.236337257050676897e+01
1.413873344691292466e+01
1.283151943175569443e+01
1.276410967679745667e+01
1.404809829478597472e+01
1.245672923069202298e+01
1.394581485928016740e+01
1.198206203461411157e+01
1.209974990036678122e+01
1.421927741431786707e+01
1.300673849906365120e+01
1.304092088571906949e+01
1.176388731383753594e+01
1.171130862459817479e+01
1.279733704510027614e+01
1.414239646023879793e+01
1.180922413705278551e+01
1.436261976343039493e+01
1.273160515390758540e+01
1.315987159672283191e+01
1.297572010790666042e+01
1.255079605232386442e+01
1.426393450527116258e+01
1.073530857377687475e+01
1.410821407358337964e+01
1.423488762069649916e+01
1.302033444485935298e+01
1.257572323547100268e+01
1.409307013562409239e+01
1.232339222527915901e+01
1.196948683852869522e+01
1.099689531807982767e+01
1.210213556695442527e+01
1.297105658361917513e+01
1.199660968920602677e+01
1.248186785396609366e+01
