5.472100000000000364e+03
6.445399999999999636e+03
5.683399999999999636e+03
5.271500000000000000e+03
4.346000000000000000e+03
4.987800000000000182e+03
5.687500000000000000e+03
5.940899999999999636e+03
4.339600000000000364e+03
5.791100000000000364e+03
5.246000000000000000e+03
5.274800000000000182e+03
3.885599999999999909e+03
4.716399999999999636e+03
6.351699999999999818e+03
4.980600000000000364e+03
5.751800000000000182e+03
4.661100000000000364e+03
5.441399999999999636e+03
3.907000000000000000e+03
5.535399999999999636e+03
4.314199999999999818e+03
6.193699999999999818e+03
5.058000000000000000e+03
5.920199999999999818e+03
5.259500000000000000e+03
5.082199999999999818e+03
5.601399999999999636e+03
5.942800000000000182e+03
4.903600000000000364e+03
4.618600000000000364e+03
4.997199999999999818e+03
5.300199999999999818e+03
4.903600000000000364e+03
5.086899999999999636e+03
4.909199999999999818e+03
4.905500000000000000e+03
5.563100000000000364e+03
5.860899999999999636e+03
4.637199999999999818e+03
5.280600000000000364e+03
5.134100000000000364e+03
4.919600000000000364e+03
5.086899999999999636e+03
5.551199999999999818e+03
5.382199999999999818e+03
5.698000000000000000e+03
6.112000000000000000e+03
5.502000000000000000e+03
6.313300000000000182e+03
4.266399999999999636e+03
4.807800000000000182e+03
5.379000000000000000e+03
4.071099999999999909e+03
5.301899999999999636e+03
4.912100000000000364e+03
5.579600000000000364e+03
4.886199999999999818e+03
6.157399999999999636e+03
5.662600000000000364e+03
7.028199999999999818e+03
6.571899999999999636e+03
5.364800000000000182e+03
5.728199999999999818e+03
5.582699999999999818e+03
5.476899999999999636e+03
5.687600000000000364e+03
5.139100000000000364e+03
4.976300000000000182e+03
5.227100000000000364e+03
4.993399999999999636e+03
4.719600000000000364e+03
4.127600000000000364e+03
4.001800000000000182e+03
4.913300000000000182e+03
5.130600000000000364e+03
4.952199999999999818e+03
6.786199999999999818e+03
5.318800000000000182e+03
5.543899999999999636e+03
5.643800000000000182e+03
6.047899999999999636e+03
5.098000000000000000e+03
4.864899999999999636e+03
5.541399999999999636e+03
5.100500000000000000e+03
4.087199999999999818e+03
4.778100000000000364e+03
5.211500000000000000e+03
5.394100000000000364e+03
5.270399999999999636e+03
4.695699999999999818e+03
4.921100000000000364e+03
4.724600000000000364e+03
4.805300000000000182e+03
5.897600000000000364e+03
4.762399999999999636e+03
4.811000000000000000e+03
5.124899999999999636e+03
5.494199999999999818e+03
4.563699999999999818e+03
4.367300000000000182e+03
5.258699999999999818e+03
6.463399999999999636e+03
5.529199999999999818e+03
5.462100000000000364e+03
5.273800000000000182e+03
4.754899999999999636e+03
4.903399999999999636e+03
5.373399999999999636e+03
5.508699999999999818e+03
5.267699999999999818e+03
5.651800000000000182e+03
5.195699999999999818e+03
4.956199999999999818e+03
5.341800000000000182e+03
4.874899999999999636e+03
5.541100000000000364e+03
4.632100000000000364e+03
4.661199999999999818e+03
3.968099999999999909e+03
5.654600000000000364e+03
4.921500000000000000e+03
5.384399999999999636e+03
4.866399999999999636e+03
5.842699999999999818e+03
4.289800000000000182e+03
4.852300000000000182e+03
4.852000000000000000e+03
6.763300000000000182e+03
5.465800000000000182e+03
6.211899999999999636e+03
4.996300000000000182e+03
5.180300000000000182e+03
5.790500000000000000e+03
4.210399999999999636e+03
5.409000000000000000e+03
6.253300000000000182e+03
4.786100000000000364e+03
5.312300000000000182e+03
5.151399999999999636e+03
5.327399999999999636e+03
4.176899999999999636e+03
4.738899999999999636e+03
5.369000000000000000e+03
4.346000000000000000e+03
5.107199999999999818e+03
5.729899999999999636e+03
4.362399999999999636e+03
5.999300000000000182e+03
4.856600000000000364e+03
6.008399999999999636e+03
5.083600000000000364e+03
6.081800000000000182e+03
4.475399999999999636e+03
4.472399999999999636e+03
3.388400000000000091e+03
5.438699999999999818e+03
5.103600000000000364e+03
5.803699999999999818e+03
5.804500000000000000e+03
4.416100000000000364e+03
5.503399999999999636e+03
4.813699999999999818e+03
5.959100000000000364e+03
6.081800000000000182e+03
6.486899999999999636e+03
4.635800000000000182e+03
5.759800000000000182e+03
4.984699999999999818e+03
3.792900000000000091e+03
4.651199999999999818e+03
5.211800000000000182e+03
5.367399999999999636e+03
5.373500000000000000e+03
3.698099999999999909e+03
6.459500000000000000e+03
4.308500000000000000e+03
5.211500000000000000e+03
6.248100000000000364e+03
4.413699999999999818e+03
4.899699999999999818e+03
5.650899999999999636e+03
4.680199999999999818e+03
5.555100000000000364e+03
4.583000000000000000e+03
4.480300000000000182e+03
3.972500000000000000e+03
5.698000000000000000e+03
6.522300000000000182e+03
4.530800000000000182e+03
5.304800000000000182e+03
5.388899999999999636e+03
4.857100000000000364e+03
6.007300000000000182e+03
5.951199999999999818e+03
4.652000000000000000e+03
5.436600000000000364e+03
4.210199999999999818e+03
5.829199999999999818e+03
5.395399999999999636e+03
5.373300000000000182e+03
5.487399999999999636e+03
4.634699999999999818e+03
5.082800000000000182e+03
4.866399999999999636e+03
5.273899999999999636e+03
4.784800000000000182e+03
5.411600000000000364e+03
5.623899999999999636e+03
5.502800000000000182e+03
4.567800000000000182e+03
5.392500000000000000e+03
4.622100000000000364e+03
4.916500000000000000e+03
4.195699999999999818e+03
5.442399999999999636e+03
4.822100000000000364e+03
5.361300000000000182e+03
5.573000000000000000e+03
4.728800000000000182e+03
5.158100000000000364e+03
4.604899999999999636e+03
5.959100000000000364e+03
5.962000000000000000e+03
5.713800000000000182e+03
6.136699999999999818e+03
4.338800000000000182e+03
5.050899999999999636e+03
5.897600000000000364e+03
5.639500000000000000e+03
4.277300000000000182e+03
4.838899999999999636e+03
5.816300000000000182e+03
5.253500000000000000e+03
4.921199999999999818e+03
5.570199999999999818e+03
4.319399999999999636e+03
4.527800000000000182e+03
4.996699999999999818e+03
4.973600000000000364e+03
5.447399999999999636e+03
5.336000000000000000e+03
5.583199999999999818e+03
3.832400000000000091e+03
5.637000000000000000e+03
6.639300000000000182e+03
5.625899999999999636e+03
5.041199999999999818e+03
5.696899999999999636e+03
5.585600000000000364e+03
4.650899999999999636e+03
5.808100000000000364e+03
4.868899999999999636e+03
5.318500000000000000e+03
5.011800000000000182e+03
4.305300000000000182e+03
5.503399999999999636e+03
4.745100000000000364e+03
4.683100000000000364e+03
4.916500000000000000e+03
6.225800000000000182e+03
5.273800000000000182e+03
5.757199999999999818e+03
4.763300000000000182e+03
4.655600000000000364e+03
5.929800000000000182e+03
5.373300000000000182e+03
4.844399999999999636e+03
6.193699999999999818e+03
4.870500000000000000e+03
4.874500000000000000e+03
5.241699999999999818e+03
5.212399999999999636e+03
5.726199999999999818e+03
5.793199999999999818e+03
5.634699999999999818e+03
4.857399999999999636e+03
4.366100000000000364e+03
5.525600000000000364e+03
5.343300000000000182e+03
4.899100000000000364e+03
6.030800000000000182e+03
4.400199999999999818e+03
4.668000000000000000e+03
5.008500000000000000e+03
4.485399999999999636e+03
5.030300000000000182e+03
5.228800000000000182e+03
5.030899999999999636e+03
4.267699999999999818e+03
5.545000000000000000e+03
5.432199999999999818e+03
5.318500000000000000e+03
4.465100000000000364e+03
4.519899999999999636e+03
4.420899999999999636e+03
5.514899999999999636e+03
4.736399999999999636e+03
5.385699999999999818e+03
4.922100000000000364e+03
5.277399999999999636e+03
5.475600000000000364e+03
4.550399999999999636e+03
5.647500000000000000e+03
5.430899999999999636e+03
4.508699999999999818e+03
5.493300000000000182e+03
5.141600000000000364e+03
4.902000000000000000e+03
5.645600000000000364e+03
5.371300000000000182e+03
6.268199999999999818e+03
5.990399999999999636e+03
4.952399999999999636e+03
5.477000000000000000e+03
6.043199999999999818e+03
4.322199999999999818e+03
5.841000000000000000e+03
5.308100000000000364e+03
5.548300000000000182e+03
5.081800000000000182e+03
4.823899999999999636e+03
5.624500000000000000e+03
5.042000000000000000e+03
5.168699999999999818e+03
4.814000000000000000e+03
4.709399999999999636e+03
5.544399999999999636e+03
3.241699999999999818e+03
5.196300000000000182e+03
4.404600000000000364e+03
5.723000000000000000e+03
5.361899999999999636e+03
6.267600000000000364e+03
4.206100000000000364e+03
5.663600000000000364e+03
6.177899999999999636e+03
4.906199999999999818e+03
5.137899999999999636e+03
4.991699999999999818e+03
5.270399999999999636e+03
4.503199999999999818e+03
5.154500000000000000e+03
4.875800000000000182e+03
5.241699999999999818e+03
3.923199999999999818e+03
4.749699999999999818e+03
4.617300000000000182e+03
5.588899999999999636e+03
5.181800000000000182e+03
5.664600000000000364e+03
5.176100000000000364e+03
5.181000000000000000e+03
3.747900000000000091e+03
5.061600000000000364e+03
5.537500000000000000e+03
5.819000000000000000e+03
4.521899999999999636e+03
5.185800000000000182e+03
4.071099999999999909e+03
5.220699999999999818e+03
5.171399999999999636e+03
5.927800000000000182e+03
6.060899999999999636e+03
5.689600000000000364e+03
4.688100000000000364e+03
6.042500000000000000e+03
4.550399999999999636e+03
5.073000000000000000e+03
4.843600000000000364e+03
5.318600000000000364e+03
4.794600000000000364e+03
4.468600000000000364e+03
4.672699999999999818e+03
6.149800000000000182e+03
5.303000000000000000e+03
4.348300000000000182e+03
5.032600000000000364e+03
5.508699999999999818e+03
5.473000000000000000e+03
5.439199999999999818e+03
4.338100000000000364e+03
6.296899999999999636e+03
5.553899999999999636e+03
5.816600000000000364e+03
4.717600000000000364e+03
4.965300000000000182e+03
5.483699999999999818e+03
5.057500000000000000e+03
3.545099999999999909e+03
5.999000000000000000e+03
4.366600000000000364e+03
4.869699999999999818e+03
5.192000000000000000e+03
6.098500000000000000e+03
5.276600000000000364e+03
4.009199999999999818e+03
5.319800000000000182e+03
5.140800000000000182e+03
5.390800000000000182e+03
5.990600000000000364e+03
4.130600000000000364e+03
5.770699999999999818e+03
6.639300000000000182e+03
5.493600000000000364e+03
5.434800000000000182e+03
4.673300000000000182e+03
4.513899999999999636e+03
5.182100000000000364e+03
5.095300000000000182e+03
5.054399999999999636e+03
4.884199999999999818e+03
5.964899999999999636e+03
5.558800000000000182e+03
4.491399999999999636e+03
5.007800000000000182e+03
5.514899999999999636e+03
5.149899999999999636e+03
5.609899999999999636e+03
5.257800000000000182e+03
5.524000000000000000e+03
5.495800000000000182e+03
4.244300000000000182e+03
5.620199999999999818e+03
4.836500000000000000e+03
5.527399999999999636e+03
6.231800000000000182e+03
5.434800000000000182e+03
5.043800000000000182e+03
4.799699999999999818e+03
4.696800000000000182e+03
4.820600000000000364e+03
5.641600000000000364e+03
4.925699999999999818e+03
5.181600000000000364e+03
