5.116899999999999636e+03
6.209699999999999818e+03
5.456300000000000182e+03
4.925899999999999636e+03
7.337899999999999636e+03
4.834899999999999636e+03
5.311600000000000364e+03
4.996399999999999636e+03
5.021399999999999636e+03
5.484399999999999636e+03
4.307100000000000364e+03
5.634100000000000364e+03
3.959400000000000091e+03
5.100500000000000000e+03
6.043899999999999636e+03
4.972399999999999636e+03
5.811600000000000364e+03
5.429600000000000364e+03
4.734600000000000364e+03
5.256100000000000364e+03
5.203699999999999818e+03
4.295199999999999818e+03
5.955899999999999636e+03
5.197000000000000000e+03
4.586800000000000182e+03
4.558300000000000182e+03
4.810100000000000364e+03
5.553899999999999636e+03
4.287199999999999818e+03
5.416000000000000000e+03
4.853800000000000182e+03
5.004899999999999636e+03
5.489600000000000364e+03
5.094000000000000000e+03
6.160500000000000000e+03
5.566300000000000182e+03
4.721000000000000000e+03
4.649399999999999636e+03
5.802800000000000182e+03
6.255699999999999818e+03
5.423600000000000364e+03
4.413699999999999818e+03
5.654600000000000364e+03
6.025100000000000364e+03
4.320000000000000000e+03
6.763300000000000182e+03
4.759899999999999636e+03
5.393600000000000364e+03
5.819000000000000000e+03
5.824500000000000000e+03
5.022600000000000364e+03
5.388800000000000182e+03
5.434100000000000364e+03
4.730899999999999636e+03
4.491399999999999636e+03
5.444300000000000182e+03
4.780399999999999636e+03
4.720300000000000182e+03
4.580000000000000000e+03
5.343199999999999818e+03
4.532399999999999636e+03
4.899100000000000364e+03
4.953199999999999818e+03
5.074600000000000364e+03
4.217399999999999636e+03
4.901199999999999818e+03
5.272300000000000182e+03
5.654699999999999818e+03
4.986800000000000182e+03
5.535300000000000182e+03
4.472699999999999818e+03
5.576600000000000364e+03
6.016100000000000364e+03
4.231100000000000364e+03
5.495300000000000182e+03
5.187500000000000000e+03
3.885500000000000000e+03
3.774000000000000000e+03
5.547800000000000182e+03
5.196399999999999636e+03
5.650899999999999636e+03
4.169199999999999818e+03
5.345800000000000182e+03
5.960300000000000182e+03
4.902300000000000182e+03
5.601399999999999636e+03
4.952199999999999818e+03
3.932300000000000182e+03
5.190399999999999636e+03
5.037899999999999636e+03
6.540800000000000182e+03
6.410899999999999636e+03
4.410000000000000000e+03
5.375899999999999636e+03
5.758399999999999636e+03
5.348500000000000000e+03
5.160199999999999818e+03
5.087399999999999636e+03
5.360800000000000182e+03
5.275899999999999636e+03
5.756800000000000182e+03
5.496300000000000182e+03
5.359399999999999636e+03
4.332000000000000000e+03
4.618699999999999818e+03
6.201899999999999636e+03
5.692500000000000000e+03
5.913500000000000000e+03
4.930000000000000000e+03
4.294300000000000182e+03
