8.981257798815382998e-01
1.826559853092941887e+00
9.164921489476141048e-01
-2.210930333278162963e-01
-2.230875703539289212e+00
-4.768331229547990158e-01
1.339892555204960756e+00
4.674866359022622486e-01
-5.676585020986384400e-01
1.072407791848732694e+00
5.492596073461945005e-01
-6.031175395469184908e-02
-2.215003638922721674e+00
-1.073356361575871665e+00
1.225665991823278178e+00
-5.768097199550371590e-01
5.033676638731932051e-01
7.765592412924815502e-02
-4.265323025554617620e-01
-7.364124562791606321e-01
8.189653977268329665e-01
-5.956283042033596598e-01
9.013559087551175075e-01
3.990588635578797283e-01
8.008290447821028168e-01
-1.465900006453738358e-01
-9.147758230976069660e-01
7.680112980260774824e-01
8.175796952516997118e-01
-3.929429290831058519e-01
4.425999487779214148e-01
-1.154767857631266548e+00
7.258016572839197378e-02
-4.492193787716992071e-01
-1.247905836683164404e-01
-5.155005487679210213e-02
-1.365665420793285234e+00
-4.165182145060378899e-02
4.385305154599976607e-01
-9.362333834737862626e-01
6.106722578713066341e-01
-1.256387114109160097e-01
7.619235820091941891e-01
-7.303842603920673859e-02
1.990484708551442383e-01
5.766439734059908284e-01
1.753116240801100567e-01
7.090280730387592545e-01
7.338080069619458135e-01
1.108669811263674365e+00
-1.841956552193837249e+00
-7.130694593432892470e-01
7.463084570101642390e-01
-1.991113375141943198e+00
3.772860324906266993e-01
-6.110697268540168925e-02
1.255902726297192684e+00
-6.224534523668593389e-01
1.176721317704270131e+00
1.973151044289364053e-01
2.094623910078395657e+00
1.873941857882651441e+00
-6.894543484463315497e-02
7.569931683364669039e-01
9.614795533514393089e-01
1.037416190148798600e+00
2.267823023993185139e-01
7.244424971783397504e-01
-1.372425610434813148e+00
6.742730369521099387e-01
-2.872945109821578580e-01
-9.219019297417613279e-01
-2.125228585655488889e+00
-1.634070123732711766e+00
-2.411802048531626053e-01
-5.666300403956818499e-02
-1.088620837771187233e+00
1.863126917858630716e+00
5.129897175237669860e-01
8.801545447774719033e-01
3.496241396593041117e-01
1.359735911718350732e+00
2.591030445715155617e-01
2.484027141736342426e-01
1.142740897602563699e+00
-8.612221077471571284e-01
-1.943154036135472662e+00
2.784835440946714091e-01
-6.936966268233916155e-01
2.648274131542094345e-01
2.069459090177357685e-01
8.230549238509261567e-01
-3.449029122367847644e-01
-8.126514407632259851e-02
-4.977231225452520835e-01
7.252149052046493738e-01
-7.085129033335273441e-01
-7.982398553544998165e-01
2.768020352016030139e-01
-3.365922663120236580e-01
-1.170558858784382483e+00
-1.987663690823547880e-01
5.624042955826816792e-01
1.480055613318251417e+00
5.927249466580832848e-01
6.015729725048891696e-01
-7.131826997103959398e-01
-1.625362174632567214e-01
-1.062698845377468837e-01
1.981038147863739829e-01
5.780550220856583987e-01
-4.415862710472935881e-01
8.007983208672360131e-01
2.116073171569171907e-01
-4.426406928010049868e-01
-3.936734736822851133e-01
-6.889315392317939268e-02
1.078997637309168534e+00
-6.660617279614492459e-01
-6.046741498232558465e-01
-1.415490631820272238e+00
1.237975326859575426e-01
1.967276853250984336e-01
-3.286261714401541439e-02
-6.751363679075060853e-01
9.533324297098046962e-01
3.282908202978524481e-01
-6.394456119446837450e-01
-6.319354746421467217e-01
1.776514887882093774e+00
-4.365415125247176786e-02
1.063111794526268250e+00
-3.772952278645166913e-01
-1.356047844761903709e-01
4.532369985553031944e-01
-1.445831153586398354e+00
2.587295481499117256e-01
1.325891510401047801e+00
-7.005816488651342988e-01
1.390739749665104164e-01
-2.584748661149184334e-01
-4.527565668800720422e-01
-1.027560849522494824e+00
-2.248766305312365765e-01
-1.285810060332673588e-01
-2.177921382727880051e+00
1.794583193200079696e-01
5.096576627730678988e-01
-5.017209669319699916e-01
1.048244034802708224e+00
-6.121040570428634142e-01
4.099027910134671604e-01
-3.411459325360186035e-02
7.133367696393411173e-01
-8.117462734690742421e-01
6.980759206418279961e-01
-1.089589284925389867e+00
5.663066984157685835e-02
3.458240955611622813e-01
2.185376863358000910e-01
1.287717841838209032e-01
-1.323894699399366548e+00
6.497957534191538542e-01
-2.270082544522292189e-01
3.317103418269651827e-01
7.627069995514980105e-01
1.254162567708260845e+00
-6.661576041734289522e-01
7.250294026538824932e-01
-3.094822157681432762e-01
-4.755297679404801303e-01
-8.528014254743101485e-01
-7.753989899660582719e-01
-4.623276768364845690e-01
-2.554907824489041079e-01
-6.320321009603945273e-01
1.189485665662572300e+00
-1.137702163030916980e+00
-6.358516426954702316e-01
1.031292054438297301e+00
-1.332391279633424963e+00
-3.369587253175252983e-01
6.248178672066220796e-02
-4.763081887722254160e-01
2.878534704847369174e-01
-7.980239787677091412e-01
-5.281090259541009191e-01
-8.047310183916328574e-01
1.190351743915167432e-01
1.551542842640642350e+00
-4.411760946396147687e-01
2.161816497168598805e-01
-2.349866516994328081e-01
-1.015749090259294579e-01
2.169665015730490421e+00
6.037255320473650100e-01
3.381469345001273941e-01
7.521920435128789384e-01
-9.652333722253361170e-01
1.090254480434405204e+00
1.921001142795792926e-01
-3.095401379205976466e-01
7.051007695801743136e-01
-3.135053517673778711e-01
1.177063942861999134e-02
-8.415345691955857799e-01
3.362382608890456676e-02
-7.108726497215048790e-01
-4.122627234911079713e-02
6.190347108918076158e-01
1.630970274049431679e-01
-1.298963393614043005e+00
-1.720411715573805511e-01
3.705487621890028119e-03
-3.758838518458162969e-01
-3.593571618633114029e-01
-4.248401746064428552e-01
-1.089403957225308028e+00
4.032862068439607706e-01
2.776553907796961984e-01
-6.302169196505974513e-01
3.539367984387983834e-01
3.971469556424361835e-01
1.180920763751593272e+00
1.303029695541754185e+00
1.494931217767528464e+00
7.021899199273647918e-01
3.367803423736177859e-02
2.045486864470728028e-01
2.787106156701791293e-01
1.202600183418587099e+00
-1.432885993780101952e+00
-1.397177318975804772e+00
2.835448847625361424e-01
8.016271553490841861e-02
-3.005026643939282538e-01
9.060102869218665811e-01
-1.736521692284885843e+00
-8.531213471407818050e-01
2.329162902148960435e-01
-1.376239062989574949e-03
6.185501875491029172e-02
2.856647727248243229e-01
8.125178924619942400e-01
-3.866659664541319819e-01
-1.903363986605788871e-01
1.611220711105094905e+00
7.134048682944177378e-01
-4.264513726047394759e-01
9.666371561565902937e-01
5.555165120607667983e-01
-9.933209648194836205e-01
8.802002967100325259e-01
1.917857179971096115e-01
-5.093636367143083987e-01
6.904236951450062332e-01
-1.040190923931117117e+00
5.833220727558755536e-01
-6.222605905025487827e-01
-2.990877800087831662e-01
-4.264413125085085299e-01
6.638286706141531823e-01
-1.814427369546688790e-02
5.501039435041824577e-01
-4.246278739774012601e-01
-1.102897558844969650e+00
5.459224743385738821e-01
-3.804491195487616495e-01
-1.465811987134216787e-01
9.741739252370430480e-01
-2.887614222918960527e-01
-5.462105127846663688e-01
-6.297125393149165529e-01
-1.716512903125161360e-01
6.835929002361909035e-01
1.662387495728461784e-01
1.436640952838307062e+00
-1.553808198999132861e-01
-1.644348861314172350e+00
-1.350870263319567666e-01
5.569701552581652892e-01
-4.836688434301164574e-01
9.742962093964576686e-01
-7.980296864624452091e-01
-8.546061041633112865e-01
3.542866580106894259e-01
7.319424775795163596e-02
-7.086517812791278681e-01
-5.974521507896810579e-01
-9.843754328379499263e-01
-1.752119645860183428e-01
6.236849703635451991e-01
7.839672060113167529e-01
-4.611731713368098506e-01
6.624693179648155628e-01
-1.080686513245294300e+00
-8.867391345580968309e-01
6.223069027766754413e-01
-3.009563462413047397e-01
3.101426364670797353e-01
-1.249850022888292084e-01
8.295951746657530268e-02
5.351078846954135937e-01
-1.808958242808588412e+00
1.127223502001908573e+00
7.347052306162286106e-01
-4.867102910783521752e-01
4.922738071579302876e-01
2.327371307224703478e-01
1.232502811865827219e+00
1.093571563871222618e-01
-3.302762274947666499e-01
1.265420201223984575e+00
1.348112326968359920e+00
-3.554282544317978187e-01
9.916783024444982830e-01
8.521502491655252864e-01
3.524793136007094985e-01
8.505626928238571027e-01
4.888905935135487435e-02
-1.568161474709935110e-01
-2.180444448421133830e-01
-1.022328804417375059e+00
1.050144690678235015e+00
3.284813097115112379e-01
9.273509458161547370e-01
1.790806750701716410e-01
-8.638989813483346492e-01
5.523609028885357874e-01
-4.038208337772816847e+00
-8.024388743469534901e-01
-4.391471114097220685e-01
6.579526443149155135e-01
7.499126530000794766e-01
1.193727389301255215e+00
2.014903138348573264e-01
-1.903609670257805087e-01
1.044126783783726919e+00
1.094260014767340361e-01
4.506780953713675486e-01
-5.637284233165616998e-01
1.662048818347780510e-01
-1.378648800531387275e+00
-8.976926633691681423e-02
-1.239148218737196716e+00
-5.616266366068216609e-01
-1.413730331502863480e-01
-2.089738093305984201e-01
-6.180289789731445715e-01
3.444336818884260465e-01
1.026835470508905335e+00
2.592034050443860482e-01
-5.146160761577776022e-01
1.719380220724051056e-01
-2.808338579350663444e+00
4.234439589063835468e-02
-3.849572737365399011e-02
3.556431303544073663e-01
-8.615075853715252752e-01
1.387955861946917058e-01
-2.043385084094002657e+00
1.091475334406344810e+00
2.829766236191532530e-02
1.263986877480274496e+00
1.701251890764039043e+00
3.888003363963736247e-01
-4.857224619005302002e-01
1.393708390724656354e+00
-1.866803226936510018e+00
-3.178128792149827464e-01
2.225913747132635123e-01
-1.588933263683990627e-01
-7.373981533570850289e-01
-8.361845651735124729e-01
-3.457017727941877339e-01
8.045686167428114377e-01
-3.658071124629679316e-01
-1.724564929725080242e+00
3.705171803479041515e-01
6.343314717742517539e-01
2.948689107392610600e-02
3.099462196397089198e-01
-2.179168024587680996e-01
1.665368370181614210e+00
1.301750996119384718e+00
1.423488267158646181e+00
-4.501133028530199809e-01
-1.299858874393489960e-01
4.307256356168540634e-01
-9.969409500045087191e-02
-2.085944405721222417e+00
1.587069044498367054e+00
-8.557921905227232617e-01
-6.906479559599757456e-01
-6.060448829477173283e-02
1.117194008919323744e+00
-5.420066290457946634e-01
-2.231040030801894058e+00
-6.708552201516511104e-01
1.953126950407566356e-02
7.222448616417471712e-01
6.067679598532647045e-01
-2.161414203449946392e+00
1.565533724738160937e-01
1.543134808397000013e+00
-1.616378345329356481e-01
-3.361138341983077593e-01
-1.813623475364764814e-01
-5.510911543521381795e-01
7.869909557388483912e-02
-5.504075280718501162e-01
1.666814725812392484e-01
-7.797318101561852288e-02
7.881344000976598929e-01
-3.201354446977209833e-01
-1.180848157765711282e+00
-5.885139457977593969e-01
6.879837336245607782e-01
-9.747758030087744219e-01
2.539871055847820469e-01
-4.228953770836629822e-02
5.471826500990712994e-01
-1.333346552315322342e-01
3.835550681822059715e-01
1.313728711295208094e-02
-5.178072723034732316e-01
-4.974208039113025004e-01
1.077018027107263354e+00
-2.937101982559769953e-01
-1.376173302498163997e-01
-9.932493598120396561e-01
2.304408054020807839e-01
-4.334135658520722745e-02
1.222249500494289265e+00
-8.211402024102744113e-01
2.160217300485392511e-01
