2.532999999999999918e+00
2.257000000000000117e+00
3.107000000000000206e+00
2.581999999999999851e+00
2.541999999999999815e+00
2.331999999999999851e+00
2.202999999999999847e+00
2.579000000000000181e+00
2.847999999999999865e+00
2.494000000000000217e+00
2.447999999999999954e+00
2.798999999999999932e+00
2.649000000000000021e+00
2.158999999999999808e+00
2.279999999999999805e+00
2.826000000000000068e+00
3.508999999999999897e+00
2.721000000000000085e+00
2.322999999999999954e+00
2.878000000000000114e+00
2.499000000000000110e+00
2.188000000000000167e+00
2.596000000000000085e+00
2.536000000000000032e+00
2.706999999999999851e+00
2.013999999999999790e+00
2.669999999999999929e+00
3.210999999999999854e+00
2.516000000000000014e+00
2.357000000000000206e+00
2.597999999999999865e+00
3.334999999999999964e+00
3.165999999999999925e+00
2.563000000000000167e+00
2.302000000000000046e+00
2.867999999999999883e+00
2.508000000000000007e+00
2.577999999999999847e+00
2.524000000000000021e+00
2.333000000000000185e+00
2.509999999999999787e+00
2.870999999999999996e+00
2.660000000000000142e+00
2.204000000000000181e+00
2.520000000000000018e+00
2.523000000000000131e+00
2.402000000000000135e+00
3.051000000000000156e+00
2.912999999999999812e+00
2.701000000000000068e+00
2.964999999999999858e+00
3.599000000000000199e+00
2.484999999999999876e+00
2.612000000000000099e+00
3.342999999999999972e+00
2.290000000000000036e+00
2.837000000000000188e+00
3.068000000000000060e+00
2.282000000000000028e+00
2.801000000000000156e+00
2.672000000000000153e+00
2.733000000000000096e+00
2.734999999999999876e+00
2.112000000000000099e+00
2.698999999999999844e+00
2.665999999999999925e+00
2.333000000000000185e+00
2.193999999999999950e+00
2.697999999999999954e+00
2.662999999999999812e+00
1.864999999999999991e+00
2.108000000000000096e+00
2.172000000000000153e+00
2.210999999999999854e+00
2.479999999999999982e+00
3.193000000000000060e+00
2.149999999999999911e+00
1.905000000000000027e+00
2.354999999999999982e+00
2.615000000000000213e+00
2.950000000000000178e+00
3.201000000000000068e+00
2.986000000000000210e+00
3.028999999999999915e+00
2.327999999999999847e+00
2.713999999999999968e+00
3.016999999999999904e+00
2.515000000000000124e+00
2.523000000000000131e+00
2.501999999999999780e+00
2.926000000000000156e+00
2.516999999999999904e+00
2.690999999999999837e+00
2.952999999999999847e+00
2.980999999999999872e+00
2.173999999999999932e+00
2.858000000000000096e+00
1.921000000000000041e+00
2.645000000000000018e+00
2.854000000000000092e+00
2.968999999999999861e+00
2.818000000000000060e+00
2.588000000000000078e+00
2.535000000000000142e+00
2.525999999999999801e+00
3.181999999999999940e+00
2.781000000000000139e+00
2.609999999999999876e+00
2.379000000000000004e+00
2.470000000000000195e+00
