8.174068495180353722e+00
8.257621933118340252e+00
9.876215565588349676e+00
7.510845784439128536e+00
9.575445296335693968e+00
8.181590866457161937e+00
8.211712944844997253e+00
8.323995537483876106e+00
7.837802855406518887e+00
8.039479968427642120e+00
8.683989229004927424e+00
8.257621933118340252e+00
8.244713747002130333e+00
8.165610289882952344e+00
8.100125359951718451e+00
8.065030669422535325e+00
8.056481834160585720e+00
8.221489978500880369e+00
7.899156996745245962e+00
6.376829884329120901e+00
7.908134013525705441e+00
8.221489978500880369e+00
9.581466615445140889e+00
8.538793980408907913e+00
8.516259887311173671e+00
8.035528515991774867e+00
7.793701268577834185e+00
9.857683803626869690e+00
7.994454654965615248e+00
9.876215565588349676e+00
6.191261668890328806e+00
7.863292058320785927e+00
8.181590866457161937e+00
9.809247035471425846e+00
9.815224598788166332e+00
8.683989229004927424e+00
7.899156996745245962e+00
9.630436865738541741e+00
9.636659423675183689e+00
8.467106625238178808e+00
7.977037818432334504e+00
8.109070758170595639e+00
6.376829884329120901e+00
9.876215565588349676e+00
8.090924868751047327e+00
8.365026072917295608e+00
9.630436865738541741e+00
7.863292058320785927e+00
8.422978170800497821e+00
7.793701268577834185e+00
8.181590866457161937e+00
8.109070758170595639e+00
8.196756308403369218e+00
9.839354069176229345e+00
8.422978170800497821e+00
8.211712944844997253e+00
8.573936252382537759e+00
8.595519800501708829e+00
8.516259887311173671e+00
8.241774081446971323e+00
8.041279105223809509e+00
8.032553214909190942e+00
8.102815202309566089e+00
8.293015280559098201e+00
7.946854381788619470e+00
8.609801190806997795e+00
8.245972897298679882e+00
7.944967225117565590e+00
8.011843233268528763e+00
7.837802855406518887e+00
8.039479968427642120e+00
8.144935696595055674e+00
8.290270426751700228e+00
8.466421304414462057e+00
8.515384627553583385e+00
8.703550428800967964e+00
9.611905103777059978e+00
8.287902615801460371e+00
7.946854381788619470e+00
8.051225856630264133e+00
8.516259887311173671e+00
8.656030139816987656e+00
8.284271573386254417e+00
7.916272346494976908e+00
7.772154349248936001e+00
9.575445296335693968e+00
9.857683803626869690e+00
7.618032544259122574e+00
9.545665773839797197e+00
7.625803390415113014e+00
9.839354069176229345e+00
6.931185054688956626e+00
8.672587537819229198e+00
8.437431804540315383e+00
8.640321159869365886e+00
8.556951640163040551e+00
8.039479968427642120e+00
8.181590866457161937e+00
8.256865391556269529e+00
8.353453445134155331e+00
8.109070758170595639e+00
6.626612191471023650e+00
8.226638856596226290e+00
7.986968648010321914e+00
8.559330251386578325e+00
9.920255296820526425e+00
7.899156996745245962e+00
8.063077810165680148e+00
8.722487427330282372e+00
8.181590866457161937e+00
9.809247035471425846e+00
8.127637840909956779e+00
8.073928486196965792e+00
8.467660125780792413e+00
8.109070758170595639e+00
9.642904779639096091e+00
8.646456360669104058e+00
7.837802855406518887e+00
7.815709873118587225e+00
8.499127506761638529e+00
8.197374741256139075e+00
9.649173021261789884e+00
8.504345462639584241e+00
8.094177473616031904e+00
7.997624177151733349e+00
7.494457435513176335e+00
6.808855470582908964e+00
8.558864630639602566e+00
8.109070758170595639e+00
9.630436865738541741e+00
7.631008497527325574e+00
8.211044532891980552e+00
7.894758368064241694e+00
8.181590866457161937e+00
7.662355313675897506e+00
8.196907858364067323e+00
8.181590866457161937e+00
8.516259887311173671e+00
8.508857966758396785e+00
8.144935696595055674e+00
8.707097030244575819e+00
8.566515316119728496e+00
8.341652691589075630e+00
8.240778272404011062e+00
8.166507236187786845e+00
9.636659423675183689e+00
8.802730340012850263e+00
8.022341775978912182e+00
7.804668432165652092e+00
7.592024155556710951e+00
8.544428688807858663e+00
7.973345034943175591e+00
8.563631547977060166e+00
9.557512518753952691e+00
8.133123357001673881e+00
6.663498177490586372e+00
6.739563122598413614e+00
8.080065136182586372e+00
8.176377899577042641e+00
7.863292058320785927e+00
7.935812166607354001e+00
8.005700733569240057e+00
9.901242936024591046e+00
8.683989229004927424e+00
7.973345034943175591e+00
9.618059793420995263e+00
8.236751181796963195e+00
7.526375649399126289e+00
7.625803390415113014e+00
7.660251908184434910e+00
6.841279317490393197e+00
9.870015718047460140e+00
7.863292058320785927e+00
7.828149786347156081e+00
8.130898297357909144e+00
6.841279317490393197e+00
8.270675673308884868e+00
8.477417409237666845e+00
9.618059793420995263e+00
9.636659423675183689e+00
9.827245315294948824e+00
8.399673202437940134e+00
9.587509943898210096e+00
8.683989229004927424e+00
8.438210529155117712e+00
7.845987307672556810e+00
8.013692988294440767e+00
6.626612191471023650e+00
9.563468335621617911e+00
7.694273527561847459e+00
8.141731907231136489e+00
8.073928486196965792e+00
8.309696815391705016e+00
8.646456360669104058e+00
8.404917721623599292e+00
9.661778512009592035e+00
6.456662004202406990e+00
8.802730340012850263e+00
8.051225856630264133e+00
8.073928486196965792e+00
8.699120904011126143e+00
9.674476596970716713e+00
8.380833188759339691e+00
8.173372472807182376e+00
8.396369322167295479e+00
8.158837062780637694e+00
8.258566762789776305e+00
8.073928486196965792e+00
8.516259887311173671e+00
8.181590866457161937e+00
7.989874972434153122e+00
8.219123734792985303e+00
8.243870079170051213e+00
8.221489978500880369e+00
9.870015718047460140e+00
6.493784422748605678e+00
7.899156996745245962e+00
8.362214549822478915e+00
9.888683479488904027e+00
8.043414170841259647e+00
7.625803390415113014e+00
8.275764332598850359e+00
6.241209116548043667e+00
8.683301666920065998e+00
8.073928486196965792e+00
8.130274012712060738e+00
7.899156996745245962e+00
6.191261668890328806e+00
8.683989229004927424e+00
7.935812166607354001e+00
7.837802855406518887e+00
7.876787197377133509e+00
7.828149786347156081e+00
7.828149786347156081e+00
8.580757316104905996e+00
8.402983383996998512e+00
8.295249124184049805e+00
8.181590866457161937e+00
8.762038587160983383e+00
7.977037818432334504e+00
8.253819741475648897e+00
8.476708727480470884e+00
7.526375649399126289e+00
8.470547971537149223e+00
6.808855470582908964e+00
7.973345034943175591e+00
9.642904779639096091e+00
8.109070758170595639e+00
8.219123734792985303e+00
8.401438801009257773e+00
8.181590866457161937e+00
7.991383200457050862e+00
7.526375649399126289e+00
7.837802855406518887e+00
9.551578360703853576e+00
6.656538450959013531e+00
8.043880278159015518e+00
9.827245315294948824e+00
8.701840369559459276e+00
8.060324819852979772e+00
9.809247035471425846e+00
8.051394393099231550e+00
8.219123734792985303e+00
8.018212715136602498e+00
7.463110619364604403e+00
8.621695435921852280e+00
9.636659423675183689e+00
9.599662979361289317e+00
8.317980577109858942e+00
9.661778512009592035e+00
8.322062947570252334e+00
8.073928486196965792e+00
9.563468335621617911e+00
7.995541357190647958e+00
7.625803390415113014e+00
8.364644016804497539e+00
8.504345462639584241e+00
8.345230491469967760e+00
8.181590866457161937e+00
9.593575369326421409e+00
8.344344244486038065e+00
8.508857966758396785e+00
7.952653039244248490e+00
8.287614230723423958e+00
8.095873991739267694e+00
8.504345462639584241e+00
6.493784422748605678e+00
8.516259887311173671e+00
8.638959900953144810e+00
8.207630202622381077e+00
6.376829884329120901e+00
8.562493148692697176e+00
8.762038587160983383e+00
9.611905103777059978e+00
6.702440704052214926e+00
7.972566310328373262e+00
7.432310729660027704e+00
9.851551561484139796e+00
8.138834586909865720e+00
8.109070758170595639e+00
8.408697456834016037e+00
8.224787527931374242e+00
8.537256369279143442e+00
9.618059793420995263e+00
8.182266800841485832e+00
8.328400095447063833e+00
8.013692988294440767e+00
8.109070758170595639e+00
8.312600019407105023e+00
6.774992391863779773e+00
9.649173021261789884e+00
8.183915919557808394e+00
8.127637840909956779e+00
8.073928486196965792e+00
8.849549078847640970e+00
8.646456360669104058e+00
8.085961577989523974e+00
6.841279317490393197e+00
8.364022490957188083e+00
8.293015280559098201e+00
7.828149786347156081e+00
8.109070758170595639e+00
8.281086569390504692e+00
7.977037818432334504e+00
7.941172880007874468e+00
8.280575367330529346e+00
7.772154349248936001e+00
8.519453548646724883e+00
7.526375649399126289e+00
8.144935696595055674e+00
7.863292058320785927e+00
7.804668432165652092e+00
8.364022490957188083e+00
8.683989229004927424e+00
8.180554446724867645e+00
6.808855470582908964e+00
8.011843233268528763e+00
8.183915919557808394e+00
7.977037818432334504e+00
8.609801190806997795e+00
8.068045801158962860e+00
9.785553370380080551e+00
8.258566762789776305e+00
8.109070758170595639e+00
9.593575369326421409e+00
9.642904779639096091e+00
6.663498177490586372e+00
8.573936252382537759e+00
7.756624484288938248e+00
8.438210529155117712e+00
8.221489978500880369e+00
8.181150804773198004e+00
8.287236815693049152e+00
7.940052227411657171e+00
8.329284755519283934e+00
7.876787197377133509e+00
8.318628239690621484e+00
9.618059793420995263e+00
7.558889732315842380e+00
7.972566310328373262e+00
9.768008085463531387e+00
6.493784422748605678e+00
8.039479968427642120e+00
9.833288643748018032e+00
7.975711278651071545e+00
8.063678323924959201e+00
8.205776582519243689e+00
8.191653104690505671e+00
9.545665773839797197e+00
7.944465200982367747e+00
8.372999507737647562e+00
8.476708727480470884e+00
8.109070758170595639e+00
8.646456360669104058e+00
8.079671379111829310e+00
8.270460879763767537e+00
8.323723356092202152e+00
8.219123734792985303e+00
8.060324819852979772e+00
9.876215565588349676e+00
8.152091441842120645e+00
8.181590866457161937e+00
6.595500617640585261e+00
8.475334777890070725e+00
8.504345462639584241e+00
8.762038587160983383e+00
8.722487427330282372e+00
7.876787197377133509e+00
8.144935696595055674e+00
9.901242936024591046e+00
8.108511925739934512e+00
8.419629667613786950e+00
8.504345462639584241e+00
8.181590866457161937e+00
8.602953354082471193e+00
8.032553214909190942e+00
9.599662979361289317e+00
8.073928486196965792e+00
8.372149889419535640e+00
9.876215565588349676e+00
8.284513182446634261e+00
9.599662979361289317e+00
8.219123734792985303e+00
8.342342655010087427e+00
9.563468335621617911e+00
7.759922033719432122e+00
9.522229385613723451e+00
7.941172880007874468e+00
7.997932457667492834e+00
9.863838493270804975e+00
8.476708727480470884e+00
8.722487427330282372e+00
8.308740350331300206e+00
8.050496632914061479e+00
7.973345034943175591e+00
9.833288643748018032e+00
8.114786913229771415e+00
9.920255296820526425e+00
7.935812166607354001e+00
8.556951640163040551e+00
8.687240068349639799e+00
8.191653104690505671e+00
9.649173021261789884e+00
6.622608584178930613e+00
9.587509943898210096e+00
9.870015718047460140e+00
8.092086145951100207e+00
8.224769271687339511e+00
9.581466615445139112e+00
8.626256994443560089e+00
8.210955838182989908e+00
6.685406354839146914e+00
8.013692988294440767e+00
8.683989229004927424e+00
8.226339016233730206e+00
8.379943583645031779e+00
