-7.962541229498306672e-01
-8.592883313665538036e-01
-4.801694918825883396e-01
-1.045497133981132309e+00
-1.183237894349675079e+00
1.043335603442024084e-01
-5.134361560481933706e-01
-5.681852909194681223e-01
1.095864603658324610e+00
-5.055669678087058028e-01
-1.419998024340688170e-01
-9.120878290292969703e-01
1.404878895619651402e+00
1.538073301138518367e+00
-1.513390856989095035e+00
-8.282964622227200202e-01
7.727942712132419567e-01
3.682603328034613210e-01
-1.064220043784907865e+00
-7.097069624412966071e-02
-6.986922622731556176e-01
-1.734452001838881374e+00
-5.564253619891483815e-01
-4.193854245290432603e-01
-6.319231238100680992e-01
-1.295395275186307149e+00
-3.659719267235889140e-01
-7.173536646354942148e-01
-1.425301785734231219e-01
8.942242624816303387e-01
1.446702219973637349e-01
-8.455152398438025019e-01
-7.057407320278550333e-01
9.352111257626612995e-01
-1.091136291179270051e-01
-1.400776433727565662e+00
3.961877228820545049e-01
-1.023879731264579318e+00
-9.961285977063999431e-01
1.965502597272234198e+00
-6.114065923276116310e-01
-1.061266791339556814e+00
-1.152088454412809382e+00
-1.464420341650801982e-01
4.076263147759941474e-01
-1.535479893816929176e+00
5.546728606201842826e-01
6.073679370173863390e-01
5.119176812786211395e-01
2.754106235791355384e-01
-2.371622641064515813e-01
1.037823159760699943e+00
-7.453231204788649533e-01
4.761225305078056746e-01
-5.676375489413859263e-03
-1.832013670368660696e+00
1.149532410789535497e+00
5.792140051035113979e-01
3.871159529423745527e-01
-5.672140260839987347e-01
2.058089076589037170e+00
-4.268383181260824166e-01
2.262913538075993269e+00
-1.389844185838444268e+00
4.964702227387859379e-01
-6.561219839766055939e-01
1.217335632969125614e+00
-2.071797850110049577e+00
4.887148494409105925e-01
-4.373953888560911940e-01
1.589738879517072823e+00
-1.298887938481025905e+00
-1.476724283848567465e+00
2.198840135274947871e-01
4.873753148653999778e-01
-4.282775673940348860e-01
2.757133608303362071e-01
-4.356340271898123673e-01
6.823562641853736510e-02
1.304209877989272737e-01
9.700366751825048039e-01
1.090869962723934189e-01
1.220200705780114525e-01
1.343588628505726912e-01
9.592468824699126317e-01
-1.970615362239253487e+00
-7.741396913790870027e-01
-7.461148439644317391e-03
1.123284274608956412e+00
2.558546838889971808e-02
-6.273659626852488014e-01
1.035008268536236287e+00
-2.005640243455599492e-01
-5.673281927671438574e-01
-8.365013470719584454e-01
-3.136736501205442673e-01
2.279823428085391512e+00
-2.508257372693074028e-01
1.060115761585386229e+00
-1.154680171991061322e+00
1.066364071910816530e-01
-1.562483446059050207e+00
-5.885780034480647682e-01
6.242704554596474331e-01
-2.461953617232882086e-01
1.497503247670092019e+00
2.847184461232713515e-01
1.762091901888477863e-01
-1.014284627728843313e+00
-9.171119410853733056e-01
6.403345773918891481e-01
-1.186081480563484281e+00
-2.974983216554157317e-01
2.222740445494187644e-01
-1.368853403786626455e+00
-1.133579467079065761e+00
-1.507496384903390885e+00
-8.689799485835026926e-01
2.279455176703353736e+00
-3.626206665114871663e-01
-8.265853119458943521e-02
-7.353263997507299976e-01
1.825585028511087282e+00
1.270137980850217230e-01
-8.113036995535490015e-02
-1.125837044779930129e-01
3.600984882199229631e-01
1.156758358129710063e+00
-2.950415710265754665e-01
-1.086782059072469275e+00
-2.726186638318298106e-01
1.008394294493962118e+00
-3.175587407060067591e-01
4.177093172923384418e-02
-8.696148464728480076e-02
7.758172754388783510e-01
3.641068410378814606e-03
7.651431950908084145e-01
-2.985127987368440206e+00
6.594140503343091098e-01
-2.359935487014278299e-01
-1.147590974373824402e+00
1.430786349096421217e-01
-8.275760611248552667e-01
-1.271539512380538139e-01
-1.220702880720896388e+00
-1.877295698791183520e+00
9.026483650306303952e-01
-1.010160089353836055e+00
-1.239642305220615137e+00
6.455039198120027244e-01
2.085293597137698907e+00
-1.037746113852153318e+00
8.677118678448065836e-01
-1.642803789278081350e+00
1.595566021188578931e+00
-1.207716329774067843e+00
9.136400058296916260e-01
-1.933075930692920719e-01
5.299321541614894215e-01
1.390875763823094108e-02
-2.055954988213844370e+00
-6.134169980718561233e-01
-8.365928701237431708e-01
1.900452715894866085e+00
8.306550164478254672e-01
2.164968946853342846e-01
-9.001053819758066954e-01
-1.698424194832070633e+00
1.131683114644906896e+00
-1.020360679980524710e+00
-3.852747269679954178e-01
1.913315655217830535e+00
1.106439185454485052e+00
-1.923924576261618835e+00
-2.434102155006471868e+00
-1.024510272089323326e+00
1.162372208919344674e+00
1.078976839792061826e+00
-8.425792811431193075e-01
-2.674838991035422553e-01
7.150335732419565993e-01
1.006273182468253591e-01
5.177608454180119280e-01
-5.230312540440724689e-01
7.592146347249807414e-01
1.693650954053803392e+00
-1.123695066776942530e+00
5.956597239012152434e-01
-1.662183005908610955e-01
2.349761996565598032e-01
1.022309005994611830e+00
-8.575754413632705186e-02
-7.833776411612758395e-01
-1.246455747149953774e+00
-3.485213820648744992e-02
-6.870211398633485622e-01
5.435324166760087117e-01
6.689608618825290121e-01
4.003688726364560413e-01
-1.462215299848693473e+00
6.964951169041948553e-01
3.368860150041915191e-01
3.220838592806806594e-02
-1.000798611763470403e+00
1.011142024257681182e+00
-3.121620731830508921e-01
9.281809265970835110e-01
1.153928593695111138e+00
-8.579467488166176992e-01
-3.089346913559457009e-01
2.166947940055308219e+00
3.363728023517636445e-01
-1.088554375850887546e+00
2.082613869000125462e+00
-5.990136302040822702e-01
1.578613254640843719e-02
1.454345213339081289e+00
1.120199345774218203e-01
-6.122857738551827911e-01
4.575051451455734441e-01
-8.875543907979062119e-01
9.992188137476558651e-01
-1.901409427906279870e+00
3.265929780233046142e-01
1.910998452526322111e-01
2.657142681192623535e+00
-1.567161011888622280e-01
-3.697550275138195564e-01
-3.792605186740802270e-01
-4.272838891953718160e-02
-3.807259780335509741e-02
-6.512012877462646232e-01
-8.174458618965041445e-01
-1.779898488556953096e+00
-9.535259669669619853e-02
-5.317168099944640236e-01
-8.348780757071382341e-01
5.981302284015894699e-01
-8.982066620875560625e-01
-1.153985552233951051e+00
-2.387207310780138092e-01
-6.639341822448682762e-02
-7.899321625936884805e-01
-1.610408046752664912e+00
-3.286276287336186153e-01
-1.756912484880361891e+00
1.088781830479441881e+00
-5.350373336563021276e-01
-2.285519288044283726e-01
-1.034772729211834053e+00
1.356918841439996026e-01
1.346180716783912934e-01
-5.297892934335631798e-01
-3.830088434916734119e-01
-1.289553277764531991e+00
7.384175175548721715e-01
-5.681281085192247948e-01
5.410662269821064907e-01
-6.867107314691341946e-01
2.119806229055865465e+00
2.257415945113618039e-01
-1.248140283020864050e-02
1.480395880853819512e-01
1.246466963330417899e-01
1.582517911272473876e+00
1.072539964768502857e-01
7.422834224137107029e-01
-7.178686102173839068e-01
-6.055787885102359436e-01
-1.053224071147721569e-01
-5.029766531069317370e-01
9.730666303143331586e-01
-2.827571788738399428e-01
3.404160993847027861e+00
4.011440601473365009e-01
2.030873254337081102e-01
2.871689695541943532e-01
2.300514947955332623e+00
-1.085124668853151508e+00
-1.474681007805372090e-01
6.406414667119818551e-01
-4.451411419134749248e-01
-1.559970927856074496e+00
-3.471198827716983071e-01
-5.367418207929872676e-01
-3.982426665732814453e-01
5.463751764322459792e-01
3.682007866537534424e-01
4.241969080873253528e-01
-1.504366022434700190e+00
-1.370869764948596359e+00
-3.052010893082683363e-01
-4.199307225625495410e-01
-8.061965995403428398e-01
-3.784331780547923740e-01
-5.634268294023953016e-01
-1.161835639865723246e+00
-1.352458343351226722e+00
8.315887620632650412e-01
-4.071639493429367040e-01
-1.073795765327522078e+00
9.311174142066398485e-01
4.248569214365013197e-02
2.440429312741331791e-01
1.240995160728195490e+00
-2.161906679129911524e+00
-2.480202107342602616e-02
-7.033408502677576113e-01
-1.006901065999933786e+00
-7.380090685169550246e-01
2.065145491767778285e+00
-8.310294438972797293e-01
1.506534624720561322e+00
-2.146895274064611892e-01
-6.730172213428696759e-01
-6.099569296127271834e-01
-3.154029706162913560e-01
-2.414249039736456603e-01
1.805370114506158696e+00
-5.723473622902773839e-01
-2.508536888624219863e-01
5.581689095953766833e-01
4.531054390362451723e-01
7.467050852197429922e-01
-6.817898657125371908e-01
2.703749029483576205e+00
-7.677369653232415381e-01
1.647416933578599529e+00
1.056491362618839025e+00
2.685789278443028394e+00
4.405620415686627989e-01
1.762000039415967390e+00
8.876346776177226339e-01
-1.877641379757290396e+00
1.280267835495488393e+00
3.042719118791294086e+00
3.124659334505524785e-02
9.922954172457307820e-01
-1.028391761375758273e+00
3.646178195223059165e-02
-5.944382295823774642e-01
-5.659400278884845203e-01
2.285221630056605280e-01
6.873144774762537934e-02
9.244490085031468185e-01
-3.458381948288809515e-01
7.795121738324923832e-01
1.570323093047319429e-01
-8.809969199496923142e-01
-2.859911105188446823e-01
-6.250665074735087812e-01
1.273097962313496589e+00
1.249307073773277210e+00
4.419643474792886439e-01
3.756635527488279003e-01
-4.797213760847449104e-01
-2.211837948783800314e-02
-8.365247963816521137e-01
1.114158188686026563e+00
5.197885341512694657e-01
-3.505249536073021255e-01
7.830164658821402446e-01
5.525888153925765378e-01
9.965048541453121189e-02
1.589753474008141487e-01
-4.263530971909733069e-01
-7.274034736437507975e-01
8.679312696054464205e-02
-3.138840967358955125e-01
2.175260663845811626e-01
2.477156479090995844e-01
-1.009372648604189626e+00
1.719443820755486296e-01
-1.183043188226709397e+00
-2.911984386949906245e-01
3.363584215642367869e-01
8.122083363202844408e-01
8.680858611910832190e-01
5.993477141108581874e-01
-1.740684839302504006e-01
9.653611466715060763e-01
-1.200814112669360334e+00
3.930698218329468641e-01
-2.460083770563440686e-01
1.313570447291787791e-01
1.364279215728747552e+00
6.248234101793289641e-01
-7.626696129073105013e-01
4.440546656686702454e-01
-4.511382111787883287e-01
3.058871287162250319e-01
5.228242232082047636e-01
-1.106234366035084182e+00
9.163598922064697394e-01
-4.146998934517447388e-01
-7.023415266743945340e-01
-4.257931002931928388e-01
-8.853750171136136604e-01
7.580370138858801843e-01
-1.511447120210908546e+00
-1.472201345940029604e+00
-7.755643450846815279e-01
1.236427149551120097e+00
-1.708294863069175662e+00
-1.276900997165442836e-02
-8.389344026697279633e-01
-2.986980044788819733e+00
8.678986717747296797e-01
8.040062828344060053e-01
-5.112318038600334180e-01
-8.841720390583970857e-02
8.039472274550271136e-01
-1.074695078942221382e+00
4.947927588699478907e-01
1.093520370308409762e+00
-3.710938609456931880e-02
-1.203884503745699330e+00
3.076099892152885928e-01
-1.712089657515016849e+00
-3.176324316305331741e-01
-1.197743158180552214e+00
5.026915776401885694e-01
-8.724469219403692133e-01
-2.243593966325909683e+00
-8.678059727184636030e-01
8.667696826667975474e-01
-4.608609494093852676e-01
-8.751894650999195724e-01
-9.884607401676169802e-01
-6.223835530215108269e-01
-6.876339902456423125e-01
2.956249530849990037e-02
-1.124442818524726828e+00
-1.205966453401105642e+00
-2.023592367872155684e-01
