3.722599999999999909e+03
4.067599999999999909e+03
4.210199999999999818e+03
3.813500000000000000e+03
4.082800000000000182e+03
3.423300000000000182e+03
3.895699999999999818e+03
3.941300000000000182e+03
3.580500000000000000e+03
3.953800000000000182e+03
3.958800000000000182e+03
3.501400000000000091e+03
2.573500000000000000e+03
4.033400000000000091e+03
4.352000000000000000e+03
3.563599999999999909e+03
3.021800000000000182e+03
2.771099999999999909e+03
4.470699999999999818e+03
3.585199999999999818e+03
3.484699999999999818e+03
3.175900000000000091e+03
4.207399999999999636e+03
3.286300000000000182e+03
5.154500000000000000e+03
3.369400000000000091e+03
3.615400000000000091e+03
4.434699999999999818e+03
4.056800000000000182e+03
4.030699999999999818e+03
3.838800000000000182e+03
4.051699999999999818e+03
4.556399999999999636e+03
4.030699999999999818e+03
4.582899999999999636e+03
3.040199999999999818e+03
3.387900000000000091e+03
3.907300000000000182e+03
4.843399999999999636e+03
3.366099999999999909e+03
3.299699999999999818e+03
4.078500000000000000e+03
3.461800000000000182e+03
4.582899999999999636e+03
4.251399999999999636e+03
3.028800000000000182e+03
3.826500000000000000e+03
4.925300000000000182e+03
2.799199999999999818e+03
4.377500000000000000e+03
3.425400000000000091e+03
3.859699999999999818e+03
4.099000000000000000e+03
2.858000000000000000e+03
3.830900000000000091e+03
3.989800000000000182e+03
4.016000000000000000e+03
3.837400000000000091e+03
3.563800000000000182e+03
3.627599999999999909e+03
4.925300000000000182e+03
5.108800000000000182e+03
3.435599999999999909e+03
3.019800000000000182e+03
4.129399999999999636e+03
3.898300000000000182e+03
4.499899999999999636e+03
3.533699999999999818e+03
3.918900000000000091e+03
3.451800000000000182e+03
3.930500000000000000e+03
3.867900000000000091e+03
3.146599999999999909e+03
3.491300000000000182e+03
4.324600000000000364e+03
4.296399999999999636e+03
3.860099999999999909e+03
4.675000000000000000e+03
3.776099999999999909e+03
3.829699999999999818e+03
3.605699999999999818e+03
4.125100000000000364e+03
3.435599999999999909e+03
3.320099999999999909e+03
3.498599999999999909e+03
3.996199999999999818e+03
3.644000000000000000e+03
3.664199999999999818e+03
3.916199999999999818e+03
4.146699999999999818e+03
4.176399999999999636e+03
3.674300000000000182e+03
3.467599999999999909e+03
4.047500000000000000e+03
3.301400000000000091e+03
3.859699999999999818e+03
3.078099999999999909e+03
3.439300000000000182e+03
3.330900000000000091e+03
2.974599999999999909e+03
3.445000000000000000e+03
3.730500000000000000e+03
4.307699999999999818e+03
4.411100000000000364e+03
4.263500000000000000e+03
5.029300000000000182e+03
3.438800000000000182e+03
3.841000000000000000e+03
2.707000000000000000e+03
3.733500000000000000e+03
3.902599999999999909e+03
3.903099999999999909e+03
3.957400000000000091e+03
3.996300000000000182e+03
3.963800000000000182e+03
3.656800000000000182e+03
3.724800000000000182e+03
4.658600000000000364e+03
3.509099999999999909e+03
3.031000000000000000e+03
3.252000000000000000e+03
4.485300000000000182e+03
3.555300000000000182e+03
2.832000000000000000e+03
3.437800000000000182e+03
4.050599999999999909e+03
3.409699999999999818e+03
3.480900000000000091e+03
3.400300000000000182e+03
4.767699999999999818e+03
4.274699999999999818e+03
4.404199999999999818e+03
3.859800000000000182e+03
4.344100000000000364e+03
4.233699999999999818e+03
3.304699999999999818e+03
3.830199999999999818e+03
4.650600000000000364e+03
3.042800000000000182e+03
3.207000000000000000e+03
3.641500000000000000e+03
4.602899999999999636e+03
2.482699999999999818e+03
3.003199999999999818e+03
4.358800000000000182e+03
4.082800000000000182e+03
4.104899999999999636e+03
3.779300000000000182e+03
3.064000000000000000e+03
4.318899999999999636e+03
2.864400000000000091e+03
3.509699999999999818e+03
3.640900000000000091e+03
4.486300000000000182e+03
3.049099999999999909e+03
2.959099999999999909e+03
3.031699999999999818e+03
4.269500000000000000e+03
3.332900000000000091e+03
4.809899999999999636e+03
4.214199999999999818e+03
3.793800000000000182e+03
3.810800000000000182e+03
3.353300000000000182e+03
3.975400000000000091e+03
4.486300000000000182e+03
5.341100000000000364e+03
3.654800000000000182e+03
3.855099999999999909e+03
4.105199999999999818e+03
3.190400000000000091e+03
4.159899999999999636e+03
4.234899999999999636e+03
3.825000000000000000e+03
3.870099999999999909e+03
2.563300000000000182e+03
4.523800000000000182e+03
3.577900000000000091e+03
3.916199999999999818e+03
3.494400000000000091e+03
3.031400000000000091e+03
3.834400000000000091e+03
3.886500000000000000e+03
4.005900000000000091e+03
3.385400000000000091e+03
2.946199999999999818e+03
3.257000000000000000e+03
2.985500000000000000e+03
3.826500000000000000e+03
3.676400000000000091e+03
3.260500000000000000e+03
3.371000000000000000e+03
3.489199999999999818e+03
3.409400000000000091e+03
4.448699999999999818e+03
3.590099999999999909e+03
2.988400000000000091e+03
3.758699999999999818e+03
2.836099999999999909e+03
4.061099999999999909e+03
3.827099999999999909e+03
4.531199999999999818e+03
3.948599999999999909e+03
3.525500000000000000e+03
3.912000000000000000e+03
3.328599999999999909e+03
3.178400000000000091e+03
3.608099999999999909e+03
3.601599999999999909e+03
4.496500000000000000e+03
3.794199999999999818e+03
2.947500000000000000e+03
3.758400000000000091e+03
3.516400000000000091e+03
4.433899999999999636e+03
2.865099999999999909e+03
4.142800000000000182e+03
3.521599999999999909e+03
4.423100000000000364e+03
3.930099999999999909e+03
3.439000000000000000e+03
3.323400000000000091e+03
3.333800000000000182e+03
4.080900000000000091e+03
4.507600000000000364e+03
3.762500000000000000e+03
4.226199999999999818e+03
3.124599999999999909e+03
4.002199999999999818e+03
4.041500000000000000e+03
3.684000000000000000e+03
3.832400000000000091e+03
3.835300000000000182e+03
3.581699999999999818e+03
4.283199999999999818e+03
3.722699999999999818e+03
3.158900000000000091e+03
3.455400000000000091e+03
3.385900000000000091e+03
4.821199999999999818e+03
3.673500000000000000e+03
3.758599999999999909e+03
4.061699999999999818e+03
3.543500000000000000e+03
2.652300000000000182e+03
3.374300000000000182e+03
5.150199999999999818e+03
4.185199999999999818e+03
3.776400000000000091e+03
4.676199999999999818e+03
2.864599999999999909e+03
3.854699999999999818e+03
3.488599999999999909e+03
3.496099999999999909e+03
4.049699999999999818e+03
2.751900000000000091e+03
2.984800000000000182e+03
3.810800000000000182e+03
3.257900000000000091e+03
3.505699999999999818e+03
4.433899999999999636e+03
4.438399999999999636e+03
4.117800000000000182e+03
3.026500000000000000e+03
4.443800000000000182e+03
3.493000000000000000e+03
4.670399999999999636e+03
4.531199999999999818e+03
3.544699999999999818e+03
4.207399999999999636e+03
3.195500000000000000e+03
4.357000000000000000e+03
4.417300000000000182e+03
4.081199999999999818e+03
3.818900000000000091e+03
3.690199999999999818e+03
3.936599999999999909e+03
3.359599999999999909e+03
3.174000000000000000e+03
3.496500000000000000e+03
3.849500000000000000e+03
3.376900000000000091e+03
3.966300000000000182e+03
3.084900000000000091e+03
4.282500000000000000e+03
3.543199999999999818e+03
3.922000000000000000e+03
3.440800000000000182e+03
3.881300000000000182e+03
3.855400000000000091e+03
3.191199999999999818e+03
3.948699999999999818e+03
3.610099999999999909e+03
4.049699999999999818e+03
3.324099999999999909e+03
3.591699999999999818e+03
3.031000000000000000e+03
4.044500000000000000e+03
3.243500000000000000e+03
3.719400000000000091e+03
3.661900000000000091e+03
3.388599999999999909e+03
3.281400000000000091e+03
3.626400000000000091e+03
3.658000000000000000e+03
3.667500000000000000e+03
3.599300000000000182e+03
4.192000000000000000e+03
3.042099999999999909e+03
3.850500000000000000e+03
4.343500000000000000e+03
4.219800000000000182e+03
4.220899999999999636e+03
3.579199999999999818e+03
3.162300000000000182e+03
3.872199999999999818e+03
4.034000000000000000e+03
3.329699999999999818e+03
4.048000000000000000e+03
4.259199999999999818e+03
3.621199999999999818e+03
4.145600000000000364e+03
3.863300000000000182e+03
3.926900000000000091e+03
4.237000000000000000e+03
3.244500000000000000e+03
3.557199999999999818e+03
3.800300000000000182e+03
3.578699999999999818e+03
3.034199999999999818e+03
3.115099999999999909e+03
3.193500000000000000e+03
3.806800000000000182e+03
3.813199999999999818e+03
4.365699999999999818e+03
3.488599999999999909e+03
3.942300000000000182e+03
3.907400000000000091e+03
3.317300000000000182e+03
3.600699999999999818e+03
3.175599999999999909e+03
4.176399999999999636e+03
3.410500000000000000e+03
3.698599999999999909e+03
3.618199999999999818e+03
4.417300000000000182e+03
3.036699999999999818e+03
4.201000000000000000e+03
3.468400000000000091e+03
4.119699999999999818e+03
3.906599999999999909e+03
4.344300000000000182e+03
4.243399999999999636e+03
3.375000000000000000e+03
2.860400000000000091e+03
3.959699999999999818e+03
4.643899999999999636e+03
4.613399999999999636e+03
3.569900000000000091e+03
3.339400000000000091e+03
2.858000000000000000e+03
3.926699999999999818e+03
3.999599999999999909e+03
4.327800000000000182e+03
3.673199999999999818e+03
3.511199999999999818e+03
3.242699999999999818e+03
4.227100000000000364e+03
3.626400000000000091e+03
3.749099999999999909e+03
3.247800000000000182e+03
3.051900000000000091e+03
4.175199999999999818e+03
3.899699999999999818e+03
3.221199999999999818e+03
4.350300000000000182e+03
3.626800000000000182e+03
3.044800000000000182e+03
3.434800000000000182e+03
3.902599999999999909e+03
4.030400000000000091e+03
3.372500000000000000e+03
3.158599999999999909e+03
3.933099999999999909e+03
3.624500000000000000e+03
4.433800000000000182e+03
3.721800000000000182e+03
3.079900000000000091e+03
4.062900000000000091e+03
4.917500000000000000e+03
3.327699999999999818e+03
3.663500000000000000e+03
3.063500000000000000e+03
3.493599999999999909e+03
4.362300000000000182e+03
4.171399999999999636e+03
3.844699999999999818e+03
3.413000000000000000e+03
3.673500000000000000e+03
4.107399999999999636e+03
3.669099999999999909e+03
3.937800000000000182e+03
3.188000000000000000e+03
3.375500000000000000e+03
5.150199999999999818e+03
3.759000000000000000e+03
4.146800000000000182e+03
3.743599999999999909e+03
3.374099999999999909e+03
3.958900000000000091e+03
3.785599999999999909e+03
4.161300000000000182e+03
2.909599999999999909e+03
4.087500000000000000e+03
3.418599999999999909e+03
3.965500000000000000e+03
3.195599999999999909e+03
4.044500000000000000e+03
3.728699999999999818e+03
4.005900000000000091e+03
3.502400000000000091e+03
4.046900000000000091e+03
4.640899999999999636e+03
3.678500000000000000e+03
4.482000000000000000e+03
4.450500000000000000e+03
3.965199999999999818e+03
4.574000000000000000e+03
4.146800000000000182e+03
3.735099999999999909e+03
3.363099999999999909e+03
3.177500000000000000e+03
3.316199999999999818e+03
3.941500000000000000e+03
4.014000000000000000e+03
3.547900000000000091e+03
