3.608400000000000091e+03
4.131000000000000000e+03
3.863199999999999818e+03
4.289699999999999818e+03
4.727100000000000364e+03
2.805599999999999909e+03
3.821900000000000091e+03
3.644099999999999909e+03
4.083000000000000000e+03
3.567000000000000000e+03
2.894500000000000000e+03
4.253000000000000000e+03
2.760500000000000000e+03
3.996199999999999818e+03
3.799800000000000182e+03
3.709800000000000182e+03
4.796300000000000182e+03
3.509800000000000182e+03
3.748599999999999909e+03
3.485599999999999909e+03
3.550400000000000091e+03
3.235000000000000000e+03
5.117500000000000000e+03
3.698199999999999818e+03
3.213900000000000091e+03
3.474500000000000000e+03
3.847500000000000000e+03
3.138199999999999818e+03
4.060300000000000182e+03
3.900900000000000091e+03
3.140400000000000091e+03
3.112099999999999909e+03
4.058300000000000182e+03
3.765800000000000182e+03
3.892500000000000000e+03
4.102100000000000364e+03
3.686000000000000000e+03
3.338000000000000000e+03
3.866900000000000091e+03
4.346800000000000182e+03
3.953099999999999909e+03
3.031400000000000091e+03
4.485300000000000182e+03
3.840699999999999818e+03
2.488800000000000182e+03
4.767699999999999818e+03
4.235899999999999636e+03
4.159699999999999818e+03
4.613399999999999636e+03
3.773099999999999909e+03
3.216300000000000182e+03
3.591300000000000182e+03
3.950500000000000000e+03
3.969400000000000091e+03
3.965500000000000000e+03
3.829599999999999909e+03
3.436300000000000182e+03
3.005099999999999909e+03
3.913000000000000000e+03
2.948699999999999818e+03
3.371400000000000091e+03
3.670099999999999909e+03
3.756000000000000000e+03
4.060599999999999909e+03
2.961199999999999818e+03
3.766199999999999818e+03
3.562199999999999818e+03
4.005400000000000091e+03
3.178599999999999909e+03
3.890500000000000000e+03
2.836300000000000182e+03
3.783699999999999818e+03
4.070599999999999909e+03
3.261500000000000000e+03
3.322900000000000091e+03
3.948199999999999818e+03
3.128500000000000000e+03
2.441000000000000000e+03
3.530599999999999909e+03
4.531800000000000182e+03
3.886500000000000000e+03
2.662199999999999818e+03
3.846800000000000182e+03
4.077900000000000091e+03
3.707199999999999818e+03
4.434699999999999818e+03
3.860099999999999909e+03
3.157400000000000091e+03
3.934400000000000091e+03
3.786000000000000000e+03
4.617199999999999818e+03
4.109699999999999818e+03
3.167500000000000000e+03
3.988599999999999909e+03
4.548699999999999818e+03
3.078500000000000000e+03
3.435400000000000091e+03
3.556800000000000182e+03
3.835800000000000182e+03
4.063599999999999909e+03
4.187500000000000000e+03
3.722400000000000091e+03
3.549400000000000091e+03
3.294500000000000000e+03
3.373199999999999818e+03
4.561300000000000182e+03
4.510800000000000182e+03
4.528000000000000000e+03
3.124900000000000091e+03
3.583300000000000182e+03
