2.512000000000000011e+00
2.532000000000000028e+00
2.528999999999999915e+00
2.376999999999999780e+00
2.595000000000000195e+00
2.317000000000000171e+00
2.544000000000000039e+00
2.634999999999999787e+00
2.645000000000000018e+00
2.467999999999999972e+00
2.420999999999999819e+00
2.563000000000000167e+00
2.630999999999999783e+00
2.447999999999999954e+00
2.346000000000000085e+00
2.483999999999999986e+00
2.577999999999999847e+00
2.583000000000000185e+00
2.435999999999999943e+00
2.064000000000000057e+00
2.254000000000000004e+00
2.097999999999999865e+00
2.924999999999999822e+00
2.591000000000000192e+00
2.626999999999999780e+00
2.613999999999999879e+00
2.430000000000000160e+00
2.831999999999999851e+00
2.496999999999999886e+00
2.516999999999999904e+00
2.339999999999999858e+00
2.440999999999999837e+00
2.365000000000000213e+00
2.516999999999999904e+00
2.516999999999999904e+00
2.516999999999999904e+00
2.681000000000000050e+00
2.693999999999999950e+00
2.382000000000000117e+00
2.838999999999999968e+00
2.419000000000000039e+00
2.442000000000000171e+00
2.174999999999999822e+00
2.516999999999999904e+00
2.680000000000000160e+00
2.660000000000000142e+00
2.669999999999999929e+00
2.537999999999999812e+00
2.471000000000000085e+00
2.520999999999999908e+00
2.185000000000000053e+00
2.517999999999999794e+00
2.384999999999999787e+00
3.130999999999999783e+00
2.830999999999999961e+00
2.193999999999999950e+00
2.794999999999999929e+00
2.642999999999999794e+00
2.552999999999999936e+00
2.188000000000000167e+00
2.673999999999999932e+00
2.685000000000000053e+00
2.694999999999999840e+00
2.294000000000000039e+00
2.604000000000000092e+00
2.573999999999999844e+00
2.520000000000000018e+00
2.591000000000000192e+00
2.391000000000000014e+00
2.557999999999999829e+00
2.428999999999999826e+00
2.512000000000000011e+00
2.391999999999999904e+00
2.435000000000000053e+00
2.430000000000000160e+00
2.782999999999999918e+00
2.927999999999999936e+00
2.552999999999999936e+00
2.355999999999999872e+00
2.733000000000000096e+00
2.576999999999999957e+00
2.658999999999999808e+00
2.498000000000000220e+00
2.317000000000000171e+00
2.700000000000000178e+00
2.271999999999999797e+00
2.439000000000000057e+00
2.455999999999999961e+00
1.981000000000000094e+00
2.734999999999999876e+00
2.714999999999999858e+00
2.410000000000000142e+00
2.366999999999999993e+00
2.220000000000000195e+00
2.620999999999999996e+00
2.236000000000000210e+00
2.420999999999999819e+00
2.440999999999999837e+00
2.629999999999999893e+00
2.479999999999999982e+00
2.339999999999999858e+00
2.335999999999999854e+00
2.552000000000000046e+00
2.560999999999999943e+00
2.767999999999999794e+00
2.729999999999999982e+00
2.576000000000000068e+00
2.371999999999999886e+00
2.471999999999999975e+00
2.262000000000000011e+00
2.654999999999999805e+00
2.342000000000000082e+00
2.370999999999999996e+00
2.693999999999999950e+00
2.391000000000000014e+00
2.745999999999999996e+00
2.629000000000000004e+00
2.597999999999999865e+00
2.325000000000000178e+00
2.593999999999999861e+00
2.539000000000000146e+00
2.633999999999999897e+00
2.407000000000000028e+00
2.438000000000000167e+00
2.455000000000000071e+00
2.513999999999999790e+00
2.278000000000000025e+00
2.411999999999999922e+00
2.536999999999999922e+00
2.561999999999999833e+00
2.483000000000000096e+00
2.721000000000000085e+00
2.471000000000000085e+00
2.512000000000000011e+00
2.428999999999999826e+00
2.541999999999999815e+00
2.491000000000000103e+00
2.608000000000000096e+00
2.458000000000000185e+00
2.463000000000000078e+00
2.733999999999999986e+00
2.650999999999999801e+00
2.193000000000000060e+00
2.395000000000000018e+00
2.407000000000000028e+00
2.595000000000000195e+00
2.500000000000000000e+00
2.650999999999999801e+00
2.478000000000000203e+00
2.825000000000000178e+00
2.519000000000000128e+00
2.452999999999999847e+00
2.438000000000000167e+00
2.628000000000000114e+00
2.262999999999999901e+00
2.491999999999999993e+00
2.456999999999999851e+00
2.607000000000000206e+00
2.559000000000000163e+00
2.172000000000000153e+00
2.467999999999999972e+00
2.508999999999999897e+00
2.009999999999999787e+00
2.572000000000000064e+00
2.470000000000000195e+00
2.628000000000000114e+00
2.661000000000000032e+00
2.391999999999999904e+00
2.545999999999999819e+00
2.568999999999999950e+00
2.439000000000000057e+00
2.802999999999999936e+00
2.302000000000000046e+00
2.416999999999999815e+00
2.451999999999999957e+00
2.180000000000000160e+00
2.532000000000000028e+00
2.641999999999999904e+00
1.981000000000000094e+00
2.149000000000000021e+00
2.694999999999999840e+00
2.632000000000000117e+00
2.689000000000000057e+00
2.474000000000000199e+00
2.653000000000000025e+00
2.388999999999999790e+00
2.476999999999999869e+00
2.431000000000000050e+00
2.669999999999999929e+00
2.475000000000000089e+00
2.498000000000000220e+00
2.318999999999999950e+00
2.575000000000000178e+00
2.400999999999999801e+00
2.478000000000000203e+00
2.387000000000000011e+00
2.649999999999999911e+00
2.642999999999999794e+00
2.512999999999999901e+00
2.585999999999999854e+00
2.633000000000000007e+00
2.023000000000000131e+00
2.604000000000000092e+00
2.181999999999999940e+00
2.512000000000000011e+00
2.604000000000000092e+00
2.370000000000000107e+00
2.649000000000000021e+00
2.729999999999999982e+00
2.378000000000000114e+00
2.697000000000000064e+00
2.459999999999999964e+00
2.539000000000000146e+00
2.375000000000000000e+00
2.616999999999999993e+00
2.484999999999999876e+00
2.371999999999999886e+00
2.718999999999999861e+00
2.669000000000000039e+00
2.306000000000000050e+00
2.657000000000000028e+00
2.463999999999999968e+00
2.310000000000000053e+00
2.615000000000000213e+00
2.496999999999999886e+00
2.270000000000000018e+00
2.532999999999999918e+00
2.407000000000000028e+00
2.407000000000000028e+00
2.387000000000000011e+00
2.672000000000000153e+00
2.548999999999999932e+00
2.346000000000000085e+00
2.342999999999999972e+00
2.637999999999999901e+00
2.741000000000000103e+00
2.619000000000000217e+00
2.455000000000000071e+00
2.527000000000000135e+00
2.452999999999999847e+00
2.572000000000000064e+00
2.524999999999999911e+00
2.511000000000000121e+00
2.818000000000000060e+00
2.172000000000000153e+00
2.540000000000000036e+00
2.604000000000000092e+00
2.484999999999999876e+00
2.625000000000000000e+00
2.605999999999999872e+00
2.418000000000000149e+00
2.471999999999999975e+00
2.430000000000000160e+00
2.571000000000000174e+00
2.615000000000000213e+00
2.269000000000000128e+00
2.531000000000000139e+00
2.009999999999999787e+00
2.697999999999999954e+00
2.620000000000000107e+00
2.616999999999999993e+00
2.621999999999999886e+00
2.419999999999999929e+00
2.426000000000000156e+00
2.575000000000000178e+00
2.674999999999999822e+00
2.593999999999999861e+00
2.023000000000000131e+00
2.593999999999999861e+00
2.924999999999999822e+00
2.750000000000000000e+00
2.439000000000000057e+00
2.583000000000000185e+00
2.549999999999999822e+00
2.939000000000000057e+00
2.736000000000000210e+00
2.435000000000000053e+00
2.535000000000000142e+00
2.564000000000000057e+00
2.867999999999999883e+00
2.435999999999999943e+00
2.672000000000000153e+00
2.568000000000000060e+00
2.306999999999999940e+00
2.403999999999999915e+00
2.475999999999999979e+00
2.267999999999999794e+00
2.420999999999999819e+00
2.435000000000000053e+00
2.837000000000000188e+00
2.181999999999999940e+00
2.696000000000000174e+00
2.361000000000000210e+00
2.615000000000000213e+00
2.213999999999999968e+00
2.455000000000000071e+00
2.616999999999999993e+00
2.726999999999999869e+00
2.633000000000000007e+00
2.439000000000000057e+00
2.572000000000000064e+00
2.504999999999999893e+00
2.419999999999999929e+00
2.951999999999999957e+00
2.623000000000000220e+00
2.475000000000000089e+00
2.600000000000000089e+00
2.572999999999999954e+00
2.501999999999999780e+00
2.408999999999999808e+00
2.576999999999999957e+00
2.750000000000000000e+00
2.717999999999999972e+00
2.504000000000000004e+00
2.689999999999999947e+00
2.585999999999999854e+00
2.621999999999999886e+00
2.577999999999999847e+00
2.242999999999999883e+00
2.605999999999999872e+00
2.474000000000000199e+00
2.524999999999999911e+00
2.539000000000000146e+00
2.498000000000000220e+00
2.492999999999999883e+00
2.463000000000000078e+00
2.758000000000000007e+00
2.867999999999999883e+00
2.565999999999999837e+00
2.414000000000000146e+00
2.474000000000000199e+00
2.447999999999999954e+00
2.309000000000000163e+00
2.508000000000000007e+00
2.478000000000000203e+00
2.440999999999999837e+00
2.568999999999999950e+00
2.630999999999999783e+00
2.887000000000000011e+00
2.407999999999999918e+00
2.626999999999999780e+00
2.714999999999999858e+00
2.406000000000000139e+00
2.302000000000000046e+00
2.504999999999999893e+00
2.583000000000000185e+00
2.395999999999999908e+00
2.447000000000000064e+00
2.378000000000000114e+00
2.580999999999999961e+00
2.415000000000000036e+00
2.640000000000000124e+00
2.604000000000000092e+00
2.362000000000000099e+00
2.556999999999999940e+00
2.383000000000000007e+00
2.673999999999999932e+00
2.633999999999999897e+00
2.467000000000000082e+00
2.442000000000000171e+00
3.130999999999999783e+00
2.560000000000000053e+00
2.517999999999999794e+00
2.532000000000000028e+00
2.431000000000000050e+00
2.563000000000000167e+00
2.463000000000000078e+00
2.443999999999999950e+00
2.951999999999999957e+00
2.391000000000000014e+00
2.331999999999999851e+00
2.495999999999999996e+00
2.422000000000000153e+00
2.451999999999999957e+00
2.677999999999999936e+00
2.597999999999999865e+00
2.531000000000000139e+00
2.370000000000000107e+00
2.439000000000000057e+00
2.654999999999999805e+00
2.850000000000000089e+00
2.619000000000000217e+00
2.543000000000000149e+00
2.516999999999999904e+00
2.494000000000000217e+00
2.503000000000000114e+00
2.560999999999999943e+00
2.373000000000000220e+00
2.557999999999999829e+00
2.560000000000000053e+00
2.236000000000000210e+00
2.442000000000000171e+00
2.623000000000000220e+00
2.443999999999999950e+00
2.649000000000000021e+00
2.644000000000000128e+00
2.620000000000000107e+00
2.423000000000000043e+00
2.725000000000000089e+00
2.581999999999999851e+00
2.282999999999999918e+00
2.548000000000000043e+00
2.571000000000000174e+00
2.543000000000000149e+00
2.604000000000000092e+00
2.553999999999999826e+00
1.885000000000000009e+00
2.625999999999999890e+00
2.432999999999999829e+00
2.604000000000000092e+00
2.329000000000000181e+00
2.471999999999999975e+00
2.625999999999999890e+00
2.608000000000000096e+00
2.499000000000000110e+00
2.912999999999999812e+00
2.387000000000000011e+00
2.726999999999999869e+00
2.583000000000000185e+00
2.400999999999999801e+00
2.588999999999999968e+00
2.483000000000000096e+00
2.120000000000000107e+00
2.330999999999999961e+00
2.876999999999999780e+00
2.317000000000000171e+00
2.358999999999999986e+00
2.697000000000000064e+00
1.885000000000000009e+00
2.741000000000000103e+00
2.529999999999999805e+00
2.520000000000000018e+00
2.657999999999999918e+00
2.370000000000000107e+00
2.633000000000000007e+00
2.519000000000000128e+00
