2.556999999999999940e+00
2.587000000000000188e+00
2.419000000000000039e+00
2.891000000000000014e+00
2.520000000000000018e+00
2.390000000000000124e+00
2.774999999999999911e+00
2.467999999999999972e+00
2.525999999999999801e+00
2.427000000000000046e+00
2.369000000000000217e+00
2.693999999999999950e+00
2.180000000000000160e+00
2.271999999999999797e+00
2.576999999999999957e+00
2.349000000000000199e+00
2.665000000000000036e+00
2.369000000000000217e+00
2.306999999999999940e+00
2.517999999999999794e+00
2.486000000000000210e+00
2.484999999999999876e+00
2.794999999999999929e+00
2.443000000000000060e+00
2.507000000000000117e+00
2.376999999999999780e+00
2.450000000000000178e+00
2.454000000000000181e+00
2.701999999999999957e+00
2.742999999999999883e+00
2.613999999999999879e+00
2.576000000000000068e+00
2.563000000000000167e+00
2.435000000000000053e+00
2.443000000000000060e+00
2.528999999999999915e+00
2.583000000000000185e+00
2.690999999999999837e+00
2.490000000000000213e+00
2.483000000000000096e+00
2.269000000000000128e+00
2.694999999999999840e+00
2.633999999999999897e+00
2.673000000000000043e+00
2.592999999999999972e+00
2.561999999999999833e+00
2.367999999999999883e+00
2.408999999999999808e+00
2.633999999999999897e+00
2.338000000000000078e+00
2.382000000000000117e+00
2.645000000000000018e+00
2.386000000000000121e+00
2.333000000000000185e+00
2.912999999999999812e+00
2.419999999999999929e+00
2.411000000000000032e+00
2.528999999999999915e+00
2.939000000000000057e+00
2.403999999999999915e+00
2.561999999999999833e+00
2.714999999999999858e+00
2.592000000000000082e+00
2.436999999999999833e+00
2.443000000000000060e+00
2.818999999999999950e+00
2.467000000000000082e+00
2.634999999999999787e+00
2.459999999999999964e+00
2.529999999999999805e+00
2.354000000000000092e+00
2.588999999999999968e+00
2.730999999999999872e+00
2.447000000000000064e+00
2.644000000000000128e+00
2.583000000000000185e+00
2.321000000000000174e+00
1.981999999999999984e+00
2.412999999999999812e+00
2.629999999999999893e+00
2.689000000000000057e+00
2.620999999999999996e+00
2.391999999999999904e+00
2.460999999999999854e+00
2.555000000000000160e+00
2.831999999999999851e+00
2.927999999999999936e+00
2.251999999999999780e+00
2.456999999999999851e+00
2.436999999999999833e+00
2.361000000000000210e+00
2.330000000000000071e+00
1.907000000000000028e+00
2.402000000000000135e+00
2.436999999999999833e+00
2.423999999999999932e+00
2.446000000000000174e+00
2.467000000000000082e+00
2.685999999999999943e+00
2.564999999999999947e+00
2.411000000000000032e+00
2.863999999999999879e+00
2.600000000000000089e+00
2.670999999999999819e+00
2.676000000000000156e+00
2.528999999999999915e+00
2.524000000000000021e+00
2.654999999999999805e+00
2.383999999999999897e+00
2.306000000000000050e+00
