1.513048119752638065e+01
1.496197836359138300e+01
1.647653540235727476e+01
1.372079091379560900e+01
1.643382930149878973e+01
1.474117006697864873e+01
1.512671732948504122e+01
1.592722337465649218e+01
1.567373762276127103e+01
1.435074999122588224e+01
1.433283549078536367e+01
1.496197836359138300e+01
1.518735916424105348e+01
1.569201895064928820e+01
1.550941740796214674e+01
1.541687967622079114e+01
1.539492353046060913e+01
1.324032044877450787e+01
1.459844936047422692e+01
1.375329416866283161e+01
1.404477610428858370e+01
1.324032044877450787e+01
1.643511530308995106e+01
1.392243291440945718e+01
1.451984482128549203e+01
1.534208282503241350e+01
1.431363962004138202e+01
1.647618453251579851e+01
1.524252766815482119e+01
1.647653540235727476e+01
1.352079272462496995e+01
1.449779098853582049e+01
1.474117006697864873e+01
1.646788400074289882e+01
1.646949200812340308e+01
1.433283549078536367e+01
1.459844936047422692e+01
1.643942503117277454e+01
1.643919665938075525e+01
1.568334837101575197e+01
1.604244514019427470e+01
1.453490135972031894e+01
1.375329416866283161e+01
1.647653540235727476e+01
1.548478472681767570e+01
1.559856687932725094e+01
1.643942503117277454e+01
1.449779098853582049e+01
1.557255910642825114e+01
1.431363962004138202e+01
1.474117006697864873e+01
1.453490135972031894e+01
1.518007220338158625e+01
1.647430740795819659e+01
1.557255910642825114e+01
1.512671732948504122e+01
1.401732052351471758e+01
1.603872130146984532e+01
1.451984482128549203e+01
1.591307043577139879e+01
1.535644689604838398e+01
1.521535533997584011e+01
1.551666886557876701e+01
1.388532254322495696e+01
1.315600211237266493e+01
1.411797889545312401e+01
1.592526384189859101e+01
1.473489659997059853e+01
1.492486799240688278e+01
1.567373762276127103e+01
1.435074999122588224e+01
1.463555973165872537e+01
1.605272563559216081e+01
1.588868164989976961e+01
1.603069936700678966e+01
1.652708265498240792e+01
1.643907416133129828e+01
1.582494367474330943e+01
1.315600211237266493e+01
1.625730173552651436e+01
1.451984482128549203e+01
1.621471137973051668e+01
1.538658465471281289e+01
1.469977715728156120e+01
1.552100854661969542e+01
1.643382930149878973e+01
1.647618453251579851e+01
1.521503983517835756e+01
1.642500075197423470e+01
1.572052502857693312e+01
1.647430740795819659e+01
1.424741556778207574e+01
1.645356471367231421e+01
1.367048171608189833e+01
1.637298452836385465e+01
1.463207796674918981e+01
1.435074999122588224e+01
1.474117006697864873e+01
1.521049964323198367e+01
1.601239372211913903e+01
1.453490135972031894e+01
1.411724228310885110e+01
1.515375024183703090e+01
1.522495825360028476e+01
1.615552324225363634e+01
1.647121844118441558e+01
1.459844936047422692e+01
1.489006762364662961e+01
1.444439752738578164e+01
1.474117006697864873e+01
1.646788400074289882e+01
1.541836006075498666e+01
1.444001375061505854e+01
1.589229038473092714e+01
1.453490135972031894e+01
1.643879342313896430e+01
1.422358923077304738e+01
1.567373762276127103e+01
1.386171061207792654e+01
1.598376019050873964e+01
1.518144662842099990e+01
1.643821400229931129e+01
1.383316915502028088e+01
1.549346280094135331e+01
1.525001987935846870e+01
1.541455114163963458e+01
1.405628380980698999e+01
1.593311096614992195e+01
1.453490135972031894e+01
1.643942503117277454e+01
1.394265321238924393e+01
1.561987150645309441e+01
1.502302355424653513e+01
1.474117006697864873e+01
1.400766573310408347e+01
1.510053596480886995e+01
1.474117006697864873e+01
1.451984482128549203e+01
1.579380618509454948e+01
1.463555973165872537e+01
1.636082431759756872e+01
1.671520253006436718e+01
1.346218274736814280e+01
1.528092386833034411e+01
1.569459303832222474e+01
1.643919665938075525e+01
1.466918833793369359e+01
1.530953898088663578e+01
1.559494796082305079e+01
1.563662725157677080e+01
1.589218060411118927e+01
1.481330595580646481e+01
1.616753080800380005e+01
1.642900659950538156e+01
1.499463742293020729e+01
1.384585597088647901e+01
1.395339094508427280e+01
1.545605019650167300e+01
1.506525128193375096e+01
1.449779098853582049e+01
1.470405969579414851e+01
1.426685221422571992e+01
1.647456744789818117e+01
1.433283549078536367e+01
1.481330595580646481e+01
1.643936246199994500e+01
1.589846896001547449e+01
1.548389817543519875e+01
1.572052502857693312e+01
1.580978878796610942e+01
1.410593260400229454e+01
1.647659022984763766e+01
1.449779098853582049e+01
1.440290337943055832e+01
1.542582404828441156e+01
1.410593260400229454e+01
1.599666626802870084e+01
1.592070412404468627e+01
1.643936246199994500e+01
1.643919665938075525e+01
1.647222567427445128e+01
1.551653318125548431e+01
1.643623832156428932e+01
1.433283549078536367e+01
1.429572511960086345e+01
1.391882770861254670e+01
1.614805547551419806e+01
1.411724228310885110e+01
1.643077362955839860e+01
1.407701276689964764e+01
1.506258068891512103e+01
1.444001375061505854e+01
1.610761588582482773e+01
1.422358923077304738e+01
1.359654230187854296e+01
1.643652132623397577e+01
1.386308198106268108e+01
1.466918833793369359e+01
1.625730173552651436e+01
1.444001375061505854e+01
1.633829397146293516e+01
1.643410806999991536e+01
1.564243927451963501e+01
1.512898535983573467e+01
1.550872967638461830e+01
1.567262741918677271e+01
1.379605878383578066e+01
1.444001375061505854e+01
1.451984482128549203e+01
1.474117006697864873e+01
1.513328177004912156e+01
1.485041632699096503e+01
1.591915879498648323e+01
1.324032044877450787e+01
1.647659022984763766e+01
1.391628057389977258e+01
1.459844936047422692e+01
1.625144695055583455e+01
1.647590379432346452e+01
1.536180653598132118e+01
1.572052502857693312e+01
1.536544682305766862e+01
1.358047696592630516e+01
1.629325242335578849e+01
1.444001375061505854e+01
1.499015625529046147e+01
1.459844936047422692e+01
1.352079272462496995e+01
1.433283549078536367e+01
1.470405969579414851e+01
1.567373762276127103e+01
1.397976358357374416e+01
1.440290337943055832e+01
1.440290337943055832e+01
1.599596692808494680e+01
1.552438622007300673e+01
1.541419814743230354e+01
1.474117006697864873e+01
1.455695519246998870e+01
1.604244514019427470e+01
1.520465827327716113e+01
1.440728715620128142e+01
1.548389817543519875e+01
1.569224624090509579e+01
1.405628380980698999e+01
1.481330595580646481e+01
1.643879342313896430e+01
1.453490135972031894e+01
1.485041632699096503e+01
1.570067261316303231e+01
1.474117006697864873e+01
1.523529760866360760e+01
1.548389817543519875e+01
1.567373762276127103e+01
1.642708186692795991e+01
1.416441085065049954e+01
1.486327448096579218e+01
1.647222567427445128e+01
1.652312443327033975e+01
1.488618013635562320e+01
1.646788400074289882e+01
1.503742565749109339e+01
1.485041632699096503e+01
1.529946183215212052e+01
1.534953862092479504e+01
1.611489046019796945e+01
1.643919665938075525e+01
1.643799012857007114e+01
1.547258526099611053e+01
1.643652132623397577e+01
1.534232733877978028e+01
1.444001375061505854e+01
1.643077362955839860e+01
1.524509286516171969e+01
1.572052502857693312e+01
1.604494705162102619e+01
1.383316915502028088e+01
1.554471545890951845e+01
1.474117006697864873e+01
1.643719703677369637e+01
1.539039979545723646e+01
1.579380618509454948e+01
1.514668815208787400e+01
1.539495267216674357e+01
1.342507237618364258e+01
1.383316915502028088e+01
1.391628057389977258e+01
1.451984482128549203e+01
1.683450244766103765e+01
1.561119085453257860e+01
1.375329416866283161e+01
1.594347075884978437e+01
1.455695519246998870e+01
1.643907416133129828e+01
1.390019235224717953e+01
1.418806255228749968e+01
1.528860274596359758e+01
1.647572664798980924e+01
1.500368131454463061e+01
1.453490135972031894e+01
1.572141347861460048e+01
1.371216100683561834e+01
1.587203919042170952e+01
1.643936246199994500e+01
1.514821457533166615e+01
1.535584173273796971e+01
1.614805547551419806e+01
1.453490135972031894e+01
1.532238019165523468e+01
1.400542901055259470e+01
1.643821400229931129e+01
1.555191432558758002e+01
1.541836006075498666e+01
1.444001375061505854e+01
1.681683322235741684e+01
1.422358923077304738e+01
1.547160621027227734e+01
1.410593260400229454e+01
1.408086852426862556e+01
1.388532254322495696e+01
1.440290337943055832e+01
1.453490135972031894e+01
1.602652800460175797e+01
1.604244514019427470e+01
1.594178676825587004e+01
1.334412977587232518e+01
1.552100854661969542e+01
1.582270341084494625e+01
1.548389817543519875e+01
1.463555973165872537e+01
1.449779098853582049e+01
1.559494796082305079e+01
1.408086852426862556e+01
1.433283549078536367e+01
1.554365573197302908e+01
1.405628380980698999e+01
1.492486799240688278e+01
1.555191432558758002e+01
1.604244514019427470e+01
1.411797889545312401e+01
1.542467833882632355e+01
1.645987494597680367e+01
1.379605878383578066e+01
1.453490135972031894e+01
1.643719703677369637e+01
1.643879342313896430e+01
1.384585597088647901e+01
1.401732052351471758e+01
1.375790128498010922e+01
1.429572511960086345e+01
1.324032044877450787e+01
1.573679150155418860e+01
1.604408817272474863e+01
1.411412313808414432e+01
1.616211672199615279e+01
1.397976358357374416e+01
1.613258040757478184e+01
1.643936246199994500e+01
1.555783758963855057e+01
1.418806255228749968e+01
1.645224924254286591e+01
1.391628057389977258e+01
1.435074999122588224e+01
1.647334869274878955e+01
1.320321007759000764e+01
1.527870625830997398e+01
1.511614440296476580e+01
1.363337134489739810e+01
1.642500075197423470e+01
1.512856153829269701e+01
1.352719526808298234e+01
1.440728715620128142e+01
1.453490135972031894e+01
1.422358923077304738e+01
1.491383528167563277e+01
1.599604851005204509e+01
1.614673754371689185e+01
1.485041632699096503e+01
1.488618013635562320e+01
1.647653540235727476e+01
1.565340449015563884e+01
1.474117006697864873e+01
1.406882223281779432e+01
1.591464149735964284e+01
1.383316915502028088e+01
1.455695519246998870e+01
1.444439752738578164e+01
1.397976358357374416e+01
1.463555973165872537e+01
1.647456744789818117e+01
1.306718097330651851e+01
1.556440344871691650e+01
1.383316915502028088e+01
1.474117006697864873e+01
1.606032192423625204e+01
1.521535533997584011e+01
1.643799012857007114e+01
1.444001375061505854e+01
1.606680686480832421e+01
1.647653540235727476e+01
1.526480976316687510e+01
1.643799012857007114e+01
1.485041632699096503e+01
1.598015574450663046e+01
1.643077362955839860e+01
1.422974184304121970e+01
1.641513887135836569e+01
1.594178676825587004e+01
1.480187500827304703e+01
1.647647283318444522e+01
1.440728715620128142e+01
1.444439752738578164e+01
1.544865505091904545e+01
1.537968858501605141e+01
1.481330595580646481e+01
1.647334869274878955e+01
1.554921612211753512e+01
1.647121844118441558e+01
1.470405969579414496e+01
1.463207796674918981e+01
1.630450711699204902e+01
1.363337134489739810e+01
1.643821400229931129e+01
1.379040453984733183e+01
1.643623832156428932e+01
1.647659022984763766e+01
1.514965880295479117e+01
1.565513586972059912e+01
1.643511530308995106e+01
1.633668436302801652e+01
1.582335448472888118e+01
1.421030519659757552e+01
1.614805547551419806e+01
1.433283549078536367e+01
1.586816351612624132e+01
1.547044613587370243e+01
