-4.433116596899583546e-03
3.969282416890980714e-01
-6.897703549078524343e-01
1.233883041622971105e-01
-2.848502426171543034e-01
-1.629517654953634542e+00
2.305934839630641442e-01
3.112198728702237904e-01
3.184491603498532664e-01
3.842233387680931145e-01
-6.222029954925224066e-02
7.369352827159828534e-01
8.307149135486945335e-01
-7.251503604056389607e-01
-1.200679545430447748e+00
-3.455135655889920443e-01
2.314460203809623196e-01
1.868679681807267512e+00
-2.321345670255940685e-01
-1.113821972875228106e+00
-1.492321046859157674e+00
-1.378248877621936597e+00
1.724009269913877596e+00
1.433062607884248107e+00
1.262541688596658718e+00
4.836913458959437029e-01
2.086039551087823241e-02
1.115572173649939991e+00
-1.620638013786815657e-01
-7.580879143385802488e-01
-1.380300387066958276e-02
-6.718566151429901379e-02
-1.135467727435552909e+00
-7.530601370798648553e-01
-7.539946333961741187e-01
6.070344692545176501e-01
2.463539156411284736e+00
2.957878130854212917e-01
-1.488052593136611312e+00
2.070313075331955410e+00
-7.467467382528907294e-01
-9.781081074938666187e-02
-7.212909187220178930e-01
-7.580879143385802488e-01
8.058063311758405511e-01
6.115155124927124097e-01
1.527318245801496943e-01
9.784392809560790161e-01
-6.292831418694534440e-01
9.976595685222593435e-01
-2.948668269980192047e+00
7.190945595534585788e-01
-7.773704754951651363e-01
3.046202195867194540e+00
2.089064138361457879e+00
-2.197974244443485770e+00
2.882447800838405794e+00
2.886135921047767727e-01
7.277672322065268373e-01
-2.319078734452073132e+00
8.466421223358224779e-01
1.218540070007011922e+00
8.804164932520781583e-01
-5.936603926664677511e-01
2.081583512831102212e+00
1.169034808323820451e+00
-4.419350082969066285e-01
8.681391252495516131e-01
-1.068864243048230467e+00
-4.044361949113720739e-02
-3.097181145892904247e-02
5.420364945096712850e-01
-1.269986282130595390e+00
-9.210802863515979988e-01
-1.036883973240297241e+00
8.233522906322267021e-01
1.740801388666605609e+00
-2.220439366837534123e-01
3.470055134773297745e-01
4.504566030968684132e-01
8.999490158847492927e-01
2.787266819280493357e-01
-2.440815114109639306e-01
-1.058191372526989360e+00
6.128242030975205035e-01
-2.074233405619605453e+00
-1.195978586319267567e+00
-2.609115586871893488e-01
-3.525801004470446198e+00
6.799135917246783567e-01
4.014779278681563923e-01
-4.316437746229177114e-02
-1.657804602329078225e+00
-9.204822461363489916e-01
-1.026801066203248819e-01
-1.512761268484353883e+00
-1.155250325389416410e-01
-3.377024017376162313e-01
8.060186921999202836e-01
-8.914205389870489826e-01
-1.164467259395759013e+00
-2.744803865712385771e-01
2.691583423277106868e-01
2.321340714898014468e-01
9.538246587294954004e-01
4.936954677538994973e-01
1.284507217018442171e+00
-8.208091429493996616e-01
2.101918909499595478e-01
-2.186228040753434243e+00
4.727164509753832566e-02
-1.420614004367638294e+00
-7.384402541022374589e-01
6.447985320563668354e-01
-6.354148975038722558e-01
6.094020385115203053e-01
1.491439616135471935e+00
1.234443617627645207e-01
-5.701827211587431332e-01
-3.057784981578995018e-02
1.260593738100898586e-01
-5.934237243004568396e-02
2.032327295606825013e-01
-6.623024824780356923e-01
-4.143174007256276159e-01
-1.118489629421994119e-01
-4.679985518055562732e-01
-1.315929741629085603e+00
9.262553573884487745e-01
-4.790727361549915186e-01
9.988369362472490076e-01
1.193948802779910112e+00
-1.817443106801932551e-01
4.246502186332576922e-01
3.503676024416211288e-01
2.354008230683651282e-01
1.974555566333793810e-01
1.124139834608673727e+00
-8.865586697554572737e-01
1.414845360540023522e-02
7.438889326840573135e-01
-1.261814206387109616e-01
-9.427954138685875618e-01
-7.815199915265198527e-01
-9.649354502205879092e-01
-2.879694920869154684e-01
2.438086643920764351e-01
7.320396551293797405e-01
-3.300444863657515104e-01
1.104685873125916373e+00
-5.203399506415651299e-01
-2.901879550037249067e-01
-1.073851441331233447e+00
-8.924332502940655887e-02
-1.642526414111170840e+00
4.455353259790046372e-01
2.622296723963307707e-01
3.711550446469727427e-01
3.863197963649813160e-01
-2.804913186491349464e+00
-8.481696441095068831e-03
9.193121303966540481e-01
-3.416189357627394951e+00
9.992442065261074591e-01
-1.084833568164069312e-01
-9.526165272535240536e-02
4.346361447368656261e-01
-6.219085385501870178e-01
-1.084908079735297654e-01
-5.155234755532734497e-02
1.285194595689614638e-01
9.359580557862134942e-01
-1.511827628237379262e+00
-2.156916751450244640e-01
-6.560034261618165052e-01
-8.483632751857766996e-01
-4.136923688408278288e-01
3.030977996284318632e-01
-3.534147337502026254e+00
-2.711336669259293508e+00
2.827071897911004328e-01
5.937245501448941143e-01
2.677571535634413746e-01
3.048460725528320259e-01
1.615264185816629894e+00
2.844467528878219867e-02
-5.616342288137583516e-01
9.246382489009044581e-02
1.577596018388650601e-01
7.635311894733338711e-01
-4.626245845004508389e-02
-1.274348048218128193e+00
-2.219132754412623532e-01
-1.201614750685191385e-01
8.653616002648453209e-01
-1.459214920161828744e+00
1.084464461466451590e+00
1.271653581201190875e+00
-4.626751207562916357e-01
1.571370915201184104e+00
-9.142473801859080790e-03
-3.330137315198568260e+00
2.389737061330283463e-01
-1.872568242594139454e+00
-2.863449122257826218e-01
2.205424805336812510e-01
-2.152167463180747892e-02
2.276570211315317227e+00
2.025916082996894740e+00
-1.000353726689488187e+00
1.371152244576512524e+00
-2.567309708451924188e-01
-3.243472185550556053e-01
4.142791685500102350e-01
-1.813680752379713546e-01
3.886255414050947543e-01
-9.041486296845714365e-01
5.831439424611238875e-01
1.255923402993446847e-01
-1.335616409246422220e+00
3.494043052546941808e-01
-4.319825864025946260e-01
-1.520978975767133812e-01
-1.105828142088746691e-01
5.969583694519035033e-01
-1.592207024228779577e+00
8.119114760437058376e-01
2.441742020588717754e-01
-1.581822499334200882e-01
-8.652389652669477682e-01
4.316592857504155667e-01
1.674734033841396297e+00
-9.559549204736907946e-01
-9.868678401593203864e-01
2.827222827918612902e-01
1.419325474466177406e+00
4.703961401918874685e-01
-1.886806072448110327e-01
5.157625394235614280e-01
-6.132493227513577949e-01
3.785605359396131964e-01
6.098350997514799809e-01
-1.524426216419814406e-01
1.897199041991582957e+00
-8.567879898436763231e-01
6.496241701273949287e-01
-2.353337894986283485e-01
3.620746697099496147e-01
1.550255412624543361e+00
2.156727820932193007e-01
-5.811317691980897315e-01
-3.054581259862047538e-01
-4.738581003127982361e-01
1.261032369424359804e-02
-1.642964471384459335e-01
-5.460451248164182037e-01
3.312696279785473097e-01
-3.414828431768758943e+00
2.847926116864307189e-01
9.719499520165304496e-01
-1.763084348868362849e-01
1.308754957182141521e+00
-6.814604084293888198e-01
-6.136744266154968708e-01
1.623886750679717772e-01
4.742514846235243442e-01
-2.937834487278061513e-01
-3.332393380361881707e+00
2.815175290311843215e-01
1.723192157091718357e+00
1.624334289670195330e+00
-2.420256598100503642e-02
-3.527307346132708132e-01
1.534132261317833756e-01
1.578028450952184025e+00
9.939754711397684739e-01
3.955746747419016662e-01
-1.197566649904047292e-01
9.933842266485533035e-01
1.362832243775469188e+00
-7.433628092971390489e-01
6.899427702542334506e-01
3.223055465423639299e-01
-1.350262606978253510e+00
4.779054623125261192e-01
6.802294868362039892e-01
-4.476569511343173602e-01
-1.974865132404745871e-01
-1.498546596133438547e+00
2.108011934440867208e+00
-6.960200832731701093e-01
7.617187044140646401e-01
-6.326434598261760911e-01
-1.712657901152802586e-01
-6.401711664954055081e-01
4.261004282681420396e-01
3.604492745112337637e-01
4.729611053994352554e-01
9.821681143244219703e-01
-1.296704922586911501e-01
-4.331741056434331230e-03
9.712509588253518400e-01
-1.214221856479597683e+00
1.893904874179598075e+00
6.574104545282254408e-01
-4.396409585592876423e-01
-6.350099395661780444e-02
1.321975374393760339e+00
-2.203468878391448005e-01
5.252296523386976168e-02
-3.917918557312317640e-01
1.468659309308628869e+00
1.320530865308056301e+00
6.726672055784680415e-01
5.520465675780639875e-02
1.179114518584734483e+00
4.538077776190582724e-01
6.864399918088807118e-01
-1.068714958778022917e+00
1.568573135482222103e+00
3.905716636061255520e-01
7.952807787381865889e-01
-3.899009697598112001e-01
-4.344125452776644303e-01
-4.129812591674527633e-01
9.433147455081615229e-01
8.608446007988763693e-01
2.198263940603635724e+00
7.030321167597448906e-02
-5.059041082077259111e-01
2.851037373284374676e-01
-4.488163836803416018e-01
-6.359081527180978632e-01
5.434620262617793074e-01
-5.576175176223663321e-01
1.568132763215037695e-01
8.443503089407390361e-01
5.599341821315654277e-01
1.212023267196371989e+00
4.066790912425758027e-03
5.132643998291309684e-01
4.098653785231743951e-01
2.232367179845690941e-01
-1.553075942207251092e+00
-8.032995547517481905e-01
-3.573914517526713963e-01
6.767535603610694284e-02
3.453193552060002114e-01
9.255313848331182813e-02
1.090872239624828710e+00
6.868318716838369697e-01
4.030045849340179176e-01
-6.251084465192428483e-03
-4.696038191491762048e-01
-3.642239039115733323e-01
-1.019325025391889239e-01
3.727775637851685753e-01
-6.000980180424122373e-02
-3.584488739086577613e-01
2.877017985101210096e-01
3.059021337480027913e+00
6.909288947573737349e-01
9.237794824790751536e-01
-6.708008566916389137e-01
8.236522783990648522e-01
2.572061983286402786e-01
-3.475091954894036772e-01
6.022699966722004916e-01
1.902251207211178130e+00
-7.114875738101805736e-01
-8.239028143807247684e-02
4.051133233791129884e-01
-3.096522707270683572e-01
2.307728890402046817e-01
1.389179333038815134e+00
-1.363775465184932645e-02
-5.113138748838754744e-01
-1.204994318526212416e+00
-3.475726589849820192e-01
4.224386783882296686e-02
1.792041197124494278e+00
1.604434144929832939e+00
5.590416469419157153e-01
-4.533687606087299926e-01
8.063269433986184342e-01
3.461093664331323372e-01
8.395986011476296307e-01
-2.060804331937134137e-01
1.044700704370101096e+00
-5.110107193689885641e-01
-3.808514832684635754e-01
-8.300463046085861940e-01
1.730022928224964618e+00
-3.058230965249668087e-01
3.178175594665817449e-01
9.077213642433500373e-01
-1.413725915166325342e-01
-1.936233824901379963e-01
8.928011365675347921e-01
-3.851190073678363857e-01
-1.708653372681446792e+00
-5.587012043475551026e-01
9.491850125175025354e-01
-4.106359696949922755e-01
-2.306730723592277932e-01
1.451786887492995559e+00
-3.967455712051480177e+00
1.289943548057700118e-01
-3.274752031169010369e-01
-2.572312448928714690e-01
-7.389981310355986377e-01
2.101918909499595478e-01
4.924609992721372120e-01
4.239082539602421207e-01
2.036575518097713811e-01
1.625565579286669005e+00
-9.912789632346087343e-01
4.755810577105243353e-01
1.244620437048491679e+00
-4.156265435933661490e-01
-3.125631501141024615e-01
8.737020863731778109e-01
-2.856365385810776036e+00
-1.589888170759176933e-01
1.419872579697361026e+00
-1.860538806845464244e+00
-1.651676893733669882e+00
9.835345400839125007e-01
-3.979065050473991061e+00
6.707179239188069131e-01
-3.198683484153801992e-01
4.078635611378436110e-01
1.776600264354746828e-01
-4.097790549054783349e-01
2.795209079687746567e-01
-2.070881306663416299e-01
