2.882000000000000117e+00
2.749000000000000110e+00
2.617999999999999883e+00
2.650999999999999801e+00
2.552000000000000046e+00
2.786000000000000032e+00
3.209999999999999964e+00
2.560999999999999943e+00
3.249000000000000110e+00
2.435999999999999943e+00
2.709000000000000075e+00
2.980999999999999872e+00
2.474000000000000199e+00
2.584999999999999964e+00
2.374000000000000110e+00
2.567000000000000171e+00
3.419000000000000039e+00
2.648000000000000131e+00
2.604999999999999982e+00
2.648000000000000131e+00
2.491999999999999993e+00
2.443000000000000060e+00
2.931000000000000050e+00
2.625000000000000000e+00
2.544999999999999929e+00
2.744000000000000217e+00
2.873000000000000220e+00
2.540999999999999925e+00
2.523000000000000131e+00
3.028999999999999915e+00
2.789000000000000146e+00
2.854999999999999982e+00
3.241000000000000103e+00
2.866000000000000103e+00
2.658999999999999808e+00
2.645000000000000018e+00
2.803999999999999826e+00
2.869000000000000217e+00
2.879000000000000004e+00
2.794999999999999929e+00
2.494000000000000217e+00
3.023000000000000131e+00
3.153999999999999915e+00
2.782999999999999918e+00
2.560000000000000053e+00
2.998000000000000220e+00
2.906000000000000139e+00
2.966000000000000192e+00
2.924999999999999822e+00
2.508000000000000007e+00
2.660000000000000142e+00
2.931999999999999940e+00
2.728000000000000203e+00
2.568999999999999950e+00
3.197000000000000064e+00
2.682999999999999829e+00
2.701999999999999957e+00
2.943999999999999950e+00
3.180000000000000160e+00
2.774999999999999911e+00
2.734999999999999876e+00
2.834999999999999964e+00
2.706999999999999851e+00
2.673000000000000043e+00
2.763999999999999790e+00
2.907999999999999918e+00
2.914000000000000146e+00
2.951000000000000068e+00
2.619000000000000217e+00
2.529999999999999805e+00
2.330000000000000071e+00
2.552999999999999936e+00
3.031000000000000139e+00
2.850000000000000089e+00
2.525999999999999801e+00
2.439999999999999947e+00
2.503000000000000114e+00
2.591000000000000192e+00
2.678999999999999826e+00
2.572000000000000064e+00
2.999000000000000110e+00
2.894000000000000128e+00
3.068999999999999950e+00
2.496999999999999886e+00
2.504999999999999893e+00
3.262000000000000011e+00
3.107000000000000206e+00
2.584999999999999964e+00
2.696000000000000174e+00
2.466000000000000192e+00
2.523000000000000131e+00
2.427000000000000046e+00
2.524000000000000021e+00
2.589999999999999858e+00
2.560999999999999943e+00
2.790999999999999925e+00
2.636000000000000121e+00
2.291999999999999815e+00
2.677999999999999936e+00
2.600999999999999979e+00
2.395999999999999908e+00
3.424999999999999822e+00
2.672000000000000153e+00
2.516999999999999904e+00
2.910000000000000142e+00
3.104999999999999982e+00
2.948999999999999844e+00
2.915000000000000036e+00
2.637999999999999901e+00
2.528000000000000025e+00
