2.552999999999999936e+00
2.552000000000000046e+00
3.027000000000000135e+00
2.423999999999999932e+00
3.244000000000000217e+00
2.841000000000000192e+00
2.455000000000000071e+00
2.459999999999999964e+00
2.931000000000000050e+00
2.573999999999999844e+00
2.563000000000000167e+00
2.737000000000000099e+00
2.766000000000000014e+00
2.718999999999999861e+00
2.717000000000000082e+00
2.564999999999999947e+00
2.564999999999999947e+00
2.778999999999999915e+00
2.501999999999999780e+00
2.156000000000000139e+00
2.730999999999999872e+00
2.334999999999999964e+00
2.935000000000000053e+00
2.608999999999999986e+00
2.890000000000000124e+00
2.483000000000000096e+00
2.749000000000000110e+00
3.262000000000000011e+00
2.721999999999999975e+00
3.278999999999999915e+00
2.422000000000000153e+00
2.361000000000000210e+00
2.955000000000000071e+00
3.278999999999999915e+00
3.201000000000000068e+00
2.498000000000000220e+00
2.834999999999999964e+00
3.253000000000000114e+00
2.971999999999999975e+00
3.033999999999999808e+00
3.051000000000000156e+00
2.674999999999999822e+00
2.133999999999999897e+00
3.201000000000000068e+00
2.294000000000000039e+00
2.771999999999999797e+00
3.250000000000000000e+00
2.810000000000000053e+00
2.799999999999999822e+00
2.674999999999999822e+00
2.475000000000000089e+00
2.798999999999999932e+00
2.423000000000000043e+00
3.065999999999999837e+00
2.641000000000000014e+00
2.482000000000000206e+00
2.918000000000000149e+00
2.620000000000000107e+00
2.834000000000000075e+00
2.318000000000000060e+00
2.931000000000000050e+00
2.564999999999999947e+00
2.596999999999999975e+00
2.463000000000000078e+00
2.621999999999999886e+00
2.680000000000000160e+00
2.681000000000000050e+00
2.585999999999999854e+00
2.544000000000000039e+00
2.878000000000000114e+00
2.599000000000000199e+00
2.624000000000000110e+00
2.432999999999999829e+00
2.653000000000000025e+00
2.725999999999999979e+00
2.846000000000000085e+00
3.107000000000000206e+00
2.846000000000000085e+00
2.531000000000000139e+00
2.912999999999999812e+00
2.971999999999999975e+00
2.955000000000000071e+00
2.407000000000000028e+00
2.587000000000000188e+00
2.891000000000000014e+00
2.584999999999999964e+00
2.854999999999999982e+00
2.511000000000000121e+00
3.451000000000000068e+00
3.044000000000000039e+00
3.120000000000000107e+00
2.690999999999999837e+00
2.734999999999999876e+00
2.495999999999999996e+00
3.057999999999999829e+00
2.540000000000000036e+00
2.596000000000000085e+00
2.882000000000000117e+00
2.767999999999999794e+00
2.470000000000000195e+00
2.516999999999999904e+00
2.495000000000000107e+00
2.545999999999999819e+00
2.782000000000000028e+00
2.789000000000000146e+00
3.330999999999999961e+00
2.878000000000000114e+00
2.528000000000000025e+00
2.686999999999999833e+00
2.713000000000000078e+00
3.294999999999999929e+00
2.595000000000000195e+00
2.600999999999999979e+00
2.640000000000000124e+00
2.640000000000000124e+00
3.216000000000000192e+00
3.157000000000000028e+00
2.466000000000000192e+00
2.432999999999999829e+00
2.943999999999999950e+00
2.648000000000000131e+00
3.153999999999999915e+00
2.509999999999999787e+00
2.751999999999999780e+00
2.557999999999999829e+00
2.407999999999999918e+00
2.403000000000000025e+00
2.754000000000000004e+00
2.694999999999999840e+00
2.998000000000000220e+00
2.556999999999999940e+00
2.688000000000000167e+00
2.633000000000000007e+00
2.630999999999999783e+00
2.612999999999999989e+00
2.668000000000000149e+00
2.677999999999999936e+00
2.847999999999999865e+00
2.541999999999999815e+00
2.549999999999999822e+00
2.902000000000000135e+00
2.968999999999999861e+00
2.317000000000000171e+00
2.714999999999999858e+00
2.623000000000000220e+00
3.244000000000000217e+00
2.697000000000000064e+00
2.617999999999999883e+00
2.878000000000000114e+00
2.876999999999999780e+00
2.596999999999999975e+00
2.774999999999999911e+00
2.600999999999999979e+00
3.367999999999999883e+00
2.516000000000000014e+00
2.886000000000000121e+00
2.428999999999999826e+00
2.387999999999999901e+00
2.688000000000000167e+00
2.301000000000000156e+00
2.709999999999999964e+00
2.613999999999999879e+00
3.354999999999999982e+00
2.673000000000000043e+00
2.677000000000000046e+00
3.367999999999999883e+00
2.646999999999999797e+00
2.552000000000000046e+00
2.939999999999999947e+00
2.779999999999999805e+00
2.638999999999999790e+00
3.254000000000000004e+00
2.878000000000000114e+00
2.771999999999999797e+00
2.708000000000000185e+00
2.470000000000000195e+00
2.649000000000000021e+00
2.573999999999999844e+00
3.451000000000000068e+00
3.048000000000000043e+00
3.023000000000000131e+00
2.645999999999999908e+00
2.999000000000000110e+00
2.615000000000000213e+00
2.512999999999999901e+00
2.547000000000000153e+00
2.548999999999999932e+00
2.463000000000000078e+00
3.250000000000000000e+00
2.681999999999999940e+00
3.084000000000000075e+00
2.684000000000000163e+00
2.592999999999999972e+00
2.561999999999999833e+00
2.474000000000000199e+00
3.093999999999999861e+00
2.537999999999999812e+00
2.883000000000000007e+00
2.883000000000000007e+00
2.641999999999999904e+00
2.891999999999999904e+00
3.013999999999999790e+00
2.402000000000000135e+00
2.515000000000000124e+00
2.789000000000000146e+00
2.633000000000000007e+00
2.704000000000000181e+00
2.798999999999999932e+00
2.665000000000000036e+00
2.649999999999999911e+00
2.871999999999999886e+00
2.782000000000000028e+00
2.645999999999999908e+00
2.560000000000000053e+00
3.065999999999999837e+00
2.600999999999999979e+00
2.904999999999999805e+00
2.744000000000000217e+00
2.956999999999999851e+00
2.774999999999999911e+00
2.825000000000000178e+00
2.545999999999999819e+00
2.476999999999999869e+00
2.645000000000000018e+00
2.617999999999999883e+00
3.039000000000000146e+00
2.674999999999999822e+00
2.701999999999999957e+00
2.611000000000000210e+00
2.777000000000000135e+00
2.955000000000000071e+00
2.512000000000000011e+00
2.416999999999999815e+00
2.267999999999999794e+00
2.579000000000000181e+00
2.529999999999999805e+00
2.439999999999999947e+00
2.753000000000000114e+00
3.025999999999999801e+00
2.811999999999999833e+00
2.795999999999999819e+00
3.031000000000000139e+00
2.435999999999999943e+00
2.995000000000000107e+00
2.536000000000000032e+00
2.730999999999999872e+00
3.241999999999999993e+00
2.862000000000000099e+00
2.806000000000000050e+00
2.882000000000000117e+00
2.564999999999999947e+00
2.466000000000000192e+00
2.724000000000000199e+00
2.684000000000000163e+00
3.278999999999999915e+00
2.599000000000000199e+00
2.470000000000000195e+00
3.354999999999999982e+00
2.809000000000000163e+00
2.646999999999999797e+00
3.065999999999999837e+00
2.923000000000000043e+00
2.794000000000000039e+00
2.380999999999999783e+00
2.713000000000000078e+00
2.661999999999999922e+00
2.887999999999999901e+00
3.013999999999999790e+00
2.904999999999999805e+00
2.935000000000000053e+00
2.697000000000000064e+00
2.744000000000000217e+00
3.125999999999999890e+00
2.613999999999999879e+00
3.138999999999999790e+00
3.008000000000000007e+00
2.697999999999999954e+00
2.919999999999999929e+00
2.705999999999999961e+00
2.847999999999999865e+00
2.774999999999999911e+00
2.629000000000000004e+00
2.500999999999999890e+00
2.367999999999999883e+00
2.696000000000000174e+00
2.769000000000000128e+00
2.766000000000000014e+00
2.682999999999999829e+00
2.600000000000000089e+00
2.779999999999999805e+00
2.775999999999999801e+00
2.759999999999999787e+00
2.482000000000000206e+00
3.278999999999999915e+00
2.541999999999999815e+00
2.630999999999999783e+00
2.774000000000000021e+00
3.093999999999999861e+00
2.568999999999999950e+00
2.918000000000000149e+00
2.669000000000000039e+00
2.508999999999999897e+00
2.654999999999999805e+00
3.193000000000000060e+00
2.293000000000000149e+00
2.859999999999999876e+00
2.947999999999999954e+00
2.658999999999999808e+00
2.894000000000000128e+00
2.809000000000000163e+00
3.105999999999999872e+00
2.770999999999999908e+00
2.705000000000000071e+00
2.733000000000000096e+00
2.835999999999999854e+00
2.908999999999999808e+00
2.599000000000000199e+00
2.572000000000000064e+00
2.543000000000000149e+00
2.737999999999999989e+00
2.763999999999999790e+00
2.814999999999999947e+00
2.680000000000000160e+00
2.791999999999999815e+00
2.653000000000000025e+00
2.475999999999999979e+00
2.983000000000000096e+00
2.548000000000000043e+00
2.686999999999999833e+00
2.967999999999999972e+00
2.890000000000000124e+00
2.698999999999999844e+00
2.810000000000000053e+00
2.935999999999999943e+00
2.648000000000000131e+00
2.685000000000000053e+00
2.939000000000000057e+00
2.697000000000000064e+00
2.814999999999999947e+00
2.609999999999999876e+00
2.466000000000000192e+00
3.120000000000000107e+00
2.670999999999999819e+00
2.629999999999999893e+00
3.184000000000000163e+00
3.125999999999999890e+00
2.220000000000000195e+00
2.463999999999999968e+00
2.537999999999999812e+00
2.547000000000000153e+00
2.604999999999999982e+00
2.681000000000000050e+00
2.680000000000000160e+00
2.387999999999999901e+00
2.334999999999999964e+00
2.817000000000000171e+00
2.407999999999999918e+00
2.924999999999999822e+00
2.611000000000000210e+00
2.617999999999999883e+00
3.065999999999999837e+00
2.611000000000000210e+00
2.740000000000000213e+00
3.060000000000000053e+00
2.587000000000000188e+00
2.539000000000000146e+00
2.595000000000000195e+00
2.818999999999999950e+00
3.193000000000000060e+00
2.709000000000000075e+00
2.601999999999999869e+00
2.608000000000000096e+00
2.607000000000000206e+00
2.685000000000000053e+00
2.609999999999999876e+00
2.587000000000000188e+00
2.520999999999999908e+00
2.544999999999999929e+00
2.898000000000000131e+00
3.294999999999999929e+00
2.795999999999999819e+00
2.991000000000000103e+00
2.531000000000000139e+00
2.709000000000000075e+00
2.810000000000000053e+00
2.544999999999999929e+00
2.505999999999999783e+00
2.458000000000000185e+00
2.814000000000000057e+00
2.934000000000000163e+00
2.544000000000000039e+00
2.681999999999999940e+00
2.511000000000000121e+00
2.434000000000000163e+00
3.051000000000000156e+00
2.712000000000000188e+00
3.052000000000000046e+00
2.540999999999999925e+00
2.758999999999999897e+00
3.181999999999999940e+00
2.751999999999999780e+00
2.942000000000000171e+00
2.564000000000000057e+00
3.234999999999999876e+00
3.241999999999999993e+00
2.653999999999999915e+00
3.394000000000000128e+00
2.862999999999999989e+00
2.763999999999999790e+00
3.391000000000000014e+00
2.677999999999999936e+00
2.866999999999999993e+00
2.777000000000000135e+00
2.701999999999999957e+00
2.779999999999999805e+00
3.197000000000000064e+00
2.616999999999999993e+00
3.093999999999999861e+00
2.754999999999999893e+00
2.436999999999999833e+00
2.638999999999999790e+00
2.709000000000000075e+00
3.047000000000000153e+00
2.388999999999999790e+00
3.270999999999999908e+00
2.906000000000000139e+00
2.600999999999999979e+00
2.899999999999999911e+00
3.394000000000000128e+00
2.721999999999999975e+00
2.519000000000000128e+00
2.523000000000000131e+00
3.029999999999999805e+00
2.754999999999999893e+00
2.536000000000000032e+00
2.742999999999999883e+00
