1.133559176466505214e+01
1.247634103865015298e+01
1.525036494463398995e+01
1.121745582202666647e+01
1.506654445455652436e+01
1.224350936468587747e+01
1.187284603964720731e+01
1.259622721988158389e+01
1.321628296431474503e+01
1.185050631177811908e+01
1.245678605070467881e+01
1.247634103865015298e+01
1.192664069312273512e+01
1.184129793770283712e+01
1.165704316931062934e+01
1.156511685842021109e+01
1.154346175236402416e+01
1.139904098782398378e+01
1.205311405861668383e+01
1.142638867086325760e+01
1.155701210109929633e+01
1.139904098782398378e+01
1.507805038967598144e+01
1.203812672771935866e+01
1.261668665164616066e+01
1.149160903384430021e+01
1.176828622739651742e+01
1.521699731410254230e+01
1.139500991030980792e+01
1.525036494463398995e+01
1.124235871673216991e+01
1.195140039500441809e+01
1.224350936468587747e+01
1.512559792493401112e+01
1.513720677992421670e+01
1.245678605070467881e+01
1.205311405861668383e+01
1.516814486025238828e+01
1.517915162400467288e+01
1.239634307700268678e+01
1.358308802441084318e+01
1.203362047938601975e+01
1.142638867086325760e+01
1.525036494463398995e+01
1.163247334097963659e+01
1.179139409567173757e+01
1.516814486025238828e+01
1.195140039500441809e+01
1.228775979082852032e+01
1.176828622739651742e+01
1.224350936468587747e+01
1.203362047938601975e+01
1.138223074225634335e+01
1.518312396094050243e+01
1.228775979082852032e+01
1.187284603964720731e+01
1.213298556080173540e+01
1.275481559078099281e+01
1.261668665164616066e+01
1.207096226315599985e+01
1.150566669561386846e+01
1.190325255483703160e+01
1.166428937073342276e+01
1.195590664333775699e+01
1.127670394458586323e+01
1.223469922441400115e+01
1.208391070790267641e+01
1.155144519194494279e+01
1.239412095426855132e+01
1.321628296431474503e+01
1.185050631177811908e+01
1.213533414299828550e+01
1.222142609337927688e+01
1.208836477402559773e+01
1.223933191292704947e+01
1.281872641914673316e+01
1.513477722972093886e+01
1.249250057753848964e+01
1.127670394458586323e+01
1.380517485070152084e+01
1.261668665164616066e+01
1.293952480799189431e+01
1.158105930453490728e+01
1.152405339793564210e+01
1.306986125188259784e+01
1.506654445455652436e+01
1.521699731410254230e+01
1.279089631616155387e+01
1.500825197890558016e+01
1.321604010880907509e+01
1.518312396094050243e+01
1.193864282497941076e+01
1.272571862258245545e+01
1.179186964818429928e+01
1.262735532618351897e+01
1.274343989605136684e+01
1.185050631177811908e+01
1.224350936468587747e+01
1.194742852331786054e+01
1.268374054027809805e+01
1.203362047938601975e+01
1.176347864619701689e+01
1.189670135549761909e+01
1.137812271545864284e+01
1.237624703485354516e+01
1.532614564916788780e+01
1.205311405861668383e+01
1.167358765407797350e+01
1.257570612006586863e+01
1.224350936468587747e+01
1.512559792493401112e+01
1.209277477358527619e+01
1.193876164630364300e+01
1.209214656730819648e+01
1.203362047938601975e+01
1.519009928468093129e+01
1.234287444610159312e+01
1.321628296431474503e+01
1.139028392548119761e+01
1.218892298806113672e+01
1.138353008269174893e+01
1.520098711436300221e+01
1.194987139319383473e+01
1.164112126398329217e+01
1.140222648813720951e+01
1.292254589813025056e+01
1.175008153354842833e+01
1.264664036909340084e+01
1.203362047938601975e+01
1.516814486025238828e+01
1.141467328136748094e+01
1.228813010320698140e+01
1.118807475313294830e+01
1.224350936468587747e+01
1.147479201671769289e+01
1.184994200368539197e+01
1.224350936468587747e+01
1.261668665164616066e+01
1.250616992727529819e+01
1.213533414299828550e+01
1.309835594018142757e+01
1.304922574625125797e+01
1.159625844716479826e+01
1.147846787494996690e+01
1.184392465025550401e+01
1.517915162400467288e+01
1.282565998043297029e+01
1.145986799242000487e+01
1.314025844818114130e+01
1.313406287993314336e+01
1.260513952130195747e+01
1.227520088490736150e+01
1.238966146188217188e+01
1.503171861750406180e+01
1.175943460579969368e+01
1.155647509302493425e+01
1.165320304924511063e+01
1.160390221203241978e+01
1.181939706003975843e+01
1.195140039500441809e+01
1.216128928030427581e+01
1.176852908290218735e+01
1.529403446951433132e+01
1.245678605070467881e+01
1.227520088490736150e+01
1.514595693519236264e+01
1.205550006840354804e+01
1.298764116750099618e+01
1.321604010880907509e+01
1.330429544333459901e+01
1.179813603143243128e+01
1.523929980572383691e+01
1.195140039500441809e+01
1.185654156192204134e+01
1.209989548638713330e+01
1.179813603143243128e+01
1.216043572677288331e+01
1.212201560568633596e+01
1.514595693519236264e+01
1.517915162400467288e+01
1.516027047405758488e+01
1.223352709893412538e+01
1.508950377298282675e+01
1.245678605070467881e+01
1.237456596632307715e+01
1.144142577151213835e+01
1.369126324609843515e+01
1.176347864619701689e+01
1.504337784055240768e+01
1.153988728608843850e+01
1.127254791201956152e+01
1.193876164630364300e+01
1.228200391097028543e+01
1.234287444610159312e+01
1.172147245188575582e+01
1.522258036907195589e+01
1.152251193228325832e+01
1.282565998043297029e+01
1.380517485070152084e+01
1.193876164630364300e+01
1.307348154965588449e+01
1.524392556478628435e+01
1.183556988874102345e+01
1.133419251110567672e+01
1.222601247374381828e+01
1.182154004015816184e+01
1.186765130881223307e+01
1.193876164630364300e+01
1.261668665164616066e+01
1.224350936468587747e+01
1.182926799540396701e+01
1.235742096928896316e+01
1.207742344949334701e+01
1.139904098782398378e+01
1.523929980572383691e+01
1.157098296486350719e+01
1.205311405861668383e+01
1.244543075512054031e+01
1.527231936906253473e+01
1.151091934961068475e+01
1.321604010880907509e+01
1.156040323011518822e+01
1.128689794187749129e+01
1.302419111241692562e+01
1.193876164630364300e+01
1.175568338154861081e+01
1.205311405861668383e+01
1.124235871673216991e+01
1.245678605070467881e+01
1.216128928030427581e+01
1.321628296431474503e+01
1.149689336574908261e+01
1.185654156192204134e+01
1.185654156192204134e+01
1.271081637273928422e+01
1.224109929889441162e+01
1.160813721234893059e+01
1.224350936468587747e+01
1.269890673602776410e+01
1.358308802441084318e+01
1.194216798111761690e+01
1.249348603568426697e+01
1.298764116750099618e+01
1.240513510487309290e+01
1.175008153354842833e+01
1.227520088490736150e+01
1.519009928468093129e+01
1.203362047938601975e+01
1.235742096928896316e+01
1.189454140753612421e+01
1.224350936468587747e+01
1.138805446398695409e+01
1.298764116750099618e+01
1.321628296431474503e+01
1.502000975431573337e+01
1.181037306968585554e+01
1.165213581723856606e+01
1.516027047405758488e+01
1.281362933371486612e+01
1.167046231680821577e+01
1.512559792493401112e+01
1.251732157023044500e+01
1.235742096928896316e+01
1.145007078370758791e+01
1.286242716278003861e+01
1.283399470492739169e+01
1.517915162400467288e+01
1.511224997248604929e+01
1.166572545594055299e+01
1.522258036907195589e+01
1.206831832719441167e+01
1.193876164630364300e+01
1.504337784055240768e+01
1.139747971622356459e+01
1.321604010880907509e+01
1.271751254570758149e+01
1.194987139319383473e+01
1.173745317948568712e+01
1.224350936468587747e+01
1.510090387655890076e+01
1.211334311880379389e+01
1.250616992727529819e+01
1.130353422934902774e+01
1.158925394909658735e+01
1.151403836278319659e+01
1.194987139319383473e+01
1.157098296486350719e+01
1.261668665164616066e+01
1.324312544962895366e+01
1.227959245349163098e+01
1.142638867086325760e+01
1.265717900836347454e+01
1.269890673602776410e+01
1.513477722972093886e+01
1.160473201666486176e+01
1.169250456676858363e+01
1.280695956854309436e+01
1.520576141722771624e+01
1.176702517645591328e+01
1.203362047938601975e+01
1.191565009750016912e+01
1.178567407993630134e+01
1.258479151383376049e+01
1.514595693519236264e+01
1.135221431433718386e+01
1.208092884577388304e+01
1.369126324609843515e+01
1.203362047938601975e+01
1.204977497589447211e+01
1.170171171384614439e+01
1.520098711436300221e+01
1.222156855306325340e+01
1.209277477358527619e+01
1.193876164630364300e+01
1.323272358582155306e+01
1.234287444610159312e+01
1.161935753312503117e+01
1.179813603143243128e+01
1.215247914003239948e+01
1.195590664333775699e+01
1.185654156192204134e+01
1.203362047938601975e+01
1.219281877206583431e+01
1.358308802441084318e+01
1.348137436079857743e+01
1.148964900689691326e+01
1.306986125188259784e+01
1.253513439103998195e+01
1.298764116750099618e+01
1.213533414299828550e+01
1.195140039500441809e+01
1.314025844818114130e+01
1.215247914003239948e+01
1.245678605070467881e+01
1.221352404079846821e+01
1.175008153354842833e+01
1.239412095426855132e+01
1.222156855306325340e+01
1.358308802441084318e+01
1.223469922441400115e+01
1.157282351311171631e+01
1.507866610357335979e+01
1.186765130881223307e+01
1.203362047938601975e+01
1.510090387655890076e+01
1.519009928468093129e+01
1.155647509302493425e+01
1.213298556080173540e+01
1.129967590640826813e+01
1.237456596632307715e+01
1.139904098782398378e+01
1.188712645871195051e+01
1.221197316739936412e+01
1.162210737047004017e+01
1.234307781086127598e+01
1.149689336574908261e+01
1.230985933543783162e+01
1.514595693519236264e+01
1.305803836379953964e+01
1.169250456676858363e+01
1.504296639779146894e+01
1.157098296486350719e+01
1.185050631177811908e+01
1.517172385736442841e+01
1.131682090344238212e+01
1.196147178659306576e+01
1.186357254942620187e+01
1.170964956380269761e+01
1.500825197890558016e+01
1.128641849282719178e+01
1.165637718251501198e+01
1.249348603568426697e+01
1.203362047938601975e+01
1.234287444610159312e+01
1.169279481249994035e+01
1.215976826456776827e+01
1.232574513407336170e+01
1.235742096928896316e+01
1.167046231680821577e+01
1.525036494463398995e+01
1.180200448355036080e+01
1.224350936468587747e+01
1.171591594705083139e+01
1.211562844154524754e+01
1.194987139319383473e+01
1.269890673602776410e+01
1.257570612006586863e+01
1.149689336574908261e+01
1.213533414299828550e+01
1.529403446951433132e+01
1.125541664023052135e+01
1.227983530899730269e+01
1.194987139319383473e+01
1.224350936468587747e+01
1.277716229444940765e+01
1.190325255483703160e+01
1.511224997248604929e+01
1.193876164630364300e+01
1.274030068997345566e+01
1.525036494463398995e+01
1.199674439428078188e+01
1.511224997248604929e+01
1.235742096928896316e+01
1.265047825804759540e+01
1.504337784055240768e+01
1.168630899852058569e+01
1.496074631340986727e+01
1.348137436079857743e+01
1.160366324688217077e+01
1.522817701957396608e+01
1.249348603568426697e+01
1.257570612006586863e+01
1.164206936068652176e+01
1.152847284086947788e+01
1.227520088490736150e+01
1.517172385736442841e+01
1.169688533757393856e+01
1.532614564916788780e+01
1.216128928030427581e+01
1.274343989605136684e+01
1.303645460895475239e+01
1.170964956380269761e+01
1.520098711436300221e+01
1.150860875524485749e+01
1.508950377298282675e+01
1.523929980572383691e+01
1.264407481463565297e+01
1.232291502049148946e+01
1.507805038967598321e+01
1.258410003714299030e+01
1.197666298375939142e+01
1.185642274059780910e+01
1.369126324609843515e+01
1.245678605070467881e+01
1.202355436211242790e+01
1.218929158059021489e+01
