3.165999999999999925e+00
2.903000000000000025e+00
3.111000000000000210e+00
3.278999999999999915e+00
3.064000000000000057e+00
3.032000000000000028e+00
3.495000000000000107e+00
3.208000000000000185e+00
3.442000000000000171e+00
2.900999999999999801e+00
3.041999999999999815e+00
3.350000000000000089e+00
3.024000000000000021e+00
3.144000000000000128e+00
2.955999999999999961e+00
3.173000000000000043e+00
3.490000000000000213e+00
3.197000000000000064e+00
3.016000000000000014e+00
3.096999999999999975e+00
3.325000000000000178e+00
3.035000000000000142e+00
3.008000000000000007e+00
2.936999999999999833e+00
3.080000000000000071e+00
3.105999999999999872e+00
3.270000000000000018e+00
2.955999999999999961e+00
2.990000000000000213e+00
3.221000000000000085e+00
3.388999999999999790e+00
3.274999999999999911e+00
3.274999999999999911e+00
3.365000000000000213e+00
3.008000000000000007e+00
2.996999999999999886e+00
3.128000000000000114e+00
3.293000000000000149e+00
3.267999999999999794e+00
3.210999999999999854e+00
3.091000000000000192e+00
3.678999999999999826e+00
3.625000000000000000e+00
3.210999999999999854e+00
2.939999999999999947e+00
3.628000000000000114e+00
3.024000000000000021e+00
3.111000000000000210e+00
3.456999999999999851e+00
2.821000000000000174e+00
3.154999999999999805e+00
3.428999999999999826e+00
3.209999999999999964e+00
3.004999999999999893e+00
3.387000000000000011e+00
3.166999999999999815e+00
3.149000000000000021e+00
3.549999999999999822e+00
3.536999999999999922e+00
2.301000000000000156e+00
3.306000000000000050e+00
3.302999999999999936e+00
3.241999999999999993e+00
3.238999999999999879e+00
3.208000000000000185e+00
3.366000000000000103e+00
3.310999999999999943e+00
2.834000000000000075e+00
3.088000000000000078e+00
3.224000000000000199e+00
2.923999999999999932e+00
2.962000000000000188e+00
3.263999999999999790e+00
3.367999999999999883e+00
3.221999999999999975e+00
2.998000000000000220e+00
2.724000000000000199e+00
2.740000000000000213e+00
3.065999999999999837e+00
3.184000000000000163e+00
3.323999999999999844e+00
3.186999999999999833e+00
3.136000000000000121e+00
3.111000000000000210e+00
3.009999999999999787e+00
3.583000000000000185e+00
3.037999999999999812e+00
2.963000000000000078e+00
2.903999999999999915e+00
2.865000000000000213e+00
2.858000000000000096e+00
2.861000000000000210e+00
2.899999999999999911e+00
2.958000000000000185e+00
2.976999999999999869e+00
3.052000000000000046e+00
3.011000000000000121e+00
3.011000000000000121e+00
3.210999999999999854e+00
3.075000000000000178e+00
2.980999999999999872e+00
3.346000000000000085e+00
3.016000000000000014e+00
3.278000000000000025e+00
3.012999999999999901e+00
3.225999999999999979e+00
3.125000000000000000e+00
3.269000000000000128e+00
2.835999999999999854e+00
2.975000000000000089e+00
