1.468071909751563986e+01
1.513375196608608597e+01
1.693072963056663482e+01
1.448922697533713055e+01
1.706829796905523366e+01
1.499893257719535100e+01
1.528654600767463911e+01
1.588764587987237675e+01
1.571099087227851854e+01
1.475786812219891075e+01
1.508111766924021246e+01
1.513375196608608597e+01
1.532295273269582481e+01
1.513789745237690632e+01
1.502490976076359352e+01
1.496795515036737534e+01
1.495447727462367915e+01
1.441419391226073543e+01
1.502367423857508832e+01
1.444140128514782973e+01
1.457165330778503609e+01
1.441419391226073543e+01
1.706370495673803944e+01
1.482776561758599421e+01
1.530590749340751699e+01
1.492209805407867407e+01
1.484795490173590160e+01
1.694811137320362704e+01
1.486131755464686677e+01
1.693072963056663482e+01
1.423550717438405400e+01
1.496134129696807769e+01
1.499893257719535100e+01
1.698689870262797541e+01
1.698263762145398559e+01
1.508111766924021246e+01
1.502367423857508832e+01
1.702081641010362389e+01
1.701466884146664427e+01
1.562400284836838971e+01
1.593804655428998807e+01
1.487125451743108862e+01
1.444140128514782973e+01
1.693072963056663482e+01
1.500972563890008082e+01
1.496695532837456000e+01
1.702081641010362389e+01
1.496134129696807769e+01
1.555614185728061294e+01
1.484795490173590160e+01
1.499893257719535100e+01
1.487125451743108862e+01
1.471073956161020568e+01
1.696392749294348690e+01
1.555614185728061294e+01
1.528654600767463911e+01
1.488630823389168256e+01
1.584356140244773670e+01
1.530590749340751699e+01
1.527389852730101616e+01
1.493089186179692440e+01
1.545218484258599112e+01
1.502938288946220879e+01
1.491785239712298328e+01
1.447589808728843863e+01
1.494864117549869142e+01
1.528131536418208292e+01
1.504639160604778958e+01
1.522383874562307504e+01
1.571099087227851854e+01
1.475786812219891075e+01
1.493358745903809748e+01
1.535801727217410040e+01
1.514623472586115049e+01
1.523254750427870974e+01
1.551143145474569884e+01
1.703819815274061966e+01
1.582428276563839908e+01
1.447589808728843863e+01
1.607052304803151088e+01
1.530590749340751699e+01
1.595131748515032832e+01
1.483653563249526108e+01
1.502333240005261494e+01
1.561807486869657779e+01
1.706829796905523366e+01
1.694811137320362704e+01
1.543376669669055090e+01
1.708878891731351146e+01
1.585241399698779219e+01
1.696392749294348690e+01
1.474724461313467572e+01
1.547359131118238196e+01
1.467356517844414476e+01
1.543033957920112087e+01
1.537101992304392972e+01
1.475786812219891075e+01
1.499893257719535100e+01
1.533685713659820671e+01
1.594030122668406690e+01
1.487125451743108862e+01
1.475811970520106264e+01
1.530277129182727158e+01
1.485062178247804354e+01
1.530674282640543460e+01
1.688389720526957660e+01
1.502367423857508832e+01
1.514378103826881627e+01
1.514880568254667992e+01
1.499893257719535100e+01
1.698689870262797541e+01
1.557490455477987545e+01
1.481271190112540026e+01
1.514844685655863366e+01
1.487125451743108862e+01
1.700834239625116240e+01
1.501398629365594495e+01
1.571099087227851854e+01
1.446145121183141313e+01
1.520420704480243579e+01
1.471157259599580946e+01
1.700183584483747268e+01
1.477292183865950470e+01
1.501507308586502099e+01
1.486588141610055480e+01
1.566619918257391753e+01
1.458362224568982946e+01
1.577821628429048317e+01
1.487125451743108862e+01
1.702081641010362389e+01
1.462251944091659617e+01
1.569790711220218604e+01
1.472833704525949905e+01
1.499893257719535100e+01
1.466174008732202694e+01
1.527083391507306409e+01
1.499893257719535100e+01
1.530590749340751699e+01
1.569201018584369578e+01
1.493358745903809748e+01
1.603875964788074171e+01
1.570328504430122152e+01
1.454748637784020104e+01
1.477201391510385164e+01
1.513949175052716711e+01
1.701466884146664427e+01
1.528093314350693888e+01
1.490219692990375577e+01
1.566297055723544140e+01
1.580107765181550938e+01
1.575285382392102562e+01
1.515615073231660936e+01
1.531377526995470184e+01
1.708108244219691940e+01
1.520719105656871939e+01
1.440009658758130939e+01
1.449423574304966778e+01
1.499203430492010547e+01
1.524965359317388902e+01
1.496134129696807769e+01
1.508901935673234185e+01
1.470653177702662795e+01
1.690506117806888398e+01
1.508111766924021246e+01
1.515615073231660936e+01
1.703257983612090953e+01
1.526500150674477574e+01
1.570816164823356864e+01
1.585241399698779219e+01
1.590725777591427992e+01
1.462646351162504743e+01
1.693669955224482138e+01
1.496134129696807769e+01
1.490279868066238933e+01
1.557943898329326160e+01
1.462646351162504743e+01
1.532448475943890998e+01
1.516583444512560597e+01
1.703257983612090953e+01
1.701466884146664427e+01
1.697361817720105037e+01
1.552196273946966265e+01
1.705894413441968993e+01
1.508111766924021246e+01
1.517120444877720331e+01
1.449576243060339564e+01
1.600339167244724337e+01
1.475811970520106264e+01
1.707698548216496803e+01
1.470370255298167805e+01
1.463972521890304712e+01
1.481271190112540026e+01
1.539048895195801769e+01
1.501398629365594495e+01
1.462866948990528115e+01
1.698827750493665789e+01
1.453783307834114602e+01
1.528093314350693888e+01
1.607052304803151088e+01
1.481271190112540026e+01
1.602543513874577741e+01
1.697398398480656923e+01
1.499410075226989925e+01
1.467981466238405908e+01
1.551720958710098053e+01
1.512588433446184588e+01
1.486300861819649555e+01
1.481271190112540026e+01
1.530590749340751699e+01
1.499893257719535100e+01
1.540284952678884700e+01
1.506606395277961852e+01
1.527760337189450546e+01
1.441419391226073543e+01
1.693669955224482138e+01
1.458432252258665685e+01
1.502367423857508832e+01
1.547347969358884434e+01
1.691825561671417333e+01
1.493417462893942194e+01
1.585241399698779219e+01
1.482360131098673683e+01
1.428853977704785549e+01
1.599861191154037066e+01
1.481271190112540026e+01
1.520449024464371490e+01
1.502367423857508832e+01
1.423550717438405400e+01
1.508111766924021246e+01
1.508901935673234185e+01
1.571099087227851854e+01
1.453243266137960710e+01
1.490279868066238933e+01
1.490279868066238933e+01
1.581714014559012327e+01
1.552674790371788660e+01
1.485345217888183100e+01
1.499893257719535100e+01
1.521582071387052792e+01
1.593804655428998807e+01
1.533334641605704718e+01
1.523889246208366899e+01
1.570816164823356864e+01
1.562946844496870469e+01
1.458362224568982946e+01
1.515615073231660936e+01
1.700834239625116240e+01
1.487125451743108862e+01
1.506606395277961852e+01
1.503018048448467781e+01
1.499893257719535100e+01
1.485691497587416343e+01
1.570816164823356864e+01
1.571099087227851854e+01
1.708501651070653082e+01
1.479838937111417607e+01
1.512733921981760155e+01
1.697361817720105037e+01
1.550943906558429219e+01
1.514140201426987176e+01
1.698689870262797541e+01
1.529085377694692305e+01
1.506606395277961852e+01
1.489604094146097601e+01
1.562697853616848676e+01
1.589043897069932498e+01
1.701466884146664427e+01
1.704891414130069549e+01
1.488929391450958306e+01
1.698827750493665789e+01
1.541628213303742179e+01
1.481271190112540026e+01
1.707698548216496803e+01
1.486287994868313866e+01
1.585241399698779219e+01
1.596035524003066186e+01
1.477292183865950470e+01
1.493370525920034453e+01
1.499893257719535100e+01
1.705401427248047597e+01
1.544535657946179619e+01
1.569201018584369578e+01
1.480308497914600530e+01
1.484165968363394228e+01
1.463757315737719011e+01
1.477292183865950470e+01
1.458432252258665685e+01
1.530590749340751699e+01
1.574249276025706479e+01
1.569258372698828730e+01
1.444140128514782973e+01
1.578463537036040343e+01
1.521582071387052792e+01
1.703819815274061966e+01
1.444774629880415517e+01
1.465851146198355082e+01
1.559030830539227708e+01
1.695355573172365737e+01
1.521263895111485986e+01
1.487125451743108862e+01
1.504303119874960259e+01
1.481167227302421274e+01
1.574037813875830238e+01
1.703257983612090953e+01
1.469144611151250324e+01
1.542444915571301500e+01
1.600339167244724337e+01
1.487125451743108862e+01
1.540423675695903860e+01
1.453953702408813164e+01
1.700183584483747268e+01
1.565629139333918296e+01
1.557490455477987545e+01
1.481271190112540026e+01
1.563628482999618186e+01
1.501398629365594495e+01
1.500160900330966207e+01
1.462646351162504743e+01
1.503872795503568227e+01
1.491785239712298328e+01
1.490279868066238933e+01
1.487125451743108862e+01
1.534239013607338187e+01
1.593804655428998807e+01
1.587571361268297920e+01
1.447650492829200708e+01
1.561807486869657779e+01
1.570985717836753004e+01
1.570816164823356864e+01
1.493358745903809748e+01
1.496134129696807769e+01
1.566297055723544140e+01
1.503872795503568227e+01
1.508111766924021246e+01
1.565124324352412266e+01
1.458362224568982946e+01
1.522383874562307504e+01
1.565629139333918296e+01
1.593804655428998807e+01
1.494864117549869142e+01
1.497274571923254705e+01
1.700231411210057075e+01
1.486300861819649555e+01
1.487125451743108862e+01
1.705401427248047597e+01
1.700834239625116240e+01
1.440009658758130939e+01
1.488630823389168256e+01
1.439914019580014148e+01
1.517120444877720331e+01
1.441419391226073543e+01
1.516560922314640258e+01
1.535287368379393591e+01
1.461361577344468721e+01
1.542232441590471126e+01
1.453243266137960710e+01
1.540512489287436537e+01
1.703257983612090953e+01
1.575305733677243047e+01
1.465851146198355082e+01
1.701219973757219961e+01
1.458432252258665685e+01
1.475786812219891075e+01
1.696885735488270086e+01
1.450428069179772450e+01
1.549036235430473418e+01
1.528020092747325975e+01
1.476365195798113383e+01
1.708878891731351146e+01
1.479210167872770043e+01
1.458670702424563004e+01
1.523889246208366899e+01
1.487125451743108862e+01
1.501398629365594495e+01
1.515828394953374847e+01
1.532411335656390960e+01
1.541338512602281341e+01
1.506606395277961852e+01
1.514140201426987176e+01
1.693072963056663482e+01
1.511397277281626472e+01
1.499893257719535100e+01
1.471655029116203828e+01
1.516212906845152730e+01
1.477292183865950470e+01
1.521582071387052792e+01
1.514880568254667992e+01
1.453243266137960710e+01
1.493358745903809748e+01
1.690506117806888398e+01
1.430945826474905402e+01
1.555116060227901364e+01
1.477292183865950470e+01
1.499893257719535100e+01
1.585688412480098108e+01
1.545218484258599112e+01
1.704891414130069549e+01
1.481271190112540026e+01
1.597379135210515422e+01
1.693072963056663482e+01
1.536952953214241369e+01
1.704891414130069549e+01
1.506606395277961852e+01
1.592039690992855938e+01
1.707698548216496803e+01
1.479661855656361880e+01
1.710228651710919223e+01
1.587571361268297920e+01
1.508916284385439788e+01
1.694249305658391691e+01
1.523889246208366899e+01
1.514880568254667992e+01
1.487459218669278194e+01
1.494513340865306006e+01
1.515615073231660936e+01
1.696885735488270086e+01
1.504947753706429658e+01
1.688389720526957660e+01
1.508901935673234185e+01
1.537101992304392972e+01
1.600533642040939597e+01
1.476365195798113383e+01
1.700183584483747268e+01
1.435131450561084065e+01
1.705894413441968993e+01
1.693669955224482138e+01
1.535596620658333578e+01
1.571955522450569376e+01
1.706370495673803944e+01
1.541033990705569678e+01
1.521899781569316623e+01
1.483733139267166656e+01
1.600339167244724337e+01
1.508111766924021246e+01
1.524648552265313128e+01
1.549391730432382630e+01
