2.923000000000000043e+00
2.428999999999999826e+00
2.596999999999999975e+00
2.745999999999999996e+00
2.467000000000000082e+00
3.108000000000000096e+00
3.154999999999999805e+00
2.544999999999999929e+00
3.446000000000000174e+00
2.584999999999999964e+00
2.470000000000000195e+00
2.858000000000000096e+00
2.326999999999999957e+00
2.456999999999999851e+00
2.512999999999999901e+00
2.678999999999999826e+00
3.474000000000000199e+00
2.976999999999999869e+00
2.886000000000000121e+00
2.540000000000000036e+00
2.528000000000000025e+00
2.665000000000000036e+00
2.830999999999999961e+00
2.786000000000000032e+00
2.197000000000000064e+00
2.584999999999999964e+00
2.669000000000000039e+00
2.724000000000000199e+00
2.755999999999999783e+00
2.979000000000000092e+00
3.165000000000000036e+00
2.818000000000000060e+00
2.815999999999999837e+00
2.718999999999999861e+00
2.587000000000000188e+00
3.024000000000000021e+00
2.487000000000000099e+00
2.994000000000000217e+00
3.027000000000000135e+00
2.835999999999999854e+00
2.633000000000000007e+00
2.803999999999999826e+00
3.084000000000000075e+00
3.132000000000000117e+00
2.685000000000000053e+00
2.894000000000000128e+00
2.524999999999999911e+00
2.725999999999999979e+00
2.928999999999999826e+00
2.569999999999999840e+00
2.491999999999999993e+00
2.974000000000000199e+00
2.766000000000000014e+00
2.601999999999999869e+00
2.794000000000000039e+00
2.661000000000000032e+00
2.500000000000000000e+00
2.975000000000000089e+00
3.415000000000000036e+00
2.799999999999999822e+00
2.560999999999999943e+00
3.524000000000000021e+00
2.899999999999999911e+00
2.744000000000000217e+00
3.120000000000000107e+00
2.717000000000000082e+00
2.690999999999999837e+00
3.040999999999999925e+00
2.346999999999999975e+00
2.597999999999999865e+00
2.471999999999999975e+00
2.541999999999999815e+00
2.521999999999999797e+00
2.982000000000000206e+00
2.823999999999999844e+00
2.600999999999999979e+00
2.383000000000000007e+00
2.471999999999999975e+00
2.600999999999999979e+00
2.569999999999999840e+00
3.087000000000000188e+00
2.698999999999999844e+00
2.887000000000000011e+00
2.712000000000000188e+00
2.544999999999999929e+00
2.900999999999999801e+00
2.774999999999999911e+00
2.638999999999999790e+00
2.541999999999999815e+00
2.624000000000000110e+00
2.664000000000000146e+00
2.613999999999999879e+00
3.257000000000000117e+00
2.464999999999999858e+00
2.516000000000000014e+00
2.455000000000000071e+00
2.604999999999999982e+00
2.669000000000000039e+00
2.689000000000000057e+00
3.001999999999999780e+00
2.569999999999999840e+00
2.798000000000000043e+00
2.654999999999999805e+00
2.987000000000000099e+00
2.553999999999999826e+00
2.769000000000000128e+00
2.767999999999999794e+00
2.681000000000000050e+00
2.580999999999999961e+00
3.004999999999999893e+00
