2.674999999999999822e+00
2.504000000000000004e+00
2.870999999999999996e+00
2.346999999999999975e+00
2.479999999999999982e+00
2.608999999999999986e+00
2.589999999999999858e+00
2.702999999999999847e+00
2.729999999999999982e+00
2.548999999999999932e+00
3.221000000000000085e+00
2.412999999999999812e+00
3.049999999999999822e+00
3.076999999999999957e+00
2.438000000000000167e+00
2.843999999999999861e+00
2.899999999999999911e+00
2.640000000000000124e+00
2.599000000000000199e+00
2.166999999999999815e+00
2.488999999999999879e+00
2.680000000000000160e+00
2.762000000000000011e+00
2.694999999999999840e+00
2.802000000000000046e+00
2.601999999999999869e+00
2.826999999999999957e+00
2.900999999999999801e+00
2.863999999999999879e+00
2.745999999999999996e+00
2.725000000000000089e+00
2.513999999999999790e+00
2.459000000000000075e+00
2.745999999999999996e+00
2.968999999999999861e+00
2.730999999999999872e+00
2.633000000000000007e+00
3.157999999999999918e+00
2.741000000000000103e+00
2.596000000000000085e+00
2.560999999999999943e+00
2.443999999999999950e+00
2.339999999999999858e+00
2.968999999999999861e+00
2.702999999999999847e+00
2.668000000000000149e+00
2.966000000000000192e+00
2.688000000000000167e+00
2.630999999999999783e+00
2.540000000000000036e+00
2.681000000000000050e+00
2.873000000000000220e+00
2.911999999999999922e+00
2.452999999999999847e+00
2.608000000000000096e+00
2.749000000000000110e+00
2.744000000000000217e+00
2.694999999999999840e+00
2.492999999999999883e+00
2.641999999999999904e+00
2.678999999999999826e+00
2.621999999999999886e+00
2.638999999999999790e+00
2.669999999999999929e+00
2.757000000000000117e+00
2.583000000000000185e+00
2.806999999999999940e+00
2.762000000000000011e+00
2.740000000000000213e+00
2.634999999999999787e+00
2.528000000000000025e+00
2.700000000000000178e+00
2.701000000000000068e+00
2.734999999999999876e+00
2.811999999999999833e+00
3.112000000000000099e+00
2.774999999999999911e+00
2.833000000000000185e+00
2.728000000000000203e+00
2.777000000000000135e+00
2.696000000000000174e+00
2.645999999999999908e+00
2.669000000000000039e+00
2.609999999999999876e+00
2.774000000000000021e+00
2.456999999999999851e+00
2.750999999999999890e+00
2.362000000000000099e+00
3.073999999999999844e+00
2.559000000000000163e+00
2.903000000000000025e+00
2.213000000000000078e+00
2.584000000000000075e+00
2.419000000000000039e+00
2.681999999999999940e+00
3.060000000000000053e+00
2.737000000000000099e+00
2.693999999999999950e+00
2.572000000000000064e+00
2.942000000000000171e+00
2.637000000000000011e+00
2.459999999999999964e+00
2.607000000000000206e+00
2.681999999999999940e+00
2.704000000000000181e+00
3.285000000000000142e+00
2.559000000000000163e+00
2.721999999999999975e+00
2.809000000000000163e+00
2.637000000000000011e+00
2.951999999999999957e+00
2.758999999999999897e+00
2.968999999999999861e+00
2.795999999999999819e+00
2.426000000000000156e+00
2.607000000000000206e+00
2.846999999999999975e+00
2.638999999999999790e+00
2.387999999999999901e+00
2.791999999999999815e+00
2.576999999999999957e+00
3.084000000000000075e+00
2.633000000000000007e+00
2.650999999999999801e+00
2.629000000000000004e+00
2.422000000000000153e+00
2.443000000000000060e+00
2.572000000000000064e+00
2.926000000000000156e+00
2.894000000000000128e+00
2.508999999999999897e+00
2.593999999999999861e+00
2.603000000000000203e+00
2.700000000000000178e+00
2.665999999999999925e+00
2.569999999999999840e+00
2.799999999999999822e+00
2.585999999999999854e+00
2.517999999999999794e+00
2.665000000000000036e+00
2.685000000000000053e+00
2.802999999999999936e+00
2.583000000000000185e+00
2.708000000000000185e+00
3.031000000000000139e+00
2.479999999999999982e+00
2.620000000000000107e+00
2.766000000000000014e+00
2.668000000000000149e+00
2.611000000000000210e+00
2.596999999999999975e+00
2.615000000000000213e+00
2.733999999999999986e+00
2.971000000000000085e+00
2.467000000000000082e+00
2.931999999999999940e+00
2.230999999999999872e+00
2.560999999999999943e+00
2.597999999999999865e+00
2.515000000000000124e+00
2.858999999999999986e+00
2.608000000000000096e+00
2.230999999999999872e+00
2.564999999999999947e+00
2.658999999999999808e+00
2.971000000000000085e+00
2.898000000000000131e+00
2.790999999999999925e+00
2.706999999999999851e+00
2.628000000000000114e+00
2.717999999999999972e+00
2.222999999999999865e+00
2.882000000000000117e+00
2.686999999999999833e+00
2.818999999999999950e+00
2.246999999999999886e+00
2.499000000000000110e+00
2.959000000000000075e+00
3.073999999999999844e+00
2.956999999999999851e+00
2.803999999999999826e+00
2.960999999999999854e+00
3.087000000000000188e+00
2.681000000000000050e+00
3.124000000000000110e+00
2.475000000000000089e+00
2.939999999999999947e+00
2.681000000000000050e+00
2.966000000000000192e+00
2.419999999999999929e+00
3.073999999999999844e+00
2.556999999999999940e+00
2.620000000000000107e+00
2.964999999999999858e+00
2.951000000000000068e+00
2.914000000000000146e+00
2.403999999999999915e+00
2.619000000000000217e+00
2.709000000000000075e+00
2.767999999999999794e+00
2.954000000000000181e+00
3.322000000000000064e+00
2.435000000000000053e+00
2.458000000000000185e+00
2.737000000000000099e+00
2.858999999999999986e+00
2.709999999999999964e+00
3.347999999999999865e+00
2.632000000000000117e+00
2.734999999999999876e+00
3.049999999999999822e+00
2.670999999999999819e+00
2.749000000000000110e+00
2.382000000000000117e+00
2.869000000000000217e+00
2.640000000000000124e+00
2.892999999999999794e+00
2.620000000000000107e+00
3.063000000000000167e+00
2.337000000000000188e+00
3.076000000000000068e+00
2.822000000000000064e+00
2.544000000000000039e+00
2.637999999999999901e+00
2.520999999999999908e+00
2.713999999999999968e+00
2.657000000000000028e+00
2.786000000000000032e+00
2.689999999999999947e+00
2.919999999999999929e+00
2.487000000000000099e+00
2.520000000000000018e+00
2.568999999999999950e+00
3.091000000000000192e+00
2.576000000000000068e+00
2.642999999999999794e+00
2.584000000000000075e+00
3.093999999999999861e+00
2.858000000000000096e+00
2.692000000000000171e+00
3.039000000000000146e+00
2.541999999999999815e+00
2.491000000000000103e+00
2.887999999999999901e+00
2.798999999999999932e+00
2.572999999999999954e+00
2.533999999999999808e+00
2.870000000000000107e+00
2.702999999999999847e+00
2.535000000000000142e+00
2.708000000000000185e+00
2.676000000000000156e+00
2.674999999999999822e+00
2.571000000000000174e+00
3.085999999999999854e+00
2.395999999999999908e+00
2.704000000000000181e+00
2.230999999999999872e+00
2.833000000000000185e+00
2.674999999999999822e+00
2.869000000000000217e+00
2.710999999999999854e+00
2.439999999999999947e+00
2.592000000000000082e+00
2.665000000000000036e+00
2.875999999999999890e+00
2.778000000000000025e+00
3.322000000000000064e+00
2.423999999999999932e+00
2.762000000000000011e+00
3.338999999999999968e+00
2.494000000000000217e+00
2.411000000000000032e+00
2.862999999999999989e+00
2.678999999999999826e+00
2.625999999999999890e+00
2.721000000000000085e+00
2.947999999999999954e+00
2.665000000000000036e+00
2.771999999999999797e+00
2.463999999999999968e+00
2.373000000000000220e+00
2.670999999999999819e+00
2.483000000000000096e+00
2.967999999999999972e+00
2.650999999999999801e+00
2.577999999999999847e+00
2.704000000000000181e+00
2.754000000000000004e+00
3.145000000000000018e+00
3.000000000000000000e+00
2.849000000000000199e+00
2.370000000000000107e+00
3.085999999999999854e+00
2.838999999999999968e+00
2.612000000000000099e+00
2.818000000000000060e+00
2.967999999999999972e+00
2.525999999999999801e+00
2.774000000000000021e+00
2.531000000000000139e+00
2.620000000000000107e+00
2.681000000000000050e+00
2.053999999999999826e+00
3.138999999999999790e+00
2.890000000000000124e+00
2.858000000000000096e+00
2.662999999999999812e+00
2.746999999999999886e+00
2.508000000000000007e+00
2.956999999999999851e+00
2.587000000000000188e+00
2.725999999999999979e+00
2.725000000000000089e+00
3.027000000000000135e+00
3.197000000000000064e+00
2.642999999999999794e+00
2.693000000000000060e+00
2.694999999999999840e+00
2.765000000000000124e+00
2.544000000000000039e+00
2.782000000000000028e+00
2.980999999999999872e+00
2.681000000000000050e+00
2.612000000000000099e+00
2.585999999999999854e+00
2.948999999999999844e+00
2.942000000000000171e+00
2.702999999999999847e+00
2.817000000000000171e+00
2.988999999999999879e+00
2.547000000000000153e+00
2.944999999999999840e+00
2.730999999999999872e+00
2.713999999999999968e+00
2.434000000000000163e+00
2.741999999999999993e+00
2.672000000000000153e+00
2.709000000000000075e+00
2.918000000000000149e+00
2.826000000000000068e+00
2.903000000000000025e+00
2.575000000000000178e+00
2.638999999999999790e+00
2.939000000000000057e+00
2.411000000000000032e+00
2.326999999999999957e+00
2.676000000000000156e+00
2.431000000000000050e+00
2.870000000000000107e+00
2.463999999999999968e+00
2.536000000000000032e+00
2.773000000000000131e+00
2.615000000000000213e+00
2.918000000000000149e+00
2.662999999999999812e+00
2.625000000000000000e+00
2.928999999999999826e+00
2.935999999999999943e+00
2.814000000000000057e+00
2.452999999999999847e+00
2.471999999999999975e+00
2.645999999999999908e+00
2.943999999999999950e+00
2.653000000000000025e+00
2.650999999999999801e+00
2.612999999999999989e+00
2.617999999999999883e+00
2.053999999999999826e+00
2.974000000000000199e+00
2.580000000000000071e+00
2.653000000000000025e+00
2.984999999999999876e+00
2.653999999999999915e+00
2.821000000000000174e+00
2.559000000000000163e+00
2.717000000000000082e+00
2.648000000000000131e+00
2.551000000000000156e+00
2.951999999999999957e+00
3.354999999999999982e+00
2.896999999999999797e+00
2.787999999999999812e+00
2.865000000000000213e+00
2.623000000000000220e+00
2.662999999999999812e+00
2.596999999999999975e+00
2.677000000000000046e+00
2.623000000000000220e+00
2.990000000000000213e+00
2.690999999999999837e+00
2.568000000000000060e+00
2.440999999999999837e+00
2.632000000000000117e+00
2.612000000000000099e+00
2.641000000000000014e+00
3.015000000000000124e+00
2.548999999999999932e+00
2.662999999999999812e+00
3.011000000000000121e+00
2.462000000000000188e+00
2.746999999999999886e+00
2.592999999999999972e+00
2.455999999999999961e+00
2.533999999999999808e+00
2.802999999999999936e+00
3.036000000000000032e+00
2.392999999999999794e+00
2.596000000000000085e+00
2.821000000000000174e+00
2.559000000000000163e+00
2.767999999999999794e+00
2.645999999999999908e+00
2.810000000000000053e+00
2.521999999999999797e+00
2.794000000000000039e+00
2.733999999999999986e+00
2.967999999999999972e+00
2.537999999999999812e+00
2.915000000000000036e+00
2.858999999999999986e+00
2.387000000000000011e+00
2.995999999999999996e+00
2.431000000000000050e+00
3.089999999999999858e+00
2.782000000000000028e+00
3.052999999999999936e+00
2.692000000000000171e+00
3.036000000000000032e+00
3.157999999999999918e+00
2.681999999999999940e+00
2.412999999999999812e+00
2.826000000000000068e+00
2.619000000000000217e+00
2.536999999999999922e+00
2.486000000000000210e+00
