-1.427523860182310367e-01
-1.029631276605759815e+00
-2.522858494036470112e-01
-1.376323054937408807e+00
-1.807137230809570116e+00
-4.159705607495318147e-01
-4.941382740154413589e-01
-3.181262259282313098e-01
3.323598098824447067e-02
-5.542936270390367293e-01
1.994375459273453277e+00
-1.469143241185235649e+00
1.894664922045440125e+00
1.355512918770289454e+00
-1.297483809859811821e+00
4.152301376229954322e-01
6.662770246380199657e-01
-1.130834738036513715e-01
-4.910605191978636985e-01
-1.249610644112072677e+00
-7.295270713548622776e-01
4.578958769952685970e-02
-7.177695644974216860e-01
-9.525540622248035438e-02
7.282564995111591444e-02
-5.811866868388976259e-01
7.917922777664957446e-01
-1.185404601104867311e-01
5.587658876667729313e-01
-7.569832514986036820e-01
3.472065741074937262e-01
-8.698294292930131011e-01
-1.153489255212596598e+00
-7.171712093998298121e-01
1.886853979316319152e-01
-8.422038913863622023e-02
-3.207104081101103121e-01
9.022745611239441077e-01
-8.338200153839326889e-01
-6.746872971917432515e-01
-5.406338990103206621e-01
-1.140475568373636950e+00
-7.948475284761009618e-01
1.525729499578046267e-01
-2.086651600055724198e-01
-3.239507378472832322e-01
8.665390590181507036e-02
-1.031762497048331834e-03
-4.551889329370744641e-01
-6.677601660725548394e-01
-5.287700335952080083e-02
1.028871947992153091e+00
8.568573824409203565e-01
-1.865664329706339553e+00
-5.705908507105000860e-01
3.125592315414535971e-01
7.164377561556267704e-02
-3.209009280303117828e-01
-1.150886414697057658e+00
-6.098498037281383510e-01
-2.668424251305164252e-01
-4.476608186812521262e-01
-4.862828365072218717e-01
-2.492915206549302376e-01
3.132240567856381386e-01
-6.007567183191804272e-01
8.219650115524312906e-02
4.925528763079308758e-01
8.519191968466287290e-02
-2.435980474032049814e-01
-6.576583205574612068e-01
8.789174274104875895e-02
-4.140360889894760810e-01
-1.418883745913072647e-01
1.360338475726589336e-01
1.271919361677805949e+00
-6.838224753350851115e-01
3.978890791837071950e-01
1.959477764297108682e-01
3.514389294517193674e-02
-3.564314672360894276e-01
-6.447294310796952699e-01
-2.494703905469873861e-01
-2.740416796948365596e-01
1.973635946391606999e-01
-1.893195202179331238e+00
-7.263913624414209957e-01
-9.088414959042721009e-01
5.927466213566774389e-01
-5.195480822704037216e-01
-9.949650311592037055e-02
-1.175550019544696179e+00
-9.835120598327674601e-01
-1.087628911520805541e+00
-5.451882559604549483e-01
1.117241716493709847e+00
3.933168759419314875e-01
1.330137699346936077e-02
-6.129937589889195015e-01
8.992915407883796952e-01
-1.901210090010659604e-01
-5.376571978101212235e-01
-4.185729382007805643e-01
-2.117583787248243921e-01
-3.688937771932069842e-01
1.487274399229589372e+00
-6.897941943180211366e-01
2.478244082588295649e-01
1.951045326624162302e-01
-2.754607400622638980e-01
1.215822680834584280e-01
1.744486778006309191e-01
1.580716544916062283e+00
1.165806195789083066e-01
-1.226920957566851156e+00
-1.362928173006582977e+00
4.259061817755812052e-01
-2.320587569519155513e-01
-1.148665687213598074e+00
6.707713553291182185e-02
-5.633664830583072769e-01
5.738660593784065123e-01
-3.135711698931595293e-01
-4.287647338807972774e-01
-4.401219960931548325e-01
-8.335876077297744713e-01
-5.284593057779669589e-01
-8.959694176775211405e-01
1.311016101847205739e+00
-2.113938481945056569e-01
-6.770165800611889217e-01
-7.432481123548857482e-01
-4.762685830917543495e-01
4.390887207688962124e-02
8.041958588767546268e-02
-5.846932646232544384e-01
5.599122294894570695e-01
-7.914815586415940851e-01
-1.105183141353824228e+00
-9.008497844379198538e-02
-5.116811054982369766e-01
-2.584393001917516530e-01
-3.977435822037852509e-01
-5.192600374290054499e-02
1.146993783282188373e+00
-1.843083431550476492e+00
-6.444024948858966262e-01
1.154805891965137860e-01
-1.304350000671695708e-01
-3.522187387157881822e-01
-7.546398955640918338e-01
-5.013608735920391801e-01
-2.469150619843686889e-01
1.510381147018012293e-01
-1.055202828374520063e+00
9.389822549115782735e-01
-1.078632658180929571e+00
-7.863386113266546129e-01
-4.335663083539145757e-01
-8.649348406119368171e-01
8.004057298722387914e-01
-2.279150180758190425e-01
-2.706222002523634540e+00
-7.417610617254469796e-01
-2.798654741072564844e-01
1.145999067724087911e-01
4.863017617177921581e-01
2.083811698154649783e-01
-9.299109432851841717e-02
-3.429958528930014405e-01
2.460948432502070571e-01
-2.716886551137466910e+00
1.007463585676227957e+00
3.244671204800103625e-02
4.839522450972155165e-01
-1.064560677182907700e+00
-1.222944122697944058e+00
8.170295988948739208e-01
5.488342952151038512e-01
4.564469983787462770e-02
-4.956895897432039844e-01
1.287218892930904079e+00
6.222750061152300116e-01
-2.848296726549351954e-01
1.512784106002225348e+00
-7.513769615435377247e-01
5.547880096765520630e-01
9.029941810749501918e-02
1.264659480005889958e-01
-1.157779464233769762e+00
1.615727295868594870e+00
-5.506515220128780363e-01
-7.714162474882625409e-01
9.196437422387682137e-01
1.058511277546725582e+00
-1.464442380580547043e-01
-6.451664209244710735e-01
-6.483385388545929162e-01
-1.656350755264090480e-01
5.174980336347726473e-01
9.078396140426601146e-01
1.598210319008122937e+00
-1.284708686618578177e+00
-1.026380276155650417e+00
1.093918649681620281e-01
3.945189491935757742e-01
-6.120908805142374204e-02
3.702021694683711672e+00
-6.108528121763646679e-01
2.232511757638346583e-01
1.831486098107010685e+00
-1.499743438930138117e-01
-1.632508166421991480e-01
-1.103418898786419744e+00
-2.569292368937352578e-01
7.200446317418524728e-03
1.024522420290276070e+00
-8.261225872980055840e-01
5.413462295106626909e-01
-1.642940381253881643e+00
1.030698170757777143e+00
4.060913182767328378e-01
-1.904784561485418637e-01
-7.195328747470234321e-01
-7.278685010511479758e-01
1.772711408656659215e-01
-1.996783633109044664e-01
5.278006098991755435e-01
-2.488814310050316003e-01
1.124477814643038309e+00
-6.632299541024864187e-01
-5.540705697434423760e-01
-5.603554979075381359e-01
2.178097274552557305e+00
-9.022158264124577887e-01
-3.758088035820906780e-01
-6.095972500876206679e-01
2.139881013467255677e+00
3.577641902132841500e-01
-1.636208614831503039e-01
1.828226523546333748e+00
-9.231477189602790290e-01
-6.577194856666267464e-01
8.266845713265691398e-01
4.946526380595666628e-01
-7.107468195430621805e-01
-1.642678823383542541e+00
1.012992404982302252e+00
1.290820342343273683e-02
-9.046827954856170306e-01
8.478128488587206857e-02
-2.401395604455886235e-01
-1.333832505725893181e-01
-4.268169530437892489e-01
6.401564676054309899e-01
-7.208708033772707191e-01
1.629504876266119617e-01
-2.663498575046770345e+00
3.421913993804005794e-02
8.913522146406909277e-03
-2.206527865237447872e-01
-1.137850529282822543e-01
-1.291377497085230530e+00
-6.083512600663253389e-01
-1.336241015963076373e-01
5.885083416353553698e-01
-6.859677064636422461e-01
1.640302930797133740e+00
-1.271304501945623722e+00
-7.639381643671392386e-01
3.467676612781080525e+00
-8.598047472239234157e-01
-2.056500664961926184e+00
5.535968309892803640e-01
-1.747734811504167429e-01
-7.577166481532070508e-01
3.726216107498047519e-02
8.969447195680313456e-01
-1.340678491079511092e-01
-6.850348872090656904e-01
-1.208781759557240099e+00
-1.803744758502296541e+00
-2.329033008482864486e-01
-1.011670047208629741e+00
1.115642268002743354e+00
-2.423639569332546873e-01
-1.705343079411658636e-01
-3.243758483936111103e-01
-5.328501884026694002e-01
2.176274380929574814e+00
1.121889546696481110e+00
5.177045834841792482e-01
-1.559923708015933386e+00
6.035587469533956195e-01
6.446047747625835989e-01
-1.770920552079401356e-01
3.306173796823181354e-01
1.626473999127061865e-01
-7.702922193042484045e-01
5.100286523587695964e-01
-9.279132540359636971e-01
-3.929416533286265723e-01
-3.230489548311544223e-01
-3.347538410651679452e+00
1.885781481636155554e+00
9.686857594015652051e-01
3.046564067058123437e-01
-5.885680844368690323e-02
2.320763100570575332e-01
-3.385519042244451993e-01
3.866258881418306592e-02
-7.510932267414865970e-01
4.330164383208073842e-03
2.957804759330803224e-01
7.481025538519052720e-01
1.924286822798918273e+00
-4.546829070282501495e-01
1.728751790522763121e-01
-2.122406594655509571e-01
1.328166476399717522e-01
-6.839232413897294860e-01
5.515566529410601548e-01
8.066992650562713196e-01
-1.957039353972261919e-01
-3.714777449336034154e-01
-3.528730735116135664e-01
7.270895402666694984e-01
1.062354722708920285e+00
-5.167251769437696679e-02
6.927115051491194997e-01
1.581219085991732776e+00
-4.771807933336206786e-01
8.154102732442028989e-01
-8.422038913863622023e-02
-1.061836450973611123e-01
-5.532498835441580498e-01
9.549221554173474569e-02
-3.236523190829628804e-01
-1.138857391304269467e-01
7.560981415353833501e-01
3.348824277165747265e-01
-6.620689050169019374e-02
-5.953080601478858425e-01
-1.800507536329448155e-01
-4.148411291823753816e-03
-2.103330761335088894e+00
-8.024098096242489042e-01
-2.014217030313085743e-01
-9.083354200634978781e-01
4.306107796857732151e-01
-7.951977794701373670e-01
-9.824868522648447788e-01
-1.061687294436238771e-01
-1.336179999442620725e-01
4.778001276466408709e-01
1.584117285091524441e-01
-7.601049992534720801e-01
-5.995905248885285282e-02
6.311783932569472455e-01
8.568983953862169267e-01
-1.821013280537196133e+00
-4.685840682362509835e-01
-7.033264950656276104e-02
7.364099250264283247e-02
-1.158501378869974674e-01
-3.248748943137749756e-01
-3.755949437000059565e-01
-3.766288141278879564e-01
-3.303626084510105976e+00
1.078368960915186969e+00
-4.283534078016826840e-01
-4.884247948789677274e-01
1.628655042150420451e+00
-3.558879983052851137e-01
7.546305526952029608e-01
-9.803703990563511494e-01
-3.816425416804353765e-01
-2.663380886557930594e-01
-6.123272181997333474e-01
8.177022598468451642e-02
2.662079836875718364e+00
1.070919618604790013e+00
4.136205866537285836e-01
4.065720506840271864e-01
-3.530069229454602109e-01
-4.338219635014671782e-01
-6.548693974272821183e-01
2.294066867244215768e-01
-3.018434207687393789e-01
2.264009487326985037e-01
1.309193358270655805e-01
-7.666444346320124836e-01
-1.055101844894964280e+00
-3.006166639224376880e-01
-7.496202401557312545e-01
-3.520713069548405683e-01
3.097949615098430365e-01
-5.901612581959020387e-01
-5.802990673533782173e-01
3.285197084111066701e-01
-1.171659685680868535e+00
-7.885556003865360486e-01
-5.421832841489770960e-01
-1.568188718277532034e+00
-1.595848727010380053e+00
6.995145193696056252e-01
4.466523312826098935e-01
-9.839733343855554537e-01
-3.668840890130984911e-01
-4.486628017433376137e-01
-8.572812178123099258e-01
2.766728190101604146e-02
-3.655133613523388059e-01
2.808174764201092355e-01
-9.622997322567958811e-01
-5.396384943952562407e-01
-9.953514849641480200e-02
1.241586746150567383e-01
-8.373820576594833698e-01
5.005852067517541082e-01
4.161439812274984051e-01
-1.261569162504261321e+00
2.016077010422015481e-01
-5.078254132804694843e-01
6.350842895801249721e-01
-6.094531586826988923e-01
1.648512525696618436e+00
-2.630882541098901739e-01
4.092907195687501276e-01
1.561400261134435974e+00
-4.117812997347229942e-01
-6.812476573059763618e-01
2.081775906927060271e-01
-5.305355229710063680e-01
-1.024064333416299322e+00
-1.132724285922756202e+00
