2.350000000000000089e+00
2.319999999999999840e+00
2.249000000000000110e+00
2.410000000000000142e+00
2.241000000000000103e+00
2.055000000000000160e+00
2.689999999999999947e+00
2.270000000000000018e+00
2.388999999999999790e+00
2.321000000000000174e+00
2.036999999999999922e+00
2.310999999999999943e+00
2.194999999999999840e+00
2.120999999999999996e+00
2.301000000000000156e+00
2.186999999999999833e+00
2.467999999999999972e+00
2.111000000000000210e+00
2.274000000000000021e+00
2.286000000000000032e+00
2.185000000000000053e+00
2.104000000000000092e+00
2.443000000000000060e+00
2.040999999999999925e+00
2.406000000000000139e+00
2.021999999999999797e+00
2.346000000000000085e+00
2.262000000000000011e+00
2.424999999999999822e+00
2.560999999999999943e+00
2.386000000000000121e+00
2.244000000000000217e+00
2.575000000000000178e+00
2.152000000000000135e+00
2.217000000000000082e+00
2.257000000000000117e+00
2.291999999999999815e+00
2.363999999999999879e+00
2.174999999999999822e+00
2.291999999999999815e+00
2.204000000000000181e+00
2.540000000000000036e+00
2.548999999999999932e+00
2.350999999999999979e+00
2.271999999999999797e+00
2.406000000000000139e+00
2.107000000000000206e+00
2.302999999999999936e+00
2.577999999999999847e+00
2.213999999999999968e+00
2.225999999999999979e+00
2.442000000000000171e+00
2.375999999999999890e+00
2.259999999999999787e+00
2.688000000000000167e+00
2.200000000000000178e+00
2.236000000000000210e+00
2.435999999999999943e+00
2.520000000000000018e+00
2.414000000000000146e+00
2.153999999999999915e+00
2.350999999999999979e+00
2.365000000000000213e+00
2.242999999999999883e+00
2.126999999999999780e+00
2.620000000000000107e+00
2.333000000000000185e+00
2.447000000000000064e+00
2.262999999999999901e+00
2.306000000000000050e+00
2.262999999999999901e+00
2.176000000000000156e+00
2.491000000000000103e+00
2.285000000000000142e+00
2.379999999999999893e+00
2.295999999999999819e+00
2.162999999999999812e+00
2.059000000000000163e+00
2.229000000000000092e+00
2.319999999999999840e+00
2.388999999999999790e+00
2.271999999999999797e+00
2.390000000000000124e+00
2.225000000000000089e+00
2.301000000000000156e+00
2.717999999999999972e+00
2.837000000000000188e+00
2.123000000000000220e+00
2.157000000000000028e+00
2.161999999999999922e+00
2.326000000000000068e+00
2.119000000000000217e+00
2.466000000000000192e+00
2.249000000000000110e+00
2.298000000000000043e+00
2.342999999999999972e+00
2.321000000000000174e+00
2.217000000000000082e+00
2.499000000000000110e+00
2.419000000000000039e+00
2.259999999999999787e+00
2.866000000000000103e+00
2.423000000000000043e+00
2.326999999999999957e+00
2.536999999999999922e+00
2.499000000000000110e+00
2.297000000000000153e+00
2.358000000000000096e+00
2.169000000000000039e+00
2.100000000000000089e+00
