9.495327221883425040e-01
1.487491571287726487e-02
-4.832258158790951885e-01
2.025100967616821013e+00
-1.452518274291339617e+00
-1.051442986539201874e+00
1.624822971822297846e-01
1.879610652544813285e-02
3.046873625964017784e-01
-1.442643251396920290e+00
8.875764930955638843e-02
-1.197546373982919965e+00
-3.630023265226888785e-01
1.147787574587346704e+00
1.264860905734641827e+00
1.216109448808293747e+00
-4.999177050160232838e-01
9.446255338042722771e-01
-2.190984680012892927e+00
-3.372690893575426285e-01
-2.026083506853256555e+00
-7.433714472219455915e-01
1.067495927408159462e+00
8.939870456002201315e-01
-1.264332798618609699e+00
-2.263122994888825124e-01
-1.695803095277394812e+00
1.127954960978961862e+00
8.574145929911726194e-01
-4.387272238332259877e-02
-8.096209527221104318e-01
-1.936910624377732537e+00
-1.977966858153795915e+00
5.528802578505727372e-02
-5.635582978656963338e-01
-8.079906530289681088e-01
-8.765250614480357694e-01
5.517483424275110293e-01
1.357125097176073991e+00
1.659369275731286786e+00
-1.244310971992714121e+00
-5.709280144314339278e-01
-1.204966606945349961e+00
-6.536554819452329301e-01
2.305349363188368361e+00
9.748586365855891334e-01
1.181467334842955103e-01
1.025832470909644023e+00
-2.575880399663649789e-01
-1.594592396640017284e+00
-2.146525147873686645e+00
3.883531807149745996e-01
1.197468437094142635e+00
1.368865369529051468e-01
6.760539519970151234e-01
-4.362749750371038848e-01
1.458416332845040131e+00
-3.265478674443238472e-01
-1.685876234345926150e+00
-1.836251587217763381e+00
1.903687943245429670e+00
1.080014419930371172e+00
1.463895977768757684e+00
-1.192887342054829380e+00
1.601798907815987549e+00
6.113159085554800143e-01
2.931987757608190970e-01
7.748423403566567780e-01
-2.190620607133191289e+00
3.498217251068789224e-01
1.258615675978378645e+00
-1.595993564648582053e-01
-9.361503971633018395e-01
-5.613378413930911748e-01
-1.985695021142896144e-01
8.052862690993273231e-01
1.770284897274290392e+00
-5.647816068404581946e-01
5.655372467888140076e-01
7.246436033120609022e-01
6.649876407391159816e-01
6.148892298043598936e-01
1.275437106972486800e+00
-1.084901140611383541e+00
9.592537368538794906e-01
-2.061396530135897187e+00
-6.690668139836367656e-01
-9.368070224448696304e-02
6.846468251400164226e-03
5.179013090432270650e-01
-2.624885264829309728e-01
2.434671897869193913e-01
-9.654808022570938730e-01
-9.039758516651056341e-01
1.176054474525133342e+00
-4.743022044295974737e-01
3.893734044502059066e-01
-1.797128979345976152e+00
6.427169545096229619e-01
-1.365060877417828111e+00
-1.683712933888995789e+00
-3.310588155355930762e-01
8.745191214767081278e-02
3.512369706839275629e-01
1.965230101995793510e-02
-4.058066189585037287e-01
6.391008831788177469e-01
-7.183240147761540406e-01
-1.596700543925086702e-01
-3.620772764618949147e+00
-4.161565117905551281e-01
-1.534151732968598081e+00
-1.052524102353700197e+00
-1.330807354911994533e+00
-5.475703622232702683e-01
5.579704327617112519e-02
1.485280262472271184e+00
7.114774172759250059e-02
-1.728395627580491478e+00
4.585132618678858796e-01
1.133518218168853425e-01
4.687367217150524568e-02
-1.802532763834512886e-01
6.325352795701207897e-01
8.352060777371811406e-01
-1.267212188214200119e-01
-9.186644051488224161e-01
-1.012279272468258329e+00
4.966186457833389190e-01
-7.024501624679064804e-01
7.897409879666364985e-01
-1.205423622879234907e-01
9.851995789415016747e-01
-4.540197854299735658e-01
-3.232698579974541686e-01
-2.228467055841612254e-01
-4.185403682610345233e-01
-5.178401729796276998e-01
-5.358046876084966437e-01
1.729866121798660616e+00
-9.990111253226111598e-01
-1.032770206897222209e+00
-1.737345713130334479e+00
-6.098749915875406602e-01
-2.031701062738954233e-01
-1.542509274200329461e+00
-1.825290044275505563e+00
1.556415005890691705e-01
-5.619831404879038761e-01
6.085669818299327405e-01
-9.267739442198817956e-01
-1.504194144491688423e+00
-2.299842797855508603e-01
-8.363195519205982587e-01
-8.707382959003190370e-01
7.341366800933220027e-01
-3.800929704643470769e-02
-1.262302109613047951e-01
5.927332442865265727e-03
-2.004220368851985512e+00
4.137166073932804777e-01
-5.787729328567101650e-01
-1.733647185619428432e+00
-1.255770232088349037e+00
-5.781207672072720127e-01
-9.266191648221473454e-01
1.124822469313824097e-01
-1.219673532999822618e-01
8.483205704635441435e-01
-4.335805214367059457e-01
4.036866445315451801e-01
7.282329716049944501e-01
4.774485296708581017e-01
6.208443796780314106e-01
-2.326084890287792306e-01
-9.948286456594923610e-01
-3.234620663511513783e-01
5.044521642498688285e-01
-1.016212718315599034e-01
-1.222718088867182473e+00
1.604839563696158489e-01
1.357705751390985149e-01
-7.293929096059397210e-01
8.397251571968699091e-01
1.078692184803111465e+00
9.195559861348497066e-02
-4.515422147783662576e-01
-8.484773445517022061e-01
2.173074816526753827e-01
5.439560001810207490e-01
2.833589516501252015e-01
6.622919996892484562e-02
2.523364756643861617e-01
-6.205047657191961052e-01
3.868500510004875825e-01
-5.764684300097963066e-01
1.045254452212693586e-01
4.777572576377468461e-01
-7.944912939365339488e-01
4.836393768974772689e-01
-5.326739957732085085e-01
1.464583019797241148e+00
-9.265282050327519059e-01
-1.244980952075580349e+00
6.733725365667185825e-01
-4.282071789162240211e-02
1.003839000976070928e+00
2.090802876019986822e+00
8.008345211390103247e-01
-7.013285905956718747e-01
1.275309429339422707e+00
1.340801917295515899e+00
-1.993315417603573614e-01
1.318679604803306926e+00
3.482991013122400670e-01
1.134397126382494569e+00
2.243783782842464353e-02
3.395930820683779050e-01
7.990107575566930409e-01
-8.010212402225632689e-01
-2.253901731683733978e-01
9.791560156031200446e-01
2.179078736914089875e-01
-1.254090201734873455e-01
3.160662692174308619e-01
-3.535417197464360006e-01
-5.245370248031289151e-01
-2.625066296930054777e-01
-1.313145636543325390e+00
-6.532166767537006535e-01
-1.150110542880561498e-01
1.483760181017413915e+00
3.797172421136957299e-01
-1.341611633712651130e+00
5.953876211107309580e-01
3.318560437037585409e-01
-1.352726066958633011e-01
-1.810564749819380537e-01
1.307118115378869572e+00
-9.596667043081644755e-01
1.342677326988640285e+00
4.924369178638979272e-01
1.082426803566011314e-01
1.676193945529417251e-01
-6.423462886227737645e-01
1.326425989016839502e+00
-3.285577662871378979e-01
-6.525485456731332512e-01
-1.995772736754419519e-01
4.573529017585420964e-01
-1.455163253421389635e+00
3.270488885230922738e-01
7.793567754710515327e-01
-3.754438905869428855e-01
-4.252548425399757526e-01
-4.227766476817490515e-01
-5.048957314266995233e-01
-1.625932044141504162e+00
-1.472080860288517590e+00
4.369397483271274946e-02
4.384991563892969291e-01
6.902510735334075331e-01
-1.525142834116629542e+00
-9.842111739289342021e-01
5.077256621362684630e-01
-3.688094441955250269e-01
-3.196216232029501780e-01
1.571868188569617075e+00
1.486174468241247215e+00
9.508839527365214872e-01
6.469164001858993540e-01
3.638614992209799892e-01
1.808434246831846365e-02
1.674639273209672208e+00
2.006822740215492118e+00
-1.114109507449831671e-01
-3.479142028898281613e-01
-1.813453095924161818e-01
-1.097841423840401731e+00
1.283938255028851172e+00
-1.446620612294944097e+00
-7.175475958702544066e-01
3.062614472725339043e-01
-1.600527088267763798e+00
1.791349620939698628e+00
2.258909385915967502e-02
1.448638825242147821e-01
4.930802045042525020e-03
-2.158773369073165860e+00
9.928351697596881076e-01
-3.009842803214972662e-01
-6.480992167485537248e-02
-7.386126444791017986e-01
-5.156507000929924089e-01
-3.784775446503524932e-01
-5.574483095468243388e-01
-1.917436870211251462e-02
5.784377997309594344e-01
-1.197541715652918753e-01
1.510811417740463236e+00
-1.220847726748514273e+00
-5.694364086799945657e-01
9.483553527440912179e-01
1.967700457016912763e+00
1.134741410857303956e+00
-8.958502028293831021e-01
-1.233713817747267849e-01
1.498423600159339619e+00
-6.841580300248177871e-01
-3.435485105973050679e-01
-4.780804602617353405e-01
1.530333722803395302e+00
2.325354118319612196e-01
1.778648372985727200e+00
-8.016541279468546444e-01
1.330278888284531558e+00
-1.023208424314987930e+00
1.786896002076877044e-01
-1.126944623817683455e+00
2.019974905934047271e+00
-5.565341835184974828e-01
-9.077397882265766382e-01
-2.036402877318280513e+00
1.215419804381433037e-02
-9.305838665202134097e-01
1.467172012288229688e+00
1.326676087171211549e+00
1.957841116547215377e+00
1.527410052545903063e-01
-3.319202998571773477e+00
3.326234686991234035e-01
-9.780409809312962111e-01
-5.033864577379317667e-02
-6.144977027004102643e-01
-1.899108739703695981e-01
-6.645221737331912237e-01
-2.088125084550899846e+00
3.874995984925569403e-01
1.518876444689273519e+00
-9.481210483933554256e-01
2.274260108738483110e-01
-1.809263892024304821e-01
6.336127280701812081e-01
-4.188055344682934944e-01
-9.739596020036134227e-01
-9.896113253065592918e-02
-1.339710125326585843e-01
-5.940178557259061520e-01
-3.014819390563900914e-01
-7.106321201782965780e-01
2.410997409583936602e+00
-2.270056529856480376e-01
5.282530221860785025e-01
3.046731981540088952e-01
-1.770009107184334018e+00
7.153319980685671764e-01
-7.433690206409578893e-01
2.533247447547687381e-01
-7.398237510616729740e-01
-7.026587733005583425e-02
2.457764932865815488e-01
-5.549947457253628924e-01
-1.114205120346165145e+00
-1.471019358402841259e+00
-4.608027107956919610e-01
-1.202132158192965178e-01
-3.674000212181296326e-02
9.767105370662381159e-01
2.076168197099872881e+00
-7.325776523709587318e-01
4.415367328835543281e-01
7.256298318885476828e-01
7.748172699683516518e-01
5.862439084260628874e-01
9.155275972056221845e-02
-1.560731670811852156e+00
-1.879314324643289458e-01
-1.674226472940852251e+00
-1.257485579607376946e+00
-5.153172599589349590e-01
2.016993409504005630e+00
2.848863447719873765e+00
3.959658800355081443e-01
-6.094139369703184261e-01
1.259346592563205691e+00
-1.092799604505485966e+00
-4.437664389637390183e-01
-1.198345537894187629e+00
-4.432849855387581139e-01
-1.169388591203858407e+00
3.558370764534686259e-01
-1.201186764831632559e+00
-5.970575382529694775e-01
-1.236635968569070654e+00
2.498941696291377690e-01
-2.534366880202720829e-01
4.105150202183430186e-02
-2.640393877119498467e-01
2.140892725973816135e-01
-5.686636978205266146e-01
-1.621471616444342345e+00
-1.568041349798902362e-01
7.094437262193946658e-01
5.410250828788553124e-01
-2.115122912881635120e-01
6.120261039044908591e-01
-7.608227182300620894e-01
-1.376550663516313833e+00
-7.008180714636393083e-02
-5.932822261036142519e-01
-8.797485655976984287e-01
1.311275571734360712e+00
1.581492334400515232e-01
1.263875059824320912e-01
-8.504159257581223041e-01
9.895481245127287773e-01
-6.367476521272548151e-01
4.801584482565468548e-01
5.478569743156519456e-01
-1.344000988004125041e+00
6.491415181968327452e-01
-6.995606875533729729e-01
9.279323231876178690e-01
-9.409331272527285961e-01
5.237724634639585597e-01
-8.656712679967797364e-01
-1.397015501070399290e+00
2.136598826099320170e-01
-8.516501014450100771e-01
-3.367206021856551379e-01
-1.472113696804342675e+00
-5.722913915557656939e-01
4.828351807028303799e-01
-6.229447939086105723e-01
1.340687908215374147e-01
-1.220373501121883725e-01
