4.213000000000000114e+02
6.867999999999999545e+02
4.285000000000000000e+02
6.347000000000000455e+02
4.101000000000000227e+02
4.753000000000000114e+02
3.268999999999999773e+02
5.747999999999999545e+02
5.825000000000000000e+02
5.040000000000000000e+02
5.106000000000000227e+02
5.273999999999999773e+02
5.127000000000000455e+02
4.366000000000000227e+02
1.035799999999999955e+03
4.856000000000000227e+02
3.926999999999999886e+02
3.171999999999999886e+02
5.513999999999999773e+02
8.022999999999999545e+02
5.468999999999999773e+02
5.497000000000000455e+02
4.055000000000000000e+02
4.246999999999999886e+02
7.072000000000000455e+02
5.828999999999999773e+02
5.675000000000000000e+02
7.222999999999999545e+02
5.593999999999999773e+02
6.583999999999999773e+02
6.093999999999999773e+02
5.737999999999999545e+02
7.417000000000000455e+02
6.583999999999999773e+02
4.458999999999999773e+02
4.996000000000000227e+02
4.776000000000000227e+02
3.510000000000000000e+02
6.037000000000000455e+02
5.561000000000000227e+02
1.611999999999999886e+02
3.236999999999999886e+02
1.090799999999999955e+03
4.458999999999999773e+02
6.322000000000000455e+02
6.350000000000000000e+02
5.492000000000000455e+02
4.471000000000000227e+02
3.425000000000000000e+02
4.218999999999999773e+02
4.888000000000000114e+02
5.048999999999999773e+02
4.070000000000000000e+02
3.061999999999999886e+02
5.913999999999999773e+02
7.511000000000000227e+02
2.520999999999999943e+02
4.713999999999999773e+02
2.288000000000000114e+02
3.440000000000000000e+02
7.461000000000000227e+02
3.086999999999999886e+02
3.706999999999999886e+02
2.986000000000000227e+02
6.267999999999999545e+02
3.208000000000000114e+02
6.177000000000000455e+02
5.412999999999999545e+02
7.291000000000000227e+02
4.911000000000000227e+02
7.490000000000000000e+02
5.912999999999999545e+02
8.082000000000000455e+02
5.367000000000000455e+02
3.683999999999999773e+02
6.803999999999999773e+02
5.322000000000000455e+02
1.071599999999999909e+03
5.237999999999999545e+02
2.795000000000000000e+02
6.435000000000000000e+02
2.826000000000000227e+02
9.035000000000000000e+02
3.431000000000000227e+02
6.807000000000000455e+02
2.693000000000000114e+02
3.446999999999999886e+02
5.923999999999999773e+02
2.496999999999999886e+02
2.868000000000000114e+02
3.153000000000000114e+02
7.282000000000000455e+02
4.271000000000000227e+02
7.281000000000000227e+02
4.616000000000000227e+02
3.545000000000000000e+02
5.870000000000000000e+02
3.338000000000000114e+02
4.011000000000000227e+02
4.116999999999999886e+02
5.681000000000000227e+02
7.116000000000000227e+02
4.803000000000000114e+02
7.367000000000000455e+02
5.587000000000000455e+02
4.840000000000000000e+02
4.268000000000000114e+02
5.262999999999999545e+02
3.115000000000000000e+02
5.772000000000000455e+02
5.815000000000000000e+02
5.232000000000000455e+02
6.317999999999999545e+02
4.293999999999999773e+02
7.145000000000000000e+02
4.066999999999999886e+02
3.156999999999999886e+02
5.231000000000000227e+02
5.656000000000000227e+02
5.020000000000000000e+02
5.457999999999999545e+02
1.008000000000000000e+03
3.128999999999999773e+02
4.333000000000000114e+02
6.833999999999999773e+02
7.736000000000000227e+02
6.056000000000000227e+02
4.633999999999999773e+02
3.975000000000000000e+02
4.913999999999999773e+02
4.571999999999999886e+02
4.111000000000000227e+02
5.313999999999999773e+02
9.293999999999999773e+02
8.148999999999999773e+02
3.186000000000000227e+02
3.915000000000000000e+02
2.968999999999999773e+02
3.858000000000000114e+02
8.445000000000000000e+02
4.750000000000000000e+02
5.011000000000000227e+02
4.673999999999999773e+02
2.933999999999999773e+02
4.603999999999999773e+02
4.101000000000000227e+02
4.763999999999999773e+02
5.465000000000000000e+02
5.888999999999999773e+02
6.653999999999999773e+02
2.881999999999999886e+02
3.686000000000000227e+02
5.122000000000000455e+02
9.647000000000000455e+02
3.216999999999999886e+02
6.623999999999999773e+02
7.412000000000000455e+02
5.583999999999999773e+02
3.911999999999999886e+02
5.440000000000000000e+02
1.118099999999999909e+03
5.736000000000000227e+02
3.118000000000000114e+02
5.576000000000000227e+02
6.378999999999999773e+02
9.647000000000000455e+02
7.347999999999999545e+02
5.370000000000000000e+02
2.876999999999999886e+02
3.775000000000000000e+02
5.122000000000000455e+02
3.838999999999999773e+02
3.920000000000000000e+02
6.566000000000000227e+02
6.782999999999999545e+02
6.092999999999999545e+02
7.067000000000000455e+02
3.318000000000000114e+02
2.496999999999999886e+02
3.656000000000000227e+02
2.956999999999999886e+02
6.197000000000000455e+02
6.132999999999999545e+02
7.302000000000000455e+02
6.027999999999999545e+02
5.712000000000000455e+02
5.708999999999999773e+02
7.607000000000000455e+02
5.492000000000000455e+02
4.956000000000000227e+02
3.160000000000000000e+02
6.737000000000000455e+02
4.231999999999999886e+02
4.858999999999999773e+02
5.835000000000000000e+02
5.403999999999999773e+02
7.001000000000000227e+02
4.713000000000000114e+02
2.490000000000000000e+02
4.961999999999999886e+02
4.993999999999999773e+02
4.331000000000000227e+02
5.697999999999999545e+02
3.851000000000000227e+02
9.313999999999999773e+02
4.853000000000000114e+02
6.240000000000000000e+02
3.906000000000000227e+02
4.021999999999999886e+02
2.328000000000000114e+02
4.143000000000000114e+02
4.493999999999999773e+02
3.896999999999999886e+02
3.463000000000000114e+02
3.856999999999999886e+02
8.182999999999999545e+02
9.111000000000000227e+02
5.246000000000000227e+02
4.991000000000000227e+02
5.691000000000000227e+02
5.437000000000000455e+02
3.651999999999999886e+02
8.235000000000000000e+02
3.146999999999999886e+02
5.280000000000000000e+02
2.886000000000000227e+02
6.932999999999999545e+02
8.551000000000000227e+02
3.151999999999999886e+02
8.800000000000000000e+02
3.923999999999999773e+02
5.283999999999999773e+02
5.833999999999999773e+02
6.491000000000000227e+02
3.580000000000000000e+02
6.998999999999999773e+02
3.458999999999999773e+02
4.840000000000000000e+02
4.920000000000000000e+02
4.123999999999999773e+02
3.466000000000000227e+02
3.601000000000000227e+02
5.343999999999999773e+02
4.236999999999999886e+02
4.640000000000000000e+02
5.567000000000000455e+02
5.750000000000000000e+02
4.630000000000000000e+02
5.552999999999999545e+02
4.921999999999999886e+02
4.325000000000000000e+02
1.014200000000000045e+03
3.736999999999999886e+02
3.785000000000000000e+02
5.852999999999999545e+02
5.887999999999999545e+02
4.201000000000000227e+02
3.118000000000000114e+02
5.146000000000000227e+02
4.761999999999999886e+02
3.856999999999999886e+02
5.751000000000000227e+02
6.870000000000000000e+02
4.146999999999999886e+02
6.336000000000000227e+02
6.612999999999999545e+02
7.670000000000000000e+02
4.331000000000000227e+02
5.362000000000000455e+02
4.055000000000000000e+02
2.306999999999999886e+02
6.662999999999999545e+02
4.636999999999999886e+02
7.193999999999999773e+02
3.376000000000000227e+02
3.811000000000000227e+02
3.463000000000000114e+02
3.848000000000000114e+02
6.252000000000000455e+02
4.151999999999999886e+02
4.951999999999999886e+02
5.213999999999999773e+02
6.597999999999999545e+02
3.508999999999999773e+02
9.412999999999999545e+02
2.936000000000000227e+02
8.806000000000000227e+02
3.543999999999999773e+02
3.931999999999999886e+02
3.276000000000000227e+02
9.391000000000000227e+02
3.048000000000000114e+02
5.878999999999999773e+02
5.852999999999999545e+02
5.323999999999999773e+02
5.785000000000000000e+02
2.404000000000000057e+02
6.877000000000000455e+02
8.161000000000000227e+02
4.871999999999999886e+02
8.030000000000000000e+02
5.302999999999999545e+02
2.139000000000000057e+02
4.196000000000000227e+02
4.893999999999999773e+02
5.820000000000000000e+02
3.871999999999999886e+02
4.261000000000000227e+02
3.963000000000000114e+02
8.138999999999999773e+02
5.561000000000000227e+02
5.612999999999999545e+02
5.333999999999999773e+02
4.561000000000000227e+02
5.127999999999999545e+02
3.838000000000000114e+02
4.255000000000000000e+02
7.313999999999999773e+02
4.078999999999999773e+02
4.561999999999999886e+02
5.811000000000000227e+02
2.868999999999999773e+02
4.138000000000000114e+02
3.283999999999999773e+02
5.307000000000000455e+02
4.818999999999999773e+02
2.219000000000000057e+02
3.390000000000000000e+02
5.523999999999999773e+02
3.991000000000000227e+02
5.835000000000000000e+02
2.443000000000000114e+02
4.030000000000000000e+02
4.411000000000000227e+02
5.197999999999999545e+02
7.980000000000000000e+02
4.366999999999999886e+02
4.121999999999999886e+02
4.441999999999999886e+02
5.011000000000000227e+02
4.933999999999999773e+02
3.153000000000000114e+02
4.936999999999999886e+02
4.591999999999999886e+02
3.686000000000000227e+02
4.636999999999999886e+02
7.698999999999999773e+02
3.408999999999999773e+02
7.466000000000000227e+02
4.183999999999999773e+02
3.463999999999999773e+02
5.616000000000000227e+02
6.380000000000000000e+02
9.291000000000000227e+02
5.972000000000000455e+02
5.440000000000000000e+02
7.040000000000000000e+02
3.766999999999999886e+02
3.573999999999999773e+02
5.051999999999999886e+02
3.061999999999999886e+02
6.328999999999999773e+02
7.500000000000000000e+02
4.398999999999999773e+02
5.215000000000000000e+02
5.527000000000000455e+02
4.180000000000000000e+02
2.855000000000000000e+02
4.196000000000000227e+02
5.535000000000000000e+02
5.722000000000000455e+02
2.873000000000000114e+02
4.746000000000000227e+02
6.473999999999999773e+02
3.828999999999999773e+02
8.137999999999999545e+02
7.447999999999999545e+02
4.673999999999999773e+02
5.026999999999999886e+02
5.815000000000000000e+02
6.813999999999999773e+02
5.025000000000000000e+02
4.531999999999999886e+02
5.056999999999999886e+02
4.996999999999999886e+02
9.391000000000000227e+02
4.036000000000000227e+02
5.748999999999999773e+02
6.033999999999999773e+02
5.018000000000000114e+02
4.493000000000000114e+02
3.200000000000000000e+02
3.978000000000000114e+02
5.737000000000000455e+02
2.319000000000000057e+02
3.043000000000000114e+02
6.570000000000000000e+02
5.560000000000000000e+02
3.796999999999999886e+02
6.497000000000000455e+02
3.563000000000000114e+02
3.280000000000000000e+02
3.823000000000000114e+02
5.157000000000000455e+02
5.750000000000000000e+02
5.767999999999999545e+02
5.815000000000000000e+02
2.601999999999999886e+02
4.478000000000000114e+02
3.596000000000000227e+02
3.560000000000000000e+02
5.247000000000000455e+02
6.171000000000000227e+02
4.795000000000000000e+02
6.008999999999999773e+02
3.583000000000000114e+02
5.357999999999999545e+02
6.877000000000000455e+02
4.805000000000000000e+02
4.908999999999999773e+02
3.245000000000000000e+02
7.141000000000000227e+02
5.130000000000000000e+02
6.603999999999999773e+02
5.033000000000000114e+02
4.071000000000000227e+02
4.655000000000000000e+02
5.942999999999999545e+02
5.815000000000000000e+02
4.941000000000000227e+02
5.338999999999999773e+02
5.562000000000000455e+02
4.801000000000000227e+02
4.988999999999999773e+02
7.117000000000000455e+02
3.650000000000000000e+02
