2.983000000000000096e+00
2.646999999999999797e+00
2.797000000000000153e+00
2.569999999999999840e+00
2.623000000000000220e+00
2.293000000000000149e+00
3.033999999999999808e+00
2.452999999999999847e+00
2.686999999999999833e+00
2.797000000000000153e+00
2.560000000000000053e+00
2.615000000000000213e+00
2.543000000000000149e+00
2.498000000000000220e+00
2.682999999999999829e+00
2.634999999999999787e+00
2.987999999999999989e+00
2.450000000000000178e+00
2.826000000000000068e+00
2.991000000000000103e+00
2.620000000000000107e+00
2.423000000000000043e+00
2.769000000000000128e+00
2.600000000000000089e+00
2.350000000000000089e+00
2.355999999999999872e+00
2.604999999999999982e+00
2.589999999999999858e+00
2.490000000000000213e+00
2.718999999999999861e+00
2.821000000000000174e+00
2.947000000000000064e+00
3.043000000000000149e+00
2.821000000000000174e+00
2.810999999999999943e+00
2.693000000000000060e+00
2.700000000000000178e+00
2.645999999999999908e+00
2.629999999999999893e+00
2.823999999999999844e+00
2.520999999999999908e+00
3.012000000000000011e+00
3.153000000000000025e+00
2.576000000000000068e+00
2.462000000000000188e+00
2.857000000000000206e+00
2.575000000000000178e+00
2.923999999999999932e+00
2.959000000000000075e+00
2.813000000000000167e+00
2.474000000000000199e+00
3.133000000000000007e+00
2.819999999999999840e+00
2.686999999999999833e+00
3.176000000000000156e+00
2.854000000000000092e+00
2.775999999999999801e+00
3.250999999999999890e+00
2.930000000000000160e+00
2.819999999999999840e+00
2.607000000000000206e+00
2.540999999999999925e+00
2.791999999999999815e+00
2.615000000000000213e+00
2.782999999999999918e+00
3.028000000000000025e+00
2.773000000000000131e+00
2.536000000000000032e+00
2.549999999999999822e+00
2.588000000000000078e+00
2.589999999999999858e+00
2.516999999999999904e+00
2.584999999999999964e+00
2.689999999999999947e+00
2.724000000000000199e+00
2.591000000000000192e+00
2.096999999999999975e+00
1.993000000000000105e+00
2.370999999999999996e+00
2.733999999999999986e+00
2.845000000000000195e+00
2.745000000000000107e+00
2.762999999999999901e+00
2.802000000000000046e+00
2.435999999999999943e+00
3.085999999999999854e+00
3.028999999999999915e+00
2.730999999999999872e+00
2.593999999999999861e+00
2.418000000000000149e+00
2.654999999999999805e+00
2.520000000000000018e+00
3.037999999999999812e+00
2.629999999999999893e+00
2.623000000000000220e+00
2.456999999999999851e+00
2.556000000000000050e+00
2.240000000000000213e+00
2.742999999999999883e+00
2.871999999999999886e+00
2.452999999999999847e+00
3.281000000000000139e+00
2.899000000000000021e+00
2.705999999999999961e+00
2.790999999999999925e+00
2.568000000000000060e+00
2.603000000000000203e+00
2.608999999999999986e+00
2.621999999999999886e+00
2.346999999999999975e+00
