2.830999999999999961e+00
2.476999999999999869e+00
3.051000000000000156e+00
2.386000000000000121e+00
2.814999999999999947e+00
2.694999999999999840e+00
2.648000000000000131e+00
2.609999999999999876e+00
2.588000000000000078e+00
2.678999999999999826e+00
2.692000000000000171e+00
2.686999999999999833e+00
2.992999999999999883e+00
2.579000000000000181e+00
2.630999999999999783e+00
2.861000000000000210e+00
2.802999999999999936e+00
2.688000000000000167e+00
2.588000000000000078e+00
1.947999999999999954e+00
2.278000000000000025e+00
2.350999999999999979e+00
3.113999999999999879e+00
2.564999999999999947e+00
2.732000000000000206e+00
2.535000000000000142e+00
2.829000000000000181e+00
3.085999999999999854e+00
2.637999999999999901e+00
2.738999999999999879e+00
2.415999999999999925e+00
2.690999999999999837e+00
2.696000000000000174e+00
2.738999999999999879e+00
3.051000000000000156e+00
2.599000000000000199e+00
2.662999999999999812e+00
2.932999999999999829e+00
3.249000000000000110e+00
2.976999999999999869e+00
2.701000000000000068e+00
2.677999999999999936e+00
2.354999999999999982e+00
3.051000000000000156e+00
2.732000000000000206e+00
2.794999999999999929e+00
3.141000000000000014e+00
2.766999999999999904e+00
2.861000000000000210e+00
2.576999999999999957e+00
2.494000000000000217e+00
2.789000000000000146e+00
2.813000000000000167e+00
2.677000000000000046e+00
2.669999999999999929e+00
2.375000000000000000e+00
2.883000000000000007e+00
2.685000000000000053e+00
2.802999999999999936e+00
2.464999999999999858e+00
2.818999999999999950e+00
2.692000000000000171e+00
2.616999999999999993e+00
2.248000000000000220e+00
2.604000000000000092e+00
2.759999999999999787e+00
2.992999999999999883e+00
2.613999999999999879e+00
2.580999999999999961e+00
2.959999999999999964e+00
2.758000000000000007e+00
2.634999999999999787e+00
2.585999999999999854e+00
2.939000000000000057e+00
2.443000000000000060e+00
2.709999999999999964e+00
3.028999999999999915e+00
2.733999999999999986e+00
2.944999999999999840e+00
2.963000000000000078e+00
2.617999999999999883e+00
2.899999999999999911e+00
2.475999999999999979e+00
2.529999999999999805e+00
2.751999999999999780e+00
2.498000000000000220e+00
2.692000000000000171e+00
2.305000000000000160e+00
3.419999999999999929e+00
2.436999999999999833e+00
2.951999999999999957e+00
2.218999999999999861e+00
2.702999999999999847e+00
2.744000000000000217e+00
2.620000000000000107e+00
2.637999999999999901e+00
2.894000000000000128e+00
2.729999999999999982e+00
2.656000000000000139e+00
2.709999999999999964e+00
2.737999999999999989e+00
2.161000000000000032e+00
2.577999999999999847e+00
2.778000000000000025e+00
2.608999999999999986e+00
2.932999999999999829e+00
2.529999999999999805e+00
2.710999999999999854e+00
2.648000000000000131e+00
2.692000000000000171e+00
3.237999999999999989e+00
2.492999999999999883e+00
2.604999999999999982e+00
2.712000000000000188e+00
2.396999999999999797e+00
2.775999999999999801e+00
2.857000000000000206e+00
2.717000000000000082e+00
2.732000000000000206e+00
2.698999999999999844e+00
2.617999999999999883e+00
3.153000000000000025e+00
2.766000000000000014e+00
2.843999999999999861e+00
2.753000000000000114e+00
2.458000000000000185e+00
2.258000000000000007e+00
2.847999999999999865e+00
2.638999999999999790e+00
2.857000000000000206e+00
2.754000000000000004e+00
2.801000000000000156e+00
2.504000000000000004e+00
2.693000000000000060e+00
2.620000000000000107e+00
2.786999999999999922e+00
2.814999999999999947e+00
2.713000000000000078e+00
2.391000000000000014e+00
2.491999999999999993e+00
2.875999999999999890e+00
2.625000000000000000e+00
2.294000000000000039e+00
2.392999999999999794e+00
2.580000000000000071e+00
2.814999999999999947e+00
2.653999999999999915e+00
2.779999999999999805e+00
2.810999999999999943e+00
2.724000000000000199e+00
2.871999999999999886e+00
2.656000000000000139e+00
2.475000000000000089e+00
2.919000000000000039e+00
2.279999999999999805e+00
2.640000000000000124e+00
2.333000000000000185e+00
2.661999999999999922e+00
2.636000000000000121e+00
2.237999999999999989e+00
2.568000000000000060e+00
2.527000000000000135e+00
2.669000000000000039e+00
2.366000000000000103e+00
2.581999999999999851e+00
2.919000000000000039e+00
2.698999999999999844e+00
2.511000000000000121e+00
2.874000000000000110e+00
2.630999999999999783e+00
2.552000000000000046e+00
3.029999999999999805e+00
2.730999999999999872e+00
2.811999999999999833e+00
2.564999999999999947e+00
2.238999999999999879e+00
2.592000000000000082e+00
2.967000000000000082e+00
3.419999999999999929e+00
2.467999999999999972e+00
3.012000000000000011e+00
2.713000000000000078e+00
2.845000000000000195e+00
2.567000000000000171e+00
2.859999999999999876e+00
2.615000000000000213e+00
2.935000000000000053e+00
2.555000000000000160e+00
3.141000000000000014e+00
2.813000000000000167e+00
2.696000000000000174e+00
2.604000000000000092e+00
2.745000000000000107e+00
2.704000000000000181e+00
2.621999999999999886e+00
2.672000000000000153e+00
2.361000000000000210e+00
2.851999999999999869e+00
2.923000000000000043e+00
2.883999999999999897e+00
2.710999999999999854e+00
3.016999999999999904e+00
2.673000000000000043e+00
2.376999999999999780e+00
3.009999999999999787e+00
2.855999999999999872e+00
2.616000000000000103e+00
2.774999999999999911e+00
3.241999999999999993e+00
2.862999999999999989e+00
2.814999999999999947e+00
2.811999999999999833e+00
2.758000000000000007e+00
2.528999999999999915e+00
2.987999999999999989e+00
2.564000000000000057e+00
2.657000000000000028e+00
2.995999999999999996e+00
2.623000000000000220e+00
2.427000000000000046e+00
2.528999999999999915e+00
2.956999999999999851e+00
2.645999999999999908e+00
2.621999999999999886e+00
2.553999999999999826e+00
2.758999999999999897e+00
2.705999999999999961e+00
2.370000000000000107e+00
2.580000000000000071e+00
2.825000000000000178e+00
2.443999999999999950e+00
2.761000000000000121e+00
2.556999999999999940e+00
2.486000000000000210e+00
2.773000000000000131e+00
2.629000000000000004e+00
2.678999999999999826e+00
2.806999999999999940e+00
3.261000000000000121e+00
2.951999999999999957e+00
2.782999999999999918e+00
2.782999999999999918e+00
2.547000000000000153e+00
2.640000000000000124e+00
2.335999999999999854e+00
2.802000000000000046e+00
2.834999999999999964e+00
2.568000000000000060e+00
2.608999999999999986e+00
2.761000000000000121e+00
2.616999999999999993e+00
2.657000000000000028e+00
2.712000000000000188e+00
2.737000000000000099e+00
3.088000000000000078e+00
2.608999999999999986e+00
2.650999999999999801e+00
2.669000000000000039e+00
2.751999999999999780e+00
2.690999999999999837e+00
2.987999999999999989e+00
2.782000000000000028e+00
2.617999999999999883e+00
2.482000000000000206e+00
2.702999999999999847e+00
2.789000000000000146e+00
2.879000000000000004e+00
3.016999999999999904e+00
2.851999999999999869e+00
3.113999999999999879e+00
3.060999999999999943e+00
2.589999999999999858e+00
2.581999999999999851e+00
2.931000000000000050e+00
2.920999999999999819e+00
2.778999999999999915e+00
2.545999999999999819e+00
2.734999999999999876e+00
2.842000000000000082e+00
3.024000000000000021e+00
2.549999999999999822e+00
2.500999999999999890e+00
2.620000000000000107e+00
2.435999999999999943e+00
2.576000000000000068e+00
2.854999999999999982e+00
2.674999999999999822e+00
3.104999999999999982e+00
2.633000000000000007e+00
2.972999999999999865e+00
2.410000000000000142e+00
2.600000000000000089e+00
2.366000000000000103e+00
3.088000000000000078e+00
2.354000000000000092e+00
2.967000000000000082e+00
2.504000000000000004e+00
2.823999999999999844e+00
2.363999999999999879e+00
2.891999999999999904e+00
2.545999999999999819e+00
2.899000000000000021e+00
2.516000000000000014e+00
2.637000000000000011e+00
2.581999999999999851e+00
2.608999999999999986e+00
2.511000000000000121e+00
2.818000000000000060e+00
2.975999999999999979e+00
2.379999999999999893e+00
2.866999999999999993e+00
2.720000000000000195e+00
2.496999999999999886e+00
2.744000000000000217e+00
3.205000000000000071e+00
2.583000000000000185e+00
2.770000000000000018e+00
2.361000000000000210e+00
2.439000000000000057e+00
2.970000000000000195e+00
2.353000000000000203e+00
2.693999999999999950e+00
2.722999999999999865e+00
2.588999999999999968e+00
2.677000000000000046e+00
2.589999999999999858e+00
2.915999999999999925e+00
2.726999999999999869e+00
2.790999999999999925e+00
3.035000000000000142e+00
2.987000000000000099e+00
2.919000000000000039e+00
2.584999999999999964e+00
2.866000000000000103e+00
2.444999999999999840e+00
2.588999999999999968e+00
2.771999999999999797e+00
2.729999999999999982e+00
2.785000000000000142e+00
2.823999999999999844e+00
2.616000000000000103e+00
2.951999999999999957e+00
2.846999999999999975e+00
2.744000000000000217e+00
2.967999999999999972e+00
2.581999999999999851e+00
2.289000000000000146e+00
2.653999999999999915e+00
2.443999999999999950e+00
2.567000000000000171e+00
2.833000000000000185e+00
2.761000000000000121e+00
2.551000000000000156e+00
2.672000000000000153e+00
2.197999999999999954e+00
2.854999999999999982e+00
2.641000000000000014e+00
2.959000000000000075e+00
2.710999999999999854e+00
2.496999999999999886e+00
2.677000000000000046e+00
2.541999999999999815e+00
2.591000000000000192e+00
2.849000000000000199e+00
2.693999999999999950e+00
2.975000000000000089e+00
2.560000000000000053e+00
3.100000000000000089e+00
2.637000000000000011e+00
2.519000000000000128e+00
2.712000000000000188e+00
3.007000000000000117e+00
2.652000000000000135e+00
2.702999999999999847e+00
3.008999999999999897e+00
2.803999999999999826e+00
2.795999999999999819e+00
2.797000000000000153e+00
2.745999999999999996e+00
3.237999999999999989e+00
2.507000000000000117e+00
2.693000000000000060e+00
2.182999999999999829e+00
2.686999999999999833e+00
2.649000000000000021e+00
2.785000000000000142e+00
2.657999999999999918e+00
2.645000000000000018e+00
2.625000000000000000e+00
2.931000000000000050e+00
2.645999999999999908e+00
2.576000000000000068e+00
2.813000000000000167e+00
2.491000000000000103e+00
2.947999999999999954e+00
2.786999999999999922e+00
2.920999999999999819e+00
2.762000000000000011e+00
2.323999999999999844e+00
2.826000000000000068e+00
2.583000000000000185e+00
2.650999999999999801e+00
2.806999999999999940e+00
2.882000000000000117e+00
2.834999999999999964e+00
2.744000000000000217e+00
2.916999999999999815e+00
2.213000000000000078e+00
2.521999999999999797e+00
3.056999999999999940e+00
2.725000000000000089e+00
2.958000000000000185e+00
2.705999999999999961e+00
2.778000000000000025e+00
2.755999999999999783e+00
3.176000000000000156e+00
2.774000000000000021e+00
2.823999999999999844e+00
2.564000000000000057e+00
2.794999999999999929e+00
2.821000000000000174e+00
2.580000000000000071e+00
3.083000000000000185e+00
2.189999999999999947e+00
2.966000000000000192e+00
2.770999999999999908e+00
2.357000000000000206e+00
2.911999999999999922e+00
2.916999999999999815e+00
2.535000000000000142e+00
2.725999999999999979e+00
2.282999999999999918e+00
2.831999999999999851e+00
2.583000000000000185e+00
2.471999999999999975e+00
3.057999999999999829e+00
