1.592471181841905725e+01
1.548367443999552151e+01
1.970459028275100621e+01
1.390171300054239367e+01
1.946416648440810704e+01
1.519627869776437024e+01
1.593403298857686856e+01
1.661296735175692518e+01
1.812093524138852629e+01
1.471800774402521839e+01
1.662439160782139780e+01
1.548367443999552151e+01
1.598585201747307316e+01
1.638190278015415302e+01
1.615621922376638153e+01
1.604629922973479950e+01
1.602071746441146161e+01
1.542076738135698122e+01
1.483016901021751721e+01
1.586631363330153732e+01
1.438779248696131319e+01
1.542076738135698122e+01
1.946603433233508440e+01
1.610967263246439529e+01
1.668793672574653186e+01
1.595999150846602710e+01
1.448592576248640995e+01
1.970395685204588077e+01
1.584906104385163594e+01
1.970459028275100621e+01
1.556148819983262221e+01
1.470524558430888717e+01
1.519627869776437024e+01
1.969182901447322109e+01
1.969415203345198861e+01
1.662439160782139780e+01
1.483016901021751721e+01
1.947250830121219778e+01
1.947222897424293464e+01
1.650218285866666790e+01
1.856047582155569842e+01
1.493732756584769206e+01
1.586631363330153732e+01
1.970459028275100621e+01
1.612663977879310195e+01
1.645151085371595556e+01
1.947250830121219778e+01
1.470524558430888717e+01
1.637528850409532666e+01
1.448592576248640995e+01
1.519627869776437024e+01
1.493732756584769206e+01
1.597529740981359048e+01
1.970115826368757439e+01
1.637528850409532666e+01
1.593403298857686856e+01
1.622429996512347472e+01
1.693973445800677169e+01
1.668793672574653186e+01
1.666636218966595351e+01
1.597637852102188027e+01
1.581271256803738190e+01
1.616496938329143518e+01
1.587759065092558686e+01
1.515365857335185851e+01
1.634922339103210476e+01
1.668231663891456051e+01
1.567513504750649922e+01
1.525159245845671663e+01
1.812093524138852629e+01
1.471800774402521839e+01
1.506225099175632209e+01
1.685042581372767856e+01
1.681835369833975236e+01
1.700422266948554295e+01
1.767369097061514083e+01
1.947187487050707588e+01
1.648510746913231628e+01
1.515365857335185851e+01
1.883564403834499146e+01
1.668793672574653186e+01
1.716814221856041556e+01
1.620049444964941898e+01
1.565513080882233687e+01
1.795636729962493661e+01
1.946416648440810704e+01
1.970395685204588077e+01
1.767158461415898429e+01
1.945143843793609051e+01
1.798415059228578627e+01
1.970115826368757439e+01
1.677501209731021703e+01
1.757297986124088496e+01
1.582324094838783424e+01
1.746315168105813243e+01
1.683842714622015535e+01
1.471800774402521839e+01
1.519627869776437024e+01
1.600642368045416930e+01
1.672147941971902085e+01
1.493732756584769206e+01
1.640189327350956106e+01
1.595674988708596054e+01
1.582999315087734793e+01
1.717000074080272043e+01
1.969734518743362273e+01
1.483016901021751721e+01
1.576369701929960776e+01
1.677064683927130417e+01
1.519627869776437024e+01
1.969182901447322109e+01
1.601542422457720605e+01
1.482270023318861263e+01
1.682303520711284506e+01
1.493732756584769206e+01
1.947170108186467274e+01
1.648325109704015290e+01
1.812093524138852629e+01
1.421800224921846478e+01
1.694243782859246750e+01
1.597672054560805499e+01
1.947092262599331747e+01
1.600498014330100105e+01
1.613703493521162713e+01
1.585724065310003361e+01
1.765393533522188463e+01
1.648547714694354838e+01
1.680570675199872355e+01
1.493732756584769206e+01
1.947250830121219778e+01
1.409259693221214960e+01
1.623941908476074403e+01
1.562357264129926371e+01
1.519627869776437024e+01
1.415571050542250831e+01
1.591263947438972615e+01
1.519627869776437024e+01
1.668793672574653186e+01
1.663370567185380722e+01
1.506225099175632209e+01
1.736148157820214877e+01
1.775296229966606631e+01
1.561165131302674070e+01
1.608254478797324083e+01
1.638515450071487933e+01
1.947222897424293464e+01
1.707050912775896023e+01
1.592320993024299192e+01
1.803449337891142790e+01
1.788885325984971786e+01
1.675453482577141529e+01
1.510533722700681025e+01
1.718605174499612787e+01
1.945719942555590620e+01
1.583252009002887029e+01
1.617634126347355306e+01
1.633207880556290092e+01
1.609242323741607450e+01
1.588478339473772927e+01
1.470524558430888717e+01
1.496419671622556535e+01
1.462271041158914997e+01
1.970197359008356486e+01
1.662439160782139780e+01
1.510533722700681025e+01
1.947232925126016667e+01
1.664728865943640912e+01
1.772428531808612817e+01
1.798415059228578627e+01
1.808884308144918052e+01
1.656049879469088282e+01
1.970462304239537943e+01
1.470524558430888717e+01
1.459061825164980419e+01
1.602335590254264375e+01
1.656049879469088282e+01
1.677620244769482127e+01
1.685997598428012623e+01
1.947232925126016667e+01
1.947222897424293464e+01
1.969811631387388928e+01
1.631327293790339183e+01
1.946767159761000698e+01
1.662439160782139780e+01
1.639230962628259292e+01
1.426826206342612835e+01
1.869450352756374656e+01
1.640189327350956106e+01
1.945974703293441266e+01
1.422606048828675185e+01
1.585800026044761246e+01
1.482270023318861263e+01
1.692350077586516832e+01
1.648325109704015290e+01
1.574511486910134295e+01
1.946860603143488788e+01
1.602226038853256185e+01
1.707050912775896023e+01
1.883564403834499146e+01
1.482270023318861263e+01
1.733148214701273915e+01
1.946526320589481429e+01
1.650552509162353232e+01
1.592320963543667922e+01
1.630475915511460983e+01
1.635746101534325447e+01
1.577289816176219261e+01
1.482270023318861263e+01
1.668793672574653186e+01
1.519627869776437024e+01
1.573896133283909471e+01
1.533741920854561513e+01
1.667432551484752068e+01
1.542076738135698122e+01
1.970462304239537943e+01
1.609999682402409604e+01
1.483016901021751721e+01
1.711666475342908456e+01
1.970378306340348118e+01
1.598251636588395108e+01
1.798415059228578627e+01
1.617647791125784096e+01
1.563601072589848151e+01
1.727170542662965502e+01
1.482270023318861263e+01
1.582936292866202344e+01
1.483016901021751721e+01
1.556148819983262221e+01
1.662439160782139780e+01
1.496419671622556535e+01
1.812093524138852629e+01
1.432467891375095803e+01
1.459061825164980419e+01
1.459061825164980419e+01
1.688515794632091627e+01
1.632187203727115588e+01
1.623216712336024870e+01
1.519627869776437024e+01
1.692001870728534030e+01
1.856047582155569842e+01
1.600119056791421102e+01
1.653856485773249929e+01
1.772428531808612817e+01
1.651260162383537633e+01
1.648547714694354838e+01
1.510533722700681025e+01
1.947170108186467274e+01
1.493732756584769206e+01
1.533741920854561513e+01
1.657815086345458866e+01
1.519627869776437024e+01
1.584119494241588377e+01
1.772428531808612817e+01
1.812093524138852629e+01
1.945442922786176609e+01
1.647350441740630345e+01
1.574757485502714793e+01
1.969811631387388928e+01
1.766825672617683551e+01
1.576132355548634756e+01
1.969182901447322109e+01
1.540096432647074920e+01
1.533741920854561513e+01
1.591192024486072221e+01
1.759082176201152592e+01
1.703790485705667734e+01
1.947222897424293464e+01
1.947024638786727380e+01
1.630020117408844982e+01
1.946860603143488788e+01
1.613124824720371464e+01
1.482270023318861263e+01
1.945974703293441266e+01
1.585185836595052500e+01
1.798415059228578627e+01
1.676336703691753272e+01
1.600498014330100105e+01
1.638611731119879877e+01
1.519627869776437024e+01
1.946907628214876951e+01
1.617970130083231339e+01
1.663370567185380722e+01
1.574707639077978705e+01
1.621005730088060659e+01
1.537956933148793226e+01
1.600498014330100105e+01
1.609999682402409604e+01
1.668793672574653186e+01
1.791955246609553498e+01
1.622938152272881140e+01
1.586631363330153732e+01
1.681873250098775685e+01
1.692001870728534030e+01
1.947187487050707588e+01
1.625434237007136673e+01
1.453626854911205157e+01
1.753440491168669624e+01
1.970326189822021590e+01
1.583895004393973061e+01
1.493732756584769206e+01
1.660424779413619589e+01
1.567760082932612420e+01
1.672953547767251692e+01
1.947232925126016667e+01
1.594262758700493698e+01
1.614472206102766805e+01
1.869450352756374656e+01
1.493732756584769206e+01
1.611157890797490921e+01
1.640923044087725913e+01
1.947092262599331747e+01
1.616171900992991439e+01
1.601542422457720605e+01
1.482270023318861263e+01
1.807499375054465673e+01
1.648325109704015290e+01
1.611090789323389316e+01
1.656049879469088282e+01
1.611714140949329988e+01
1.587759065092558686e+01
1.459061825164980419e+01
1.493732756584769206e+01
1.681568652539517927e+01
1.856047582155569842e+01
1.843555239564706838e+01
1.550497464849424745e+01
1.795636729962493661e+01
1.666885814379398312e+01
1.772428531808612817e+01
1.506225099175632209e+01
1.470524558430888717e+01
1.803449337891142790e+01
1.611714140949329988e+01
1.662439160782139780e+01
1.615241794920665441e+01
1.648547714694354838e+01
1.525159245845671663e+01
1.616171900992991439e+01
1.856047582155569842e+01
1.634922339103210476e+01
1.605543332608407781e+01
1.968031103540180027e+01
1.577289816176219261e+01
1.493732756584769206e+01
1.946907628214876951e+01
1.947170108186467274e+01
1.617634126347355306e+01
1.622429996512347472e+01
1.413379498208119855e+01
1.639230962628259292e+01
1.542076738135698122e+01
1.643869207564830148e+01
1.683896203547710613e+01
1.445814246982556028e+01
1.699642084832871447e+01
1.432467891375095803e+01
1.695685890371717264e+01
1.947232925126016667e+01
1.780241139737261946e+01
1.453626854911205157e+01
1.966939129913899365e+01
1.609999682402409604e+01
1.471800774402521839e+01
1.969975357914881187e+01
1.518868539981817634e+01
1.587308268968132730e+01
1.592532055459075657e+01
1.559115896684902580e+01
1.945143843793609051e+01
1.572837219782436513e+01
1.567476488623709585e+01
1.653856485773249929e+01
1.493732756584769206e+01
1.648325109704015290e+01
1.577847899609544591e+01
1.677538694720861656e+01
1.697580882231457267e+01
1.533741920854561513e+01
1.576132355548634756e+01
1.970459028275100621e+01
1.633333024520945642e+01
1.519627869776437024e+01
1.632841681315207438e+01
1.685208215313371127e+01
1.600498014330100105e+01
1.692001870728534030e+01
1.677064683927130417e+01
1.432467891375095803e+01
1.506225099175632209e+01
1.970197359008356486e+01
1.530249106268062675e+01
1.636616617183155142e+01
1.600498014330100105e+01
1.519627869776437024e+01
1.696745747447251063e+01
1.581271256803738190e+01
1.947024638786727380e+01
1.482270023318861263e+01
1.679161112374661968e+01
1.970459028275100621e+01
1.605633283607413730e+01
1.947024638786727380e+01
1.533741920854561513e+01
1.668021397219315460e+01
1.945974703293441266e+01
1.439062843005034154e+01
1.943730931760018876e+01
1.843555239564706838e+01
1.571235718662895131e+01
1.970441123279897155e+01
1.653856485773249929e+01
1.677064683927130417e+01
1.627214694162324093e+01
1.600308531587895544e+01
1.510533722700681025e+01
1.969975357914881187e+01
1.620447528829824435e+01
1.969734518743362273e+01
1.496419671622556535e+01
1.683842714622015535e+01
1.728661684376569596e+01
1.559115896684902580e+01
1.947092262599331747e+01
1.609839561484034576e+01
1.946767159761000698e+01
1.970462304239537588e+01
1.555145474694436913e+01
1.628051964229657145e+01
1.946603433233508440e+01
1.741387583342682177e+01
1.654974926457744644e+01
1.654293011577140859e+01
1.869450352756374656e+01
1.662439160782139780e+01
1.660781557638524575e+01
1.626345110081849299e+01
