3.425508790738416853e-01
-7.899520902735801542e-02
8.129360847017537139e-01
9.370167161665841071e-01
-1.333653680667579167e+00
-9.945331147334378619e-01
1.354039110584311090e-01
3.114964777075249214e-02
-1.459231912529326547e-01
-9.741695429125655226e-01
-6.326836540898007621e-01
3.340740916796957061e-01
2.481393972826635985e-01
1.152116747512170969e+00
-7.484415995975681746e-01
9.322920484236352223e-02
-2.320805723482169958e-01
1.528408532715377799e+00
-1.191041256056004326e-02
-6.529185881080731280e-01
-5.054595394364317373e-01
-1.241861958794287624e+00
3.045923489859670985e-01
-3.227805877079407693e-01
1.568539716049421440e+00
-8.111870860893006796e-01
9.633121067553401806e-01
7.414077785677205545e-01
8.051530539960941590e-01
9.401485261443170982e-01
-1.021495428836578068e+00
-1.766394058929008359e+00
6.793852868854627358e-01
9.460556231149985784e-01
6.196728618074440753e-01
-5.006818363428576779e-01
1.757530854234720330e+00
4.964985475655928071e-01
-1.031605724926226264e+00
1.386987613906179417e+00
6.115457313898488012e-01
1.876075727950554384e-01
-9.616998394492222157e-01
6.148410731896322146e-01
-1.177090172636467091e+00
1.306255799021402986e+00
8.527630716233154384e-01
1.403991983976228708e+00
-6.129034454998266712e-01
-8.968787131520508105e-01
-2.217628850828956111e+00
1.137940698018925723e+00
1.845253579515072351e-01
-1.577379998127039107e+00
4.165804468089100432e-01
-1.169270903882040802e+00
4.308325970937300298e+00
-4.203386044840731750e-01
1.024370411619933918e+00
-1.526286064085880412e+00
8.247145133886882862e-01
5.698301452507541498e-01
6.371328531336510892e-01
-1.025436757495349793e+00
7.069027495283637386e-01
5.770567806229439656e-01
-3.392276337375587092e-01
2.468850149377035674e-01
-1.029718898650112235e+00
6.105395202903506346e-01
-5.469310653672216499e-02
1.114153805114040247e-01
-1.303597409771802385e+00
-2.485695536883526235e-01
-1.219545198767884864e-01
4.138794424289885532e-01
-2.460112624231171274e+00
-2.474745651817888137e-01
1.496449576920835467e+00
2.407324798308020652e-01
1.186129040989470251e+00
3.345957246104308558e-01
1.487968589641255057e-01
2.152737833846630200e-01
6.312972197940802666e-01
-6.355990735087324595e-02
-4.978851795371925792e-01
-8.148377888167142036e-01
8.456422935273676389e-01
7.403048891057445458e-01
2.329611083725428577e-01
4.322483134195608256e-01
-8.596830562720946256e-01
-4.963678942181544151e-01
-4.100578870571467416e-01
-1.221231939320213122e+00
7.063211883334079566e-01
1.462125042061200642e+00
9.709774321141325659e-01
-4.059953793190506643e-01
-6.469459331248615941e-01
-7.459706589796132326e-01
5.122314985525919934e-02
3.152332784599742310e-01
4.784814827483017674e-01
1.432322920794036447e+00
2.619361803253725252e-01
-1.917877572995174435e-03
1.221811243648279616e-01
-9.075866429868120200e-01
2.574326357420603575e-03
-5.030197134778799928e-01
-4.067831786651038284e-01
7.717573176646221889e-01
2.497466104664732289e-01
-1.564051779532626141e-01
1.194137246752061010e+00
-1.197961984790124612e+00
-2.401622972114269075e-02
-4.451604782668556193e-01
6.741003094524670169e-01
-6.375228734479145842e-01
-1.540473894661897325e-01
9.841122777949061831e-03
-1.347590233164545348e-01
-9.973690098331001730e-01
4.161816877222112021e-01
6.100347442679380228e-01
8.399398928740087200e-01
6.509825085141363044e-01
9.724596259012293631e-01
7.211237756117244713e-01
2.764087160095021201e-01
-6.894204782679297372e-01
1.337895964052604691e+00
1.319267466948760514e+00
1.370442790897715479e+00
6.545355742763817597e-01
-1.606361961110855496e+00
-5.322574599721823230e-01
-1.286719681111357372e-01
5.005296232868364920e-02
-3.158571990813490160e+00
-6.095097199358415763e-01
-1.116012371972404438e+00
-1.337385747750783338e+00
-2.411478772491045253e-01
3.878695456689412735e-01
-5.496435038104480197e-01
5.383428522339528399e-01
-8.820174640072565575e-01
9.700213639679508004e-01
-1.089550665810200103e+00
-7.375757234469362475e-03
-6.762522222825467777e-01
1.202656107604560265e-01
-1.627659868037813762e-01
-3.326784880442515413e-01
4.678409021492309638e-01
-1.623343213808607022e+00
1.526784880675907008e+00
6.692548517815209985e-01
4.653199845463255602e-01
-8.105796414489879753e-01
2.149800385393351998e-01
-1.437924196961572199e-02
-1.239170554102459798e+00
-7.304244385468948719e-01
5.955531149663138013e-01
-4.091587935440386681e-01
2.109535167072342232e-01
7.495390022590815438e-01
1.631073430073787245e+00
8.920370240323501898e-01
-4.861544806345678982e-01
-8.330688922083424597e-01
-3.581698801826014439e-02
-9.064501583524495198e-02
8.359720901106316715e-01
-7.727077410693936610e-01
2.260964721594017901e-01
-4.741180875294748742e-01
-2.960089757863679782e-01
-1.255618188623279119e+00
-1.639043445482683270e-01
3.119583362378833269e-01
-1.439483535530831082e+00
-3.762591491472317556e-02
8.586701685939969186e-01
1.152987160650045029e+00
8.901607867689914633e-01
-7.109348968490702969e-01
-4.779220766214647420e-01
1.926212873367633582e+00
1.788894148562219177e+00
-7.157144216096799072e-01
6.557527403600472704e-01
-5.094038531559486049e-02
-2.976897144227511061e-02
1.246755329966869663e+00
-8.697418574764671506e-01
-4.835250030647283426e-01
-6.171375941643509888e-01
-1.679248293432751948e+00
-4.682028359686995489e-01
5.576565563659244829e-01
8.136133988669502770e-02
1.949270292355933742e+00
7.186326626101372517e-01
8.511968121884871952e-01
1.162679739123227973e+00
6.405827897610330002e-01
3.539634491513581338e-01
2.273733125883318440e+00
2.065472428689280604e-01
-1.000132241163166624e-01
2.796632147252510747e-01
1.547172068664048189e-02
1.594171425932539687e+00
3.377464312453913875e-01
1.361056645481018568e-01
8.467215582088697401e-01
1.764061659718983710e-01
-1.055316055575616474e+00
5.279519467406905697e-01
4.717850569176914033e-01
5.375126977411847085e-01
4.064617694119621039e-01
-1.041412148070986587e+00
2.911174432884398033e-01
8.973423666480920824e-01
1.115094423797299061e+00
6.958946494905072777e-01
-1.639463983181666862e+00
4.545486145451609339e-01
-1.910698464976470778e-01
6.724376075416796938e-01
4.094055625913969876e-01
7.560120861477633847e-01
-5.306737405032146970e-01
1.825319841920998387e+00
1.603027394656109106e-01
-6.851545850772785551e-01
3.852392318852640440e-01
-2.106876937837710295e-01
1.297429781092686252e+00
-3.943891292598613041e-01
-9.588956531729675437e-01
2.800427464560928947e-01
-2.380841958534601899e-01
-2.860304229567854239e+00
8.700223707119419947e-01
9.184100346317796149e-01
1.581995130530395033e-01
2.064436930274751551e-03
4.516470266236535802e-01
3.191879155550279151e-02
4.671054892561451455e-01
-4.078037769746495345e-01
5.536189898621409755e-01
2.124695040373855981e-01
-2.458812598498988089e-01
9.037419611562492738e-01
3.550983156378825223e-01
2.851868953814242214e-01
-3.563761520306911734e-01
2.810787493187183461e-01
-4.858316812485192759e-01
1.536086005450517211e+00
3.034019284391004656e-01
2.171431729520226117e+00
3.944468666063639661e-01
-7.945359510829407279e-01
5.392590022362850899e-01
1.839957416924989930e+00
3.102730664749928091e-01
-1.017901123821231657e+00
4.353771823650840478e-01
2.239106445238344012e+00
6.149091930906385173e-01
-4.263889508408252316e-01
-2.821622501980978193e-01
4.433700038046650138e-01
-5.516702541949753957e-01
1.124796919769791792e+00
1.953683027856803478e-01
6.367073581283297368e-02
-3.816207519644787549e-01
-7.263903057012542908e-01
7.691211641893853646e-01
5.908166788196878016e-01
6.778358344999023399e-02
-1.862401969840630223e+00
-6.011022387596982701e-03
-4.282229304157172400e-01
3.487713327336780522e-01
2.619608447209453295e-01
1.252798051389808043e+00
3.674146880922564140e-01
7.769756056634475883e-01
-1.161862702845885692e-01
-4.726042593397382641e-01
-7.633312022105317451e-01
-4.172445474594982606e+00
-3.924631238214839057e-01
3.680349361883565873e-01
-2.655593434247607854e-01
7.410350896175330604e-01
-3.283447010994793303e-01
-8.322690929275722987e-03
-1.372812550753542762e-02
1.485612839137038677e+00
-2.163830916263088378e-01
2.244267631178666900e+00
-2.936137294581856461e-01
1.016970609249473911e+00
-3.966457154921533279e-01
9.929684177735411676e-01
2.296919870024764498e-01
2.010846368376372428e+00
8.295341328296180761e-01
1.055343596028388183e-02
3.753761334009251827e-01
-4.926043871527089890e-01
-4.344995782581380084e-01
-8.014275991969761759e-02
8.997282698463109352e-01
6.755876141439358662e-01
9.360432483487266531e-01
1.849726360994583096e+00
7.204530874356176451e-01
-8.440703322296249089e-01
9.479887466547277652e-01
-9.184717255596492880e-01
1.955632341535312180e-01
1.067449336004571842e-01
1.446781051386956340e+00
4.546217705498410422e-01
2.773613957945701425e-01
-5.960786789806287178e-01
2.597979463504059283e-01
2.426111365964910560e-01
1.194694273676021989e+00
8.579456624407912901e-01
7.700892054250116914e-01
-8.000693921709430834e-01
-6.460898720567920250e-02
-1.215150792160497456e-01
1.125598898650191082e-01
-1.483010137704195985e-01
1.376392688326412428e-01
-1.648495829793192313e-01
9.776453285337074472e-01
-2.726033605968880558e-01
-4.772978258209089608e-01
1.581394236329231262e+00
5.290711230752926930e-01
-6.619828319070618639e-01
-6.870302290356783415e-01
-4.543214854586914431e-01
-1.562675304520735997e+00
-4.596272749766888710e-01
1.308380295283092742e+00
-9.108763344000814222e-02
9.767700561223474631e-01
-6.656912354491681949e-01
-4.068461965610031816e-01
5.407815885214610763e-01
-4.162775271178245973e+00
2.140191018676239343e-01
-4.851251324002300858e-01
-1.082624343904995179e+00
6.602729640458661065e-01
9.456689115562356973e-02
1.650297051754196831e+00
-1.173903156249943125e+00
-2.239420280451448197e-01
3.159690423885476163e-01
-2.368623762594378457e-01
-3.332770613260861020e-03
6.423945306941590827e-01
3.867695040426860853e+00
-3.387462413930286687e-02
-7.366725075371579612e-01
9.985948690157570029e-01
-1.650043394547677345e+00
1.301042239021065472e-01
2.582312649284727035e-01
6.656184175155483995e-01
5.531414337375968326e-01
5.822606812179329655e-02
-8.527505728722897249e-01
-6.609725201000072881e-01
-1.262900150094523610e+00
4.268315004461085693e-01
-6.126672438029766576e-01
-5.416324258088225929e-02
-1.030016463606046484e+00
-4.718394152081760162e-01
-2.966185526012394269e-01
-5.482126556295825459e-01
-3.455084945144836772e-01
7.039683146783544121e-01
1.756469438482820555e-01
-3.888556881718589486e-01
1.770502449810027246e+00
1.909543050727030566e+00
-1.449112971091189028e-01
-3.873506541354401755e-01
-2.965356716989465125e-01
9.404453708329173489e-01
7.848089253791893372e-01
-8.127116966037897239e-01
4.492300806766021948e-01
-6.934239048925361359e-02
4.579991353983262625e-01
4.636193676014915277e-01
1.255536853176831391e+00
8.191889232805081855e-01
-5.866898148758586951e-01
3.883533186985937968e-01
-2.993033603926602004e-01
1.099363553603882382e+00
-3.221983710682870816e-01
1.383351493051896863e+00
-1.613302569916704288e+00
-3.769616405855619745e-01
1.625222073201711748e+00
1.896246453254923026e+00
3.941434504985810022e-02
-4.210827697777752565e-01
-2.270773020539061937e-01
7.579262231502073011e-01
2.494520253398156751e+00
-4.070401776054942133e-01
4.071374892770477372e-01
