2.896999999999999797e+00
2.616000000000000103e+00
2.623000000000000220e+00
2.794999999999999929e+00
2.773000000000000131e+00
2.524000000000000021e+00
2.998000000000000220e+00
2.555000000000000160e+00
3.020999999999999908e+00
2.754000000000000004e+00
2.737999999999999989e+00
2.865000000000000213e+00
2.472999999999999865e+00
2.741999999999999993e+00
2.702999999999999847e+00
2.599000000000000199e+00
3.274000000000000021e+00
2.875999999999999890e+00
2.619000000000000217e+00
2.685000000000000053e+00
2.692000000000000171e+00
2.533999999999999808e+00
2.869000000000000217e+00
2.463000000000000078e+00
2.672000000000000153e+00
2.564999999999999947e+00
2.725999999999999979e+00
2.779999999999999805e+00
2.701000000000000068e+00
2.704000000000000181e+00
2.850000000000000089e+00
3.008000000000000007e+00
3.048000000000000043e+00
2.822999999999999954e+00
2.676000000000000156e+00
2.689000000000000057e+00
2.826000000000000068e+00
2.859999999999999876e+00
2.811999999999999833e+00
2.736000000000000210e+00
2.604999999999999982e+00
3.001999999999999780e+00
2.907000000000000028e+00
2.939999999999999947e+00
2.817000000000000171e+00
2.984999999999999876e+00
2.858000000000000096e+00
2.786000000000000032e+00
2.911000000000000032e+00
2.749000000000000110e+00
2.736000000000000210e+00
2.912999999999999812e+00
2.785000000000000142e+00
2.692000000000000171e+00
3.157000000000000028e+00
2.919000000000000039e+00
2.464999999999999858e+00
2.990000000000000213e+00
3.056000000000000050e+00
2.975999999999999979e+00
2.871999999999999886e+00
2.899000000000000021e+00
2.746999999999999886e+00
2.645999999999999908e+00
2.790000000000000036e+00
2.959999999999999964e+00
2.777000000000000135e+00
2.620000000000000107e+00
2.716000000000000192e+00
2.855999999999999872e+00
2.680000000000000160e+00
2.720000000000000195e+00
2.855999999999999872e+00
2.742999999999999883e+00
2.874000000000000110e+00
2.751999999999999780e+00
2.346999999999999975e+00
2.547000000000000153e+00
2.650999999999999801e+00
2.774000000000000021e+00
2.934000000000000163e+00
2.858999999999999986e+00
2.987999999999999989e+00
2.827999999999999847e+00
2.577999999999999847e+00
3.112999999999999989e+00
3.303999999999999826e+00
2.532999999999999918e+00
2.492999999999999883e+00
2.521999999999999797e+00
2.708000000000000185e+00
2.504999999999999893e+00
2.733999999999999986e+00
2.693000000000000060e+00
2.795999999999999819e+00
2.513999999999999790e+00
2.701000000000000068e+00
2.620999999999999996e+00
2.846000000000000085e+00
2.720000000000000195e+00
2.714999999999999858e+00
3.559000000000000163e+00
2.673000000000000043e+00
2.887999999999999901e+00
3.008000000000000007e+00
2.751999999999999780e+00
2.649000000000000021e+00
2.862999999999999989e+00
2.654999999999999805e+00
2.604000000000000092e+00
