2.918000000000000149e+00
2.781000000000000139e+00
2.878000000000000114e+00
2.411999999999999922e+00
2.475000000000000089e+00
2.670999999999999819e+00
2.750000000000000000e+00
2.915999999999999925e+00
2.979000000000000092e+00
2.670999999999999819e+00
2.532999999999999918e+00
2.794000000000000039e+00
2.765000000000000124e+00
2.947999999999999954e+00
2.742999999999999883e+00
2.934000000000000163e+00
2.613999999999999879e+00
2.742999999999999883e+00
2.657000000000000028e+00
2.161999999999999922e+00
2.431000000000000050e+00
2.516000000000000014e+00
2.976999999999999869e+00
2.785000000000000142e+00
2.830000000000000071e+00
2.672000000000000153e+00
2.759999999999999787e+00
3.112999999999999989e+00
2.730999999999999872e+00
3.073999999999999844e+00
2.335999999999999854e+00
2.794000000000000039e+00
2.871999999999999886e+00
3.073999999999999844e+00
2.970000000000000195e+00
2.592000000000000082e+00
2.955999999999999961e+00
2.774000000000000021e+00
3.148000000000000131e+00
2.922000000000000153e+00
2.704000000000000181e+00
2.662999999999999812e+00
2.266999999999999904e+00
2.970000000000000195e+00
2.611000000000000210e+00
2.830999999999999961e+00
3.362000000000000099e+00
2.595000000000000195e+00
2.791999999999999815e+00
2.636000000000000121e+00
2.471999999999999975e+00
2.850999999999999979e+00
2.650999999999999801e+00
2.670999999999999819e+00
2.928999999999999826e+00
2.608999999999999986e+00
2.890000000000000124e+00
2.874000000000000110e+00
2.826999999999999957e+00
2.424999999999999822e+00
2.803999999999999826e+00
2.803999999999999826e+00
2.867999999999999883e+00
2.710999999999999854e+00
2.692000000000000171e+00
2.716000000000000192e+00
2.990000000000000213e+00
2.669000000000000039e+00
2.680000000000000160e+00
2.771999999999999797e+00
2.704000000000000181e+00
2.837000000000000188e+00
2.404999999999999805e+00
2.950000000000000178e+00
2.821000000000000174e+00
3.000000000000000000e+00
3.303999999999999826e+00
2.810000000000000053e+00
2.701000000000000068e+00
2.964999999999999858e+00
2.761000000000000121e+00
2.880999999999999783e+00
2.692000000000000171e+00
2.633000000000000007e+00
2.831999999999999851e+00
2.741999999999999993e+00
2.851999999999999869e+00
2.455999999999999961e+00
3.080000000000000071e+00
2.919000000000000039e+00
3.012999999999999901e+00
2.884999999999999787e+00
2.880999999999999783e+00
2.404999999999999805e+00
2.801000000000000156e+00
2.547000000000000153e+00
2.770000000000000018e+00
2.827999999999999847e+00
2.738999999999999879e+00
2.626999999999999780e+00
2.766999999999999904e+00
2.366000000000000103e+00
2.637000000000000011e+00
2.884999999999999787e+00
2.991000000000000103e+00
3.076000000000000068e+00
2.790000000000000036e+00
2.729000000000000092e+00
2.805000000000000160e+00
2.601999999999999869e+00
3.028999999999999915e+00
2.657999999999999918e+00
2.545999999999999819e+00
2.888999999999999790e+00
2.690999999999999837e+00
3.250999999999999890e+00
2.720000000000000195e+00
2.589999999999999858e+00
2.696000000000000174e+00
2.851999999999999869e+00
2.704000000000000181e+00
2.907000000000000028e+00
2.810000000000000053e+00
2.866999999999999993e+00
2.724000000000000199e+00
2.814999999999999947e+00
2.612999999999999989e+00
2.809000000000000163e+00
2.702999999999999847e+00
2.984999999999999876e+00
2.637999999999999901e+00
2.843999999999999861e+00
2.773000000000000131e+00
2.725000000000000089e+00
2.626999999999999780e+00
2.839999999999999858e+00
2.951999999999999957e+00
2.797000000000000153e+00
2.411000000000000032e+00
2.790000000000000036e+00
2.850999999999999979e+00
2.753000000000000114e+00
2.403999999999999915e+00
2.722999999999999865e+00
2.684000000000000163e+00
2.475000000000000089e+00
2.617999999999999883e+00
2.694999999999999840e+00
2.823999999999999844e+00
3.011000000000000121e+00
2.954000000000000181e+00
2.750999999999999890e+00
2.798000000000000043e+00
2.923999999999999932e+00
2.423999999999999932e+00
2.637999999999999901e+00
2.513999999999999790e+00
2.717999999999999972e+00
2.907000000000000028e+00
2.475999999999999979e+00
2.568000000000000060e+00
2.657000000000000028e+00
2.988999999999999879e+00
2.734999999999999876e+00
2.658999999999999808e+00
2.923999999999999932e+00
2.798999999999999932e+00
2.802999999999999936e+00
2.770000000000000018e+00
2.600999999999999979e+00
2.665000000000000036e+00
3.137999999999999901e+00
2.878000000000000114e+00
2.850000000000000089e+00
2.592000000000000082e+00
2.402000000000000135e+00
2.474000000000000199e+00
2.959000000000000075e+00
3.080000000000000071e+00
2.863999999999999879e+00
3.001999999999999780e+00
2.689000000000000057e+00
2.934000000000000163e+00
2.673999999999999932e+00
2.725999999999999979e+00
2.480999999999999872e+00
2.745000000000000107e+00
2.446000000000000174e+00
3.362000000000000099e+00
2.629000000000000004e+00
2.483000000000000096e+00
2.834999999999999964e+00
2.887999999999999901e+00
2.713000000000000078e+00
2.732000000000000206e+00
2.730999999999999872e+00
2.416999999999999815e+00
2.899000000000000021e+00
2.954000000000000181e+00
2.779999999999999805e+00
2.838999999999999968e+00
2.822999999999999954e+00
2.750000000000000000e+00
2.545999999999999819e+00
2.927999999999999936e+00
2.759999999999999787e+00
2.714999999999999858e+00
2.673000000000000043e+00
2.838000000000000078e+00
2.757000000000000117e+00
2.709000000000000075e+00
2.774000000000000021e+00
2.873000000000000220e+00
2.762000000000000011e+00
3.125999999999999890e+00
2.628000000000000114e+00
2.609999999999999876e+00
2.810999999999999943e+00
2.940999999999999837e+00
2.633000000000000007e+00
2.713000000000000078e+00
2.716000000000000192e+00
2.411999999999999922e+00
2.608999999999999986e+00
2.620999999999999996e+00
2.987999999999999989e+00
2.740000000000000213e+00
2.500000000000000000e+00
2.551000000000000156e+00
2.801000000000000156e+00
2.902000000000000135e+00
2.771999999999999797e+00
2.746999999999999886e+00
2.478000000000000203e+00
2.932999999999999829e+00
2.697000000000000064e+00
2.822000000000000064e+00
2.795999999999999819e+00
2.934000000000000163e+00
2.777000000000000135e+00
2.863999999999999879e+00
2.876999999999999780e+00
2.696000000000000174e+00
2.773000000000000131e+00
2.637000000000000011e+00
2.995000000000000107e+00
2.887000000000000011e+00
2.769000000000000128e+00
2.855999999999999872e+00
2.766999999999999904e+00
2.709000000000000075e+00
2.581999999999999851e+00
2.729000000000000092e+00
2.842999999999999972e+00
3.217000000000000082e+00
2.668000000000000149e+00
2.821000000000000174e+00
2.988999999999999879e+00
2.947000000000000064e+00
2.786999999999999922e+00
3.125999999999999890e+00
2.919000000000000039e+00
2.696000000000000174e+00
2.750000000000000000e+00
2.693999999999999950e+00
2.755999999999999783e+00
3.028000000000000025e+00
2.822999999999999954e+00
2.845000000000000195e+00
2.976999999999999869e+00
2.911999999999999922e+00
2.661000000000000032e+00
2.725000000000000089e+00
2.629000000000000004e+00
2.903999999999999915e+00
2.924999999999999822e+00
2.490000000000000213e+00
2.763999999999999790e+00
2.815999999999999837e+00
2.964999999999999858e+00
2.720000000000000195e+00
2.870999999999999996e+00
2.577999999999999847e+00
2.504999999999999893e+00
2.629000000000000004e+00
2.734999999999999876e+00
2.694999999999999840e+00
2.674999999999999822e+00
2.552000000000000046e+00
2.653000000000000025e+00
2.422000000000000153e+00
2.822999999999999954e+00
2.557999999999999829e+00
3.217000000000000082e+00
2.645999999999999908e+00
2.665000000000000036e+00
2.721999999999999975e+00
3.009999999999999787e+00
2.609999999999999876e+00
3.080999999999999961e+00
2.736000000000000210e+00
2.503000000000000114e+00
2.718999999999999861e+00
2.721999999999999975e+00
2.552999999999999936e+00
2.536000000000000032e+00
2.717999999999999972e+00
2.718999999999999861e+00
2.778000000000000025e+00
2.435999999999999943e+00
2.785000000000000142e+00
2.822000000000000064e+00
2.745000000000000107e+00
2.838000000000000078e+00
3.035000000000000142e+00
2.740000000000000213e+00
2.754000000000000004e+00
3.020000000000000018e+00
2.765000000000000124e+00
2.688000000000000167e+00
2.817000000000000171e+00
2.767999999999999794e+00
2.588000000000000078e+00
2.934000000000000163e+00
2.732000000000000206e+00
2.585999999999999854e+00
2.959999999999999964e+00
2.870000000000000107e+00
2.757000000000000117e+00
2.854000000000000092e+00
2.759999999999999787e+00
2.883999999999999897e+00
2.556999999999999940e+00
2.805000000000000160e+00
2.701999999999999957e+00
2.472999999999999865e+00
2.896999999999999797e+00
2.890000000000000124e+00
3.079000000000000181e+00
2.528999999999999915e+00
2.668000000000000149e+00
3.012999999999999901e+00
2.765000000000000124e+00
2.649999999999999911e+00
3.217000000000000082e+00
2.725000000000000089e+00
2.532000000000000028e+00
2.443000000000000060e+00
2.528000000000000025e+00
2.669999999999999929e+00
2.680000000000000160e+00
2.511000000000000121e+00
3.063000000000000167e+00
2.873000000000000220e+00
2.266999999999999904e+00
2.717999999999999972e+00
2.755999999999999783e+00
2.911000000000000032e+00
2.863999999999999879e+00
2.839999999999999858e+00
2.670999999999999819e+00
2.329000000000000181e+00
2.748000000000000220e+00
2.943999999999999950e+00
2.504000000000000004e+00
2.794999999999999929e+00
2.593999999999999861e+00
2.778000000000000025e+00
2.721999999999999975e+00
2.677000000000000046e+00
2.580999999999999961e+00
2.685999999999999943e+00
2.795999999999999819e+00
2.942000000000000171e+00
2.867999999999999883e+00
2.641999999999999904e+00
2.943000000000000060e+00
2.653999999999999915e+00
2.908999999999999808e+00
3.028999999999999915e+00
2.835999999999999854e+00
2.753000000000000114e+00
2.561999999999999833e+00
2.630999999999999783e+00
2.833000000000000185e+00
2.595000000000000195e+00
2.811999999999999833e+00
2.672000000000000153e+00
2.749000000000000110e+00
3.047000000000000153e+00
2.700000000000000178e+00
2.818999999999999950e+00
2.709000000000000075e+00
2.636000000000000121e+00
2.891000000000000014e+00
2.640000000000000124e+00
2.761000000000000121e+00
2.640000000000000124e+00
2.669000000000000039e+00
2.850999999999999979e+00
2.193999999999999950e+00
2.686999999999999833e+00
2.694999999999999840e+00
2.892999999999999794e+00
2.887000000000000011e+00
2.750000000000000000e+00
2.910000000000000142e+00
2.524000000000000021e+00
2.630999999999999783e+00
3.056000000000000050e+00
2.736000000000000210e+00
2.689999999999999947e+00
2.644000000000000128e+00
2.625999999999999890e+00
2.817000000000000171e+00
3.157000000000000028e+00
2.623000000000000220e+00
3.009999999999999787e+00
2.830999999999999961e+00
2.791999999999999815e+00
2.947999999999999954e+00
2.658999999999999808e+00
3.100999999999999979e+00
2.649000000000000021e+00
2.944999999999999840e+00
2.967000000000000082e+00
2.653999999999999915e+00
2.984999999999999876e+00
2.910000000000000142e+00
2.786999999999999922e+00
2.626999999999999780e+00
2.443999999999999950e+00
3.169999999999999929e+00
2.819999999999999840e+00
2.665999999999999925e+00
2.919000000000000039e+00
