1.489670399877000406e+01
1.515743073858682699e+01
1.788990415074511375e+01
1.384371372008691026e+01
1.767358615272859623e+01
1.493169145266098141e+01
1.511613013514918968e+01
1.562757323284815669e+01
1.557848540777035495e+01
1.455173125588188476e+01
1.524809399954391331e+01
1.515743073858682699e+01
1.516025001873179257e+01
1.522306202082401150e+01
1.504394592944105113e+01
1.495624988279480050e+01
1.493578579769613590e+01
1.427520122718004103e+01
1.459954576677211691e+01
1.344543216201420144e+01
1.428435834985777397e+01
1.427520122718004103e+01
1.767330701063029608e+01
1.484068697558939398e+01
1.525296207693314798e+01
1.488711162547987676e+01
1.432552798102917535e+01
1.789506759121620050e+01
1.479777672721038861e+01
1.788990415074511375e+01
1.310621277953764796e+01
1.450044704890878222e+01
1.493169145266098141e+01
1.789975170099856783e+01
1.789986934167083632e+01
1.524809399954391331e+01
1.459954576677211691e+01
1.766370087589240256e+01
1.766155338560174926e+01
1.558120552378753310e+01
1.592902098231546404e+01
1.472665032376149163e+01
1.344543216201420144e+01
1.788990415074511375e+01
1.502038133944121867e+01
1.532043073943728828e+01
1.766370087589240256e+01
1.450044704890878222e+01
1.547944313859531995e+01
1.432552798102917535e+01
1.493169145266098141e+01
1.472665032376149163e+01
1.493807126842178512e+01
1.789834762427223680e+01
1.547944313859531995e+01
1.511613013514918968e+01
1.493193455600191122e+01
1.592857922349929289e+01
1.525296207693314798e+01
1.544719770436016937e+01
1.490026064602524869e+01
1.498350047183010147e+01
1.505091234340521744e+01
1.461448370073668457e+01
1.401785570888695176e+01
1.503103327386524768e+01
1.545971075974802744e+01
1.487215533228673969e+01
1.493122746373411580e+01
1.557848540777035495e+01
1.455173125588188476e+01
1.482574904162482810e+01
1.559114230487798736e+01
1.561048914727182968e+01
1.575623773574914743e+01
1.627165342923547442e+01
1.766886431636348931e+01
1.552624953628095028e+01
1.401785570888695176e+01
1.614608170799413145e+01
1.525296207693314798e+01
1.610815688992070349e+01
1.512007329255358812e+01
1.485058688153974948e+01
1.544522134903880151e+01
1.767358615272859623e+01
1.789506759121620050e+01
1.520768332921104893e+01
1.767202690802789533e+01
1.542879992171981129e+01
1.789834762427223680e+01
1.434349689423448559e+01
1.619538149324175080e+01
1.461071121490240010e+01
1.611158736923182389e+01
1.536956862060150186e+01
1.455173125588188476e+01
1.493169145266098141e+01
1.517758648591469495e+01
1.571328247302347947e+01
1.472665032376149163e+01
1.398321287979506700e+01
1.513555931082433048e+01
1.478235538773027002e+01
1.588542514986722587e+01
1.787027798501985387e+01
1.459954576677211691e+01
1.496270225933589160e+01
1.536271497082724657e+01
1.493169145266098141e+01
1.789975170099856783e+01
1.514998703378929257e+01
1.463540274334897440e+01
1.561417087823135219e+01
1.472665032376149163e+01
1.765918993483266775e+01
1.513697568490140100e+01
1.557848540777035495e+01
1.414268032652212348e+01
1.570788914832105654e+01
1.493923179153469860e+01
1.765660885033820193e+01
1.475701548812230435e+01
1.502866537744947273e+01
1.480438554992425182e+01
1.516142701569569873e+01
1.406552368411012210e+01
1.582263681246313958e+01
1.472665032376149163e+01
1.766370087589240256e+01
1.400602813805759261e+01
1.533045401466864632e+01
1.461359661790167586e+01
1.493169145266098141e+01
1.405815507500506278e+01
1.509768683500733211e+01
1.493169145266098141e+01
1.525296207693314798e+01
1.568610289804739288e+01
1.482574904162482810e+01
1.625908921639102189e+01
1.627646680317997152e+01
1.443751564515072339e+01
1.502511284627926358e+01
1.522563465316989095e+01
1.766155338560174926e+01
1.559577189545421305e+01
1.485755621341203181e+01
1.550869892335261646e+01
1.535228213291764554e+01
1.578208390837873765e+01
1.481660649245078254e+01
1.589788853572633620e+01
1.767323490395875396e+01
1.502691037063788926e+01
1.375364861807458894e+01
1.391315574959467760e+01
1.499309211123932961e+01
1.507342195586588041e+01
1.450044704890878222e+01
1.470548817780827022e+01
1.447521346707971901e+01
1.788001173372409269e+01
1.524809399954391331e+01
1.481660649245078254e+01
1.766735466802630938e+01
1.543222981874897037e+01
1.521901807418609032e+01
1.542879992171981129e+01
1.551247140918690093e+01
1.413861286906199410e+01
1.789183735380431273e+01
1.450044704890878222e+01
1.440919946849626498e+01
1.515642498973228847e+01
1.413861286906199410e+01
1.553320926616755315e+01
1.564320378861640393e+01
1.766735466802630938e+01
1.766155338560174926e+01
1.789951028548300727e+01
1.542944862397520822e+01
1.767282696727626146e+01
1.524809399954391331e+01
1.502189072469120212e+01
1.418514620322525310e+01
1.603496339335161736e+01
1.398321287979506700e+01
1.767354842614585664e+01
1.411574613349545437e+01
1.484174235405633802e+01
1.463540274334897440e+01
1.564801943454178357e+01
1.513697568490140100e+01
1.454723364058858515e+01
1.765078708718524325e+01
1.360800779192168086e+01
1.559577189545421305e+01
1.614608170799413145e+01
1.463540274334897440e+01
1.623574124627471349e+01
1.764407471016714268e+01
1.536332467300345961e+01
1.489547185429590037e+01
1.542256904432493947e+01
1.520371725186462797e+01
1.453081221326959493e+01
1.463540274334897440e+01
1.525296207693314798e+01
1.493169145266098141e+01
1.492150872613526147e+01
1.504280976730349373e+01
1.545344414920084297e+01
1.427520122718004103e+01
1.789183735380431273e+01
1.368695247474196641e+01
1.459954576677211691e+01
1.579751441397683109e+01
1.788539320968537893e+01
1.490518289023724208e+01
1.542879992171981129e+01
1.510079050340636009e+01
1.319235855706037697e+01
1.618913766843374802e+01
1.463540274334897440e+01
1.502404961068188882e+01
1.459954576677211691e+01
1.310621277953764796e+01
1.524809399954391331e+01
1.470548817780827022e+01
1.557848540777035495e+01
1.423223141291030380e+01
1.440919946849626498e+01
1.440919946849626498e+01
1.588548744882199770e+01
1.543639298230364076e+01
1.514546732036495413e+01
1.493169145266098141e+01
1.547916535178585740e+01
1.592902098231546404e+01
1.517318476870136301e+01
1.513651169597453539e+01
1.521901807418609032e+01
1.558953415847809509e+01
1.406552368411012210e+01
1.481660649245078254e+01
1.765918993483266775e+01
1.472665032376149163e+01
1.504280976730349373e+01
1.542089961439745238e+01
1.493169145266098141e+01
1.479141756206810676e+01
1.521901807418609032e+01
1.557848540777035495e+01
1.767272717350378031e+01
1.405156323264310991e+01
1.494696453522728241e+01
1.789951028548300727e+01
1.626755332354455064e+01
1.496040498063267066e+01
1.789975170099856783e+01
1.504767784469272840e+01
1.504280976730349373e+01
1.484847224100187191e+01
1.510930007874822856e+01
1.600591813206483494e+01
1.766155338560174926e+01
1.767125748381313244e+01
1.519989059606902160e+01
1.765078708718524325e+01
1.528124612069608546e+01
1.463540274334897440e+01
1.767354842614585664e+01
1.480003729031371584e+01
1.542879992171981129e+01
1.574629586790089242e+01
1.475701548812230435e+01
1.526841019368652397e+01
1.493169145266098141e+01
1.767214434941952916e+01
1.532096099641766251e+01
1.568610289804739288e+01
1.471501610088691692e+01
1.512774461733703468e+01
1.421131237029801220e+01
1.475701548812230435e+01
1.368695247474196641e+01
1.525296207693314798e+01
1.639524320056699480e+01
1.532241575186748683e+01
1.344543216201420144e+01
1.583295045036594750e+01
1.547916535178585740e+01
1.766886431636348931e+01
1.383421106677439028e+01
1.440542698266198052e+01
1.506221486906318141e+01
1.789636797206281926e+01
1.503271640407144005e+01
1.472665032376149163e+01
1.544156040557935583e+01
1.445429442446742918e+01
1.576225187031016262e+01
1.766735466802630938e+01
1.491138196280197015e+01
1.529231368605375430e+01
1.603496339335161736e+01
1.472665032376149163e+01
1.526505352578960029e+01
1.399031563316380122e+01
1.765660885033820193e+01
1.526812729380584344e+01
1.514998703378929257e+01
1.463540274334897440e+01
1.656741221844409750e+01
1.513697568490140100e+01
1.500783865272266837e+01
1.413861286906199410e+01
1.480482999901253649e+01
1.461448370073668457e+01
1.440919946849626498e+01
1.472665032376149163e+01
1.556404718282811928e+01
1.592902098231546404e+01
1.582992226445212758e+01
1.434796455876254306e+01
1.544522134903880151e+01
1.571406037413901480e+01
1.521901807418609032e+01
1.482574904162482810e+01
1.450044704890878222e+01
1.550869892335261646e+01
1.480482999901253649e+01
1.524809399954391331e+01
1.526064949985802421e+01
1.406552368411012210e+01
1.493122746373411580e+01
1.526812729380584344e+01
1.592902098231546404e+01
1.503103327386524768e+01
1.496355129707275644e+01
1.789733905563078409e+01
1.453081221326959493e+01
1.472665032376149163e+01
1.767214434941952916e+01
1.765918993483266775e+01
1.375364861807458894e+01
1.493193455600191122e+01
1.406991699493962145e+01
1.502189072469120212e+01
1.427520122718004103e+01
1.526795783016223673e+01
1.558220496005055900e+01
1.434194940834816556e+01
1.570460696808854983e+01
1.423223141291030380e+01
1.567392774802567779e+01
1.766735466802630938e+01
1.528249564849990705e+01
1.440542698266198052e+01
1.789353723570734189e+01
1.368695247474196641e+01
1.455173125588188476e+01
1.789903024212897265e+01
1.404899795232732984e+01
1.503356003055894341e+01
1.510863746678841935e+01
1.438450794004969069e+01
1.767202690802789533e+01
1.469975361364800115e+01
1.448964258209819356e+01
1.513651169597453539e+01
1.472665032376149163e+01
1.513697568490140100e+01
1.497686759624868280e+01
1.553257188086968021e+01
1.568862943393556719e+01
1.504280976730349373e+01
1.496040498063267066e+01
1.788990415074511375e+01
1.518460585610849556e+01
1.493169145266098141e+01
1.391240959420928469e+01
1.563700260924811047e+01
1.475701548812230435e+01
1.547916535178585740e+01
1.536271497082724657e+01
1.423223141291030380e+01
1.482574904162482810e+01
1.788001173372409269e+01
1.416652121145602194e+01
1.547210123791803049e+01
1.475701548812230435e+01
1.493169145266098141e+01
1.595044235804218324e+01
1.498350047183010147e+01
1.767125748381313244e+01
1.463540274334897440e+01
1.576853291680512115e+01
1.788990415074511375e+01
1.521931232024758884e+01
1.767125748381313244e+01
1.504280976730349373e+01
1.568071985024794479e+01
1.767354842614585664e+01
1.424901019222700960e+01
1.766733396085463426e+01
1.582992226445212758e+01
1.491141792678708633e+01
1.789355794287902057e+01
1.513651169597453539e+01
1.536271497082724657e+01
1.517746814092966900e+01
1.492166747165739693e+01
1.481660649245078254e+01
1.789903024212897265e+01
1.508234099513627591e+01
1.787027798501985387e+01
1.470548817780827200e+01
1.536956862060150186e+01
1.620077283447762184e+01
1.438450794004969069e+01
1.765660885033820193e+01
1.367163543686691440e+01
1.767282696727626146e+01
1.789183735380431273e+01
1.516428438836108405e+01
1.536333088362538390e+01
1.767330701063029608e+01
1.607380845970899941e+01
1.535554497358005754e+01
1.411729361938177618e+01
1.603496339335161736e+01
1.524809399954391331e+01
1.540122441790488850e+01
1.538912804244619181e+01
