1.358084236208326523e+01
1.220176454600341209e+01
1.404767846892088734e+01
1.190399857996845334e+01
1.391063029218237190e+01
1.217602549465841300e+01
1.337960426092783095e+01
1.322015167429546167e+01
1.433539610537117071e+01
1.213343461204666163e+01
1.225234928027888159e+01
1.220176454600341209e+01
1.337869160579534622e+01
1.341919523778015488e+01
1.339844069242319335e+01
1.338942308592326391e+01
1.338745633888395581e+01
1.217960147290499862e+01
1.195080293073665700e+01
1.382120431163478358e+01
1.211504375612836704e+01
1.217960147290499862e+01
1.390276676625929753e+01
1.220485894569147689e+01
1.206376438450563526e+01
1.338301341501816744e+01
1.192102156579249161e+01
1.407396117486179143e+01
1.337584070632524380e+01
1.404767846892088734e+01
1.366007001883080108e+01
1.193916856935995163e+01
1.217602549465841300e+01
1.413839701465784593e+01
1.413078212140206524e+01
1.225234928027888159e+01
1.195080293073665700e+01
1.383526542266671733e+01
1.382624081397462135e+01
1.340212491026504438e+01
1.437184558785991229e+01
1.215158161561412165e+01
1.382120431163478358e+01
1.404767846892088734e+01
1.339592926630771430e+01
1.361640999080645464e+01
1.383526542266671733e+01
1.193916856935995163e+01
1.339295672268527326e+01
1.192102156579249161e+01
1.217602549465841300e+01
1.215158161561412165e+01
1.358282311925480457e+01
1.409907511880345865e+01
1.339295672268527326e+01
1.337960426092783095e+01
1.221477146229649691e+01
1.344161621539454643e+01
1.206376438450563526e+01
1.344575848985432920e+01
1.338417956350078164e+01
1.316638300373691450e+01
1.339919478165290379e+01
1.199244589943731043e+01
1.196959292375480643e+01
1.222640582367320050e+01
1.344715713384723621e+01
1.340818418310113813e+01
1.198935149974924208e+01
1.433539610537117071e+01
1.213343461204666163e+01
1.216321597699082524e+01
1.346084383640882365e+01
1.365095123732903915e+01
1.366714443974973214e+01
1.369416628289599736e+01
1.386154812860762142e+01
1.320807693395923721e+01
1.196959292375480643e+01
1.439778904446559160e+01
1.206376438450563526e+01
1.346243128881983253e+01
1.359602258559232091e+01
1.341123641980505710e+01
1.432631233763673961e+01
1.391063029218237190e+01
1.407396117486179143e+01
1.432319816738315055e+01
1.394809384239054495e+01
1.412965117666157866e+01
1.409907511880345865e+01
1.426727343402992609e+01
1.369499492424067100e+01
1.218474293283302856e+01
1.369337012740810877e+01
1.207275210044507574e+01
1.213343461204666163e+01
1.217602549465841300e+01
1.337860408837314807e+01
1.323051604266574088e+01
1.215158161561412165e+01
1.401695745013030425e+01
1.337907282211131132e+01
1.337474934941016969e+01
1.367943613653109303e+01
1.398167756025627639e+01
1.195080293073665700e+01
1.339317577786473024e+01
1.226495439268578735e+01
1.217602549465841300e+01
1.413839701465784593e+01
1.317302770397578726e+01
1.214166909900910163e+01
1.365138140960861257e+01
1.215158161561412165e+01
1.381708292984696307e+01
1.223921534134078826e+01
1.433539610537117071e+01
1.211339857442564671e+01
1.366199156989105568e+01
1.358288517117056493e+01
1.380779091703593231e+01
1.219662445872903689e+01
1.339680511886203362e+01
1.337632264845844432e+01
1.411126032074328585e+01
1.418382013833027244e+01
1.342880669772695867e+01
1.215158161561412165e+01
1.383526542266671733e+01
1.190111146775391227e+01
1.318736340620736058e+01
1.336652902628990169e+01
1.217602549465841300e+01
1.190263070987419880e+01
1.338031513767185565e+01
1.217602549465841300e+01
1.206376438450563526e+01
1.341299881989675669e+01
1.216321597699082524e+01
1.347754251191348729e+01
1.345864811489232160e+01
1.217671436069045754e+01
1.358833576682637734e+01
1.341950639805430612e+01
1.382624081397462135e+01
1.228516514669924575e+01
1.338049035202850590e+01
1.433018269701974035e+01
1.412298305911700069e+01
1.342396485612324497e+01
1.197674638734233632e+01
1.368048544821761148e+01
1.393347582519750993e+01
1.338522097833243762e+01
1.406802818056588755e+01
1.413018511475989314e+01
1.339309987166059379e+01
1.338158524569821850e+01
1.193916856935995163e+01
1.196361244840424298e+01
1.212676649450208366e+01
1.401077696854790311e+01
1.225234928027888159e+01
1.197674638734233632e+01
1.385291822673541695e+01
1.344406784311607517e+01
1.411389929138257138e+01
1.412965117666157866e+01
1.413788566362402044e+01
1.420757857272768199e+01
1.405657065542521700e+01
1.193916856935995163e+01
1.192925605275493339e+01
1.317343371321625511e+01
1.420757857272768199e+01
1.345506058448132514e+01
1.365474229719489863e+01
1.385291822673541695e+01
1.382624081397462135e+01
1.411517981251346754e+01
1.338906175137856103e+01
1.389477764413087080e+01
1.225234928027888159e+01
1.203993623402471158e+01
1.211301334018208031e+01
1.438465510552750004e+01
1.401695745013030425e+01
1.392598396840367769e+01
1.190526968051348433e+01
1.357898931686959365e+01
1.214166909900910163e+01
1.346605720433649900e+01
1.223921534134078826e+01
1.218087257345002783e+01
1.378880109237256590e+01
1.388778616805588939e+01
1.228516514669924575e+01
1.439778904446559160e+01
1.214166909900910163e+01
1.347540727944051042e+01
1.376926451400210638e+01
1.362134647236796958e+01
1.358079060387108150e+01
1.338856172871030381e+01
1.341685974857425201e+01
1.198421141247486688e+01
1.214166909900910163e+01
1.206376438450563526e+01
1.217602549465841300e+01
1.316643284910411893e+01
1.218915943359650456e+01
1.344645841483528592e+01
1.217960147290499862e+01
1.405657065542521700e+01
1.391777206850572313e+01
1.195080293073665700e+01
1.347696655132018506e+01
1.402949597610113308e+01
1.338462275157801962e+01
1.412965117666157866e+01
1.359434035102646199e+01
1.370398655362309093e+01
1.347090611874167720e+01
1.214166909900910163e+01
1.338550083068470364e+01
1.195080293073665700e+01
1.366007001883080108e+01
1.225234928027888159e+01
1.196361244840424298e+01
1.433539610537117071e+01
1.211352451400808228e+01
1.192925605275493339e+01
1.192925605275493339e+01
1.343640569589815570e+01
1.338957565117740245e+01
1.359832312456117442e+01
1.217602549465841300e+01
1.227617743075980528e+01
1.437184558785991229e+01
1.337861296824855195e+01
1.205254134643161734e+01
1.411389929138257138e+01
1.340293980132273610e+01
1.418382013833027244e+01
1.197674638734233632e+01
1.381708292984696307e+01
1.215158161561412165e+01
1.218915943359650456e+01
1.362818710163556624e+01
1.217602549465841300e+01
1.337538496714641845e+01
1.411389929138257138e+01
1.433539610537117071e+01
1.394084549877720036e+01
1.403683751868490859e+01
1.339563173017126019e+01
1.411517981251346754e+01
1.369427545990179418e+01
1.339352340791978691e+01
1.413839701465784593e+01
1.200057453782326000e+01
1.218915943359650456e+01
1.337974337529109903e+01
1.410974107862299931e+01
1.345082667666200926e+01
1.382624081397462135e+01
1.387841919826675863e+01
1.360355517016104621e+01
1.378880109237256590e+01
1.338063447686450047e+01
1.214166909900910163e+01
1.392598396840367769e+01
1.337600461023553855e+01
1.412965117666157866e+01
1.323446559604004946e+01
1.219662445872903689e+01
1.361066631301395446e+01
1.217602549465841300e+01
1.388666207254929041e+01
1.338235754103413555e+01
1.341299881989675669e+01
1.337057918142287249e+01
1.359670757633189098e+01
1.196430131443628753e+01
1.219662445872903689e+01
1.391777206850572313e+01
1.206376438450563526e+01
1.342477704174376818e+01
1.318661228652862505e+01
1.382120431163478358e+01
1.343004873297419621e+01
1.227617743075980528e+01
1.386154812860762142e+01
1.410019921431005763e+01
1.212155308615065330e+01
1.410922990479699735e+01
1.408246121428963704e+01
1.338467387336122805e+01
1.215158161561412165e+01
1.363067707840925458e+01
1.197754329493028891e+01
1.342163166042175249e+01
1.385291822673541695e+01
1.358149211090135644e+01
1.338106911958364620e+01
1.438465510552750004e+01
1.215158161561412165e+01
1.338006621327414436e+01
1.415804053755382164e+01
1.380779091703593231e+01
1.318178677924191788e+01
1.317302770397578726e+01
1.214166909900910163e+01
1.365552891121189560e+01
1.223921534134078826e+01
1.339461802587368489e+01
1.420757857272768199e+01
1.201399277741903404e+01
1.199244589943731043e+01
1.192925605275493339e+01
1.215158161561412165e+01
1.345819370714332841e+01
1.437184558785991229e+01
1.436021122648320869e+01
1.217658842110802198e+01
1.432631233763673961e+01
1.341610239103943414e+01
1.411389929138257138e+01
1.216321597699082524e+01
1.193916856935995163e+01
1.433018269701974035e+01
1.201399277741903404e+01
1.225234928027888159e+01
1.318115784263031998e+01
1.418382013833027244e+01
1.198935149974924208e+01
1.318178677924191788e+01
1.437184558785991229e+01
1.222640582367320050e+01
1.339013814779766243e+01
1.416763475553952034e+01
1.198421141247486688e+01
1.215158161561412165e+01
1.388666207254929041e+01
1.381708292984696307e+01
1.406802818056588755e+01
1.221477146229649691e+01
1.211641162622262335e+01
1.203993623402471158e+01
1.217960147290499862e+01
1.342463258296173123e+01
1.345998083927945110e+01
1.211768272676765257e+01
1.347070956072785997e+01
1.211352451400808228e+01
1.346825830818611180e+01
1.385291822673541695e+01
1.411776965076557033e+01
1.212155308615065330e+01
1.418830402839070715e+01
1.391777206850572313e+01
1.213343461204666163e+01
1.410719069038504081e+01
1.196718842665082860e+01
1.316748561931252226e+01
1.337986786069571465e+01
1.197232988657885855e+01
1.394809384239054495e+01
1.336978277728833397e+01
1.217823360281074230e+01
1.205254134643161734e+01
1.215158161561412165e+01
1.223921534134078826e+01
1.339112270053596454e+01
1.345499459092141059e+01
1.346945469703205411e+01
1.218915943359650456e+01
1.339352340791978691e+01
1.404767846892088734e+01
1.341456300410864522e+01
1.217602549465841300e+01
1.399516552647351375e+01
1.365402935884334745e+01
1.219662445872903689e+01
1.227617743075980528e+01
1.226495439268578735e+01
1.211352451400808228e+01
1.216321597699082524e+01
1.401077696854790311e+01
1.219147142344627710e+01
1.339235721523821709e+01
1.219662445872903689e+01
1.217602549465841300e+01
1.344424435341017876e+01
1.316638300373691450e+01
1.387841919826675863e+01
1.214166909900910163e+01
1.323709920981008104e+01
1.404767846892088734e+01
1.337893592764266337e+01
1.387841919826675863e+01
1.218915943359650456e+01
1.322658800797556466e+01
1.392598396840367769e+01
1.191435344824791365e+01
1.397589098213653891e+01
1.436021122648320869e+01
1.340164052784380111e+01
1.406533127298958519e+01
1.205254134643161734e+01
1.226495439268578735e+01
1.360135191023153034e+01
1.338613264129940283e+01
1.197674638734233632e+01
1.410719069038504081e+01
1.340266016398588711e+01
1.398167756025627639e+01
1.196361244840424298e+01
1.207275210044507574e+01
1.347205811276599263e+01
1.197232988657885855e+01
1.380779091703593231e+01
1.403361735788895359e+01
1.389477764413087080e+01
1.405657065542521700e+01
1.200956225376270048e+01
1.319052675506856787e+01
1.390276676625929753e+01
1.369191219436334173e+01
1.343515328919627372e+01
1.405486038777575608e+01
1.438465510552750004e+01
1.225234928027888159e+01
1.344051012108810106e+01
1.338626586421990083e+01
