3.148460582867733670e-01
-7.746061607097940449e-01
3.200312456188031396e-01
-2.105400325850227405e-01
-1.671395785753506225e+00
-4.438261131513798058e-02
-1.072641076582802500e+00
1.957645845992355360e+00
-3.767486482720513452e-01
-1.988672842002921826e+00
2.166842328664237982e+00
2.891110648607747233e-02
2.335441097247003661e+00
3.431204367659458909e-01
-2.032857553784113591e+00
-6.943725581037264449e-01
-3.230252041671086149e-01
7.286642629756001632e-01
-6.454472707150320510e-01
-5.836969078795822830e-02
-3.842635348657310601e-01
-1.600375663893495726e-01
-5.208096497986708373e-01
5.068655163944725262e-01
-3.074764950012131015e-01
-5.306999641841554372e-01
-1.509247828400722413e-01
2.738066856362429413e-01
3.056196496139693131e-01
-9.032339631703374672e-02
8.055080648388832643e-01
-3.118079490963149958e+00
-5.755928382233032048e-01
-1.418164187325566816e-01
1.520337516940191813e+00
7.473059110407603844e-02
-5.319231594156809129e-01
-5.257455988394565960e-01
-5.372324814523379288e-01
2.229563752858962022e+00
-7.000682320018977167e-01
1.147894471025988183e+00
1.077274444213294657e+00
1.567508227242724317e+00
-6.623814783398072059e-01
-5.633833641886214494e-01
7.137603442426956324e-01
6.674498215370914256e-01
4.059109668887200817e-01
-1.127140137093806338e+00
-1.356075345866707860e+00
1.129074026394874641e+00
2.405518057418547587e-02
-1.536254108069038671e-01
1.965263364899669574e+00
2.038275428145204682e+00
2.505025002984754501e+00
1.600564901353096259e+00
6.430369540814551144e-01
-1.751478651126358033e+00
5.746674511183860190e-01
-2.265379791081952199e+00
2.147231711490955042e-01
1.124057024323179110e+00
1.567896389221745679e+00
-1.564657397338210798e-01
1.606896217381542868e+00
1.118348483538301741e+00
-4.347973445170508211e-01
1.732043000151654688e+00
-1.776426794027774203e-01
1.002706830607452519e-02
-8.826512664597016555e-02
-9.294423878505858605e-02
-1.327926937877509594e+00
7.909108769621640000e-01
-2.159950094092838668e+00
1.066582183867000211e+00
3.238185874573967227e-01
2.143691722702067093e+00
2.116982629403784955e-01
2.457039204771215068e+00
-8.881664352105840265e-01
-9.834476319303229186e-01
6.778174839296724485e-01
-1.882476859180393758e+00
-2.274471659701422510e+00
-2.479972360272947984e+00
3.730761310497694438e-01
2.644828206185808384e+00
-4.381113894304574652e-01
2.879230683047308802e-03
1.498487946777264490e+00
-9.170775071370171894e-01
7.816850253266475201e-01
1.723284006582770644e-01
3.129755149111251855e-01
-1.155864169035768052e+00
5.833097059077111401e-01
5.636314434256932682e-01
4.471271471823744514e-01
1.325933870247576696e+00
-3.754703790039496392e-01
-1.546616995763398839e+00
1.065286827785478341e+00
1.660028207852661364e+00
-6.317248204202725592e-01
4.316546229076047014e-01
8.634985541428060740e-01
-1.936060891755518598e-01
3.872032630157197786e-01
-2.641320496370560544e-01
-9.759074269224617959e-01
1.132613758077903432e+00
-6.503172909142894698e-01
1.913875678887266840e-01
4.793976824543490500e-01
-2.026056114605566894e+00
-1.733220529347985744e-03
1.384125630570098853e+00
-9.425514531869547685e-01
1.005606784715477459e-01
1.735180292391632184e+00
7.204423566181151761e-01
-3.611671299752232112e-01
-1.942090330446480939e+00
8.862896312789538822e-01
-9.243188814400050690e-01
1.050194020073801804e+00
1.429065638821197304e+00
6.308870661461761509e-02
-1.546597542024140681e+00
3.420036628612955210e-01
4.940025518992800513e-01
6.243942622237267370e-01
8.778063236633528721e-01
9.339171645548601797e-01
1.724690704640765349e+00
-3.215486645764983109e+00
9.680593310539330476e-01
5.879584246775977352e-01
1.819627667884023303e+00
-1.121459043985941539e+00
-1.573921753965940473e+00
-7.092326846946435115e-01
-1.623495224102244672e+00
-2.056946120805807965e+00
-5.286737441743227794e-01
5.576730764424648878e-01
4.793137174254042399e-01
1.857744368650871891e+00
2.734843326841107092e-01
8.505208855732568352e-02
8.952701788930197413e-01
-6.913322790772438164e-01
-5.899951695434625387e-01
-2.037867739229448638e+00
-4.498070053050287065e-01
-1.133150853480867359e-01
-1.231463046707623965e+00
3.429802632806872031e-01
1.125754804147675703e+00
-1.718864131439015841e+00
-2.545807772070480812e-01
5.781418702205555205e-01
9.409957159334498833e-01
2.219501034607204437e-01
-6.288400684724064493e-02
-9.857748348824703077e-01
4.531056611049336658e-01
-5.625799653293385161e-01
-6.812479785349285777e-01
1.469489178215537040e+00
8.391581605932736387e-01
-2.732409985857509049e-01
-1.008973755609451128e+00
-8.028116645195838563e-01
-1.294727641118665618e-01
4.270990441214909117e-01
2.344017436055816916e-01
1.071357909134468045e+00
-1.061065372902849413e+00
8.674612714448076689e-01
-1.059197875556850299e+00
-2.387938807518177331e-01
6.639391823293588901e-02
-1.869173376017427834e+00
-2.485622977802056169e-02
6.622673218271717399e-01
5.570918920574851052e-01
8.883408972780628687e-01
4.493240191126585126e-02
1.008653095670321465e+00
1.323449413938845742e+00
2.782740206538851790e+00
-6.938021325464534261e-02
-9.788365420046728493e-01
-1.441166497930707335e-01
-1.585390090624139159e+00
1.308979239907302139e+00
4.689107698096068311e-01
1.704253625337103784e-01
-7.407987468101979722e-01
-2.619903514354430918e+00
-1.921699112457293801e-01
4.853101039380389170e-01
1.368960480156519610e+00
3.005708595651316095e+00
2.871337178889374009e+00
1.995916610045536110e-01
2.410382304491685002e+00
5.334384871226437452e-01
-3.859372788005797916e-02
-1.380204911505443777e+00
-2.009318785375088443e-02
7.624923015956897032e-02
9.330442510849871196e-01
8.225951054617628433e-01
5.261340273306424065e-01
-1.458474716058807408e-01
4.938837569491418278e-01
-3.521765113124948332e-01
-2.376849252014419100e+00
-1.827786749184961146e-01
1.849702550485876063e-01
-2.099123848538911208e+00
1.040893602410259300e+00
1.270534407457833970e+00
6.940405710771009318e-01
-4.811567997061652058e-01
-2.031823497021164604e-01
-5.524455979007437262e-02
1.981943411497947283e+00
-6.731050158765353730e-01
-6.124073846717891234e-01
-1.790333407341173189e+00
1.105566646125744734e+00
-2.587788758382265186e+00
2.636328697578796398e-01
-1.236004280571072256e+00
-1.264777628268981768e+00
2.068729546725341373e-01
-6.323028213491040939e-01
-9.460269064453039611e-01
7.662966354514104406e-02
1.263946824427751581e-01
-1.442391464567890802e+00
3.159093949708029203e-02
1.465795237190719247e+00
-6.339088396164735961e-01
-2.053323904050960103e+00
-6.245783901823125095e-02
-7.364274405016391079e-01
-2.552553125427251768e+00
3.181028444442213221e-01
3.584775040242948463e-01
5.585892558353739989e-01
-1.778124538899151785e+00
7.760265109592517918e-01
-7.628499502387278142e-01
-6.653888995267491502e-02
-1.864917493932559678e-01
-1.899018334332087665e+00
6.074033420832222196e-01
-4.779526995813001000e-01
8.017214643899409632e-01
-1.854763205030385831e-01
1.084677489284781582e-01
-2.409417023437912808e-01
-4.561212561259440634e-01
1.938501443025913096e+00
5.667435191753872337e-01
-1.201559014899262534e+00
5.909539005241196685e-01
1.169942681717671684e+00
7.448760539675368386e-02
-1.246398215922480679e+00
-7.695798693488252740e-01
7.369110792420509037e-01
-8.844025009215307209e-01
-1.295405929911564780e+00
7.778295442547428218e-01
7.219710974788973168e-01
3.797009229538493291e-01
3.142316971978096896e-01
1.637890393893689511e+00
-2.303218112801430184e+00
1.147846544015351578e+00
6.540474033285500477e-01
2.273765215679903307e+00
-4.340681567755029502e-02
-2.648165356615709509e+00
2.636328697578796398e-01
3.631130595712770415e-01
-2.188663133656475468e-01
6.343969478551478858e-01
-7.825773848653219122e-01
7.751402409931963389e-01
-2.443260408051668886e+00
7.817916915136268186e-01
9.605201050562200971e-01
-2.578374323875023966e-02
-2.225799970088278457e+00
-3.506008618413937405e+00
1.019678717002471813e-01
1.457854932098137546e+00
-2.072959127429947923e+00
2.135458753469058557e+00
1.388543711246112089e+00
-4.708943403608967793e-01
-7.676380085970333500e-01
1.218604489844925975e+00
3.616829383214139049e-01
9.590911451972931046e-01
1.726402832837408141e-01
1.193815759313460179e+00
-9.216355680283297436e-02
7.335920150067519740e-01
-1.909381654025423536e-01
-2.405647097048720789e-02
2.309495835557497934e+00
7.188830352892604525e-01
2.073986230261605890e+00
-1.641108463492076730e+00
-1.095529264413758419e+00
1.966320702695799394e+00
-9.789958215067054992e-01
3.202235083970735308e-01
-4.780458298954769897e-02
-5.849368185102163942e-01
3.365786991004225404e-01
1.523647011804171170e-01
3.021458326701673691e-01
1.577156947366893103e-01
1.458681479556436962e-02
-3.798902687674003964e+00
2.264145806670283090e+00
9.126168295278508369e-01
1.015121474758602149e+00
9.180261082597034328e-01
2.508316697788292582e-01
-4.770267278827126090e-01
4.229329911896031469e-01
4.106643317456504239e-01
1.068211660561421583e+00
-1.139745373885503676e+00
-6.048799096072945414e-01
9.795549191800552169e-01
-1.572240185476731611e+00
-2.561059617724826057e-02
9.317379541885549843e-01
-1.096534182014259562e+00
9.099884203929756721e-01
5.274577136207756617e-02
-2.060036372356071066e+00
8.240778800911806590e-01
3.037188937177818238e-01
-1.498633456332602309e-01
9.842959931724326594e-02
9.567137929499875959e-01
-2.042728964358208055e-01
-1.118885166815921428e+00
6.932859171729106595e-01
9.322964768996553353e-01
1.416091546052770322e+00
1.248134609773457582e+00
3.207944747222394311e-01
7.442050230409995581e-01
-3.560031531485658540e+00
-1.481516925691816478e-01
1.691472742240647031e+00
-4.512809306909941753e-01
7.004143827993031257e-01
3.628637970689433945e-01
1.869739253125650480e+00
-9.415650253557975580e-01
-2.044890193251583388e-01
-8.352994862543008381e-01
-2.766283746143221922e+00
4.386962854312427273e-01
-1.651496487453713025e-01
1.208073445372031873e+00
-2.099639791471971773e+00
2.929115166127458855e-02
-6.201679674569798850e-01
3.519245045611094636e-01
1.197200757452764774e+00
1.028990030990981186e+00
4.106914021834646156e-01
6.917769080129007042e-01
-9.003871037175953385e-01
9.504089000863392978e-02
1.930340277402012861e-01
-2.702995434769126959e+00
-1.784864417116156787e-01
-2.216359623194932293e+00
-1.209874628618952563e+00
-5.612747053097481675e+00
1.737724824612615793e+00
2.713518471822446987e-01
1.964066281320253626e-02
6.857428352164915974e-01
5.407758398482525042e-01
2.655210573334908730e+00
-1.504205105581649882e+00
-1.678621131589672355e-01
1.563546251877439008e-01
-4.464864412355378676e+00
-7.321669676559363626e-01
-5.396725538050345383e-01
-1.765019057212150466e-01
9.489399085859575589e-01
-1.958937099820331346e-02
-2.180978788750934094e-01
1.020975889289850613e+00
3.359952334452354084e-02
1.054627577730846255e+00
8.323463493374121391e-01
-5.468175814300901827e-01
1.775804882908404991e+00
8.849360942483779358e-01
1.151336421902483670e-01
1.181112647811392247e+00
-1.087199031078232236e+00
2.749386619828151357e-01
-9.448814301272835392e-01
2.350107292651339996e-01
1.796475961864518078e+00
1.978608779246670835e-01
1.445552493872005240e+00
-6.052861761949126507e-01
-9.516044175855297160e-01
6.820966850964987893e-01
-1.111877892603079010e+00
7.538061146814301061e-01
-1.493780425050569294e+00
