0.000000000000000000e+00
2.169999999999999929e+01
1.600000000000000000e+01
1.850000000000000000e+01
3.000000000000000000e+00
2.739999999999999858e+01
2.530000000000000071e+01
3.220000000000000284e+01
1.500000000000000000e+01
7.509999999999999432e+01
1.140000000000000036e+01
1.100000000000000000e+01
1.480000000000000071e+01
1.689999999999999858e+01
0.000000000000000000e+00
1.500000000000000000e+01
1.350000000000000000e+01
1.359999999999999964e+01
4.500000000000000000e+01
3.920000000000000284e+01
3.329999999999999716e+01
8.400000000000000355e+00
2.450000000000000000e+01
1.969999999999999929e+01
1.100000000000000000e+01
1.939999999999999858e+01
2.200000000000000000e+01
0.000000000000000000e+00
2.230000000000000071e+01
2.030000000000000071e+01
1.019999999999999929e+01
3.189999999999999858e+01
3.350000000000000000e+01
2.030000000000000071e+01
1.250000000000000000e+01
2.369999999999999929e+01
2.060000000000000142e+01
1.480000000000000071e+01
1.689999999999999858e+01
7.850000000000000000e+01
3.399999999999999911e+00
1.350000000000000000e+01
8.000000000000000000e+01
1.250000000000000000e+01
2.280000000000000071e+01
2.069999999999999929e+01
0.000000000000000000e+00
1.719999999999999929e+01
2.269999999999999929e+01
1.235000000000000000e+02
3.689999999999999858e+01
8.000000000000000000e+00
2.150000000000000000e+01
0.000000000000000000e+00
1.490000000000000036e+01
2.430000000000000071e+01
1.219999999999999929e+01
2.700000000000000178e+00
3.370000000000000284e+01
2.219999999999999929e+01
9.400000000000000355e+00
1.469999999999999929e+01
1.340000000000000036e+01
8.179999999999999716e+01
1.780000000000000071e+01
1.540000000000000036e+01
2.339999999999999858e+01
1.710000000000000142e+01
5.910000000000000142e+01
1.960000000000000142e+01
3.450000000000000000e+01
1.530000000000000071e+01
2.150000000000000000e+01
2.830000000000000071e+01
9.000000000000000000e+00
1.689999999999999858e+01
1.739999999999999858e+01
6.900000000000000355e+00
2.210000000000000142e+01
1.910000000000000142e+01
2.700000000000000000e+01
5.960000000000000142e+01
2.100000000000000000e+01
1.619999999999999929e+01
3.250000000000000000e+01
2.200000000000000178e+00
2.230000000000000071e+01
6.389999999999999858e+01
1.519999999999999929e+01
1.459999999999999964e+01
2.299999999999999822e+00
8.800000000000000711e+00
9.699999999999999289e+00
1.569999999999999929e+01
1.209999999999999964e+01
1.960000000000000142e+01
1.950000000000000000e+01
1.559999999999999964e+01
3.299999999999999822e+00
6.210000000000000142e+01
2.989999999999999858e+01
3.479999999999999716e+01
2.519999999999999929e+01
4.289999999999999858e+01
9.699999999999999289e+00
1.169999999999999929e+01
3.850000000000000000e+01
1.860000000000000142e+01
4.000000000000000000e+00
1.869999999999999929e+01
9.500000000000000000e+00
1.280000000000000071e+01
2.050000000000000000e+01
3.300000000000000000e+01
2.600000000000000000e+01
1.440000000000000036e+01
1.680000000000000071e+01
2.400000000000000000e+01
4.729999999999999716e+01
1.130000000000000071e+01
2.800000000000000000e+01
2.730000000000000071e+01
4.200000000000000178e+00
1.819999999999999929e+01
2.680000000000000071e+01
5.060000000000000142e+01
1.059999999999999964e+01
1.230000000000000071e+01
9.000000000000000000e+00
7.900000000000000355e+00
1.262000000000000028e+02
6.479999999999999716e+01
5.429999999999999716e+01
1.030000000000000071e+01
9.400000000000000355e+00
1.530000000000000071e+01
1.050000000000000000e+01
6.010000000000000142e+01
6.599999999999999645e+00
7.599999999999999645e+00
0.000000000000000000e+00
1.269999999999999929e+01
3.729999999999999716e+01
1.040000000000000036e+01
4.089999999999999858e+01
3.000000000000000000e+00
4.599999999999999645e+00
9.829999999999999716e+01
2.489999999999999858e+01
2.650000000000000000e+01
1.040000000000000036e+01
9.800000000000000711e+00
1.590000000000000036e+01
1.140000000000000036e+01
1.080000000000000071e+01
6.500000000000000000e+00
1.065000000000000000e+02
6.520000000000000284e+01
2.850000000000000000e+01
1.760000000000000142e+01
4.099999999999999645e+00
3.870000000000000284e+01
0.000000000000000000e+00
5.329999999999999716e+01
6.200000000000000178e+00
1.140000000000000036e+01
3.130000000000000071e+01
2.280000000000000071e+01
2.230000000000000071e+01
1.899999999999999911e+00
2.480000000000000071e+01
0.000000000000000000e+00
1.409999999999999964e+01
0.000000000000000000e+00
0.000000000000000000e+00
9.599999999999999645e+00
3.470000000000000284e+01
4.589999999999999858e+01
1.519999999999999929e+01
1.500000000000000000e+01
1.369999999999999929e+01
1.180000000000000071e+01
6.900000000000000355e+00
2.330000000000000071e+01
1.660000000000000142e+01
3.100000000000000000e+01
2.510000000000000142e+01
1.600000000000000089e+00
0.000000000000000000e+00
8.199999999999999289e+00
0.000000000000000000e+00
1.590000000000000036e+01
1.830000000000000071e+01
2.519999999999999929e+01
6.890000000000000568e+01
1.000000000000000000e+01
2.950000000000000000e+01
4.200000000000000178e+00
9.699999999999999289e+00
2.969999999999999929e+01
3.529999999999999716e+01
4.700000000000000178e+00
1.190000000000000036e+01
2.419999999999999929e+01
2.360000000000000142e+01
1.530000000000000071e+01
1.259999999999999964e+01
1.269999999999999929e+01
1.600000000000000000e+01
4.000000000000000000e+00
1.169999999999999929e+01
7.599999999999999645e+00
8.000000000000000000e+00
2.869999999999999929e+01
1.140000000000000036e+01
3.899999999999999911e+00
1.019999999999999929e+01
2.169999999999999929e+01
1.509999999999999964e+01
9.809999999999999432e+01
2.710000000000000142e+01
1.650000000000000000e+01
1.269999999999999929e+01
5.350000000000000000e+01
1.230000000000000071e+01
4.100000000000000000e+01
6.900000000000000355e+00
1.219999999999999929e+01
1.340000000000000036e+01
1.780000000000000071e+01
1.880000000000000071e+01
1.540000000000000036e+01
2.480000000000000071e+01
7.490000000000000568e+01
0.000000000000000000e+00
2.139999999999999858e+01
4.229999999999999716e+01
1.480000000000000071e+01
0.000000000000000000e+00
3.860000000000000142e+01
1.600000000000000000e+01
3.000000000000000000e+00
4.529999999999999716e+01
1.480000000000000071e+01
2.480000000000000071e+01
3.639999999999999858e+01
3.700000000000000178e+00
6.529999999999999716e+01
5.370000000000000284e+01
2.489999999999999858e+01
1.680000000000000071e+01
1.889999999999999858e+01
4.299999999999999822e+00
1.127000000000000028e+02
3.150000000000000000e+01
2.169999999999999929e+01
1.030000000000000071e+01
0.000000000000000000e+00
2.150000000000000000e+01
1.259999999999999964e+01
1.140000000000000036e+01
4.570000000000000284e+01
2.960000000000000142e+01
1.839999999999999858e+01
1.359999999999999964e+01
8.500000000000000000e+00
1.350000000000000000e+01
4.700000000000000178e+00
1.960000000000000142e+01
2.450000000000000000e+01
1.810000000000000142e+01
2.439999999999999858e+01
1.939999999999999858e+01
0.000000000000000000e+00
1.480000000000000071e+01
2.239999999999999858e+01
7.299999999999999822e+00
1.760000000000000142e+01
1.700000000000000000e+01
0.000000000000000000e+00
7.529999999999999716e+01
7.700000000000000178e+00
1.169999999999999929e+01
1.409999999999999964e+01
1.200000000000000000e+01
2.689999999999999858e+01
1.930000000000000071e+01
1.450000000000000000e+01
3.320000000000000284e+01
2.019999999999999929e+01
1.580000000000000071e+01
2.239999999999999858e+01
3.399999999999999911e+00
3.150000000000000000e+01
6.300000000000000000e+01
9.099999999999999645e+00
3.729999999999999716e+01
1.960000000000000142e+01
2.089999999999999858e+01
9.729999999999999716e+01
4.250000000000000000e+01
1.240000000000000036e+01
1.469999999999999929e+01
0.000000000000000000e+00
1.839999999999999858e+01
1.619999999999999929e+01
1.390000000000000036e+01
1.440000000000000036e+01
2.900000000000000000e+01
1.480000000000000071e+01
9.599999999999999645e+00
2.200000000000000000e+01
3.260000000000000142e+01
2.899999999999999911e+00
6.799999999999999822e+00
2.319999999999999929e+01
1.359999999999999964e+01
3.239999999999999858e+01
4.350000000000000000e+01
1.309999999999999964e+01
2.850000000000000000e+01
2.080000000000000071e+01
1.880000000000000071e+01
1.869999999999999929e+01
2.030000000000000071e+01
5.510000000000000142e+01
3.910000000000000142e+01
2.799999999999999822e+00
4.429999999999999716e+01
2.200000000000000178e+00
2.319999999999999929e+01
1.930000000000000071e+01
1.293000000000000114e+02
2.389999999999999858e+01
2.200000000000000000e+01
8.900000000000000355e+00
4.620000000000000284e+01
2.710000000000000142e+01
5.900000000000000355e+00
1.119999999999999929e+01
2.510000000000000142e+01
2.299999999999999822e+00
2.950000000000000000e+01
9.620000000000000284e+01
7.500000000000000000e+00
1.939999999999999858e+01
5.770000000000000284e+01
3.400000000000000000e+01
1.739999999999999858e+01
3.500000000000000000e+00
1.250000000000000000e+01
2.980000000000000071e+01
1.219999999999999929e+01
9.800000000000000711e+00
0.000000000000000000e+00
3.460000000000000142e+01
1.150000000000000000e+01
7.200000000000000178e+00
2.630000000000000071e+01
2.210000000000000142e+01
0.000000000000000000e+00
1.358000000000000114e+02
2.200000000000000178e+00
2.150000000000000000e+01
2.589999999999999858e+01
8.699999999999999289e+00
2.130000000000000071e+01
2.289999999999999858e+01
0.000000000000000000e+00
9.900000000000000355e+00
3.080000000000000071e+01
7.400000000000000355e+00
4.460000000000000142e+01
3.900000000000000000e+01
2.400000000000000000e+01
7.620000000000000284e+01
8.590000000000000568e+01
2.460000000000000142e+01
1.459999999999999964e+01
9.500000000000000000e+00
3.130000000000000071e+01
2.010000000000000142e+01
2.289999999999999858e+01
2.550000000000000000e+01
2.230000000000000071e+01
5.000000000000000000e+01
1.910000000000000142e+01
1.040000000000000036e+01
1.059999999999999964e+01
1.319999999999999929e+01
2.480000000000000071e+01
1.330000000000000071e+01
6.129999999999999716e+01
2.300000000000000000e+01
1.390000000000000036e+01
8.029999999999999716e+01
4.089999999999999858e+01
1.800000000000000044e+00
2.069999999999999929e+01
2.650000000000000000e+01
1.960000000000000142e+01
2.389999999999999858e+01
1.440000000000000036e+01
1.930000000000000071e+01
3.700000000000000178e+00
4.029999999999999716e+01
7.300000000000000000e+01
1.130000000000000071e+01
1.209999999999999964e+01
2.560000000000000142e+01
3.399999999999999911e+00
1.180000000000000071e+01
5.120000000000000284e+01
9.300000000000000711e+00
1.180000000000000071e+01
1.440000000000000036e+01
2.250000000000000000e+01
1.960000000000000142e+01
2.269999999999999929e+01
5.910000000000000142e+01
1.269999999999999929e+01
7.599999999999999645e+00
7.799999999999999822e+00
4.700000000000000000e+01
1.340000000000000036e+01
1.300000000000000000e+01
1.140000000000000036e+01
1.830000000000000071e+01
7.300000000000000000e+01
2.419999999999999929e+01
8.699999999999999289e+00
0.000000000000000000e+00
1.600000000000000000e+01
8.400000000000000355e+00
2.450000000000000000e+01
1.650000000000000000e+01
