2.500000000000000000e+01
3.579999999999999716e+01
2.000000000000000000e+01
3.589999999999999858e+01
1.100000000000000000e+01
4.599999999999999645e+00
1.130000000000000071e+01
2.030000000000000071e+01
1.359999999999999964e+01
8.559999999999999432e+01
2.219999999999999929e+01
2.169999999999999929e+01
9.079999999999999716e+01
2.200000000000000178e+00
1.290000000000000036e+01
4.539999999999999858e+01
1.680000000000000071e+01
1.619999999999999929e+01
1.600000000000000000e+01
1.989999999999999858e+01
1.040000000000000036e+01
9.199999999999999289e+00
1.030000000000000071e+01
8.400000000000000355e+00
1.769999999999999929e+01
2.569999999999999929e+01
1.250000000000000000e+01
8.599999999999999645e+00
1.219999999999999929e+01
2.180000000000000071e+01
2.300000000000000000e+01
1.430000000000000071e+01
4.599999999999999645e+00
0.000000000000000000e+00
1.280000000000000071e+01
2.700000000000000000e+01
1.960000000000000142e+01
8.699999999999999289e+00
2.169999999999999929e+01
5.120000000000000284e+01
1.350000000000000000e+01
1.369999999999999929e+01
2.730000000000000071e+01
9.900000000000000355e+00
4.589999999999999858e+01
7.900000000000000355e+00
1.080000000000000071e+01
2.850000000000000000e+01
7.200000000000000178e+00
2.000000000000000000e+01
1.230000000000000071e+01
2.500000000000000000e+00
3.350000000000000000e+01
1.019999999999999929e+01
1.440000000000000036e+01
1.200000000000000000e+01
1.369999999999999929e+01
7.799999999999999822e+00
7.000000000000000000e+00
3.739999999999999858e+01
4.150000000000000000e+01
2.919999999999999929e+01
2.489999999999999858e+01
3.679999999999999716e+01
1.610000000000000142e+01
1.190000000000000036e+01
1.810000000000000142e+01
1.090000000000000036e+01
1.980000000000000071e+01
2.400000000000000000e+01
1.590000000000000036e+01
5.120000000000000284e+01
1.630000000000000071e+01
8.599999999999999645e+00
2.439999999999999858e+01
1.259999999999999964e+01
6.700000000000000178e+00
1.119999999999999929e+01
1.230000000000000071e+01
7.299999999999999822e+00
6.900000000000000355e+00
2.700000000000000178e+00
9.400000000000000355e+00
1.300000000000000000e+01
1.269999999999999929e+01
0.000000000000000000e+00
1.739999999999999858e+01
2.430000000000000071e+01
6.640000000000000568e+01
2.839999999999999858e+01
2.480000000000000071e+01
1.090000000000000036e+01
1.059999999999999964e+01
1.080000000000000071e+01
4.750000000000000000e+01
9.099999999999999645e+00
1.430000000000000071e+01
4.200000000000000178e+00
1.889999999999999858e+01
1.739999999999999858e+01
5.039999999999999858e+01
3.500000000000000000e+01
3.529999999999999716e+01
1.259999999999999964e+01
5.039999999999999858e+01
5.489999999999999858e+01
2.289999999999999858e+01
7.370000000000000284e+01
1.240000000000000036e+01
1.269999999999999929e+01
