6.104568433177419706e-01
6.551528015515776238e-01
5.182880746565254881e-01
6.861729504728573126e-01
5.411079235964042500e-01
6.580261774945207476e-01
6.455279872777016648e-01
6.576406188133421260e-01
6.199511242089494889e-01
6.622899617838631237e-01
5.802604995283490164e-01
6.551528015515776238e-01
6.451802762416702919e-01
6.241454122100954516e-01
6.261659853479387694e-01
6.271143195778922097e-01
6.273313088231448065e-01
5.902766659480508382e-01
6.787733491130184538e-01
6.739940970994803271e-01
6.649171840297348757e-01
5.902766659480508382e-01
5.407465304427720998e-01
5.850026592764094868e-01
5.966254509212849388e-01
6.278402717678952527e-01
6.817921698609352710e-01
5.194102835880926028e-01
6.287455883445612903e-01
5.182880746565254881e-01
6.805674221386094347e-01
6.798952211410501656e-01
6.580261774945207476e-01
5.223231155041397900e-01
5.219653120538357838e-01
5.802604995283490164e-01
6.787733491130184538e-01
5.377902827335976355e-01
5.374125609360004274e-01
6.411730933466361915e-01
6.161416098011870401e-01
6.603930130639780183e-01
6.739940970994803271e-01
5.182880746565254881e-01
6.264236169984596092e-01
6.061076361074915209e-01
5.377902827335976355e-01
6.798952211410501656e-01
6.422336451594461426e-01
6.817921698609352710e-01
6.580261774945207476e-01
6.603930130639780183e-01
6.100734507109650817e-01
5.205161320613334031e-01
6.422336451594461426e-01
6.455279872777016648e-01
5.839989366162436912e-01
6.372538495979647166e-01
5.966254509212849388e-01
6.214051506074776965e-01
6.277038037730698905e-01
6.642733475163704604e-01
6.260894460013973761e-01
6.045048673534816341e-01
6.100051651118909568e-01
5.828770645882119794e-01
6.212428684606474683e-01
6.475641569241563644e-01
6.746550096286498821e-01
6.199511242089494889e-01
6.622899617838631237e-01
6.592711410359463065e-01
6.194649948286582442e-01
6.027024903543889423e-01
6.008068273477712440e-01
5.923062092725344119e-01
5.389124916651647501e-01
6.587990390536481167e-01
6.100051651118909568e-01
6.135250447413240771e-01
5.966254509212849388e-01
6.349970304090117867e-01
6.082680184066419082e-01
6.478674207589003586e-01
6.212567711313125018e-01
5.411079235964042500e-01
5.194102835880926028e-01
6.232840654795411828e-01
5.428880107762175111e-01
6.386626386261760047e-01
5.205161320613334031e-01
6.395634299583765614e-01
5.938184625321176746e-01
5.873827044565196331e-01
5.953513838183280837e-01
5.948527258974729559e-01
6.622899617838631237e-01
6.580261774945207476e-01
6.450391638301269381e-01
6.566246545584880634e-01
6.603930130639780183e-01
6.622077731132447465e-01
6.453768746141519408e-01
6.288977179214608748e-01
5.989825500283610937e-01
5.156054270140251194e-01
6.787733491130184538e-01
6.466619654603310563e-01
5.787587251038432967e-01
6.580261774945207476e-01
5.223231155041397900e-01
6.627604161541124084e-01
6.613967357241438139e-01
6.026564204148984194e-01
6.603930130639780183e-01
5.370330071699839225e-01
5.816321010467864205e-01
6.199511242089494889e-01
6.661176322375261805e-01
6.014529046117698119e-01
6.100625334567758573e-01
5.366516179006193266e-01
5.858958853361287966e-01
6.263332737303266562e-01
6.286799993545896248e-01
6.412898608720477567e-01
6.459977081263218457e-01
6.384988131393902755e-01
6.603930130639780183e-01
5.377902827335976355e-01
6.848795981728884597e-01
6.609352647257109581e-01
6.304669040981815131e-01
6.580261774945207476e-01
6.844193921068070230e-01
6.456685988223715977e-01
6.580261774945207476e-01
5.966254509212849388e-01
6.400359435323785817e-01
6.592711410359463065e-01
6.329146572194129794e-01
6.062178121972923162e-01
5.889833136480819853e-01
6.092321540011724768e-01
6.241154969971438593e-01
5.374125609360004274e-01
5.753505178204008086e-01
6.281441128080816894e-01
6.206472496694946939e-01
6.394533322860216362e-01
6.389621317465059569e-01
6.761567840531554907e-01
5.987981627193386114e-01
5.421813374822456177e-01
6.461877669140433378e-01
6.527928034814586278e-01
6.493800555132689389e-01
6.267194437990366573e-01
6.458497085849279618e-01
6.798952211410501656e-01
6.775283855715928949e-01
6.630806554437087552e-01
5.167661815159051431e-01
5.802604995283490164e-01
6.761567840531554907e-01
5.385402445632507806e-01
6.215978127456630586e-01
6.407589792083846492e-01
6.386626386261760047e-01
6.377694125664566949e-01
6.443366233119253161e-01
5.186639680206325265e-01
6.798952211410501656e-01
6.808989438012159612e-01
6.626982485720558369e-01
6.443366233119253161e-01
6.202659608300068461e-01
6.022900419941967787e-01
5.385402445632507806e-01
5.374125609360004274e-01
5.212443223656999525e-01
6.427368412985593471e-01
5.403833371350821313e-01
5.802604995283490164e-01
5.997627076054211637e-01
6.657748847648891077e-01
6.148966462597614813e-01
6.622077731132447465e-01
5.418253235812119373e-01
6.838885104431439155e-01
6.109477563105770725e-01
6.613967357241438139e-01
6.186491443370480958e-01
5.816321010467864205e-01
5.879922259183374411e-01
5.358833187121290198e-01
6.705885752340028372e-01
5.753505178204008086e-01
6.135250447413240771e-01
6.613967357241438139e-01
6.332498857242473411e-01
5.351076350910972668e-01
6.056266834671389931e-01
6.104680860612106130e-01
6.428050711605269862e-01
6.243694135907936760e-01
6.053980934132009439e-01
6.613967357241438139e-01
5.966254509212849388e-01
6.580261774945207476e-01
6.647829604176023199e-01
6.566545759760833434e-01
6.213242805963803406e-01
5.902766659480508382e-01
5.186639680206325265e-01
6.688822635903410863e-01
6.787733491130184538e-01
6.163419943424064407e-01
5.175307990929117752e-01
6.276525191984093643e-01
6.386626386261760047e-01
6.084673173474278718e-01
6.789724943764164911e-01
6.339040291390927173e-01
6.613967357241438139e-01
6.462083667151118371e-01
6.787733491130184538e-01
6.805674221386094347e-01
5.802604995283490164e-01
6.775283855715928949e-01
6.199511242089494889e-01
6.653773900958163123e-01
6.808989438012159612e-01
6.808989438012159612e-01
6.377668336157491513e-01
6.426677135398022322e-01
6.080030137992376016e-01
6.580261774945207476e-01
5.771232428442127915e-01
6.161416098011870401e-01
6.450752312841570024e-01
5.982609331809155551e-01
6.407589792083846492e-01
6.410843351699674342e-01
6.459977081263218457e-01
6.761567840531554907e-01
5.370330071699839225e-01
6.603930130639780183e-01
6.566545759760833434e-01
6.049711089340540360e-01
6.580261774945207476e-01
6.288084778814935216e-01
6.407589792083846492e-01
6.199511242089494889e-01
5.425355653689377666e-01
6.606142168405804149e-01
6.467887276020622966e-01
5.212443223656999525e-01
5.923907335390171669e-01
6.466800283430927943e-01
5.223231155041397900e-01
6.730195273690192659e-01
6.566545759760833434e-01
6.282366668257919340e-01
6.417500669381291933e-01
6.363072358509236359e-01
5.374125609360004274e-01
5.396515359178132298e-01
6.074258791062460139e-01
5.358833187121290198e-01
6.441448561331788447e-01
6.613967357241438139e-01
5.418253235812119373e-01
6.287231797623079599e-01
6.386626386261760047e-01
6.562228115809304319e-01
5.858958853361287966e-01
6.066828571926033975e-01
6.580261774945207476e-01
5.400183401384055504e-01
6.437811337762948671e-01
6.400359435323785817e-01
6.295460240876885605e-01
6.081882625249371843e-01
6.084855217251541326e-01
5.858958853361287966e-01
6.688822635903410863e-01
5.966254509212849388e-01
6.022898999572169343e-01
6.610198419643792400e-01
6.739940970994803271e-01
6.383799147487351222e-01
5.771232428442127915e-01
5.389124916651647501e-01
6.510863671569306899e-01
6.637767809042539602e-01
6.421475616072019887e-01
5.197807128613037841e-01
6.461459443136865488e-01
6.603930130639780183e-01
6.047326202444748278e-01
6.061887870730465755e-01
6.391864755657675756e-01
5.385402445632507806e-01
6.103221133690667211e-01
6.440445887026711169e-01
6.148966462597614813e-01
6.603930130639780183e-01
6.442899765196232753e-01
6.476813440149179479e-01
5.366516179006193266e-01
6.615836195583237878e-01
6.627604161541124084e-01
6.613967357241438139e-01
5.847136182746783817e-01
5.816321010467864205e-01
6.265599282433961248e-01
6.443366233119253161e-01
6.023792726652841267e-01
6.045048673534816341e-01
6.808989438012159612e-01
6.603930130639780183e-01
6.198432006609299050e-01
6.161416098011870401e-01
6.172634818292187520e-01
5.897235557897918534e-01
6.212567711313125018e-01
6.397262567601750272e-01
6.407589792083846492e-01
6.592711410359463065e-01
6.798952211410501656e-01
6.206472496694946939e-01
6.023792726652841267e-01
5.802604995283490164e-01
6.616602172026181394e-01
6.459977081263218457e-01
6.746550096286498821e-01
6.615836195583237878e-01
6.161416098011870401e-01
5.828770645882119794e-01
6.270364875131846372e-01
5.237364691619418311e-01
6.053980934132009439e-01
6.603930130639780183e-01
5.400183401384055504e-01
5.370330071699839225e-01
6.527928034814586278e-01
5.839989366162436912e-01
6.666707423957851653e-01
5.997627076054211637e-01
5.902766659480508382e-01
6.236188751021517485e-01
6.195904640553765441e-01
6.643863023660717682e-01
6.178054710452840492e-01
6.653773900958163123e-01
6.182670247056415436e-01
5.385402445632507806e-01
6.401494577465668412e-01
6.637767809042539602e-01
5.247778302327219535e-01
6.688822635903410863e-01
6.622899617838631237e-01
5.208811290580099840e-01
6.097788740251229855e-01
6.638391817131612527e-01
6.455854362804311908e-01
6.068849125335917805e-01
5.428880107762175111e-01
6.296891049238859672e-01
5.885231075820005486e-01
5.982609331809155551e-01
6.603930130639780183e-01
5.816321010467864205e-01
6.465531853839070475e-01
6.202746152498286314e-01
6.180471018217610357e-01
6.566545759760833434e-01
6.466800283430927943e-01
5.182880746565254881e-01
6.245891382943470349e-01
6.580261774945207476e-01
6.638388313889975745e-01
6.023687644885223902e-01
5.858958853361287966e-01
5.771232428442127915e-01
5.787587251038432967e-01
6.653773900958163123e-01
6.592711410359463065e-01
5.167661815159051431e-01
5.910763447325514397e-01
6.423083275471527243e-01
5.858958853361287966e-01
6.580261774945207476e-01
6.369897734501679398e-01
6.642733475163704604e-01
5.396515359178132298e-01
6.613967357241438139e-01
6.559485195566755467e-01
5.182880746565254881e-01
6.446893231904171628e-01
5.396515359178132298e-01
6.566545759760833434e-01
6.570150683037531136e-01
5.418253235812119373e-01
6.825828635207809025e-01
5.442800383097941008e-01
6.172634818292187520e-01
6.471121621621227504e-01
5.190380364861786333e-01
5.982609331809155551e-01
5.787587251038432967e-01
6.076651276684974512e-01
6.274799948318420251e-01
6.761567840531554907e-01
5.208811290580099840e-01
6.257420786001443025e-01
5.156054270140251194e-01
6.775283855715928949e-01
5.948527258974729559e-01
6.337425236474116819e-01
6.068849125335917805e-01
5.366516179006193266e-01
6.544918890224081798e-01
5.403833371350821313e-01
5.186639680206325265e-01
6.712468023452072829e-01
6.605865432470395815e-01
5.407465304427720998e-01
5.960049568973673217e-01
6.225614174283361502e-01
6.590656380354487087e-01
6.148966462597614813e-01
5.802604995283490164e-01
6.219920215286949272e-01
6.431330307655414025e-01
