-4.779732859440234627e+00
2.062510931618307952e-01
5.004582073309926660e-01
-3.474135068089282963e-01
-1.089673699653164185e+00
5.940618235798265090e-01
4.224514920369111803e-01
6.672425728994356708e-01
-9.068847765343916734e-02
2.459557146451855303e+00
-1.367710367139654271e-01
-9.487417653094264436e-01
-2.732811255458985622e-01
4.453587430327257679e-02
-4.906787745839042536e+00
-1.641627937815561822e-01
-3.274525100545897516e-01
-1.111729384479688207e-02
1.320938758115181466e+00
8.575945806591822596e-01
8.856226216741359680e-01
-4.969417747561478693e-01
8.019931710883344556e-01
4.054991754919175517e-01
-2.621601753278614555e-01
2.307881329918780866e-01
-6.743707492308796854e-03
-2.480678207715798056e+00
4.445280209515599101e-01
7.291598757715108681e-01
-1.007905012742521311e+00
6.740178346913381358e-01
9.578932161749804663e-01
7.091374951218413214e-01
2.501270863924657806e-01
6.298219270687827054e-01
-9.492804304171628682e-02
3.298424773747686278e-01
4.577029855320542961e-01
2.053176739095357917e+00
-1.892613552027200496e+00
-6.545442889383510376e-01
1.925488138779646752e+00
2.683740012785141849e-01
4.987596623233449544e-01
5.091249781151391263e-01
-2.571882077299791458e+00
-4.169756522830135870e-01
3.004589165889112734e-01
3.305279484169391768e+00
1.135475904213206100e+00
-1.513536612086494371e+00
5.372980590981741855e-01
-2.486165567053231218e+00
-2.450436371109097899e-01
3.687271160218125177e-01
-8.819523601755245579e-02
-2.222281817743803956e+00
9.283762717204121495e-01
4.967205425433748878e-01
-8.742648904624440442e-01
-4.094095595292954193e-01
-3.287508383232282672e-01
1.926842062447424286e+00
1.617157868332171622e-01
1.579010470969794411e-01
5.822854708760718534e-01
-1.044988746205354341e-01
1.878635219807102796e+00
2.653137282088037785e-01
9.738001408863024011e-01
-4.332236325982516401e-01
4.613396414653589406e-01
1.040068651983949932e+00
-7.209152969449739157e-01
3.020500214466566025e-01
4.781463185631553703e-01
-1.302214799469168849e+00
3.921838871107653501e-01
2.749124158348285607e-01
6.826485676693074822e-01
1.686976757442203878e+00
5.144885455995261703e-01
-1.759378985143002228e-01
9.541664099976272517e-01
-1.333611267863177741e+00
8.152624701585118316e-01
1.930300988560378794e+00
3.297487203765985808e-01
-2.553893061392151220e-01
-1.197315898024946978e+00
-9.113117063782211202e-01
-5.536759556328847420e-01
1.534323589052097869e-01
-2.350811259163250733e-01
3.463735398592678316e-01
-4.371868770806849186e-02
-3.891460029483255756e-01
-2.056558170452245538e+00
1.602532790170224208e+00
7.301622202032185260e-01
7.684304834913905369e-01
4.181755741790865177e-01
1.522238996427429880e+00
-5.954428801999607224e-01
2.203534564857057843e-01
1.029364089126076465e+00
1.015333352991761376e-02
-1.142646011607008960e+00
-7.833864019958831915e-02
-3.860743536956592285e-03
-5.739614094924974097e-01
5.122899046490779484e-02
1.293402172986526377e+00
4.792358803053991534e-01
3.077698581072938477e-01
2.556129218497046329e-01
5.407492146923624787e-01
1.527736411942906214e+00
-3.875163797681072109e-01
9.631360416195348106e-01
9.298543803639525152e-01
-1.136545872826001391e+00
1.426048191678760124e-01
7.412118037526159720e-01
1.456215481568505110e+00
-7.202142360696099921e-01
-4.618160166290898871e-01
-1.323544338662450581e+00
-2.467840666928755311e-01
3.323471488719119904e+00
1.636174708308518744e+00
1.916069869579551721e+00
-1.082465143003894070e+00
-1.466734667103854806e+00
-2.342693142397272443e-01
-1.050895688146416651e+00
1.596479384406189972e+00
-1.229645762138179554e+00
-1.585688781317636797e+00
-4.096926561543458689e+00
-2.496613475737699539e-01
1.084384718848512286e+00
-5.746991882191543333e-01
1.479773160502369844e+00
-1.071336844929889898e+00
-9.944668452921461288e-01
3.006161697509382336e+00
5.865773521416588476e-01
5.427883000110268474e-01
-6.731256947592061390e-01
-1.325263535181341767e+00
1.548434070523821704e-01
6.448919724093243877e-02
-6.748147279518670327e-01
-1.378040372145674208e+00
2.548037059842499286e+00
2.269101922288103257e+00
5.801880851183088827e-01
-3.774888047121417456e-01
-2.706798638027116510e+00
1.178630853435757020e+00
-2.467557840372498479e+00
1.543677824100820661e+00
-2.058359878541722754e+00
8.255675867541822921e-02
1.052694595978661996e+00
3.268183393977548978e-01
3.110274533263586161e-01
-2.676499958817345703e+00
4.174617699343475818e-01
-2.476974895917778419e+00
-7.549456507617594569e-01
-5.886252796622278183e+00
-4.295843822320491334e+00
-8.346203492756805176e-01
1.234519323014410030e+00
1.853015922428576046e+00
3.513228836575630343e-01
3.443942273593815773e-01
3.392959839397475807e-01
-5.418997956728048848e-01
-3.799153477801386347e-01
6.114027845697397323e-01
1.441941422983090415e-01
7.476909188258800132e-01
6.373115150472488111e-01
-3.017819852195037011e+00
-2.591904457949461005e+00
-1.682964698858732122e+00
-4.783703343278019382e+00
-3.867172927481488109e-01
2.133442385298391641e-01
6.889982430826512294e-01
1.807467466469219186e+00
-2.446122150149825439e-02
4.772339162127432477e-01
-1.079044463120079733e+00
-6.087567417707016038e-01
7.091015523030868017e-01
9.563299839597926288e-01
-6.869914767498030983e-01
-3.433618023773002959e-01
7.234523175969233000e-01
3.481024141780556524e-01
-1.114327966810350345e-01
-1.719347130990978578e-01
-7.657802562486972775e-01
1.227866056325779831e-01
-2.570372830709791945e+00
-6.997361047653226640e-01
-1.562402563707573577e+00
-1.059525844080059453e+00
7.844238457726694369e-01
1.811853450674738575e-01
-2.098687969597460956e+00
-1.283100742990222365e+00
5.013425553426339443e-01
4.493311058733888697e-01
3.006337383399028340e+00
5.793151169062991102e-01
1.340879367779970743e-01
-7.155029178129177492e-01
1.537875876289050314e+00
-8.191575398350178228e-01
1.077811500755037732e+00
-1.912982472670496037e+00
-7.784748477129398436e-01
2.825620853692648385e-02
-3.369867081688481258e-01
2.092787630011358480e-01
-4.765021012681189272e-01
2.126698005860069851e-01
2.288635835149622544e+00
-4.129333050946910610e+00
2.198667400849536879e-01
1.667253687018427133e+00
-4.784736903393695950e-01
-3.040654863180179301e+00
1.234846893719560246e+00
-1.731904391467968540e-01
-1.509059043270335243e+00
1.297075566213823583e+00
-2.459253453567180336e-01
4.059921976684240930e-01
9.489539766521002395e-01
-8.977697578423730063e-01
2.200118637245648046e+00
1.853934647316154205e+00
8.138703077842956990e-01
-2.626823372778029908e-01
1.818406786783484386e-01
-1.790434583229616239e+00
2.842532565499298336e+00
1.044617087869613492e+00
1.223133275825836336e-01
-7.372954630886606742e-01
-2.489778939014025028e+00
6.803151390370683060e-01
-4.863040228689974320e-01
1.630281946110217484e-01
1.401252374905034737e+00
7.452129357503278761e-01
1.443487052962032502e-01
-3.694949619607661440e-01
-9.017790070368361111e-01
2.452894145957638106e-01
-7.095388846752138656e-01
4.120766134312768836e-01
8.261250399164891123e-01
-8.330334921317621155e-03
3.573873626295800410e-01
5.684101845539868414e-01
-4.927470227746253428e+00
-2.375298718455110814e-01
1.894642930462557828e-01
-6.108131820121261990e-01
2.490742173189109954e-01
-2.424089076276863819e-01
-2.582937978628462083e+00
1.973392557477707587e+00
-1.045847208915659632e+00
-5.623842953931675881e-01
-1.061367268005639214e-01
-2.385589068002706981e-01
7.370861204268829292e-01
-9.331482045080793930e-02
2.042038858410161542e-02
1.306393496631567119e+00
2.168498749379510829e-02
-3.953622968974087049e-01
3.086326001910734695e-01
-1.281836256216224657e+00
1.062595235689763218e+00
1.716817170054255826e+00
-1.335734976792485318e+00
1.006070661515226838e+00
6.877236780367387281e-01
1.656107351501946157e-01
2.999827944663034707e+00
1.701731785104079409e+00
-1.925974483241077451e-01
-2.418605292329444600e-01
-2.575603482309833936e+00
2.892408674495734466e-01
-1.504061460794725857e-01
-1.556034845535235467e-01
-5.458639165932294146e-01
6.141077991699781524e-01
-2.998028468945481695e-01
-6.544636430011707695e-02
1.299070353220109775e-01
6.499303700272036632e-01
-3.073772569791098253e+00
-9.987853098949026620e-01
5.992742670149269202e-01
-3.099475354950423367e-01
7.904458628488447713e-01
1.186832717152473293e+00
-1.271997897545652789e-01
4.611871850540963380e-01
8.551047774100511978e-02
2.460097595547798277e-01
2.284269669855772122e-01
3.312241316209356135e-01
1.531182738227294449e+00
1.218058253480938324e+00
-2.199827347832824742e+00
1.264458495259534354e+00
-3.443420125223692896e+00
1.035879878169942425e-01
2.397416093703048923e-01
2.517636110968016983e+00
6.389262153503025843e-01
1.293954585479207831e-01
-9.415464697611437561e-01
1.407244842355330317e+00
4.072605851744844352e-01
-1.242863996026013496e+00
-1.689685421134956844e-01
6.483228292921153768e-01
-1.213295616120430021e+00
7.323393169212665255e-01
2.976524054150365028e+00
-3.041797802802497785e-01
5.921902618823235986e-01
1.572497317646109227e+00
1.007163268389687172e+00
-2.794373054206877316e-01
-1.379083579672848225e+00
-9.762690616324970483e-02
9.555013049977700845e-01
-4.186807177513629519e-01
-1.220511697688315689e+00
-4.839168254404213165e+00
9.516312111224988213e-01
-4.971263466026053512e-01
-3.331048865414820148e-01
5.274846077112311793e-01
1.615465509963503465e-01
-2.507312649876938693e+00
2.809833933848155052e+00
-3.470286232220263223e+00
7.722267453489554123e-01
5.654061928080021948e-01
-1.057472161202182903e+00
1.942278036407875108e-01
4.475184382964565444e-01
-2.597177645590798445e+00
-8.135043400353333398e-01
8.721555949667367802e-01
-6.649566885101674263e-01
1.467699964014945069e+00
1.175049616216001569e+00
3.453725815950134947e-01
2.601419620703877111e+00
2.838130417252918924e+00
4.140649492822093269e-01
-3.005721875922893749e-01
1.616163711271295655e-02
1.028500879540213520e+00
4.689830008808850564e-02
1.734359318922629456e-01
8.733903147525901023e-01
5.333426382395527465e-01
1.485923596987978046e+00
4.066705117951747162e-01
-1.132033451718665651e+00
-1.046396095621281885e+00
3.267195577011684504e-01
6.200847444632651140e-01
-3.892230548390157030e-01
1.678548733749189115e+00
2.829460600740796306e-01
-2.980624521108175551e-01
1.932991462068839761e+00
1.326991545318253030e+00
-3.731080051834581024e+00
8.754264718096925468e-02
9.913075232565098371e-01
9.140511450418362105e-02
7.829425162211667288e-01
-5.125935573403218593e-01
-1.100095012308011273e-02
-9.215498351707097635e-01
1.080377282040550169e+00
1.925515340795997954e+00
-4.400012426128196985e-01
-5.398192507810324337e-01
9.532251888066873846e-01
-1.397095111867756811e+00
-9.356808170486799470e-02
1.998129799173958165e+00
-8.882652230383669689e-01
-1.019511460526627111e+00
3.879175106288826336e-01
4.830865047600204631e-01
7.084419720299257595e-01
8.625907381242177430e-02
1.586186806764835922e+00
-3.899923751365819147e-01
-6.859050351862039374e-01
-2.525144368743120205e-01
1.256249400101412395e+00
2.235892188234887001e-01
3.030458020426536336e-01
-1.032961971811299673e+00
-1.039173272262628872e-01
1.943049051658911841e+00
8.404295038335148904e-01
-9.467440536661418937e-01
-4.416200762928666812e+00
2.932520558538524030e-02
-4.423259742045811960e-01
6.500891269499669001e-01
-1.207986175999052336e-01
