2.060000000000000053e+00
2.101999999999999869e+00
2.009999999999999787e+00
1.975000000000000089e+00
2.103000000000000203e+00
1.796999999999999931e+00
2.258000000000000007e+00
2.069999999999999840e+00
2.009999999999999787e+00
2.133000000000000007e+00
2.019000000000000128e+00
1.975999999999999979e+00
1.745000000000000107e+00
2.044999999999999929e+00
2.009999999999999787e+00
1.983000000000000096e+00
2.096999999999999975e+00
1.969999999999999973e+00
1.879000000000000004e+00
2.069999999999999840e+00
1.949000000000000066e+00
1.756000000000000005e+00
2.083000000000000185e+00
1.870999999999999996e+00
1.979000000000000092e+00
1.881999999999999895e+00
1.792000000000000037e+00
2.023000000000000131e+00
2.032999999999999918e+00
2.064000000000000057e+00
2.113999999999999879e+00
1.836000000000000076e+00
2.060999999999999943e+00
1.850000000000000089e+00
2.024000000000000021e+00
2.000000000000000000e+00
1.933000000000000052e+00
2.157000000000000028e+00
1.874000000000000110e+00
2.249000000000000110e+00
1.877999999999999892e+00
2.088999999999999968e+00
2.099000000000000199e+00
2.116999999999999993e+00
2.031000000000000139e+00
1.929999999999999938e+00
2.112000000000000099e+00
1.961999999999999966e+00
2.049999999999999822e+00
1.957999999999999963e+00
1.909000000000000030e+00
2.141999999999999904e+00
2.338000000000000078e+00
1.971999999999999975e+00
2.148000000000000131e+00
2.095000000000000195e+00
1.937000000000000055e+00
2.113999999999999879e+00
2.012999999999999901e+00
1.953999999999999959e+00
2.072999999999999954e+00
1.915999999999999925e+00
2.101999999999999869e+00
2.047000000000000153e+00
1.893999999999999906e+00
2.138999999999999790e+00
1.963999999999999968e+00
2.189000000000000057e+00
1.897000000000000020e+00
2.059000000000000163e+00
1.860000000000000098e+00
1.941999999999999948e+00
1.766999999999999904e+00
2.037999999999999812e+00
2.033999999999999808e+00
2.013999999999999790e+00
1.739999999999999991e+00
1.836000000000000076e+00
1.929999999999999938e+00
1.883000000000000007e+00
1.969999999999999973e+00
1.852000000000000091e+00
1.862000000000000099e+00
2.049999999999999822e+00
1.895999999999999908e+00
2.217000000000000082e+00
2.011000000000000121e+00
1.889000000000000012e+00
1.947000000000000064e+00
1.820999999999999952e+00
1.860999999999999988e+00
1.756000000000000005e+00
2.134999999999999787e+00
1.891000000000000014e+00
2.176000000000000156e+00
1.885000000000000009e+00
2.036999999999999922e+00
1.939000000000000057e+00
2.000999999999999890e+00
2.081999999999999851e+00
1.897000000000000020e+00
2.494000000000000217e+00
1.955999999999999961e+00
1.985999999999999988e+00
1.883000000000000007e+00
1.891000000000000014e+00
2.000999999999999890e+00
1.945000000000000062e+00
1.639000000000000012e+00
1.776000000000000023e+00
