2.198999999999999844e+00
2.169000000000000039e+00
1.987999999999999989e+00
2.001999999999999780e+00
1.981999999999999984e+00
1.858000000000000096e+00
1.997000000000000108e+00
2.032000000000000028e+00
1.959000000000000075e+00
2.064000000000000057e+00
1.965000000000000080e+00
2.185999999999999943e+00
2.112000000000000099e+00
1.905000000000000027e+00
1.987000000000000099e+00
1.955000000000000071e+00
1.983000000000000096e+00
2.153999999999999915e+00
1.987000000000000099e+00
1.550000000000000044e+00
1.858999999999999986e+00
1.735000000000000098e+00
2.153000000000000025e+00
1.862000000000000099e+00
2.052000000000000046e+00
1.866999999999999993e+00
2.081999999999999851e+00
2.217000000000000082e+00
1.812000000000000055e+00
2.108999999999999986e+00
1.616000000000000103e+00
2.115000000000000213e+00
2.157999999999999918e+00
2.108999999999999986e+00
1.937000000000000055e+00
1.969999999999999973e+00
1.997000000000000108e+00
2.069999999999999840e+00
2.008000000000000007e+00
2.245999999999999996e+00
1.911999999999999922e+00
1.961000000000000076e+00
1.631000000000000005e+00
1.937000000000000055e+00
1.733000000000000096e+00
2.061999999999999833e+00
2.200000000000000178e+00
2.045999999999999819e+00
2.015000000000000124e+00
1.903999999999999915e+00
1.933000000000000052e+00
2.071000000000000174e+00
1.840999999999999970e+00
2.039000000000000146e+00
1.951000000000000068e+00
1.955000000000000071e+00
2.170999999999999819e+00
2.000000000000000000e+00
1.907999999999999918e+00
1.959999999999999964e+00
1.981999999999999984e+00
2.176000000000000156e+00
2.149000000000000021e+00
1.901999999999999913e+00
2.120000000000000107e+00
1.903999999999999915e+00
2.067000000000000171e+00
1.870999999999999996e+00
1.985000000000000098e+00
2.072999999999999954e+00
1.925000000000000044e+00
1.913000000000000034e+00
1.885999999999999899e+00
1.868000000000000105e+00
1.816999999999999948e+00
2.149000000000000021e+00
2.011000000000000121e+00
1.915000000000000036e+00
1.889000000000000012e+00
1.875000000000000000e+00
2.072999999999999954e+00
2.197999999999999954e+00
1.822999999999999954e+00
1.941999999999999948e+00
2.193999999999999950e+00
2.044999999999999929e+00
2.109999999999999876e+00
1.596000000000000085e+00
2.350999999999999979e+00
1.822999999999999954e+00
2.166999999999999815e+00
1.997000000000000108e+00
1.929999999999999938e+00
1.937000000000000055e+00
2.013999999999999790e+00
1.911999999999999922e+00
2.060000000000000053e+00
2.043000000000000149e+00
1.891000000000000014e+00
1.834000000000000075e+00
2.095000000000000195e+00
1.768999999999999906e+00
1.997999999999999998e+00
2.039000000000000146e+00
2.132000000000000117e+00
2.021999999999999797e+00
1.919999999999999929e+00
2.055000000000000160e+00
1.929000000000000048e+00
1.810000000000000053e+00
2.273000000000000131e+00
1.979000000000000092e+00
2.000999999999999890e+00
1.937000000000000055e+00
2.088000000000000078e+00
2.028999999999999915e+00
1.856999999999999984e+00
1.951000000000000068e+00
2.080000000000000071e+00
1.905999999999999917e+00
1.907000000000000028e+00
2.099000000000000199e+00
2.036999999999999922e+00
1.915000000000000036e+00
1.967999999999999972e+00
1.943999999999999950e+00
1.971000000000000085e+00
2.059000000000000163e+00
2.029999999999999805e+00
1.929999999999999938e+00
2.033999999999999808e+00
2.242999999999999883e+00
1.770000000000000018e+00
1.985000000000000098e+00
1.943999999999999950e+00
1.891000000000000014e+00
2.145999999999999908e+00
2.126999999999999780e+00
1.828000000000000069e+00
2.021999999999999797e+00
2.140000000000000124e+00
2.116999999999999993e+00
1.776000000000000023e+00
1.790999999999999925e+00
1.745000000000000107e+00
1.981999999999999984e+00
2.153000000000000025e+00
2.085999999999999854e+00
1.885999999999999899e+00
1.905999999999999917e+00
1.963999999999999968e+00
2.012999999999999901e+00
1.770999999999999908e+00
1.919999999999999929e+00
1.667000000000000037e+00
1.822000000000000064e+00
1.687999999999999945e+00
1.957999999999999963e+00
2.048999999999999932e+00
2.012000000000000011e+00
1.985999999999999988e+00
1.917999999999999927e+00
2.180000000000000160e+00
1.963999999999999968e+00
1.987000000000000099e+00
1.919999999999999929e+00
1.879999999999999893e+00
1.911000000000000032e+00
1.625000000000000000e+00
1.858000000000000096e+00
1.675999999999999934e+00
2.249000000000000110e+00
2.153999999999999915e+00
2.055000000000000160e+00
2.012000000000000011e+00
1.479000000000000092e+00
1.758999999999999897e+00
2.019000000000000128e+00
2.350999999999999979e+00
1.991999999999999993e+00
2.088999999999999968e+00
2.020000000000000018e+00
1.969999999999999973e+00
2.028999999999999915e+00
1.947999999999999954e+00
2.025999999999999801e+00
1.752999999999999892e+00
1.913999999999999924e+00
2.200000000000000178e+00
1.907999999999999918e+00
1.832999999999999963e+00
2.029999999999999805e+00
2.008999999999999897e+00
2.033999999999999808e+00
2.032000000000000028e+00
1.989000000000000101e+00
1.812999999999999945e+00
1.893999999999999906e+00
1.887000000000000011e+00
1.993000000000000105e+00
1.901000000000000023e+00
2.250999999999999890e+00
1.840000000000000080e+00
1.756000000000000005e+00
2.031000000000000139e+00
1.961999999999999966e+00
1.943000000000000060e+00
2.044999999999999929e+00
1.927999999999999936e+00
2.092999999999999972e+00
2.246999999999999886e+00
2.117999999999999883e+00
2.052999999999999936e+00
2.036000000000000032e+00
2.012999999999999901e+00
1.870999999999999996e+00
2.019000000000000128e+00
1.971000000000000085e+00
2.037999999999999812e+00
1.727000000000000091e+00
1.782000000000000028e+00
2.056000000000000050e+00
1.719999999999999973e+00
2.047000000000000153e+00
2.021999999999999797e+00
2.148000000000000131e+00
1.945999999999999952e+00
1.653000000000000025e+00
1.963000000000000078e+00
2.152000000000000135e+00
1.917999999999999927e+00
2.189999999999999947e+00
2.043000000000000149e+00
2.043000000000000149e+00
1.836000000000000076e+00
1.949999999999999956e+00
1.802000000000000046e+00
2.112999999999999989e+00
1.953999999999999959e+00
2.079000000000000181e+00
2.136000000000000121e+00
2.071000000000000174e+00
1.852999999999999980e+00
2.295999999999999819e+00
1.762999999999999901e+00
2.125999999999999890e+00
2.092000000000000082e+00
1.929000000000000048e+00
2.165000000000000036e+00
1.874000000000000110e+00
1.883999999999999897e+00
1.961999999999999966e+00
1.651999999999999913e+00
1.852000000000000091e+00
1.973999999999999977e+00
1.778999999999999915e+00
1.935000000000000053e+00
2.180000000000000160e+00
1.875000000000000000e+00
2.048000000000000043e+00
2.012999999999999901e+00
2.182999999999999829e+00
2.109999999999999876e+00
1.733000000000000096e+00
1.802000000000000046e+00
1.949000000000000066e+00
2.019000000000000128e+00
2.250999999999999890e+00
1.931999999999999940e+00
2.153000000000000025e+00
2.024999999999999911e+00
2.024000000000000021e+00
2.056000000000000050e+00
2.028000000000000025e+00
2.107000000000000206e+00
2.249000000000000110e+00
1.951999999999999957e+00
1.915000000000000036e+00
2.164000000000000146e+00
2.059000000000000163e+00
2.055000000000000160e+00
1.834999999999999964e+00
2.133999999999999897e+00
1.721000000000000085e+00
2.039000000000000146e+00
2.162999999999999812e+00
1.834000000000000075e+00
1.943999999999999950e+00
1.929000000000000048e+00
2.229000000000000092e+00
1.832999999999999963e+00
1.963999999999999968e+00
1.919000000000000039e+00
1.973999999999999977e+00
1.764000000000000012e+00
2.029999999999999805e+00
1.826000000000000068e+00
2.173000000000000043e+00
2.029999999999999805e+00
1.961000000000000076e+00
1.951000000000000068e+00
1.844000000000000083e+00
2.000999999999999890e+00
2.052999999999999936e+00
1.891000000000000014e+00
2.028000000000000025e+00
2.016000000000000014e+00
2.249000000000000110e+00
1.963000000000000078e+00
1.683999999999999941e+00
1.935999999999999943e+00
2.432999999999999829e+00
2.165000000000000036e+00
2.180000000000000160e+00
1.943999999999999950e+00
1.975999999999999979e+00
1.667999999999999927e+00
2.001999999999999780e+00
1.864999999999999991e+00
2.069999999999999840e+00
1.983000000000000096e+00
2.125999999999999890e+00
1.935000000000000053e+00
1.989000000000000101e+00
1.858999999999999986e+00
2.016999999999999904e+00
2.049999999999999822e+00
2.180000000000000160e+00
1.931999999999999940e+00
2.096000000000000085e+00
2.053999999999999826e+00
1.782999999999999918e+00
2.004000000000000004e+00
2.097999999999999865e+00
1.995999999999999996e+00
1.883000000000000007e+00
2.072999999999999954e+00
1.965999999999999970e+00
2.020999999999999908e+00
1.983000000000000096e+00
2.005999999999999783e+00
2.166999999999999815e+00
1.758000000000000007e+00
2.075000000000000178e+00
2.138999999999999790e+00
2.056000000000000050e+00
1.747000000000000108e+00
1.923000000000000043e+00
2.000999999999999890e+00
1.802000000000000046e+00
2.012999999999999901e+00
1.917999999999999927e+00
2.104999999999999982e+00
2.005999999999999783e+00
1.842999999999999972e+00
2.052999999999999936e+00
2.141000000000000014e+00
2.049999999999999822e+00
1.899000000000000021e+00
1.985999999999999988e+00
2.039000000000000146e+00
1.945999999999999952e+00
2.028000000000000025e+00
2.124000000000000110e+00
1.953000000000000069e+00
2.056999999999999940e+00
2.008000000000000007e+00
1.917000000000000037e+00
2.052999999999999936e+00
1.899999999999999911e+00
1.834000000000000075e+00
1.909000000000000030e+00
2.123000000000000220e+00
2.029999999999999805e+00
2.136000000000000121e+00
1.979000000000000092e+00
1.985000000000000098e+00
1.991999999999999993e+00
1.957999999999999963e+00
2.273000000000000131e+00
2.056999999999999940e+00
2.104000000000000092e+00
1.846999999999999975e+00
2.093999999999999861e+00
1.923999999999999932e+00
1.854999999999999982e+00
1.961000000000000076e+00
2.117999999999999883e+00
2.088000000000000078e+00
2.176000000000000156e+00
1.856999999999999984e+00
2.097999999999999865e+00
2.060000000000000053e+00
1.947000000000000064e+00
2.031000000000000139e+00
1.941999999999999948e+00
1.975999999999999979e+00
2.125999999999999890e+00
1.903999999999999915e+00
2.104000000000000092e+00
1.846999999999999975e+00
1.887999999999999901e+00
2.213000000000000078e+00
1.993999999999999995e+00
2.092000000000000082e+00
2.067000000000000171e+00
1.993999999999999995e+00
1.735000000000000098e+00
1.866999999999999993e+00
2.011000000000000121e+00
2.003000000000000114e+00
2.088000000000000078e+00
1.826000000000000068e+00
2.036999999999999922e+00
1.985999999999999988e+00
2.148000000000000131e+00
1.883999999999999897e+00
2.173000000000000043e+00
1.983999999999999986e+00
2.077999999999999847e+00
2.145000000000000018e+00
2.028999999999999915e+00
2.468999999999999861e+00
1.875000000000000000e+00
2.157000000000000028e+00
1.887000000000000011e+00
1.889999999999999902e+00
2.331999999999999851e+00
1.993999999999999995e+00
2.041999999999999815e+00
1.858999999999999986e+00
1.776000000000000023e+00
1.995000000000000107e+00
1.961000000000000076e+00
2.190999999999999837e+00
2.241999999999999993e+00
