1.195327841487532794e+01
1.293707172892803214e+01
1.325477127629785201e+01
1.244955196375648931e+01
1.320441783303310679e+01
1.284489737023849187e+01
1.234663948112319964e+01
1.270293209281166469e+01
1.171697231898706981e+01
1.268625336009328564e+01
1.224354315534878523e+01
1.293707172892803214e+01
1.237238412130972698e+01
1.220905968140861830e+01
1.213506914114545587e+01
1.209739270509564335e+01
1.208842865925177890e+01
1.179227251187113801e+01
1.281281461084461526e+01
1.082843004623208927e+01
1.256000511670893616e+01
1.179227251187113801e+01
1.321117963925743410e+01
1.207624488366929683e+01
1.235059859393156323e+01
1.206681350188204682e+01
1.269711468269331434e+01
1.323427782641902262e+01
1.202591444186446523e+01
1.325477127629785201e+01
1.063741382775638655e+01
1.277206322520765269e+01
1.284489737023849187e+01
1.318006358013245105e+01
1.318680490715725995e+01
1.224354315534878523e+01
1.281281461084461526e+01
1.326563259889787894e+01
1.327248293304611515e+01
1.257802900049236960e+01
1.186704776320081400e+01
1.276120190260762755e+01
1.082843004623208927e+01
1.325477127629785201e+01
1.212505579391317312e+01
1.214532673343943081e+01
1.326563259889787894e+01
1.277206322520765269e+01
1.253268777110094412e+01
1.269711468269331434e+01
1.284489737023849187e+01
1.276120190260762755e+01
1.197389046642968502e+01
1.321387224474156596e+01
1.253268777110094412e+01
1.234663948112319964e+01
1.211478377332230494e+01
1.272235857150850258e+01
1.235059859393156323e+01
1.230000367298083042e+01
1.207269532700467352e+01
1.241070342817964267e+01
1.213801482047311886e+01
1.208710620626932375e+01
1.178278604992317113e+01
1.215553515895926573e+01
1.230512974898059753e+01
1.217547234920443699e+01
1.294793305152805907e+01
1.171697231898706981e+01
1.268625336009328564e+01
1.280195328824458834e+01
1.235972870772810062e+01
1.226349979418388436e+01
1.232328861226377725e+01
1.255945480448374951e+01
1.324513914901904776e+01
1.266151550848847940e+01
1.178278604992317113e+01
1.195505575959033351e+01
1.235059859393156323e+01
1.279544786025289405e+01
1.205897942031009684e+01
1.215978984539314744e+01
1.165394329728768419e+01
1.320441783303310679e+01
1.323427782641902262e+01
1.152531113752446146e+01
1.317076331218914476e+01
1.176220915764954000e+01
1.321387224474156596e+01
1.109820680703858287e+01
1.252040621975758228e+01
1.197302323548917435e+01
1.247968375805390373e+01
1.240158219051189725e+01
1.268625336009328564e+01
1.284489737023849187e+01
1.238216394770451245e+01
1.273763210258132084e+01
1.276120190260762755e+01
1.106098032250040397e+01
1.235813727577141918e+01
1.201867084267133023e+01
1.237786866215550141e+01
1.330291991814080355e+01
1.281281461084461526e+01
1.224428899012077387e+01
1.229065359964270954e+01
1.284489737023849187e+01
1.318006358013245105e+01
1.249531092484931882e+01
1.272266301295461943e+01
1.226499547163065884e+01
1.276120190260762755e+01
1.327934273711782076e+01
1.219847924095316927e+01
1.171697231898706981e+01
1.248301602083658324e+01
1.230329600586002314e+01
1.197446063596566823e+01
1.328621193781049747e+01
1.203983523080796303e+01
1.212858474995775460e+01
1.202900090426495794e+01
1.163596091426518875e+01
1.099480078798342753e+01
1.267941448951459904e+01
1.276120190260762755e+01
1.326563259889787894e+01
1.254367647051416945e+01
1.257812374394362998e+01
1.193475902609202244e+01
1.284489737023849187e+01
1.257086643930896308e+01
1.233546953068840502e+01
1.284489737023849187e+01
1.235059859393156323e+01
1.262298595320189420e+01
1.280195328824458834e+01
1.285862152860656415e+01
1.270643325041946170e+01
1.188639701862881992e+01
1.201558292799705896e+01
1.221010387836987121e+01
1.327248293304611515e+01
1.239072086791186855e+01
1.205347007123480196e+01
1.168453583973072263e+01
1.172783364158709674e+01
1.266284682955027741e+01
1.290082260723413476e+01
1.238324464224022670e+01
1.318419392526118195e+01
1.228991526125359179e+01
1.085802148434922820e+01
1.093113925492171745e+01
1.211336081272596665e+01
1.232035974455995486e+01
1.277206322520765269e+01
1.285575869283851880e+01
1.265187784403084414e+01
1.328222913922161297e+01
1.224354315534878523e+01
1.290082260723413476e+01
1.325196063358184340e+01
1.229388443707122036e+01
1.166480461988771111e+01
1.176220915764954000e+01
1.179861881051087202e+01
1.102343325181212030e+01
1.324793048537559237e+01
1.277206322520765269e+01
1.273352433555464636e+01
1.249839683959589820e+01
1.102343325181212030e+01
1.233546975542774504e+01
1.227680974231599187e+01
1.325196063358184340e+01
1.327248293304611515e+01
1.320031831665740718e+01
1.250965055972985240e+01
1.321795157512776520e+01
1.224354315534878523e+01
1.225440447794881216e+01
1.250718381595428852e+01
1.190999184519471754e+01
1.106098032250040397e+01
1.319092490273247797e+01
1.259971014493148544e+01
1.192492257504199671e+01
1.272266301295461943e+01
1.238391651796056792e+01
1.219847924095316927e+01
1.194243069304613591e+01
1.329997823584874439e+01
1.090669327919722420e+01
1.239072086791186855e+01
1.195505575959033351e+01
1.272266301295461943e+01
1.284868867300271056e+01
1.331378124074082869e+01
1.216309628443169899e+01
1.195265545092066439e+01
1.250643556940634049e+01
1.220119879377645589e+01
1.205069655340799173e+01
1.272266301295461943e+01
1.235059859393156323e+01
1.284489737023849187e+01
1.237605958558244446e+01
1.288996128463410784e+01
1.230256134158568671e+01
1.179227251187113801e+01
1.324793048537559237e+01
1.094200057752174438e+01
1.281281461084461526e+01
1.244979084221166943e+01
1.326848141451779384e+01
1.207488883220441878e+01
1.176220915764954000e+01
1.205031894581820673e+01
1.068982688780787171e+01
1.282905417809213056e+01
1.272266301295461943e+01
1.228797354798274988e+01
1.281281461084461526e+01
1.063741382775638655e+01
1.224354315534878523e+01
1.285575869283851880e+01
1.171697231898706981e+01
1.253281514791414253e+01
1.273352433555464636e+01
1.273352433555464636e+01
1.270492245388254737e+01
1.251288436982146735e+01
1.207027813165347041e+01
1.284489737023849187e+01
1.233973727133153631e+01
1.186704776320081400e+01
1.237969741845315497e+01
1.230151492224273646e+01
1.166480461988771111e+01
1.258165917694455338e+01
1.099480078798342753e+01
1.290082260723413476e+01
1.327934273711782076e+01
1.276120190260762755e+01
1.288996128463410784e+01
1.218666543346095210e+01
1.284489737023849187e+01
1.202293458678948745e+01
1.166480461988771111e+01
1.171697231898706981e+01
1.317747337064590418e+01
1.108585846939397612e+01
1.223249242111686108e+01
1.320031831665740718e+01
1.255729997738956172e+01
1.224258002107056242e+01
1.318006358013245105e+01
1.299701672321688584e+01
1.288996128463410784e+01
1.204933329025987732e+01
1.160877094547039512e+01
1.275368509068220568e+01
1.327248293304611515e+01
1.323152554259641889e+01
1.209411561168705163e+01
1.329997823584874439e+01
1.243746631797894686e+01
1.272266301295461943e+01
1.319092490273247797e+01
1.202697135446507737e+01
1.176220915764954000e+01
1.275099518491876260e+01
1.203983523080796303e+01
1.212347147301616168e+01
1.284489737023849187e+01
1.322473356734159289e+01
1.245747761109822882e+01
1.262298595320189420e+01
1.198629749046819803e+01
1.206240515350996212e+01
1.189725834122884685e+01
1.203983523080796303e+01
1.094200057752174438e+01
1.235059859393156323e+01
1.279558999214772896e+01
1.257457588396332504e+01
1.082843004623208927e+01
1.268361141613456589e+01
1.233973727133153631e+01
1.324513914901904776e+01
1.089583195659719728e+01
1.261944136477449696e+01
1.158313961351054289e+01
1.322746610498971265e+01
1.229383042110146285e+01
1.276120190260762755e+01
1.219506944119998160e+01
1.201632103734554846e+01
1.265469605371248996e+01
1.325196063358184340e+01
1.196065814821638185e+01
1.244309971695746420e+01
1.190999184519471754e+01
1.276120190260762755e+01
1.242914001202326979e+01
1.096408249386854195e+01
1.328621193781049747e+01
1.255030509680530315e+01
1.249531092484931882e+01
1.272266301295461943e+01
1.274160836032304545e+01
1.219847924095316927e+01
1.211969405571037228e+01
1.102343325181212030e+01
1.216639648155929265e+01
1.208710620626932375e+01
1.273352433555464636e+01
1.276120190260762755e+01
1.234833977221641632e+01
1.186704776320081400e+01
1.182629637756385321e+01
1.183659789155126063e+01
1.165394329728768419e+01
1.263471068890691562e+01
1.166480461988771111e+01
1.280195328824458834e+01
1.277206322520765269e+01
1.168453583973072263e+01
1.216639648155929265e+01
1.224354315534878523e+01
1.254691730496911539e+01
1.099480078798342753e+01
1.294793305152805907e+01
1.255030509680530315e+01
1.186704776320081400e+01
1.215553515895926573e+01
1.210057430384569521e+01
1.315320250059338214e+01
1.205069655340799173e+01
1.276120190260762755e+01
1.322473356734159289e+01
1.327934273711782076e+01
1.085802148434922820e+01
1.211478377332230494e+01
1.243869064115646061e+01
1.225440447794881216e+01
1.179227251187113801e+01
1.222725340080395640e+01
1.235596320025694261e+01
1.258884882233145852e+01
1.240841723390006734e+01
1.253281514791414253e+01
1.239507561730602703e+01
1.325196063358184340e+01
1.169539716233074955e+01
1.261944136477449696e+01
1.313316818339735548e+01
1.094200057752174438e+01
1.268625336009328564e+01
1.320709025252773650e+01
1.180313383447116671e+01
1.243725853024132633e+01
1.234213282534362399e+01
1.198388455808920128e+01
1.317076331218914476e+01
1.197877444762857735e+01
1.191358698742361355e+01
1.230151492224273646e+01
1.276120190260762755e+01
1.219847924095316927e+01
1.225471767286892621e+01
1.233520470924960932e+01
1.240145107333469632e+01
1.288996128463410784e+01
1.224258002107056242e+01
1.325477127629785201e+01
1.219341376392561749e+01
1.284489737023849187e+01
1.103429457441214723e+01
1.227428311460809951e+01
1.203983523080796303e+01
1.233973727133153631e+01
1.229065359964270954e+01
1.253281514791414253e+01
1.280195328824458834e+01
1.328222913922161297e+01
1.171699979493394039e+01
1.252933904530085485e+01
1.203983523080796303e+01
1.284489737023849187e+01
1.273120411347559866e+01
1.241070342817964267e+01
1.323152554259641889e+01
1.272266301295461943e+01
1.276000855421791336e+01
1.325477127629785201e+01
1.240502843504515695e+01
1.323152554259641889e+01
1.288996128463410784e+01
1.272445914543750511e+01
1.319092490273247797e+01
1.266273916663087107e+01
1.314402950599738418e+01
1.182629637756385321e+01
1.220530952795198765e+01
1.324109931098181470e+01
1.230151492224273646e+01
1.229065359964270954e+01
1.208435417012984381e+01
1.208220278568025030e+01
1.290082260723413476e+01
1.320709025252773650e+01
1.215122476265657170e+01
1.330291991814080355e+01
1.285575869283851880e+01
1.240158219051189725e+01
1.283393371652637427e+01
1.198388455808920128e+01
1.328621193781049747e+01
1.081756872363206412e+01
1.321795157512776520e+01
1.324793048537559592e+01
1.304800031979721808e+01
1.259252049954458030e+01
1.321117963925743410e+01
1.246194314132928760e+01
1.226270104727420929e+01
1.110906812963860979e+01
1.190999184519471754e+01
1.224354315534878523e+01
1.228124674739346389e+01
1.249063958581060163e+01
