2.740000000000000213e+00
2.595000000000000195e+00
2.583000000000000185e+00
2.817000000000000171e+00
2.616000000000000103e+00
2.516000000000000014e+00
2.995000000000000107e+00
2.548999999999999932e+00
2.806000000000000050e+00
2.508999999999999897e+00
2.609999999999999876e+00
2.869000000000000217e+00
2.431999999999999940e+00
2.603000000000000203e+00
2.633000000000000007e+00
2.642999999999999794e+00
3.037999999999999812e+00
2.725000000000000089e+00
2.705999999999999961e+00
2.529999999999999805e+00
2.568000000000000060e+00
2.414000000000000146e+00
2.799999999999999822e+00
2.483000000000000096e+00
2.494000000000000217e+00
2.495999999999999996e+00
2.561999999999999833e+00
2.767999999999999794e+00
2.669999999999999929e+00
2.702999999999999847e+00
2.908999999999999808e+00
2.688000000000000167e+00
2.927999999999999936e+00
2.734999999999999876e+00
2.681999999999999940e+00
2.564999999999999947e+00
2.730999999999999872e+00
2.476999999999999869e+00
2.641999999999999904e+00
2.677000000000000046e+00
2.338999999999999968e+00
2.806000000000000050e+00
2.857000000000000206e+00
2.902000000000000135e+00
2.644000000000000128e+00
3.067000000000000171e+00
2.634999999999999787e+00
2.781000000000000139e+00
2.928999999999999826e+00
2.790999999999999925e+00
2.744000000000000217e+00
2.757000000000000117e+00
2.696000000000000174e+00
2.709000000000000075e+00
3.055000000000000160e+00
2.778999999999999915e+00
2.619000000000000217e+00
2.831999999999999851e+00
2.846999999999999975e+00
2.850999999999999979e+00
2.708000000000000185e+00
2.779999999999999805e+00
2.701000000000000068e+00
2.608000000000000096e+00
2.519000000000000128e+00
2.725999999999999979e+00
2.900999999999999801e+00
2.478000000000000203e+00
2.447000000000000064e+00
2.531000000000000139e+00
2.620999999999999996e+00
2.599000000000000199e+00
2.697999999999999954e+00
2.559000000000000163e+00
2.806999999999999940e+00
2.595000000000000195e+00
2.345000000000000195e+00
2.617999999999999883e+00
2.632000000000000117e+00
2.653999999999999915e+00
2.682999999999999829e+00
2.439999999999999947e+00
2.713000000000000078e+00
2.653000000000000025e+00
2.656000000000000139e+00
2.943000000000000060e+00
3.141999999999999904e+00
2.388999999999999790e+00
2.455000000000000071e+00
2.505999999999999783e+00
2.652000000000000135e+00
2.455000000000000071e+00
2.766000000000000014e+00
2.608999999999999986e+00
2.685000000000000053e+00
2.464999999999999858e+00
2.653000000000000025e+00
2.536000000000000032e+00
2.612999999999999989e+00
2.734999999999999876e+00
2.521999999999999797e+00
3.197000000000000064e+00
2.581999999999999851e+00
2.774000000000000021e+00
2.665999999999999925e+00
2.806000000000000050e+00
2.653000000000000025e+00
2.379999999999999893e+00
2.282000000000000028e+00
2.495000000000000107e+00
