1.533220895343056966e+01
1.575289152010088678e+01
1.785641968934760015e+01
1.496151011889051752e+01
1.779031628621936534e+01
1.557039508182944232e+01
1.448099841884865313e+01
1.501826730355714545e+01
1.563118531520695420e+01
1.527881431478718710e+01
1.547312595864477736e+01
1.575289152010088678e+01
1.450759708094610190e+01
1.574995443166449149e+01
1.561207505861549905e+01
1.554588415906599153e+01
1.553058782268712079e+01
1.476804546032820475e+01
1.549486606458908078e+01
1.446428677739939062e+01
1.508729573940327917e+01
1.476804546032820475e+01
1.779873770608256223e+01
1.515554642696724486e+01
1.567227168974233820e+01
1.549446461049435797e+01
1.528625872683329234e+01
1.783247674439130748e+01
1.542926857234899529e+01
1.785641968934760015e+01
1.421575806375830631e+01
1.541845083008544393e+01
1.557039508182944232e+01
1.776585057267413958e+01
1.777439070588501124e+01
1.547312595864477736e+01
1.549486606458908078e+01
1.786386410139370540e+01
1.787171252782174236e+01
1.480229888401180460e+01
1.589622677575913556e+01
1.541100641803933868e+01
1.446428677739939062e+01
1.785641968934760015e+01
1.559419384766924921e+01
1.564299534213531473e+01
1.786386410139370540e+01
1.541845083008544393e+01
1.472691229088063025e+01
1.528625872683329234e+01
1.557039508182944232e+01
1.541100641803933868e+01
1.536082512874983053e+01
1.780795375447793205e+01
1.472691229088063025e+01
1.448099841884865313e+01
1.522498617152313116e+01
1.506955756828128301e+01
1.567227168974233820e+01
1.592827500197881463e+01
1.550418523623583056e+01
1.454638185609503154e+01
1.561737372474280150e+01
1.516299083901334832e+01
1.475930812448780038e+01
1.530140140602676802e+01
1.593846767987718493e+01
1.437555801552693069e+01
1.576033593214699202e+01
1.563118531520695420e+01
1.527881431478718710e+01
1.548742165254297554e+01
1.604734899443584339e+01
1.586999657915593609e+01
1.598884990886025115e+01
1.645296360057780660e+01
1.783992115643741272e+01
1.493980444405206853e+01
1.475930812448780038e+01
1.606795132837714490e+01
1.567227168974233820e+01
1.521400672173971458e+01
1.549201281622895010e+01
1.436944829164475834e+01
1.553579517747475336e+01
1.779031628621936534e+01
1.783247674439130748e+01
1.538204846420916638e+01
1.774732863057628762e+01
1.569506385004945237e+01
1.780795375447793205e+01
1.493294786231121840e+01
1.637816416052449497e+01
1.498587490861830496e+01
1.629906473399897138e+01
1.577365488058883258e+01
1.527881431478718710e+01
1.557039508182944232e+01
1.451841910956006743e+01
1.508563002421872312e+01
1.541100641803933868e+01
1.484806954458895234e+01
1.449253228337439836e+01
1.541818221280982648e+01
1.609776286429442749e+01
1.790991199932071609e+01
1.549486606458908078e+01
1.440453346178436789e+01
1.556687127358467926e+01
1.557039508182944232e+01
1.776585057267413958e+01
1.465989109336219443e+01
1.534156667348345238e+01
1.587295323828687188e+01
1.541100641803933868e+01
1.787949337080036472e+01
1.538437483531323480e+01
1.563118531520695420e+01
1.499578601136343359e+01
1.594899239440151995e+01
1.536163576185070312e+01
1.788720584682712200e+01
1.509279406827097958e+01
1.560047239016376786e+01
1.543403609955102773e+01
1.550354527466554444e+01
1.473968175719929796e+01
1.498658413899481801e+01
1.541100641803933868e+01
1.786386410139370540e+01
1.505988747265492123e+01
1.479140603756493277e+01
1.530130409843116368e+01
1.557039508182944232e+01
1.509474015144938441e+01
1.447034272837434088e+01
1.557039508182944232e+01
1.567227168974233820e+01
1.488156689476824468e+01
1.548742165254297554e+01
1.534004725905984756e+01
1.671106122355474000e+01
1.486642281409260846e+01
1.542264069184275499e+01
1.575196080789505970e+01
1.787171252782174236e+01
1.576621046854272734e+01
1.547272516084917626e+01
1.558070027835067251e+01
1.563862972725305944e+01
1.495518802615867315e+01
1.566659061720709012e+01
1.610847549877577478e+01
1.776469667008919373e+01
1.443272093094591568e+01
1.451634259109974145e+01
1.463122011660884070e+01
1.557357116626136850e+01
1.445681223642629476e+01
1.541845083008544393e+01
1.557783949387554756e+01
1.522238019199079417e+01
1.788740476035347626e+01
1.547312595864477736e+01
1.566659061720709012e+01
1.784796763219910076e+01
1.591611924720861104e+01
1.554323958952085682e+01
1.569506385004945237e+01
1.575781620874571587e+01
1.479116212679745246e+01
1.784850446297257420e+01
1.541845083008544393e+01
1.534901108552955584e+01
1.466446142641491335e+01
1.479116212679745246e+01
1.599892766929895593e+01
1.589634676801142277e+01
1.784796763219910076e+01
1.787171252782174236e+01
1.779129329403645698e+01
1.469056139161347829e+01
1.780709859401826378e+01
1.547312595864477736e+01
1.548057037069088260e+01
1.502206286791545331e+01
1.597920020504560235e+01
1.484806954458895234e+01
1.777329498472024483e+01
1.513443446630469680e+01
1.529514667027608077e+01
1.534156667348345238e+01
1.609561127012184656e+01
1.538437483531323480e+01
1.494096980774238581e+01
1.790242256401531051e+01
1.458195885274471060e+01
1.576621046854272734e+01
1.606795132837714490e+01
1.534156667348345238e+01
1.532022770546277712e+01
1.791735641136682133e+01
1.567593143679650147e+01
1.533136541783304096e+01
1.468560046304213174e+01
1.573489360566027528e+01
1.510023848031708482e+01
1.534156667348345238e+01
1.567227168974233820e+01
1.557039508182944232e+01
1.450733773347854694e+01
1.565914620516098488e+01
1.593335961387777466e+01
1.476804546032820475e+01
1.784850446297257420e+01
1.463866452865494594e+01
1.549486606458908078e+01
1.622642371378539394e+01
1.787204895875425947e+01
1.550783148921403054e+01
1.569506385004945237e+01
1.547778887326122366e+01
1.427919381868479931e+01
1.528103433478404227e+01
1.534156667348345238e+01
1.443132990481753808e+01
1.549486606458908078e+01
1.421575806375830631e+01
1.547312595864477736e+01
1.557783949387554756e+01
1.563118531520695420e+01
1.505244306060881598e+01
1.534901108552955584e+01
1.534901108552955584e+01
1.503563099714483542e+01
1.469557959614446219e+01
1.551083961156866664e+01
1.557039508182944232e+01
1.566482727769623295e+01
1.589622677575913556e+01
1.451565352896429673e+01
1.557431568563078450e+01
1.554323958952085682e+01
1.480854012922719320e+01
1.473968175719929796e+01
1.566659061720709012e+01
1.787949337080036472e+01
1.541100641803933868e+01
1.565914620516098488e+01
1.572044136277516024e+01
1.557039508182944232e+01
1.542469037830893086e+01
1.554323958952085682e+01
1.563118531520695420e+01
1.775604095754039591e+01
1.489537738894055252e+01
1.439867332957691204e+01
1.779129329403645698e+01
1.644886539959814797e+01
1.440365145974767458e+01
1.776585057267413958e+01
1.585829193625854572e+01
1.565914620516098488e+01
1.546607555248132293e+01
1.546869259587108125e+01
1.513112331513361752e+01
1.787171252782174236e+01
1.782363564009744294e+01
1.555152097276768863e+01
1.790242256401531051e+01
1.458645822585512164e+01
1.534156667348345238e+01
1.777329498472024483e+01
1.543089822564620306e+01
1.569506385004945237e+01
1.511185298251105280e+01
1.509279406827097958e+01
1.560330882245038886e+01
1.557039508182944232e+01
1.781539816652403729e+01
1.461371391004484366e+01
1.488156689476824468e+01
1.537046945258141761e+01
1.549768914317252211e+01
1.487386722613871370e+01
1.509279406827097958e+01
1.463866452865494594e+01
1.567227168974233820e+01
1.686498735045957176e+01
1.478542121328513304e+01
1.446428677739939062e+01
1.499459915587198822e+01
1.566482727769623295e+01
1.783992115643741272e+01
1.457451444069860536e+01
1.517189515513451248e+01
1.543831240317771858e+01
1.782436581918994278e+01
1.443557883209205883e+01
1.541100641803933868e+01
1.573650592974418494e+01
1.504380435752069189e+01
1.493989931157824103e+01
1.784796763219910076e+01
1.534229816612776709e+01
1.459399794514260051e+01
1.597920020504560235e+01
1.541100641803933868e+01
1.457551084675355924e+01
1.468632182128941821e+01
1.788720584682712200e+01
1.474527587698077724e+01
1.465989109336219443e+01
1.534156667348345238e+01
1.678421625566292263e+01
1.538437483531323480e+01
1.558470361118817316e+01
1.479116212679745246e+01
1.530884581807287326e+01
1.516299083901334832e+01
1.534901108552955584e+01
1.541100641803933868e+01
1.602461393301450698e+01
1.589622677575913556e+01
1.581981154125549871e+01
1.480976576484722607e+01
1.553579517747475336e+01
1.490291347689805335e+01
1.554323958952085682e+01
1.548742165254297554e+01
1.541845083008544393e+01
1.558070027835067251e+01
1.530884581807287326e+01
1.547312595864477736e+01
1.473978617537409619e+01
1.473968175719929796e+01
1.576033593214699202e+01
1.474527587698077724e+01
1.589622677575913556e+01
1.530140140602676802e+01
1.555135637298861084e+01
1.773111606065320345e+01
1.510023848031708482e+01
1.541100641803933868e+01
1.781539816652403729e+01
1.787949337080036472e+01
1.451634259109974145e+01
1.522498617152313116e+01
1.495406570684441228e+01
1.548057037069088260e+01
1.476804546032820475e+01
1.578508971315216058e+01
1.603983218170821701e+01
1.512699005425859333e+01
1.614440795176384569e+01
1.505244306060881598e+01
1.611785153278849236e+01
1.784796763219910076e+01
1.558814469039677597e+01
1.517189515513451248e+01
1.770448443656939830e+01
1.463866452865494594e+01
1.527881431478718710e+01
1.779965418197215854e+01
1.477548987237431000e+01
1.457940124245388347e+01
1.447663334582247430e+01
1.499331932066440842e+01
1.774732863057628762e+01
1.535983213559905280e+01
1.490127549288707165e+01
1.557431568563078450e+01
1.541100641803933868e+01
1.538437483531323480e+01
1.441017294870028564e+01
1.599839882542885761e+01
1.613054699323217989e+01
1.565914620516098488e+01
1.440365145974767458e+01
1.785641968934760015e+01
1.572005834413662839e+01
1.557039508182944232e+01
1.479860653884355770e+01
1.589133828471668330e+01
1.509279406827097958e+01
1.566482727769623295e+01
1.556687127358467926e+01
1.505244306060881598e+01
1.548742165254297554e+01
1.788740476035347626e+01
1.471760228675712057e+01
1.472154267844263487e+01
1.509279406827097958e+01
1.557039508182944232e+01
1.508687064950196088e+01
1.454638185609503154e+01
1.782363564009744294e+01
1.534156667348345238e+01
1.512960947519685462e+01
1.785641968934760015e+01
1.454518352243260892e+01
1.782363564009744294e+01
1.565914620516098488e+01
1.505992000686851640e+01
1.777329498472024483e+01
1.522982460403689942e+01
1.771192884861550354e+01
1.581981154125549871e+01
1.438691336930169840e+01
1.784052322015299552e+01
1.557431568563078450e+01
1.556687127358467926e+01
1.553470796630618800e+01
1.552007124414427253e+01
1.566659061720709012e+01
1.779965418197215854e+01
1.564134573807284312e+01
1.790991199932071609e+01
1.557783949387554756e+01
1.577365488058883258e+01
1.529077500163320735e+01
1.499331932066440842e+01
1.788720584682712200e+01
1.445684236535328537e+01
1.780709859401826378e+01
1.784850446297257420e+01
1.595967512710504188e+01
1.481598454127329845e+01
1.779873770608255867e+01
1.626430408835306807e+01
1.585443473674006576e+01
1.494039227435732364e+01
1.597920020504560235e+01
1.547312595864477736e+01
1.589106206154891510e+01
1.466164203933145416e+01
