-1.112839851540022407e+00
-2.337226952638161159e-01
-1.041584184586476391e+00
-1.320533081404388742e+00
-9.266629971885262940e-01
-1.682483893805391650e+00
-3.225034391530685607e-01
1.678321858695646318e+00
-2.078074174278897804e-02
-1.888737980951567252e-01
-1.394268559868238277e+00
-1.591488467372717430e+00
6.130644344684881286e-01
3.177504666049915140e-03
-2.383913154184724159e-01
1.306410791916167158e+00
-7.676845917647517892e-01
1.164994497410037910e+00
-1.324449104812553513e+00
1.780343452095568824e-01
-1.358487997534669089e+00
-1.495687476497129964e+00
1.716894287649760042e-01
7.103750045572196914e-01
8.909918159584481190e-01
-1.705481740500402132e+00
3.062919240725199277e+00
3.159378826329530265e-01
-2.120125492619315544e-01
-1.024268520414974404e+00
3.920476750510055314e-02
1.030944630629360814e+00
-1.325171837623154436e-01
-9.697569626476751914e-01
-1.992946696200206258e-01
-6.979313706152643348e-01
1.142346929832121605e+00
-9.767186942248091697e-01
-2.100066185350175640e-01
4.026937018384591505e-01
-1.344205372148604138e-01
5.190224199528552934e-02
-1.448218043777062425e+00
-2.486661091884937169e-01
-8.542592853193334834e-01
-6.529504607528298088e-01
1.250257764417742168e+00
3.767003292173840001e-01
2.586424140199040100e-01
-1.965782745526595265e-01
-5.098939516264987537e-01
8.889404568906239534e-01
2.737636117969798333e-01
-2.352193368654253547e+00
-9.528065755933413927e-02
-3.755469925047885127e-01
5.847449775427225882e-01
3.929559816462899757e-01
2.950499177776105819e-01
-9.226306786398437154e-01
6.291991141887892658e-01
-9.691492443466108442e-02
-2.722281407344772086e-01
6.771180564976372329e-01
2.939097411440244056e-01
-2.836366634698221367e-01
2.777069564850842553e-01
1.546147589394852417e+00
1.200717830917682916e+00
-6.534498897313432142e-01
-4.192020190705079696e-01
8.896260547681262842e-01
-2.977095194987699589e+00
1.040952592598568399e-01
-1.497458216451886148e+00
1.912654035592402435e+00
1.558096829789903603e+00
8.321000181052630174e-01
2.578457712674894431e+00
1.132683144543980447e+00
-3.593981245280000736e-01
1.214901891621956054e+00
-8.384015953678172206e-01
-2.336191919483525670e-01
5.004265984039453219e-01
-1.649440150640337555e+00
-7.659795799103195080e-01
-1.632380824648207440e+00
6.500765022229748613e-01
6.097262496359825423e-01
5.641601942126089897e-01
8.134216847965873853e-01
1.167418329972548463e+00
-1.192075306268921775e+00
-7.675192363759286707e-01
-4.011202462290809345e-01
8.865614317710627246e-01
6.259121090336790261e-02
9.459523084963826767e-01
-3.597605377026174001e-01
-2.588404663774915987e-02
-7.356853342121288941e-01
4.177405768462877922e-01
-1.071003333499887938e-01
1.033941210262343535e+00
-1.096845930580828243e+00
-8.145283074638345333e-01
-2.992931857914902793e-01
-1.096940130163649663e+00
-1.308783515919537788e+00
-2.240199321531052834e-01
-3.279236409646617001e-01
3.627029365827964119e-02
-1.377108152510051475e+00
1.396167304699004463e-01
-1.066394289695088565e-01
1.273600187399421380e+00
-1.490861137641911749e-01
-1.645234729137222962e-01
-4.754895068924851476e-01
-7.928494152818090779e-01
-2.372921081022733303e-01
9.359027966287456479e-01
-5.314681846806627030e-01
-8.717723304313895749e-01
-1.150979907584316564e+00
1.337256106454076388e-01
-1.444300531296588419e-01
1.309627043575404715e+00
1.066889698324311686e+00
-8.742748935626840634e-01
4.868685139397618822e-01
8.280003537549043280e-01
5.281037320216772080e-02
2.917194972113914542e-01
9.534013790746141970e-01
1.733280216228672010e+00
7.566495138166664525e-01
-2.043294616433511290e+00
-8.638716722756867306e-01
1.042765388474623300e+00
5.404754633882777881e-01
-2.419619224745247710e+00
-4.346037702097667599e-01
1.144787762944916854e-01
-9.756536033589097157e-01
-1.222080966242832467e+00
-4.449735069518189756e-01
-3.439786021943431332e-02
9.356310454875693683e-01
2.870881354805319627e-02
4.753163326136395916e-01
-1.463293994943267951e+00
3.750852090232572600e-01
-5.902096632456094172e-01
3.519000109747032479e-01
-2.959488882810722976e-01
6.659264546592478240e-01
1.358102574550776209e+00
-1.264098386455356327e+00
-6.712368176169519751e-01
-3.990335348552828121e-01
-1.952415577283497905e+00
-4.592699096239733492e-01
-1.058798268640957829e+00
3.249662498447262737e-01
-6.048832018484697759e-01
-1.266721220234582057e-01
-6.434818637114785300e-01
-1.720674043979460166e-01
1.461547966182538960e-01
5.829973043881281347e-01
1.808818184003353258e+00
2.684557897298184503e+00
3.197690005199127494e-02
-1.635575877208176543e+00
-1.283051685501757744e+00
1.589701098554381353e-01
5.895041023575264827e-01
-2.668887451327988991e+00
-4.827887171004044409e-01
9.735615179778743800e-01
-1.207169368799382747e+00
-1.674686391718693379e+00
1.125766076696823048e-01
-1.003343359942193258e+00
-6.683612207431630647e-01
-1.215706745781730408e-01
1.304769322185041380e+00
-7.634882911328484401e-01
-5.086837124356664575e-01
-2.923141012670854022e-01
1.075682255863643910e-01
2.624540886844351495e-01
4.975376649252089556e-01
-1.761602084915266486e+00
-1.654847273027655608e-01
-1.859409746696489563e-01
3.265796127264299353e-01
1.401641772953289289e+00
-3.836253543643107777e-01
1.540529964511898157e-02
-8.392463911284333555e-01
-7.184177737879959835e-01
4.680082465007885384e-01
-3.208065039622431391e-01
-1.321782904626730148e-01
2.144303775207653473e+00
1.561498726604433784e+00
2.686059666129913537e-01
7.657317885015038073e-01
-6.978503067381830460e-01
-1.389162970765428939e+00
-7.517173754666023333e-01
1.013195091972694639e+00
1.373249262969240547e+00
-6.523646847156143735e-01
-4.341126698062271472e-01
-9.614154591029250296e-02
-1.335983333190526867e-01
7.004979408549029118e-01
-2.430485080578099200e-01
1.022939431895522500e+00
-1.071121492996634839e+00
-7.888337231891102697e-01
-3.057891117760813127e-01
-2.329535146663016754e+00
-3.570008853255656756e-01
-1.699293798563827895e+00
2.609014901554885246e-01
4.167653882353325456e-01
-1.303939975128040718e+00
-5.396407095514861307e-01
-2.368481227205424755e+00
-1.533900559144656672e-01
3.297837131541990763e-01
-1.627742909629798396e+00
-7.400928745082832050e-01
9.967185559744902168e-01
-5.023025754387503393e-03
4.349789556093903165e-01
-3.293742225829303094e-01
-3.853118209752453560e-01
-2.633164083509798581e-01
-7.295316720623132856e-01
1.900456586527980329e+00
-1.066394289695088565e-01
4.237258184873984312e-01
1.590337470307261025e+00
-1.793706331536661924e+00
-1.280580608126685727e+00
-1.256981440721503418e+00
6.180860023597889441e-01
9.667287905536028347e-01
8.934129170027945710e-01
8.128375789491616432e-01
-4.995220516716981085e-01
-1.894568201260946161e+00
-1.632107008900984146e+00
1.718785993152295077e+00
1.062942649210551593e+00
6.157611111755647570e-01
4.631844852620625175e-01
-2.442954165818864709e+00
4.632982498237123159e-01
-9.210087882037908402e-01
-1.380278902229922777e-01
7.181376894118317311e-02
6.527976208758617949e-01
1.092837950303209710e-01
1.505065280563111729e+00
1.000669959424350441e+00
-1.363301054760384545e+00
3.140705025983907966e-02
1.253532571194244438e+00
1.675039670721657492e+00
-1.674216115540144045e+00
9.036890159473379702e-01
4.066028772337870190e-01
2.346612938078286859e-01
-6.580698502955724116e-01
-1.755012905576137094e-01
-7.421631220492324044e-01
-2.447790273466064814e+00
-1.055801227291243372e+00
1.668652862914840329e-01
1.635526923383558706e-01
-5.058713992224734834e-01
-2.262497830549803801e+00
8.613868436065161838e-01
-1.284003757820750158e+00
9.332046225400519868e-01
-3.180004798549816325e+00
8.429272716122931941e-01
-3.630930375769594876e-01
7.204015294596369801e-01
-4.635111659495275149e-01
-2.054538305509533702e-01
-2.025552934472399924e-01
2.641218266084655042e+00
-1.368962175135669757e+00
-9.481968291239815105e-01
-1.575389140525272347e-01
-9.555716430682342777e-01
-1.099513476445677984e+00
7.853957347649156429e-01
8.582266106376950088e-01
1.048650900115803308e+00
5.629921269923862104e-01
-3.653020024577496860e-01
-3.626305233314243148e-01
1.719591158666115227e+00
5.491941199010469399e-01
1.361354017702955721e+00
-3.135774507958608015e-02
-5.735281180500778619e-01
3.655750647668602749e-02
-5.398295877620529204e-01
-2.819450810498644322e-01
1.459948927253208684e+00
-3.288621291566470872e-01
1.592676568845300178e+00
-1.432760881943905273e+00
-2.834184324025978974e-01
-1.159257167919977682e+00
-6.739782067984281255e-01
1.516859376310504937e+00
1.372252131718876056e+00
5.174817763486653233e-01
1.160103512009683646e+00
1.921218757588058601e+00
-7.151858910688906334e-01
7.987908168216606430e-02
7.710712597061132323e-01
-8.558636737338566336e-01
-1.235609988583446714e-02
-7.929766507383786411e-01
1.102844289184256699e+00
1.509286720494847023e+00
-1.499755391463531096e+00
-5.949969076947134727e-01
6.104071108159163650e-01
-2.687103239101856778e-01
1.298765889399960613e-02
4.242515040349114086e-01
-1.427219525760519137e+00
-7.021424835605105663e-02
-7.393230006554950551e-01
8.376638716684426944e-01
8.978684502367489939e-01
1.914626915959499742e+00
-1.192873902029818467e+00
6.895793198471373842e-01
7.668753530977726607e-01
-3.254142968056664476e+00
1.998187222351228143e-01
9.630998235105899807e-01
2.211515785666063327e-01
-2.834815786958483352e-01
2.410108634808494077e-01
-2.289917463715822610e+00
8.292170716726099400e-02
3.312496224274184886e+00
1.111838377532803124e+00
-5.256131937875102578e-01
5.325001402019192698e-01
3.337184099138003068e-01
1.914841945533189316e+00
-8.949992432027860101e-01
-6.089853194953522703e-02
-7.334754723467770132e-01
-1.218126861758869750e-01
5.320786555844856380e-01
-1.582419870044799587e-02
4.647627123711534081e-01
-9.343602195239093522e-01
-1.551056190970707682e-01
3.938411432260398026e-01
2.514027444255162447e-01
-2.785314899204044958e-01
3.592936689127070871e-01
7.937734377383983686e-01
-8.527446585189240036e-01
-1.837753997124813576e-01
5.403392382044731601e-01
-2.007115707070493915e+00
-8.438352778586934999e-01
1.862439390299436948e+00
1.523738997975681020e+00
8.643521119403921871e-01
6.746663162108183787e-02
-4.398113892726480262e-02
-7.096933595839981512e-01
-7.783084103240572871e-01
-4.819741823819139181e-01
-3.175423979946164210e-01
-7.723332232137456455e-01
-4.362895034175493514e-01
-2.430839704056317052e-01
-9.548667758111903936e-01
-2.188112163687644163e+00
-7.781683686986076154e-01
-1.155398868158552750e+00
4.767716326376530422e-01
-4.272095796937423751e-02
1.216161216465548200e+00
-1.258229550175122835e+00
-6.165459349549525792e-01
-3.061787948528464920e-01
7.801946206011497464e-01
8.712530856531454371e-02
-1.214310898750757373e+00
4.377339527326741253e-01
1.176864486224485778e-01
-8.109589450468712712e-01
1.030027092684312917e+00
-9.132961861074467835e-01
-2.569421933753741061e-01
-6.232988818215178251e-01
1.495368651811312510e+00
1.223276741067510498e+00
5.972334617706087645e-01
4.794528208285777082e-01
-5.415746916938716238e-01
4.722584174742608942e-01
-1.163376183760061799e+00
2.415040345044245085e-01
2.919736632380889318e+00
-1.310477890694880410e+00
-1.276066048435416933e+00
-1.269321517622325146e+00
-1.129539805286360110e+00
1.575956563828852408e+00
1.218700734016347820e+00
-1.541133809806539023e+00
1.832066148598018973e+00
