3.115000000000000213e+00
2.887999999999999901e+00
3.528000000000000025e+00
2.746999999999999886e+00
2.702999999999999847e+00
2.841000000000000192e+00
2.608000000000000096e+00
3.032999999999999918e+00
3.083000000000000185e+00
2.549999999999999822e+00
2.540999999999999925e+00
2.785000000000000142e+00
2.770999999999999908e+00
2.746999999999999886e+00
2.879000000000000004e+00
2.748000000000000220e+00
2.472999999999999865e+00
2.515000000000000124e+00
2.720000000000000195e+00
2.294000000000000039e+00
2.669000000000000039e+00
2.814000000000000057e+00
3.358999999999999986e+00
2.443000000000000060e+00
2.720000000000000195e+00
2.537999999999999812e+00
2.875999999999999890e+00
3.870000000000000107e+00
2.665000000000000036e+00
3.708000000000000185e+00
2.263999999999999790e+00
2.770999999999999908e+00
3.342999999999999972e+00
3.708000000000000185e+00
3.398000000000000131e+00
3.059000000000000163e+00
2.831999999999999851e+00
3.450000000000000178e+00
3.148000000000000131e+00
2.999000000000000110e+00
2.789000000000000146e+00
2.693999999999999950e+00
2.331999999999999851e+00
3.398000000000000131e+00
2.744000000000000217e+00
2.759999999999999787e+00
3.189999999999999947e+00
2.884999999999999787e+00
2.737000000000000099e+00
2.641999999999999904e+00
2.653000000000000025e+00
2.892999999999999794e+00
2.737000000000000099e+00
3.343999999999999861e+00
2.803999999999999826e+00
2.915999999999999925e+00
2.697999999999999954e+00
2.736000000000000210e+00
2.805000000000000160e+00
2.181000000000000050e+00
3.173999999999999932e+00
2.604999999999999982e+00
2.669000000000000039e+00
2.721999999999999975e+00
2.649000000000000021e+00
2.551000000000000156e+00
2.673000000000000043e+00
2.802999999999999936e+00
2.899000000000000021e+00
3.516000000000000014e+00
2.838000000000000078e+00
3.020000000000000018e+00
2.838000000000000078e+00
2.608000000000000096e+00
3.091000000000000192e+00
2.899999999999999911e+00
3.246999999999999886e+00
2.837000000000000188e+00
2.795999999999999819e+00
3.400999999999999801e+00
2.930000000000000160e+00
3.011000000000000121e+00
2.656000000000000139e+00
2.565999999999999837e+00
2.935999999999999943e+00
3.124000000000000110e+00
2.964999999999999858e+00
2.744000000000000217e+00
3.103000000000000203e+00
3.313000000000000167e+00
3.661000000000000032e+00
2.213000000000000078e+00
3.230999999999999872e+00
2.528999999999999915e+00
2.903999999999999915e+00
2.886000000000000121e+00
3.039000000000000146e+00
3.250000000000000000e+00
3.011000000000000121e+00
2.500999999999999890e+00
2.815999999999999837e+00
2.737999999999999989e+00
2.813000000000000167e+00
2.814999999999999947e+00
2.782999999999999918e+00
3.387999999999999901e+00
2.851999999999999869e+00
2.392999999999999794e+00
2.765000000000000124e+00
2.822000000000000064e+00
3.544000000000000039e+00
2.629999999999999893e+00
2.986000000000000210e+00
2.745999999999999996e+00
2.583000000000000185e+00
3.150999999999999801e+00
3.115000000000000213e+00
2.774999999999999911e+00
2.915000000000000036e+00
2.847999999999999865e+00
2.729000000000000092e+00
2.910000000000000142e+00
2.879000000000000004e+00
2.745999999999999996e+00
2.628000000000000114e+00
2.720000000000000195e+00
2.392999999999999794e+00
2.657000000000000028e+00
3.145000000000000018e+00
3.601999999999999869e+00
2.745999999999999996e+00
2.826000000000000068e+00
2.801000000000000156e+00
2.766000000000000014e+00
2.696000000000000174e+00
3.072000000000000064e+00
3.099000000000000199e+00
2.754999999999999893e+00
2.519000000000000128e+00
2.842999999999999972e+00
3.088999999999999968e+00
2.806999999999999940e+00
2.632000000000000117e+00
2.325000000000000178e+00
2.404999999999999805e+00
2.702999999999999847e+00
2.850000000000000089e+00
2.951000000000000068e+00
2.966000000000000192e+00
2.986000000000000210e+00
2.787999999999999812e+00
2.802999999999999936e+00
3.040000000000000036e+00
3.289000000000000146e+00
2.516000000000000014e+00
2.992999999999999883e+00
2.503000000000000114e+00
2.653000000000000025e+00
2.838999999999999968e+00
2.430000000000000160e+00
2.951999999999999957e+00
2.895000000000000018e+00
3.132000000000000117e+00
2.879000000000000004e+00
2.684000000000000163e+00
3.289000000000000146e+00
2.592999999999999972e+00
3.060000000000000053e+00
2.904999999999999805e+00
3.059000000000000163e+00
3.032999999999999918e+00
3.511000000000000121e+00
2.869000000000000217e+00
2.822000000000000064e+00
2.894000000000000128e+00
2.569999999999999840e+00
2.544999999999999929e+00
2.677000000000000046e+00
3.103000000000000203e+00
3.021999999999999797e+00
3.285000000000000142e+00
3.064999999999999947e+00
3.008000000000000007e+00
2.661000000000000032e+00
2.456999999999999851e+00
2.516000000000000014e+00
2.802999999999999936e+00
2.811999999999999833e+00
3.189999999999999947e+00
2.661999999999999922e+00
2.757000000000000117e+00
3.174999999999999822e+00
3.035000000000000142e+00
2.762999999999999901e+00
2.628000000000000114e+00
3.169000000000000039e+00
2.564000000000000057e+00
3.222999999999999865e+00
2.821000000000000174e+00
3.101999999999999869e+00
2.998000000000000220e+00
3.048999999999999932e+00
2.677000000000000046e+00
2.129000000000000004e+00
2.717999999999999972e+00
3.451999999999999957e+00
2.898000000000000131e+00
3.298000000000000043e+00
2.696000000000000174e+00
2.580999999999999961e+00
2.531000000000000139e+00
3.424999999999999822e+00
2.624000000000000110e+00
2.987999999999999989e+00
3.431000000000000050e+00
2.967000000000000082e+00
2.924999999999999822e+00
2.795999999999999819e+00
2.979999999999999982e+00
2.608000000000000096e+00
3.217999999999999972e+00
2.737999999999999989e+00
2.732000000000000206e+00
2.873000000000000220e+00
2.814000000000000057e+00
2.943000000000000060e+00
2.672000000000000153e+00
2.403000000000000025e+00
2.701000000000000068e+00
2.979999999999999982e+00
2.906000000000000139e+00
2.825000000000000178e+00
2.972999999999999865e+00
2.371999999999999886e+00
2.741000000000000103e+00
3.047000000000000153e+00
2.813000000000000167e+00
2.762000000000000011e+00
3.236000000000000210e+00
3.048000000000000043e+00
2.826999999999999957e+00
2.869000000000000217e+00
2.563000000000000167e+00
2.778999999999999915e+00
2.516999999999999904e+00
2.968999999999999861e+00
3.221000000000000085e+00
2.850000000000000089e+00
2.887999999999999901e+00
2.642999999999999794e+00
2.565999999999999837e+00
2.879000000000000004e+00
3.142999999999999794e+00
2.480999999999999872e+00
3.390000000000000124e+00
2.701999999999999957e+00
2.577999999999999847e+00
3.132000000000000117e+00
2.517999999999999794e+00
2.604999999999999982e+00
3.431000000000000050e+00
2.754999999999999893e+00
2.866999999999999993e+00
2.607000000000000206e+00
2.908999999999999808e+00
2.568000000000000060e+00
3.217000000000000082e+00
3.048999999999999932e+00
3.072000000000000064e+00
3.358999999999999986e+00
2.983000000000000096e+00
2.995999999999999996e+00
3.555000000000000160e+00
2.968999999999999861e+00
3.249000000000000110e+00
3.120999999999999996e+00
2.501999999999999780e+00
2.829000000000000181e+00
3.184000000000000163e+00
3.032000000000000028e+00
2.956999999999999851e+00
2.729999999999999982e+00
2.863999999999999879e+00
2.134999999999999787e+00
2.887000000000000011e+00
2.898000000000000131e+00
2.605999999999999872e+00
2.758999999999999897e+00
2.596000000000000085e+00
2.634999999999999787e+00
2.870999999999999996e+00
2.814999999999999947e+00
2.681000000000000050e+00
3.390000000000000124e+00
2.572999999999999954e+00
2.729000000000000092e+00
2.900999999999999801e+00
3.482000000000000206e+00
2.532000000000000028e+00
3.281000000000000139e+00
2.543000000000000149e+00
2.665000000000000036e+00
2.685999999999999943e+00
3.564999999999999947e+00
2.657999999999999918e+00
2.806999999999999940e+00
2.797000000000000153e+00
2.685000000000000053e+00
3.081999999999999851e+00
2.286999999999999922e+00
3.085999999999999854e+00
2.814000000000000057e+00
2.608000000000000096e+00
3.170999999999999819e+00
2.766999999999999904e+00
3.073999999999999844e+00
2.411999999999999922e+00
2.963000000000000078e+00
2.870999999999999996e+00
3.103000000000000203e+00
2.920999999999999819e+00
2.842999999999999972e+00
3.201999999999999957e+00
2.964999999999999858e+00
2.920999999999999819e+00
2.520999999999999908e+00
3.072999999999999954e+00
2.698999999999999844e+00
2.826999999999999957e+00
2.888999999999999790e+00
3.096999999999999975e+00
2.838999999999999968e+00
2.994000000000000217e+00
2.657999999999999918e+00
2.899999999999999911e+00
2.709999999999999964e+00
2.689000000000000057e+00
2.819999999999999840e+00
3.270999999999999908e+00
2.527000000000000135e+00
2.774999999999999911e+00
3.661000000000000032e+00
3.061999999999999833e+00
2.624000000000000110e+00
3.141999999999999904e+00
3.555000000000000160e+00
2.797000000000000153e+00
2.706999999999999851e+00
2.902000000000000135e+00
2.869000000000000217e+00
2.601999999999999869e+00
2.802000000000000046e+00
2.862000000000000099e+00
2.475000000000000089e+00
2.589999999999999858e+00
2.890000000000000124e+00
2.797000000000000153e+00
3.214999999999999858e+00
3.001999999999999780e+00
2.865000000000000213e+00
3.343999999999999861e+00
2.487999999999999989e+00
3.157999999999999918e+00
2.959000000000000075e+00
2.625999999999999890e+00
2.858000000000000096e+00
2.858000000000000096e+00
2.815999999999999837e+00
3.564999999999999947e+00
2.763999999999999790e+00
2.922000000000000153e+00
2.744000000000000217e+00
2.652000000000000135e+00
2.544999999999999929e+00
3.189000000000000057e+00
2.782999999999999918e+00
3.189000000000000057e+00
2.774999999999999911e+00
2.688000000000000167e+00
3.544000000000000039e+00
2.664000000000000146e+00
2.991000000000000103e+00
2.638999999999999790e+00
2.883000000000000007e+00
2.936999999999999833e+00
2.569999999999999840e+00
2.585999999999999854e+00
3.055000000000000160e+00
3.093999999999999861e+00
3.343999999999999861e+00
3.019000000000000128e+00
2.947000000000000064e+00
2.642999999999999794e+00
2.511000000000000121e+00
2.962000000000000188e+00
2.287999999999999812e+00
3.391000000000000014e+00
2.560999999999999943e+00
3.088000000000000078e+00
3.560999999999999943e+00
2.858999999999999986e+00
3.273000000000000131e+00
2.773000000000000131e+00
3.259999999999999787e+00
3.221000000000000085e+00
2.714999999999999858e+00
3.144000000000000128e+00
2.712000000000000188e+00
2.870000000000000107e+00
3.773000000000000131e+00
3.044999999999999929e+00
3.112000000000000099e+00
2.770000000000000018e+00
2.623000000000000220e+00
2.880999999999999783e+00
3.654999999999999805e+00
2.988999999999999879e+00
3.482000000000000206e+00
2.911999999999999922e+00
2.827999999999999847e+00
2.931000000000000050e+00
2.455999999999999961e+00
3.472999999999999865e+00
2.580999999999999961e+00
3.656000000000000139e+00
3.036000000000000032e+00
2.539000000000000146e+00
2.818000000000000060e+00
3.144000000000000128e+00
2.689000000000000057e+00
2.793000000000000149e+00
2.765000000000000124e+00
3.495999999999999996e+00
3.068999999999999950e+00
2.774999999999999911e+00
2.907000000000000028e+00
