3.129000000000000004e+00
2.918000000000000149e+00
2.907000000000000028e+00
3.008000000000000007e+00
2.625000000000000000e+00
2.547000000000000153e+00
2.826000000000000068e+00
2.936999999999999833e+00
3.201999999999999957e+00
2.755999999999999783e+00
2.935999999999999943e+00
3.237000000000000099e+00
2.987999999999999989e+00
3.124000000000000110e+00
2.761000000000000121e+00
2.835999999999999854e+00
3.182999999999999829e+00
2.652000000000000135e+00
2.850000000000000089e+00
2.539000000000000146e+00
2.684000000000000163e+00
3.290000000000000036e+00
3.060000000000000053e+00
2.931000000000000050e+00
3.064999999999999947e+00
2.826000000000000068e+00
3.044999999999999929e+00
2.902000000000000135e+00
2.491999999999999993e+00
2.879999999999999893e+00
2.775999999999999801e+00
3.125000000000000000e+00
3.310000000000000053e+00
3.028000000000000025e+00
2.754000000000000004e+00
2.809000000000000163e+00
2.996999999999999886e+00
3.149000000000000021e+00
2.927000000000000046e+00
2.781000000000000139e+00
3.036000000000000032e+00
3.285000000000000142e+00
2.910000000000000142e+00
2.810999999999999943e+00
2.547000000000000153e+00
3.601999999999999869e+00
2.388999999999999790e+00
2.734999999999999876e+00
3.214999999999999858e+00
2.193999999999999950e+00
2.959000000000000075e+00
2.996999999999999886e+00
2.987999999999999989e+00
2.979999999999999982e+00
3.654999999999999805e+00
3.273000000000000131e+00
2.822000000000000064e+00
3.210999999999999854e+00
3.053999999999999826e+00
2.815999999999999837e+00
2.793000000000000149e+00
3.242999999999999883e+00
2.963999999999999968e+00
2.742999999999999883e+00
2.813000000000000167e+00
2.970000000000000195e+00
3.321000000000000174e+00
2.677000000000000046e+00
2.863999999999999879e+00
2.724000000000000199e+00
2.660000000000000142e+00
2.677000000000000046e+00
3.096999999999999975e+00
2.986000000000000210e+00
2.619000000000000217e+00
2.847999999999999865e+00
2.584999999999999964e+00
2.265000000000000124e+00
3.076999999999999957e+00
2.466000000000000192e+00
3.008000000000000007e+00
3.071000000000000174e+00
3.169999999999999929e+00
2.802000000000000046e+00
2.861000000000000210e+00
3.870000000000000107e+00
3.246999999999999886e+00
3.016000000000000014e+00
2.805000000000000160e+00
2.654999999999999805e+00
2.653999999999999915e+00
2.467999999999999972e+00
2.701000000000000068e+00
2.652000000000000135e+00
2.626999999999999780e+00
2.954000000000000181e+00
2.697999999999999954e+00
2.222999999999999865e+00
2.470000000000000195e+00
2.803999999999999826e+00
2.733000000000000096e+00
3.615000000000000213e+00
3.060000000000000053e+00
2.934000000000000163e+00
3.286999999999999922e+00
3.213999999999999968e+00
2.879000000000000004e+00
2.560000000000000053e+00
2.435999999999999943e+00
2.422000000000000153e+00
