9.732270236228250937e+00
1.073177259273641226e+01
1.312791324958397077e+01
9.703317491544488860e+00
1.298625118223684538e+01
1.055399454781147739e+01
1.009595173485633879e+01
1.060905066043677181e+01
1.179274481006174469e+01
1.024856253461463140e+01
1.071709647964572554e+01
1.073177259273641226e+01
1.013803073248006648e+01
1.007522493637100780e+01
9.931959079571575089e+00
9.860379250898114734e+00
9.843509706390914715e+00
9.893966341699094613e+00
1.035517788674787454e+01
1.036832411260518150e+01
1.001958790015875778e+01
9.893966341699094613e+00
1.298964411805630448e+01
1.039290554433603653e+01
1.078442796780556279e+01
9.803103815918140285e+00
1.013351522563174001e+01
1.312003638609001044e+01
9.727782018292430166e+00
1.312791324958397077e+01
1.021786990492141989e+01
1.027609022259829885e+01
1.055399454781147739e+01
1.309419630577137994e+01
1.309779979953880513e+01
1.071709647964572554e+01
1.035517788674787454e+01
1.301286594060107760e+01
1.301526415379308510e+01
1.050465432552621969e+01
1.207830334780684289e+01
1.039113753158119025e+01
1.036832411260518150e+01
1.312791324958397077e+01
9.912832305311336967e+00
1.008757711229480236e+01
1.301286594060107760e+01
1.027609022259829885e+01
1.042003569507580707e+01
1.013351522563174001e+01
1.055399454781147739e+01
1.039113753158119025e+01
9.768691389907132816e+00
1.311115621599376091e+01
1.042003569507580707e+01
1.009595173485633879e+01
1.046673907275290460e+01
1.078318502453867822e+01
1.078442796780556279e+01
1.025191159166453581e+01
9.814059870509044714e+00
1.006898711694623039e+01
9.937599337076333583e+00
1.027785823535314513e+01
9.747542425783978004e+00
1.054582673690248029e+01
1.026176264324014653e+01
9.845515119644488777e+00
1.061672528375352087e+01
1.179274481006174469e+01
1.024856253461463140e+01
1.047022519573076593e+01
1.036544012609152787e+01
1.031744438789893259e+01
1.043222323371956151e+01
1.084832194376846104e+01
1.300498907710711904e+01
1.052846053147758987e+01
9.747542425783978004e+00
1.224957309055008814e+01
1.078442796780556279e+01
1.092457977772551381e+01
9.923786242739662811e+00
9.824497235080601243e+00
1.167850396078025099e+01
1.298625118223684538e+01
1.312003638609001044e+01
1.146044693993844277e+01
1.296771924071708781e+01
1.174159337770781697e+01
1.311115621599376091e+01
1.081411582993111153e+01
1.078480422403531236e+01
1.020097144650271126e+01
1.071609165940914110e+01
1.087739882432187066e+01
1.024856253461463140e+01
1.055399454781147739e+01
1.015428799848583097e+01
1.067673559517306181e+01
1.039113753158119025e+01
1.062918738100968774e+01
1.011461296919315167e+01
9.714607863571767865e+00
1.053444721229663728e+01
1.314224619396649096e+01
1.035517788674787454e+01
9.940203899494720829e+00
1.080737413390812840e+01
1.055399454781147739e+01
1.309419630577137994e+01
1.021702691790623518e+01
1.031730400316432039e+01
1.032034210086233195e+01
1.039113753158119025e+01
1.301754707337379990e+01
1.062959608898319175e+01
1.179274481006174469e+01
9.889246623546554815e+00
1.039411523457241238e+01
9.769705840507439731e+00
1.301971374556823768e+01
1.032416407578634576e+01
9.919564817577688487e+00
9.733411254137703139e+00
1.151261874325194334e+01
1.067158842594278489e+01
1.069941567245796676e+01
1.039113753158119025e+01
1.301286594060107760e+01
9.857562402765420728e+00
1.036935773085636114e+01
9.566205250495668722e+00
1.055399454781147739e+01
9.904540591175866382e+00
1.007803360940146931e+01
1.055399454781147739e+01
1.078442796780556279e+01
1.059016777580900914e+01
1.047022519573076593e+01
1.104379922365508726e+01
1.093467292406864821e+01
1.004821125292002648e+01
9.843794952107264962e+00
1.007726210149827395e+01
1.301526415379308510e+01
1.099244613330476206e+01
9.778361156544161048e+00
1.173344805740707386e+01
1.167769750107885329e+01
1.066716626802454471e+01
1.052644762949111978e+01
1.054435267092806860e+01
1.297544165470955591e+01
1.000724118046323419e+01
1.052135051332292193e+01
1.059701453473510391e+01
9.890586210046643956e+00
1.005413799731507041e+01
1.027609022259829885e+01
1.043894723882858599e+01
1.018466665798566595e+01
1.313681052558430906e+01
1.071709647964572554e+01
1.052644762949111978e+01
1.300772744848311469e+01
1.024012992177082815e+01
1.156345665179735960e+01
1.174159337770781697e+01
1.181033484625750773e+01
1.070820485492200191e+01
1.312540069655565311e+01
1.027609022259829885e+01
1.020225669418142900e+01
1.022258402949589673e+01
1.070820485492200191e+01
1.031968036107787157e+01
1.034319121241790107e+01
1.300772744848311469e+01
1.301526415379308510e+01
1.310469142703919587e+01
1.037774296219172321e+01
1.299293034423930671e+01
1.071709647964572554e+01
1.060204917066283414e+01
9.929244775526392175e+00
1.216207269988755435e+01
1.062918738100968774e+01
1.297914899678848855e+01
9.955378499721280861e+00
9.683013424589516305e+00
1.031730400316432039e+01
1.041050431369570006e+01
1.062959608898319175e+01
1.014602734987588839e+01
1.302369453269835908e+01
1.044421913776209898e+01
1.099244613330476206e+01
1.224957309055008814e+01
1.031730400316432039e+01
1.102529915278638661e+01
1.302719888498359957e+01
1.012194489322059887e+01
9.731177292427158676e+00
1.037188116468011145e+01
1.005989356323396144e+01
1.020911676680345437e+01
1.031730400316432039e+01
1.078442796780556279e+01
1.055399454781147739e+01
1.001113190940889552e+01
1.064149493847401118e+01
1.025682895869283939e+01
9.893966341699094613e+00
1.312540069655565311e+01
1.048196722575221251e+01
1.035517788674787454e+01
1.052992355939513480e+01
1.313259438235669130e+01
9.818153277076346441e+00
1.174159337770781697e+01
9.907686242235930862e+00
1.025505475871566929e+01
1.098844534278450880e+01
1.031730400316432039e+01
1.000430848524223748e+01
1.035517788674787454e+01
1.021786990492141989e+01
1.071709647964572554e+01
1.043894723882858599e+01
1.179274481006174469e+01
9.972609711748312122e+00
1.020225669418142900e+01
1.020225669418142900e+01
1.074917614767758600e+01
1.038364927213539701e+01
9.944887413423334266e+00
1.055399454781147739e+01
1.089947527678845596e+01
1.207830334780684289e+01
1.015017416609254397e+01
1.069232682492523701e+01
1.156345665179735960e+01
1.051150264237993426e+01
1.067158842594278489e+01
1.052644762949111978e+01
1.301754707337379990e+01
1.039113753158119025e+01
1.064149493847401118e+01
1.016778304578552117e+01
1.055399454781147739e+01
9.722356130714643996e+00
1.156345665179735960e+01
1.179274481006174469e+01
1.297163141809409481e+01
1.066452593505244728e+01
9.923492785754586265e+00
1.310469142703919587e+01
1.084487976361495321e+01
9.937767845209226181e+00
1.309419630577137994e+01
1.070882642663384843e+01
1.064149493847401118e+01
9.770722712737599736e+00
1.146564055484149769e+01
1.084410028856278707e+01
1.301526415379308510e+01
1.299917885259601569e+01
9.989749115202416263e+00
1.302369453269835908e+01
1.024877837688595861e+01
1.031730400316432039e+01
1.297914899678848855e+01
9.729708612336478879e+00
1.174159337770781697e+01
1.070274355858997239e+01
1.032416407578634576e+01
1.004559742630877039e+01
1.055399454781147739e+01
1.299610890701086952e+01
1.028394497741076385e+01
1.059016777580900914e+01
9.656395055313282683e+00
9.930172635049636654e+00
9.933163943937135087e+00
1.032416407578634576e+01
1.048196722575221251e+01
1.078442796780556279e+01
1.104808798653368740e+01
1.036270570235894084e+01
1.036832411260518150e+01
1.070759752834286971e+01
1.089947527678845596e+01
1.300498907710711904e+01
1.055926644674499038e+01
1.012536990533099512e+01
1.142227561861957774e+01
1.311718653620265229e+01
1.001317602653534777e+01
1.039113753158119025e+01
1.018416868549714316e+01
1.014522089017449069e+01
1.065134173012129892e+01
1.300772744848311469e+01
9.745252870713784432e+00
1.025862929400996038e+01
1.216207269988755435e+01
1.039113753158119025e+01
1.023429086404021682e+01
1.063449009017409352e+01
1.301971374556823768e+01
1.031748446640980177e+01
1.021702691790623518e+01
1.031730400316432039e+01
1.111021245939335600e+01
1.062959608898319175e+01
9.902620655111666892e+00
1.070820485492200191e+01
1.043077942791958890e+01
1.027785823535314513e+01
1.020225669418142900e+01
1.039113753158119025e+01
1.034402332158795801e+01
1.207830334780684289e+01
1.199921568365726721e+01
9.964848164718270951e+00
1.167850396078025099e+01
1.061270848843620840e+01
1.156345665179735960e+01
1.047022519573076593e+01
1.027609022259829885e+01
1.173344805740707386e+01
1.043077942791958890e+01
1.071709647964572554e+01
1.031121318416353994e+01
1.067158842594278489e+01
1.061672528375352087e+01
1.031748446640980177e+01
1.207830334780684289e+01
1.054582673690248029e+01
9.866382109198402972e+00
1.307875338533640885e+01
1.020911676680345437e+01
1.039113753158119025e+01
1.299610890701086952e+01
1.301754707337379990e+01
1.052135051332292193e+01
1.046673907275290460e+01
9.818364800527380254e+00
1.060204917066283414e+01
9.893966341699094613e+00
1.011072628647538174e+01
1.035837255145661473e+01
1.007042580870417225e+01
1.045551722138466388e+01
9.972609711748312122e+00
1.043108860484123923e+01
1.300772744848311469e+01
1.161840074842418069e+01
1.012536990533099512e+01
1.306611750807612893e+01
1.048196722575221251e+01
1.024856253461463140e+01
1.310797765322219810e+01
9.778919032716203219e+00
1.011449042832769507e+01
1.008869703688418262e+01
1.008592413751981809e+01
1.296771924071708781e+01
9.643031362352129321e+00
1.009518944133047214e+01
1.069232682492523701e+01
1.039113753158119025e+01
1.062959608898319175e+01
9.955183920049126556e+00
1.031917753782028768e+01
1.044278729436609865e+01
1.064149493847401118e+01
9.937767845209226181e+00
1.312791324958397077e+01
1.004472228336471318e+01
1.055399454781147739e+01
1.059315754593911052e+01
1.033831087222445078e+01
1.032416407578634576e+01
1.089947527678845596e+01
1.080737413390812840e+01
9.972609711748312122e+00
1.047022519573076593e+01
1.313681052558430906e+01
9.781759516922363673e+00
1.041385713471286856e+01
1.032416407578634576e+01
1.055399454781147739e+01
1.080041714038406298e+01
1.006898711694623039e+01
1.299917885259601569e+01
1.031730400316432039e+01
1.072025126692233599e+01
1.312791324958397077e+01
1.019284602803033302e+01
1.299917885259601569e+01
1.064149493847401118e+01
1.065105484125367852e+01
1.297914899678848855e+01
1.006961934900277456e+01
1.295107019909323753e+01
1.199921568365726721e+01
9.885838334455415932e+00
1.312277475746600608e+01
1.069232682492523701e+01
1.080737413390812840e+01
9.971323329751603737e+00
9.831831467312181161e+00
1.052644762949111978e+01
1.310797765322219810e+01
9.962967533206720461e+00
1.314224619396649096e+01
1.043894723882858599e+01
1.087739882432187066e+01
1.099763811938058389e+01
1.008592413751981809e+01
1.301971374556823768e+01
1.048337142158807289e+01
1.299293034423930671e+01
1.312540069655565134e+01
1.080179728315015453e+01
1.039645533339704109e+01
1.298964411805630448e+01
1.068541070380433311e+01
1.017977273438747687e+01
1.069906852094822014e+01
1.216207269988755435e+01
1.071709647964572554e+01
1.021572813464313789e+01
1.034323123722489157e+01
