2.777000000000000135e+00
3.123000000000000220e+00
3.327999999999999847e+00
2.568999999999999950e+00
2.375000000000000000e+00
2.661999999999999922e+00
2.966000000000000192e+00
2.693999999999999950e+00
3.017999999999999794e+00
2.744000000000000217e+00
3.032000000000000028e+00
2.952999999999999847e+00
2.609999999999999876e+00
2.640000000000000124e+00
3.020999999999999908e+00
2.654999999999999805e+00
2.940999999999999837e+00
3.128000000000000114e+00
2.817000000000000171e+00
2.271999999999999797e+00
2.871999999999999886e+00
3.230999999999999872e+00
3.390000000000000124e+00
3.052000000000000046e+00
3.265000000000000124e+00
3.036999999999999922e+00
2.580999999999999961e+00
2.900999999999999801e+00
2.995999999999999996e+00
3.748000000000000220e+00
2.557999999999999829e+00
2.664000000000000146e+00
2.793000000000000149e+00
3.748000000000000220e+00
3.192000000000000171e+00
2.766999999999999904e+00
2.983999999999999986e+00
3.370999999999999996e+00
3.166999999999999815e+00
2.976999999999999869e+00
2.745000000000000107e+00
2.851999999999999869e+00
2.161999999999999922e+00
3.192000000000000171e+00
2.915999999999999925e+00
2.710999999999999854e+00
3.076000000000000068e+00
2.504000000000000004e+00
2.968999999999999861e+00
2.521999999999999797e+00
2.926000000000000156e+00
3.138999999999999790e+00
2.560000000000000053e+00
2.959999999999999964e+00
3.111000000000000210e+00
2.779999999999999805e+00
2.814000000000000057e+00
2.911000000000000032e+00
3.072999999999999954e+00
2.661000000000000032e+00
2.774000000000000021e+00
3.097999999999999865e+00
2.842999999999999972e+00
2.991000000000000103e+00
2.783999999999999808e+00
2.802999999999999936e+00
2.865000000000000213e+00
2.728000000000000203e+00
2.612999999999999989e+00
2.932999999999999829e+00
2.710999999999999854e+00
2.741000000000000103e+00
2.729999999999999982e+00
2.741000000000000103e+00
2.798000000000000043e+00
3.015000000000000124e+00
3.149000000000000021e+00
2.599000000000000199e+00
2.919999999999999929e+00
3.057999999999999829e+00
3.120999999999999996e+00
3.053999999999999826e+00
2.795999999999999819e+00
2.814000000000000057e+00
3.087000000000000188e+00
3.343999999999999861e+00
3.585999999999999854e+00
3.099000000000000199e+00
3.508999999999999897e+00
3.335999999999999854e+00
3.205000000000000071e+00
2.623000000000000220e+00
2.867999999999999883e+00
2.959000000000000075e+00
2.794000000000000039e+00
2.866000000000000103e+00
3.142999999999999794e+00
2.805000000000000160e+00
2.790999999999999925e+00
2.544999999999999929e+00
2.956999999999999851e+00
2.535000000000000142e+00
2.386000000000000121e+00
2.963999999999999968e+00
3.088999999999999968e+00
3.353000000000000203e+00
2.648000000000000131e+00
2.625999999999999890e+00
2.895000000000000018e+00
2.875999999999999890e+00
3.338999999999999968e+00
2.579000000000000181e+00
2.755999999999999783e+00
2.713000000000000078e+00
2.789000000000000146e+00
2.505999999999999783e+00
3.052000000000000046e+00
3.024999999999999911e+00
2.299999999999999822e+00
2.649000000000000021e+00
2.811999999999999833e+00
2.918000000000000149e+00
2.763999999999999790e+00
2.998000000000000220e+00
2.850000000000000089e+00
2.634999999999999787e+00
2.517999999999999794e+00
2.676000000000000156e+00
2.870000000000000107e+00
3.387000000000000011e+00
2.886000000000000121e+00
2.873000000000000220e+00
2.758000000000000007e+00
2.931000000000000050e+00
2.616999999999999993e+00
2.806999999999999940e+00
2.726999999999999869e+00
3.060999999999999943e+00
2.467000000000000082e+00
2.858000000000000096e+00
3.165999999999999925e+00
3.056000000000000050e+00
2.755999999999999783e+00
2.876999999999999780e+00
2.569999999999999840e+00
2.375000000000000000e+00
3.004000000000000004e+00
2.862999999999999989e+00
2.571000000000000174e+00
2.946000000000000174e+00
3.093999999999999861e+00
2.935000000000000053e+00
3.178999999999999826e+00
3.144000000000000128e+00
2.613999999999999879e+00
2.505999999999999783e+00
2.419000000000000039e+00
2.775999999999999801e+00
2.734999999999999876e+00
2.936999999999999833e+00
3.000000000000000000e+00
2.596999999999999975e+00
2.861000000000000210e+00
2.740000000000000213e+00
2.692000000000000171e+00
3.144000000000000128e+00
2.958000000000000185e+00
2.955000000000000071e+00
2.827999999999999847e+00
3.015000000000000124e+00
2.930000000000000160e+00
3.204000000000000181e+00
2.859999999999999876e+00
3.036000000000000032e+00
2.923000000000000043e+00
2.439999999999999947e+00
2.895999999999999908e+00
2.972999999999999865e+00
3.508999999999999897e+00
3.827999999999999847e+00
3.645999999999999908e+00
2.895000000000000018e+00
3.294999999999999929e+00
3.076999999999999957e+00
2.927999999999999936e+00
2.754000000000000004e+00
2.609999999999999876e+00
3.012000000000000011e+00
3.076000000000000068e+00
2.928999999999999826e+00
2.681999999999999940e+00
2.641000000000000014e+00
3.016000000000000014e+00
3.091000000000000192e+00
2.830999999999999961e+00
3.303999999999999826e+00
2.726999999999999869e+00
3.133999999999999897e+00
3.100999999999999979e+00
2.709000000000000075e+00
3.185999999999999943e+00
3.165999999999999925e+00
2.919000000000000039e+00
2.411000000000000032e+00
2.697999999999999954e+00
2.935999999999999943e+00
3.016000000000000014e+00
2.878000000000000114e+00
3.120000000000000107e+00
2.548000000000000043e+00
2.741000000000000103e+00
2.992999999999999883e+00
3.051000000000000156e+00
2.859999999999999876e+00
3.162999999999999812e+00
2.855999999999999872e+00
2.896999999999999797e+00
2.771999999999999797e+00
3.422000000000000153e+00
2.736000000000000210e+00
2.994000000000000217e+00
2.705000000000000071e+00
2.641000000000000014e+00
2.579000000000000181e+00
2.701000000000000068e+00
2.564000000000000057e+00
2.734999999999999876e+00
2.841000000000000192e+00
2.983999999999999986e+00
2.907000000000000028e+00
3.076999999999999957e+00
2.887999999999999901e+00
3.024999999999999911e+00
2.410000000000000142e+00
2.789000000000000146e+00
2.744000000000000217e+00
2.641999999999999904e+00
2.720000000000000195e+00
3.165000000000000036e+00
2.870999999999999996e+00
2.963999999999999968e+00
3.060999999999999943e+00
2.862999999999999989e+00
2.899999999999999911e+00
2.653999999999999915e+00
2.975999999999999979e+00
2.919999999999999929e+00
2.646999999999999797e+00
3.048999999999999932e+00
2.741000000000000103e+00
2.790999999999999925e+00
2.778999999999999915e+00
3.346999999999999975e+00
2.637000000000000011e+00
3.491000000000000103e+00
2.547000000000000153e+00
2.705000000000000071e+00
2.861000000000000210e+00
2.696000000000000174e+00
2.809000000000000163e+00
3.162999999999999812e+00
2.690999999999999837e+00
2.862999999999999989e+00
2.870999999999999996e+00
2.630999999999999783e+00
2.766999999999999904e+00
3.527000000000000135e+00
3.165999999999999925e+00
3.119000000000000217e+00
3.390000000000000124e+00
2.947999999999999954e+00
2.750000000000000000e+00
3.254999999999999893e+00
3.153999999999999915e+00
3.333000000000000185e+00
3.000000000000000000e+00
2.759999999999999787e+00
2.770000000000000018e+00
3.015000000000000124e+00
3.516000000000000014e+00
2.561999999999999833e+00
3.403000000000000025e+00
2.979000000000000092e+00
2.831999999999999851e+00
2.931000000000000050e+00
2.920999999999999819e+00
2.809000000000000163e+00
2.802000000000000046e+00
3.016000000000000014e+00
2.919000000000000039e+00
2.966000000000000192e+00
2.706999999999999851e+00
3.028000000000000025e+00
3.491000000000000103e+00
2.834000000000000075e+00
2.951999999999999957e+00
2.801000000000000156e+00
2.932999999999999829e+00
2.660000000000000142e+00
3.214999999999999858e+00
3.020000000000000018e+00
2.725000000000000089e+00
2.924999999999999822e+00
3.919999999999999929e+00
2.878000000000000114e+00
2.682999999999999829e+00
3.241999999999999993e+00
2.763999999999999790e+00
2.608999999999999986e+00
2.673000000000000043e+00
3.230999999999999872e+00
2.865000000000000213e+00
2.592999999999999972e+00
2.873000000000000220e+00
2.882000000000000117e+00
2.767999999999999794e+00
2.524000000000000021e+00
2.746999999999999886e+00
2.935000000000000053e+00
3.283999999999999808e+00
2.944999999999999840e+00
2.896999999999999797e+00
2.700000000000000178e+00
2.749000000000000110e+00
2.970000000000000195e+00
2.903999999999999915e+00
3.415999999999999925e+00
3.173999999999999932e+00
3.000000000000000000e+00
2.471999999999999975e+00
3.032999999999999918e+00
2.870999999999999996e+00
2.904999999999999805e+00
3.190999999999999837e+00
2.806000000000000050e+00
2.786000000000000032e+00
2.658999999999999808e+00
2.732000000000000206e+00
3.394000000000000128e+00
2.838999999999999968e+00
2.698999999999999844e+00
3.205000000000000071e+00
2.878000000000000114e+00
2.568000000000000060e+00
3.294000000000000039e+00
3.254999999999999893e+00
2.850000000000000089e+00
2.678999999999999826e+00
2.528999999999999915e+00
3.177000000000000046e+00
2.778999999999999915e+00
3.080999999999999961e+00
3.007000000000000117e+00
2.375000000000000000e+00
2.793000000000000149e+00
2.823999999999999844e+00
3.007000000000000117e+00
3.556999999999999940e+00
3.009999999999999787e+00
2.904999999999999805e+00
2.959999999999999964e+00
2.890000000000000124e+00
2.702999999999999847e+00
3.539000000000000146e+00
2.685999999999999943e+00
2.782999999999999918e+00
2.990000000000000213e+00
3.019000000000000128e+00
3.919999999999999929e+00
2.875000000000000000e+00
2.972999999999999865e+00
2.793000000000000149e+00
2.807999999999999829e+00
2.875999999999999890e+00
2.834000000000000075e+00
2.741000000000000103e+00
3.285000000000000142e+00
2.637999999999999901e+00
2.810000000000000053e+00
3.338999999999999968e+00
3.157000000000000028e+00
2.980999999999999872e+00
2.587000000000000188e+00
2.896999999999999797e+00
2.677000000000000046e+00
2.907000000000000028e+00
3.194999999999999840e+00
2.726999999999999869e+00
2.524999999999999911e+00
3.310000000000000053e+00
2.903000000000000025e+00
2.779999999999999805e+00
2.870999999999999996e+00
2.706999999999999851e+00
2.976999999999999869e+00
2.814000000000000057e+00
3.001999999999999780e+00
2.865000000000000213e+00
2.923999999999999932e+00
3.310000000000000053e+00
2.771999999999999797e+00
2.596999999999999975e+00
2.761000000000000121e+00
3.049999999999999822e+00
2.919999999999999929e+00
2.995999999999999996e+00
3.076000000000000068e+00
2.838000000000000078e+00
2.513999999999999790e+00
3.398000000000000131e+00
2.988999999999999879e+00
2.960999999999999854e+00
3.033999999999999808e+00
3.148000000000000131e+00
2.998000000000000220e+00
3.430000000000000160e+00
2.741000000000000103e+00
2.932999999999999829e+00
2.998000000000000220e+00
2.660000000000000142e+00
2.728000000000000203e+00
2.658999999999999808e+00
3.911999999999999922e+00
2.613999999999999879e+00
3.371999999999999886e+00
3.138999999999999790e+00
2.742999999999999883e+00
2.950000000000000178e+00
3.076000000000000068e+00
2.870000000000000107e+00
2.857000000000000206e+00
2.876999999999999780e+00
2.822999999999999954e+00
2.755999999999999783e+00
2.902000000000000135e+00
2.684000000000000163e+00
