1.120251818349571415e+01
1.124901993706802017e+01
1.411338817343123253e+01
1.022130009253069538e+01
1.397528280619593133e+01
1.106607274718216694e+01
1.092420507730880708e+01
1.149559547836600615e+01
1.162025652400529729e+01
1.075232573242621292e+01
1.237372578177596338e+01
1.124901993706802017e+01
1.096863269102204796e+01
1.159502984972121276e+01
1.144806970539312729e+01
1.137431962452853540e+01
1.135690142803561464e+01
1.151995110439364112e+01
1.089943138444779436e+01
1.032283828662006897e+01
1.051415119657757380e+01
1.151995110439364112e+01
1.398192999507154610e+01
1.204107610787472460e+01
1.248170459569603175e+01
1.131512053364365933e+01
1.067149938251046137e+01
1.409494243202682284e+01
1.123699316821871541e+01
1.411338817343123253e+01
1.019264480951607155e+01
1.081835018266669657e+01
1.106607274718216694e+01
1.404261059021463431e+01
1.404939366354905239e+01
1.237372578177596338e+01
1.089943138444779436e+01
1.403256182351548098e+01
1.403856174802232282e+01
1.135099438868218691e+01
1.191433813695931399e+01
1.089917653258244989e+01
1.032283828662006897e+01
1.411338817343123253e+01
1.142838729634827288e+01
1.157058944775036480e+01
1.403256182351548098e+01
1.081835018266669657e+01
1.126346652742451759e+01
1.067149938251046137e+01
1.106607274718216694e+01
1.089917653258244989e+01
1.124058788540693499e+01
1.407584292001651960e+01
1.126346652742451759e+01
1.092420507730880708e+01
1.211700119452964408e+01
1.163695675349323189e+01
1.248170459569603175e+01
1.177635736925575038e+01
1.132645807397876148e+01
1.093625701501449576e+01
1.145387054104257452e+01
1.196024975795897305e+01
1.140591288571925332e+01
1.219808239631074009e+01
1.178650852177979580e+01
1.066213287183061631e+01
1.116819358715226862e+01
1.162025652400529729e+01
1.075232573242621292e+01
1.098025773436354591e+01
1.189378532437640779e+01
1.180624713615461907e+01
1.192456317367612684e+01
1.236618784713467711e+01
1.401411608211106952e+01
1.141301995199199659e+01
1.140591288571925332e+01
1.208998152242453727e+01
1.248170459569603175e+01
1.178230782970732626e+01
1.140177903003399784e+01
1.064133407676667709e+01
1.150139252674994594e+01
1.397528280619593133e+01
1.409494243202682284e+01
1.127218538026475336e+01
1.394103676481727483e+01
1.160557978510622945e+01
1.407584292001651960e+01
1.067474028267280062e+01
1.229685065534378730e+01
1.184240400415569994e+01
1.222281153515235985e+01
1.257923555641458613e+01
1.075232573242621292e+01
1.106607274718216694e+01
1.098577001091184435e+01
1.156494456775126345e+01
1.089917653258244989e+01
1.053761758461820186e+01
1.094391969871487724e+01
1.122329415399685182e+01
1.203083340167565574e+01
1.415377615331904515e+01
1.089943138444779436e+01
1.075962353312838893e+01
1.246684459901521436e+01
1.106607274718216694e+01
1.404261059021463431e+01
1.109122306720195006e+01
1.082325144592753041e+01
1.180922449470915758e+01
1.089917653258244989e+01
1.404448613968979132e+01
1.228389740912936112e+01
1.162025652400529729e+01
1.037707345002439752e+01
1.188518295031469663e+01
1.124164701317083193e+01
1.405033427560264947e+01
1.197015039437340711e+01
1.143531735803061977e+01
1.124284348748877882e+01
1.136740524925759210e+01
1.055954994951519943e+01
1.155114174067461086e+01
1.089917653258244989e+01
1.403256182351548098e+01
1.038404693889397201e+01
1.124925735159381013e+01
1.106821671705908550e+01
1.106607274718216694e+01
1.043332484666182403e+01
1.090526026725285469e+01
1.106607274718216694e+01
1.248170459569603175e+01
1.143907629013030025e+01
1.098025773436354591e+01
1.190592671957912607e+01
1.251301625238219195e+01
1.168269795075691775e+01
1.131882320186801394e+01
1.159711630476023281e+01
1.403856174802232282e+01
1.266006190633033768e+01
1.128949200146276510e+01
1.155865974480427383e+01
1.153943017408954397e+01
1.151810140931171311e+01
1.107507476991301765e+01
1.204118829530994539e+01
1.395493430910791588e+01
1.083034114036673579e+01
1.043562350596839572e+01
1.049847193689914526e+01
1.140547296277570410e+01
1.087997767782349889e+01
1.081835018266669657e+01
1.098524639726641539e+01
1.068617612140952922e+01
1.413693178276141715e+01
1.237372578177596338e+01
1.107507476991301765e+01
1.402033826764461821e+01
1.176422475673343904e+01
1.142056617683419439e+01
1.160557978510622945e+01
1.167650549860754694e+01
1.058929579605440274e+01
1.410731343900025259e+01
1.081835018266669657e+01
1.074242509601177886e+01
1.109701238808255752e+01
1.058929579605440274e+01
1.184632886376930472e+01
1.183271648826764455e+01
1.402033826764461821e+01
1.403856174802232282e+01
1.406275634498729765e+01
1.121957000970491514e+01
1.398850815734490105e+01
1.237372578177596338e+01
1.229289943186021183e+01
1.041925513018165361e+01
1.200015314977793501e+01
1.053761758461820186e+01
1.396178424029888276e+01
1.048648577423842632e+01
1.115089165826414330e+01
1.082325144592753041e+01
1.194071727814099582e+01
1.228389740912936112e+01
1.178513678610137205e+01
1.406179888850359916e+01
1.038641682322719362e+01
1.266006190633033768e+01
1.208998152242453727e+01
1.082325144592753041e+01
1.188665780887066781e+01
1.407294980340329360e+01
1.160585125302834797e+01
1.120137441793603905e+01
1.121347761954403666e+01
1.157932732497299178e+01
1.188932404445765556e+01
1.082325144592753041e+01
1.248170459569603175e+01
1.106607274718216694e+01
1.087530324116560720e+01
1.115590111982876920e+01
1.178142375908553241e+01
1.151995110439364112e+01
1.410731343900025259e+01
1.041764558698339371e+01
1.089943138444779436e+01
1.206624457201713696e+01
1.412531248960554286e+01
1.133069234165905748e+01
1.160557978510622945e+01
1.138511147635622045e+01
1.022544347637747641e+01
1.184837314941874631e+01
1.082325144592753041e+01
1.082723848647546561e+01
1.089943138444779436e+01
1.019264480951607155e+01
1.237372578177596338e+01
1.098524639726641539e+01
1.162025652400529729e+01
1.046487328880972356e+01
1.074242509601177886e+01
1.074242509601177886e+01
1.160210866193324719e+01
1.122570658855993564e+01
1.142360273954388639e+01
1.106607274718216694e+01
1.256253094561178152e+01
1.191433813695931399e+01
1.098143502684501094e+01
1.238601824909946281e+01
1.142056617683419439e+01
1.135806162826054511e+01
1.055954994951519943e+01
1.107507476991301765e+01
1.404448613968979132e+01
1.089917653258244989e+01
1.115590111982876920e+01
1.165282213910371922e+01
1.106607274718216694e+01
1.123135238345900966e+01
1.142056617683419439e+01
1.162025652400529729e+01
1.394801824297563542e+01
1.056611631387777628e+01
1.074212106746363737e+01
1.406275634498729765e+01
1.236240568320929789e+01
1.075706741991826654e+01
1.404261059021463431e+01
1.126387993374883756e+01
1.115590111982876920e+01
1.128157313513762894e+01
1.131812734148974009e+01
1.169945822502041644e+01
1.403856174802232282e+01
1.400145451042390832e+01
1.146992294462877027e+01
1.406179888850359916e+01
1.108503520288863875e+01
1.082325144592753041e+01
1.396178424029888276e+01
1.123899564106788773e+01
1.160557978510622945e+01
1.159162063270994203e+01
1.197015039437340711e+01
1.152744674899156330e+01
1.106607274718216694e+01
1.399501657010076805e+01
1.112182685050754039e+01
1.143907629013030025e+01
1.116263351040660723e+01
1.140838663060426406e+01
1.160187160084116620e+01
1.197015039437340711e+01
1.041764558698339371e+01
1.248170459569603175e+01
1.264911856624733311e+01
1.124238338882152632e+01
1.032283828662006897e+01
1.155952203768000786e+01
1.256253094561178152e+01
1.401411608211106952e+01
1.046724317314294517e+01
1.062457934220850575e+01
1.127250918286167014e+01
1.408864760531483817e+01
1.083662096385777218e+01
1.089917653258244989e+01
1.166960495885703430e+01
1.182317443344097008e+01
1.150187987843876947e+01
1.402033826764461821e+01
1.121609845559818730e+01
1.109534960215785304e+01
1.200015314977793501e+01
1.089917653258244989e+01
1.106985427229380470e+01
1.052925809607667240e+01
1.405033427560264947e+01
1.119559045495376282e+01
1.109122306720195006e+01
1.082325144592753041e+01
1.266547846991672976e+01
1.228389740912936112e+01
1.141787187595254593e+01
1.058929579605440274e+01
1.211725604639498854e+01
1.196024975795897305e+01
1.074242509601177886e+01
1.089917653258244989e+01
1.187155106196710896e+01
1.191433813695931399e+01
1.183325693517821797e+01
1.159489811197159170e+01
1.150139252674994594e+01
1.146223669522204602e+01
1.142056617683419439e+01
1.098025773436354591e+01
1.081835018266669657e+01
1.155865974480427383e+01
1.211725604639498854e+01
1.237372578177596338e+01
1.118909232880151805e+01
1.055954994951519943e+01
1.116819358715226862e+01
1.119559045495376282e+01
1.191433813695931399e+01
1.219808239631074009e+01
1.138051419904271633e+01
1.401481694746382267e+01
1.188932404445765556e+01
1.089917653258244989e+01
1.399501657010076805e+01
1.404448613968979132e+01
1.043562350596839572e+01
1.211700119452964408e+01
1.030212644244644693e+01
1.229289943186021183e+01
1.151995110439364112e+01
1.163139366877590319e+01
1.188644325073566499e+01
1.056731212415417787e+01
1.198781873326086256e+01
1.046487328880972356e+01
1.196222729621751313e+01
1.402033826764461821e+01
1.147783339488852228e+01
1.062457934220850575e+01
1.399329754014350691e+01
1.041764558698339371e+01
1.075232573242621292e+01
1.406933450726065260e+01
1.143912475447788957e+01
1.098404423064616076e+01
1.091653633881909613e+01
1.176157765423994839e+01
1.394103676481727483e+01
1.114867742070504519e+01
1.173197585852476799e+01
1.238601824909946281e+01
1.089917653258244989e+01
1.228389740912936112e+01
1.077537085682613416e+01
1.184580841056754075e+01
1.197447390085452845e+01
1.115590111982876920e+01
1.075706741991826654e+01
1.411338817343123253e+01
1.156378724196802921e+01
1.106607274718216694e+01
1.050846944613865119e+01
1.182769652474928712e+01
1.197015039437340711e+01
1.256253094561178152e+01
1.246684459901521436e+01
1.046487328880972356e+01
1.098025773436354591e+01
1.413693178276141715e+01
1.140147092145281960e+01
1.125706012772059417e+01
1.197015039437340711e+01
1.106607274718216694e+01
1.165462449252384225e+01
1.093625701501449576e+01
1.400145451042390832e+01
1.082325144592753041e+01
1.160959209056114538e+01
1.411338817343123253e+01
1.102634802812539760e+01
1.400145451042390832e+01
1.115590111982876920e+01
1.153862319893998567e+01
1.396178424029888276e+01
1.060534977149377589e+01
1.391247119022775358e+01
1.183325693517821797e+01
1.070305763021098322e+01
1.410116461756037154e+01
1.238601824909946281e+01
1.246684459901521436e+01
1.145091064123841029e+01
1.134483471178217506e+01
1.107507476991301765e+01
1.406933450726065260e+01
1.147994292560116314e+01
1.415377615331904515e+01
1.098524639726641539e+01
1.257923555641458613e+01
1.185791086174801379e+01
1.176157765423994839e+01
1.405033427560264947e+01
1.040366463653582230e+01
1.398850815734490105e+01
1.410731343900025259e+01
1.136141089446739194e+01
1.127723527834479356e+01
1.398192999507154610e+01
1.219003520790691475e+01
1.170218770258649066e+01
1.059391393275704907e+01
1.200015314977793501e+01
1.237372578177596338e+01
1.173912167786234129e+01
1.118367068467837733e+01
