2.306999999999999940e+00
2.291999999999999815e+00
2.568999999999999950e+00
2.212000000000000188e+00
2.543000000000000149e+00
2.057999999999999829e+00
2.245000000000000107e+00
2.423000000000000043e+00
2.301000000000000156e+00
2.107000000000000206e+00
2.101999999999999869e+00
2.306999999999999940e+00
2.500999999999999890e+00
2.162999999999999812e+00
2.400999999999999801e+00
1.945999999999999952e+00
2.153000000000000025e+00
1.953000000000000069e+00
2.065999999999999837e+00
2.072999999999999954e+00
2.123000000000000220e+00
1.727000000000000091e+00
2.608999999999999986e+00
2.233000000000000096e+00
2.331999999999999851e+00
2.174999999999999822e+00
2.072000000000000064e+00
2.560000000000000053e+00
2.306000000000000050e+00
2.504000000000000004e+00
2.282999999999999918e+00
2.012000000000000011e+00
1.941000000000000059e+00
2.504000000000000004e+00
2.323999999999999844e+00
1.969000000000000083e+00
2.411000000000000032e+00
2.541999999999999815e+00
2.629000000000000004e+00
2.463999999999999968e+00
2.238999999999999879e+00
2.056000000000000050e+00
1.782999999999999918e+00
2.323999999999999844e+00
2.350000000000000089e+00
2.322000000000000064e+00
2.629000000000000004e+00
2.060999999999999943e+00
2.052999999999999936e+00
2.021999999999999797e+00
1.925999999999999934e+00
2.100999999999999979e+00
2.282999999999999918e+00
2.943999999999999950e+00
2.310999999999999943e+00
2.104000000000000092e+00
2.212000000000000188e+00
2.290999999999999925e+00
2.390000000000000124e+00
2.197999999999999954e+00
2.452999999999999847e+00
2.390000000000000124e+00
2.200000000000000178e+00
1.858000000000000096e+00
2.133999999999999897e+00
2.146999999999999797e+00
2.152000000000000135e+00
2.237999999999999989e+00
2.109999999999999876e+00
2.480999999999999872e+00
2.210999999999999854e+00
2.120999999999999996e+00
2.145999999999999908e+00
2.025999999999999801e+00
2.189999999999999947e+00
2.456999999999999851e+00
2.354999999999999982e+00
2.032000000000000028e+00
2.041999999999999815e+00
2.544999999999999929e+00
2.302999999999999936e+00
2.278999999999999915e+00
2.331999999999999851e+00
2.101999999999999869e+00
2.137000000000000011e+00
2.709999999999999964e+00
2.201999999999999957e+00
2.036000000000000032e+00
2.460999999999999854e+00
2.370000000000000107e+00
2.350999999999999979e+00
2.234999999999999876e+00
2.262999999999999901e+00
2.165000000000000036e+00
2.459000000000000075e+00
1.993000000000000105e+00
2.217000000000000082e+00
2.072000000000000064e+00
2.315999999999999837e+00
2.201000000000000068e+00
2.077999999999999847e+00
2.302000000000000046e+00
2.217000000000000082e+00
2.133000000000000007e+00
2.206999999999999851e+00
2.634999999999999787e+00
2.173000000000000043e+00
2.138999999999999790e+00
2.174999999999999822e+00
2.087000000000000188e+00
2.515000000000000124e+00
2.193000000000000060e+00
1.991999999999999993e+00
2.144000000000000128e+00
2.107000000000000206e+00
2.593999999999999861e+00
2.157000000000000028e+00
2.032999999999999918e+00
1.943000000000000060e+00
2.384999999999999787e+00
2.091000000000000192e+00
2.487999999999999989e+00
2.228000000000000203e+00
2.314000000000000057e+00
2.282999999999999918e+00
2.196000000000000174e+00
2.116000000000000103e+00
2.301000000000000156e+00
2.212000000000000188e+00
2.346999999999999975e+00
2.186999999999999833e+00
2.286000000000000032e+00
2.297000000000000153e+00
2.132000000000000117e+00
2.111000000000000210e+00
2.349000000000000199e+00
2.275999999999999801e+00
2.152000000000000135e+00
2.061999999999999833e+00
2.326000000000000068e+00
2.416999999999999815e+00
2.230999999999999872e+00
1.810999999999999943e+00
2.269000000000000128e+00
2.181000000000000050e+00
2.543000000000000149e+00
1.818000000000000060e+00
2.213000000000000078e+00
2.302000000000000046e+00
2.365000000000000213e+00
2.186999999999999833e+00
2.218999999999999861e+00
2.132000000000000117e+00
2.474000000000000199e+00
2.096999999999999975e+00
2.283999999999999808e+00
2.024999999999999911e+00
2.177999999999999936e+00
2.500999999999999890e+00
2.072999999999999954e+00
2.330999999999999961e+00
2.142999999999999794e+00
2.302000000000000046e+00
2.230999999999999872e+00
2.225999999999999979e+00
2.474000000000000199e+00
2.426000000000000156e+00
2.162999999999999812e+00
2.355999999999999872e+00
2.194999999999999840e+00
2.173000000000000043e+00
2.569999999999999840e+00
2.119000000000000217e+00
2.343999999999999861e+00
2.080000000000000071e+00
2.117999999999999883e+00
2.041999999999999815e+00
2.298000000000000043e+00
2.460999999999999854e+00
2.642999999999999794e+00
2.248000000000000220e+00
2.075000000000000178e+00
2.563000000000000167e+00
2.233000000000000096e+00
2.266000000000000014e+00
2.100999999999999979e+00
2.244000000000000217e+00
2.029999999999999805e+00
2.629000000000000004e+00
2.205000000000000071e+00
2.214999999999999858e+00
2.025999999999999801e+00
2.166999999999999815e+00
2.148000000000000131e+00
2.130999999999999783e+00
2.451000000000000068e+00
2.224000000000000199e+00
2.225999999999999979e+00
2.232000000000000206e+00
2.214999999999999858e+00
2.391000000000000014e+00
2.810000000000000053e+00
2.140000000000000124e+00
2.201999999999999957e+00
2.168000000000000149e+00
2.154999999999999805e+00
2.228000000000000203e+00
2.295999999999999819e+00
2.028000000000000025e+00
2.067000000000000171e+00
2.249000000000000110e+00
2.241000000000000103e+00
2.253000000000000114e+00
2.278999999999999915e+00
2.572000000000000064e+00
2.263999999999999790e+00
2.181999999999999940e+00
2.250000000000000000e+00
2.525999999999999801e+00
2.141999999999999904e+00
2.362999999999999989e+00
2.123000000000000220e+00
2.221999999999999975e+00
2.079000000000000181e+00
2.033999999999999808e+00
2.297000000000000153e+00
2.182999999999999829e+00
2.075000000000000178e+00
1.995000000000000107e+00
2.161999999999999922e+00
2.353000000000000203e+00
2.258999999999999897e+00
2.217000000000000082e+00
2.008000000000000007e+00
2.334000000000000075e+00
2.168000000000000149e+00
2.132000000000000117e+00
2.254000000000000004e+00
2.180000000000000160e+00
2.221000000000000085e+00
2.349000000000000199e+00
2.083000000000000185e+00
2.255999999999999783e+00
2.358999999999999986e+00
2.286000000000000032e+00
2.346000000000000085e+00
2.428999999999999826e+00
2.064999999999999947e+00
2.244000000000000217e+00
2.177999999999999936e+00
2.132000000000000117e+00
2.315999999999999837e+00
2.620000000000000107e+00
2.455999999999999961e+00
2.141999999999999904e+00
2.185000000000000053e+00
2.259999999999999787e+00
2.302000000000000046e+00
2.326999999999999957e+00
2.361000000000000210e+00
2.572000000000000064e+00
2.411999999999999922e+00
2.076999999999999957e+00
2.185999999999999943e+00
2.359999999999999876e+00
2.282000000000000028e+00
2.491000000000000103e+00
2.810000000000000053e+00
2.410000000000000142e+00
2.608999999999999986e+00
2.234999999999999876e+00
2.213000000000000078e+00
2.540000000000000036e+00
2.426000000000000156e+00
2.556999999999999940e+00
2.406000000000000139e+00
1.973999999999999977e+00
2.399000000000000021e+00
2.064000000000000057e+00
2.597999999999999865e+00
2.161000000000000032e+00
2.129999999999999893e+00
2.186999999999999833e+00
2.048000000000000043e+00
2.149000000000000021e+00
2.072999999999999954e+00
2.248000000000000220e+00
1.903000000000000025e+00
2.229000000000000092e+00
2.380999999999999783e+00
2.108999999999999986e+00
2.262000000000000011e+00
1.903999999999999915e+00
2.141999999999999904e+00
2.222999999999999865e+00
2.137000000000000011e+00
2.101999999999999869e+00
2.794000000000000039e+00
2.255999999999999783e+00
2.241000000000000103e+00
2.112000000000000099e+00
1.945999999999999952e+00
2.257000000000000117e+00
2.088999999999999968e+00
2.366999999999999993e+00
2.240000000000000213e+00
2.306000000000000050e+00
2.365000000000000213e+00
2.192000000000000171e+00
2.416999999999999815e+00
2.295999999999999819e+00
2.443000000000000060e+00
2.177999999999999936e+00
2.370999999999999996e+00
2.237000000000000099e+00
2.426000000000000156e+00
2.182999999999999829e+00
2.200000000000000178e+00
2.036999999999999922e+00
2.226999999999999869e+00
2.164000000000000146e+00
2.044000000000000039e+00
2.225000000000000089e+00
2.367999999999999883e+00
1.931999999999999940e+00
1.919000000000000039e+00
2.486000000000000210e+00
2.282000000000000028e+00
2.274000000000000021e+00
2.271999999999999797e+00
2.158999999999999808e+00
2.116999999999999993e+00
2.028000000000000025e+00
2.137000000000000011e+00
2.521999999999999797e+00
1.927999999999999936e+00
1.933999999999999941e+00
2.358999999999999986e+00
2.705999999999999961e+00
1.891999999999999904e+00
2.113999999999999879e+00
2.350999999999999979e+00
2.156000000000000139e+00
2.091000000000000192e+00
2.516999999999999904e+00
2.540000000000000036e+00
2.238999999999999879e+00
1.945999999999999952e+00
1.963999999999999968e+00
1.987000000000000099e+00
2.299999999999999822e+00
2.160000000000000142e+00
2.456999999999999851e+00
2.037999999999999812e+00
2.346999999999999975e+00
2.251999999999999780e+00
2.406000000000000139e+00
2.404999999999999805e+00
2.168000000000000149e+00
2.063000000000000167e+00
2.943999999999999950e+00
2.133999999999999897e+00
2.116000000000000103e+00
2.341000000000000192e+00
2.009999999999999787e+00
2.209999999999999964e+00
2.306999999999999940e+00
1.981999999999999984e+00
2.088999999999999968e+00
2.040999999999999925e+00
2.080999999999999961e+00
2.251999999999999780e+00
2.214999999999999858e+00
2.134999999999999787e+00
2.361000000000000210e+00
2.048000000000000043e+00
2.295999999999999819e+00
2.125999999999999890e+00
2.244000000000000217e+00
2.515000000000000124e+00
2.435999999999999943e+00
2.415000000000000036e+00
2.306999999999999940e+00
2.261000000000000121e+00
2.023000000000000131e+00
2.013999999999999790e+00
2.169000000000000039e+00
2.004000000000000004e+00
2.073999999999999844e+00
2.145999999999999908e+00
1.949000000000000066e+00
1.969999999999999973e+00
2.024000000000000021e+00
2.202999999999999847e+00
2.442000000000000171e+00
2.126999999999999780e+00
2.466000000000000192e+00
2.105999999999999872e+00
2.346999999999999975e+00
2.322000000000000064e+00
2.060000000000000053e+00
2.362999999999999989e+00
2.212000000000000188e+00
2.317000000000000171e+00
2.428999999999999826e+00
2.273000000000000131e+00
2.291999999999999815e+00
2.524999999999999911e+00
2.357000000000000206e+00
2.329000000000000181e+00
1.852000000000000091e+00
2.209000000000000075e+00
2.193999999999999950e+00
2.148000000000000131e+00
2.353000000000000203e+00
2.527000000000000135e+00
2.059000000000000163e+00
2.794000000000000039e+00
2.267999999999999794e+00
1.745999999999999996e+00
2.311999999999999833e+00
1.977999999999999980e+00
2.486000000000000210e+00
1.937000000000000055e+00
2.507000000000000117e+00
2.329000000000000181e+00
2.193000000000000060e+00
2.248000000000000220e+00
2.291999999999999815e+00
2.156000000000000139e+00
2.112000000000000099e+00
2.346999999999999975e+00
2.467000000000000082e+00
1.961999999999999966e+00
2.168000000000000149e+00
2.217999999999999972e+00
