1.046501326288571576e+01
1.077815563341118299e+01
9.782089806324540504e+00
1.097538986270218331e+01
1.019049086054618058e+01
1.075994086882663581e+01
1.045837770891885832e+01
1.085077190596286378e+01
1.047824494028527553e+01
1.071999042891630793e+01
1.051452450375396630e+01
1.077815563341118299e+01
1.046383552423928620e+01
1.083559086404104299e+01
1.081660504731579486e+01
1.080719456826079394e+01
1.080499056677743219e+01
1.040918838028180460e+01
1.106012754117292118e+01
1.044139315025895876e+01
1.069056151602675264e+01
1.040918838028180460e+01
1.018023389774797138e+01
1.047364591565231073e+01
1.083941394489134602e+01
1.079973250816512298e+01
1.103084741520290990e+01
9.815925836043884800e+00
1.079000575358638869e+01
9.782089806324540504e+00
1.038119717683076182e+01
1.104961187721011306e+01
1.075994086882663581e+01
9.899721742087974619e+00
9.889748518030225810e+00
1.051452450375396630e+01
1.106012754117292118e+01
1.009294679261114425e+01
1.008136848940526953e+01
1.051092096976088719e+01
1.051581425006176396e+01
1.073875489092351110e+01
1.044139315025895876e+01
9.782089806324540504e+00
1.081408114274700871e+01
1.051112422093331311e+01
1.009294679261114425e+01
1.104961187721011306e+01
1.049991855853065559e+01
1.103084741520290990e+01
1.075994086882663581e+01
1.073875489092351110e+01
1.046965615266224603e+01
9.848432431523635344e+00
1.049991855853065559e+01
1.045837770891885832e+01
1.048341039478973613e+01
1.054735971945434336e+01
1.083941394489134602e+01
1.085609713597755288e+01
1.080115534522178855e+01
1.078058806420074944e+01
1.081735062021186700e+01
1.078450290193891625e+01
1.071573700013617625e+01
1.049392605875254070e+01
1.085704156924260744e+01
1.041847853688286385e+01
1.108901261969778673e+01
1.047824494028527553e+01
1.071999042891630793e+01
1.074927055488631567e+01
1.086520345804918009e+01
1.054011835763313165e+01
1.055097611904280619e+01
1.054333992543703680e+01
1.012678282233048854e+01
1.084011715622887451e+01
1.071573700013617625e+01
1.053641269506318956e+01
1.083941394489134602e+01
1.056251436647217368e+01
1.048960707637969847e+01
1.041354982695797027e+01
1.046358418104484223e+01
1.019049086054618058e+01
9.815925836043884800e+00
1.043561246224746952e+01
1.023965887541700504e+01
1.079739111037835819e+01
9.848432431523635344e+00
1.025856258196606952e+01
1.055127170917231183e+01
1.044872466702852698e+01
1.055649911343818736e+01
1.084171963936412197e+01
1.071999042891630793e+01
1.075994086882663581e+01
1.046592495572202175e+01
1.085925775576848551e+01
1.073875489092351110e+01
1.054286945715312029e+01
1.046080883324161448e+01
1.078831370057457661e+01
1.055710066660674862e+01
9.697832652213353555e+00
1.106012754117292118e+01
1.043633329287023237e+01
1.052281113727740802e+01
1.075994086882663581e+01
9.899721742087974619e+00
1.079946412764433994e+01
1.072899041178608570e+01
1.054043420719593094e+01
1.073875489092351110e+01
1.006963887402525160e+01
1.050459637269286084e+01
1.047824494028527553e+01
1.067388587915701592e+01
1.054777853652331565e+01
1.046978561838058575e+01
1.005775704715643037e+01
1.046464593278253297e+01
1.081496876367975268e+01
1.079072953920699440e+01
1.076796219748880468e+01
1.020411341300189001e+01
1.053668940551402322e+01
1.073875489092351110e+01
1.009294679261114425e+01
1.099543554271664192e+01
1.081913339215587477e+01
1.076937373955445132e+01
1.075994086882663581e+01
1.100141850231335638e+01
1.045602225967367005e+01
1.075994086882663581e+01
1.083941394489134602e+01
1.052217277372305482e+01
1.074927055488631567e+01
1.057088569025008162e+01
1.080241057831859131e+01
1.042923406029626321e+01
1.047927288982803518e+01
1.083585534705290421e+01
1.008136848940526953e+01
1.053086265307751823e+01
1.079652694395534418e+01
1.047061285833775024e+01
1.078910192657187928e+01
1.053241491521521134e+01
1.108072598617434323e+01
1.055747905545335108e+01
1.022041143203408531e+01
1.044638719017305739e+01
1.014553141330761044e+01
1.017518114745473845e+01
1.081115420588015930e+01
1.045283898492609964e+01
1.104961187721011306e+01
1.107079785511323777e+01
1.071170124510982724e+01
9.734865123197545600e+00
1.051452450375396630e+01
1.108072598617434323e+01
1.011565305975909368e+01
1.085493372093947428e+01
1.077444116733144419e+01
1.079739111037835819e+01
1.080639109324813951e+01
1.021821182658717930e+01
9.793517696670928530e+00
1.104961187721011306e+01
1.103984739807269122e+01
1.080017548262280336e+01
1.021821182658717930e+01
1.086202734938827241e+01
1.054285664449443694e+01
1.011565305975909368e+01
1.008136848940526953e+01
9.869376911461367641e+00
1.049446543096702200e+01
1.016983371660754365e+01
1.051452450375396630e+01
1.082538149004056827e+01
1.067903790987490709e+01
1.052648456400208410e+01
1.054286945715312029e+01
1.021057872837457658e+01
1.100789747215599590e+01
1.045874107411915155e+01
1.072899041178608570e+01
1.086758301811093297e+01
1.050459637269286084e+01
1.044169598973561897e+01
1.003353316169375020e+01
1.047128321655011440e+01
1.053086265307751823e+01
1.053641269506318956e+01
1.072899041178608570e+01
1.056991685347079368e+01
1.000868963849995730e+01
1.051570177167874043e+01
1.046487405905094903e+01
1.049371183766273674e+01
1.083358846805414899e+01
1.077550291906913493e+01
1.072899041178608570e+01
1.083941394489134602e+01
1.075994086882663581e+01
1.077316361041373405e+01
1.076986899988774127e+01
1.085657185488947363e+01
1.040918838028180460e+01
9.793517696670928530e+00
1.048603813374134042e+01
1.106012754117292118e+01
1.086963919293229708e+01
9.758781887738649630e+00
1.080168749266451655e+01
1.079739111037835819e+01
1.048751844061585992e+01
1.039619948183024967e+01
1.056760593453464203e+01
1.072899041178608570e+01
1.044597169264716818e+01
1.106012754117292118e+01
1.038119717683076182e+01
1.051452450375396630e+01
1.107079785511323777e+01
1.047824494028527553e+01
1.068457855643003818e+01
1.103984739807269122e+01
1.103984739807269122e+01
1.054313029420284842e+01
1.049522527310667463e+01
1.049235145756062693e+01
1.075994086882663581e+01
1.052855695860474228e+01
1.051581425006176396e+01
1.046539698340259683e+01
1.083366812356401176e+01
1.077444116733144419e+01
1.051181706502072011e+01
1.020411341300189001e+01
1.108072598617434323e+01
1.006963887402525160e+01
1.073875489092351110e+01
1.076986899988774127e+01
1.052179020039546131e+01
1.075994086882663581e+01
1.078930856087540135e+01
1.077444116733144419e+01
1.047824494028527553e+01
1.023010451461000692e+01
1.055633286474119181e+01
1.043358057797618876e+01
9.869376911461367641e+00
1.054385445271267763e+01
1.043593977321757293e+01
9.899721742087974619e+00
1.109475844102512099e+01
1.076986899988774127e+01
1.079553944942852084e+01
1.076197923789209021e+01
1.055444084962161178e+01
1.008136848940526953e+01
1.014860010204140117e+01
1.049821292851764198e+01
1.003353316169375020e+01
1.047798036665446020e+01
1.072899041178608570e+01
1.021057872837457658e+01
1.079025341405019311e+01
1.079739111037835819e+01
1.086232738173176671e+01
1.046464593278253297e+01
1.050556190616884855e+01
1.075994086882663581e+01
1.015928941781023909e+01
1.048246036948482818e+01
1.052217277372305482e+01
1.078086424455137937e+01
1.049043684061644122e+01
1.074009104658286695e+01
1.046464593278253297e+01
1.048603813374134042e+01
1.083941394489134602e+01
1.074656338789033327e+01
1.081826626583061746e+01
1.044139315025895876e+01
1.053776420466985364e+01
1.052855695860474228e+01
1.012678282233048854e+01
1.016042623026351244e+01
1.070406916316230195e+01
1.075643859133695734e+01
9.826907883699767865e+00
1.044722297045779769e+01
1.073875489092351110e+01
1.052393913905517664e+01
1.076721373526265602e+01
1.053030508426572531e+01
1.011565305975909368e+01
1.046666725261113662e+01
1.047923476149277455e+01
1.052648456400208410e+01
1.073875489092351110e+01
1.047613584092242078e+01
1.018975669749596946e+01
1.005775704715643037e+01
1.081239239824809317e+01
1.079946412764433994e+01
1.072899041178608570e+01
1.046498341166000579e+01
1.050459637269286084e+01
1.081273644269648848e+01
1.021821182658717930e+01
1.080478304503914622e+01
1.078450290193891625e+01
1.103984739807269122e+01
1.073875489092351110e+01
1.086380706558472298e+01
1.051581425006176396e+01
1.050529858609895939e+01
1.041854138302324095e+01
1.046358418104484223e+01
1.052516136093510823e+01
1.077444116733144419e+01
1.074927055488631567e+01
1.104961187721011306e+01
1.047061285833775024e+01
1.080478304503914622e+01
1.051452450375396630e+01
1.081158063232617828e+01
1.020411341300189001e+01
1.108901261969778673e+01
1.081239239824809317e+01
1.051581425006176396e+01
1.049392605875254070e+01
1.080798010111800700e+01
9.938218427483128892e+00
1.077550291906913493e+01
1.073875489092351110e+01
1.015928941781023909e+01
1.006963887402525160e+01
1.014553141330761044e+01
1.048341039478973613e+01
1.066453287641557957e+01
1.082538149004056827e+01
1.040918838028180460e+01
1.084013499621747556e+01
1.086476075702018385e+01
1.069704048586939393e+01
1.086913323772185436e+01
1.068457855643003818e+01
1.086839975211047715e+01
1.011565305975909368e+01
1.078146984462435398e+01
1.070406916316230195e+01
9.965650100962301750e+00
1.048603813374134042e+01
1.071999042891630793e+01
9.858976730320941684e+00
1.072004536656840834e+01
1.078638765491630913e+01
1.045742682409190394e+01
1.075958165331513072e+01
1.023965887541700504e+01
1.077915926747310138e+01
1.043521701989297767e+01
1.083366812356401176e+01
1.073875489092351110e+01
1.050459637269286084e+01
1.043870121990635980e+01
1.086198851359122308e+01
1.086878374170817096e+01
1.076986899988774127e+01
1.043593977321757293e+01
9.782089806324540504e+00
1.083158932173091671e+01
1.075994086882663581e+01
1.052906881287378127e+01
1.054234965849949468e+01
1.046464593278253297e+01
1.052855695860474228e+01
1.052281113727740802e+01
1.068457855643003818e+01
1.074927055488631567e+01
9.734865123197545600e+00
1.039278308785470273e+01
1.049912009573753480e+01
1.046464593278253297e+01
1.075994086882663581e+01
1.054943349836597122e+01
1.078058806420074944e+01
1.014860010204140117e+01
1.072899041178608570e+01
1.086432020246125596e+01
9.782089806324540504e+00
1.047085561101393303e+01
1.014860010204140117e+01
1.076986899988774127e+01
1.085611323951414953e+01
1.021057872837457658e+01
1.102255823139643098e+01
1.027650708724890549e+01
1.050529858609895939e+01
1.042683010821607503e+01
9.804796073472491713e+00
1.083366812356401176e+01
1.052281113727740802e+01
1.049580101577745062e+01
1.080346784958876860e+01
1.108072598617434323e+01
9.858976730320941684e+00
1.082071131880581660e+01
9.697832652213353555e+00
1.107079785511323955e+01
1.084171963936412197e+01
1.056822807165423050e+01
1.075958165331513072e+01
1.005775704715643037e+01
1.013053616397235679e+01
1.016983371660754365e+01
9.793517696670930306e+00
1.109706413549789872e+01
1.082267405130732385e+01
1.018023389774797138e+01
1.055784500894291966e+01
1.084844661479064420e+01
1.056941956825267326e+01
1.052648456400208410e+01
1.051452450375396630e+01
1.085241257660874936e+01
1.049003572426959785e+01
