2.576999999999999957e+00
2.476999999999999869e+00
2.597999999999999865e+00
2.310999999999999943e+00
2.338999999999999968e+00
2.444999999999999840e+00
2.362000000000000099e+00
2.544999999999999929e+00
2.564999999999999947e+00
2.126999999999999780e+00
2.315999999999999837e+00
2.370999999999999996e+00
2.540999999999999925e+00
2.660000000000000142e+00
2.640000000000000124e+00
2.403999999999999915e+00
2.611000000000000210e+00
2.771999999999999797e+00
2.392999999999999794e+00
2.325000000000000178e+00
2.169000000000000039e+00
2.448999999999999844e+00
2.676000000000000156e+00
2.661999999999999922e+00
2.742999999999999883e+00
2.358999999999999986e+00
2.500999999999999890e+00
2.726999999999999869e+00
2.388999999999999790e+00
2.556999999999999940e+00
2.334999999999999964e+00
2.253000000000000114e+00
2.419999999999999929e+00
2.556999999999999940e+00
2.766999999999999904e+00
2.762000000000000011e+00
2.619000000000000217e+00
2.767999999999999794e+00
2.692000000000000171e+00
2.561999999999999833e+00
2.392999999999999794e+00
2.407000000000000028e+00
2.246999999999999886e+00
2.766999999999999904e+00
2.375999999999999890e+00
2.431000000000000050e+00
2.669999999999999929e+00
2.436999999999999833e+00
2.450000000000000178e+00
1.788000000000000034e+00
2.301000000000000156e+00
2.391999999999999904e+00
2.133000000000000007e+00
2.869000000000000217e+00
2.543000000000000149e+00
2.411000000000000032e+00
2.543000000000000149e+00
2.559000000000000163e+00
2.443000000000000060e+00
2.250999999999999890e+00
2.774999999999999911e+00
2.394000000000000128e+00
2.379999999999999893e+00
2.664000000000000146e+00
2.593999999999999861e+00
2.638999999999999790e+00
2.786999999999999922e+00
2.464999999999999858e+00
2.681999999999999940e+00
2.548000000000000043e+00
2.511000000000000121e+00
2.456999999999999851e+00
2.588999999999999968e+00
2.624000000000000110e+00
2.552000000000000046e+00
2.676000000000000156e+00
2.236000000000000210e+00
2.672000000000000153e+00
2.595000000000000195e+00
2.790000000000000036e+00
2.505999999999999783e+00
2.625000000000000000e+00
2.345000000000000195e+00
2.759999999999999787e+00
2.677999999999999936e+00
2.463999999999999968e+00
2.313000000000000167e+00
2.305000000000000160e+00
2.795999999999999819e+00
2.494000000000000217e+00
2.494000000000000217e+00
2.508999999999999897e+00
2.681999999999999940e+00
2.459000000000000075e+00
2.532000000000000028e+00
2.386000000000000121e+00
2.379999999999999893e+00
2.362000000000000099e+00
2.537999999999999812e+00
2.475000000000000089e+00
2.426000000000000156e+00
2.415999999999999925e+00
2.536000000000000032e+00
2.548000000000000043e+00
2.359999999999999876e+00
2.634999999999999787e+00
2.528000000000000025e+00
2.499000000000000110e+00
2.609999999999999876e+00
2.321000000000000174e+00
2.616000000000000103e+00
2.334999999999999964e+00
2.432999999999999829e+00
2.620999999999999996e+00
2.387999999999999901e+00
2.592000000000000082e+00
2.672000000000000153e+00
2.428999999999999826e+00
2.399000000000000021e+00
2.729000000000000092e+00
2.346999999999999975e+00
2.862000000000000099e+00
2.656000000000000139e+00
2.479000000000000092e+00
2.576999999999999957e+00
2.652000000000000135e+00
2.512000000000000011e+00
2.419000000000000039e+00
2.472999999999999865e+00
2.765000000000000124e+00
2.435000000000000053e+00
2.536000000000000032e+00
2.540999999999999925e+00
2.428999999999999826e+00
2.362999999999999989e+00
2.520999999999999908e+00
2.505999999999999783e+00
2.446000000000000174e+00
2.394000000000000128e+00
2.624000000000000110e+00
2.641999999999999904e+00
2.697999999999999954e+00
2.396999999999999797e+00
2.476999999999999869e+00
2.541999999999999815e+00
2.338999999999999968e+00
2.561999999999999833e+00
2.593999999999999861e+00
2.759999999999999787e+00
2.733999999999999986e+00
2.476999999999999869e+00
2.658999999999999808e+00
2.879000000000000004e+00
2.728000000000000203e+00
2.330999999999999961e+00
2.724000000000000199e+00
2.346999999999999975e+00
2.448999999999999844e+00
2.444999999999999840e+00
2.297000000000000153e+00
2.556000000000000050e+00
2.463000000000000078e+00
2.476999999999999869e+00
2.400999999999999801e+00
2.424999999999999822e+00
2.728000000000000203e+00
2.512999999999999901e+00
2.649999999999999911e+00
2.261000000000000121e+00
2.544999999999999929e+00
2.314999999999999947e+00
2.769000000000000128e+00
2.596999999999999975e+00
2.475000000000000089e+00
2.451999999999999957e+00
2.451000000000000068e+00
2.366999999999999993e+00
2.383000000000000007e+00
2.795999999999999819e+00
2.436999999999999833e+00
2.693999999999999950e+00
2.305000000000000160e+00
2.682999999999999829e+00
2.416999999999999815e+00
2.649999999999999911e+00
2.323999999999999844e+00
2.410000000000000142e+00
2.459000000000000075e+00
2.669999999999999929e+00
2.596999999999999975e+00
2.580999999999999961e+00
2.434000000000000163e+00
2.349000000000000199e+00
2.601999999999999869e+00
2.375999999999999890e+00
2.733999999999999986e+00
2.668000000000000149e+00
2.657000000000000028e+00
2.241999999999999993e+00
2.487000000000000099e+00
2.565999999999999837e+00
2.585999999999999854e+00
2.361000000000000210e+00
2.434000000000000163e+00
2.637999999999999901e+00
2.548000000000000043e+00
2.412999999999999812e+00
2.383000000000000007e+00
2.704000000000000181e+00
2.229000000000000092e+00
2.398000000000000131e+00
2.532000000000000028e+00
2.601999999999999869e+00
2.451999999999999957e+00
2.654999999999999805e+00
2.794000000000000039e+00
2.399000000000000021e+00
2.736000000000000210e+00
2.758999999999999897e+00
2.350999999999999979e+00
2.543000000000000149e+00
2.427999999999999936e+00
2.285000000000000142e+00
2.402000000000000135e+00
2.463000000000000078e+00
2.354999999999999982e+00
2.741000000000000103e+00
2.337000000000000188e+00
2.483000000000000096e+00
2.555000000000000160e+00
2.428999999999999826e+00
2.665000000000000036e+00
2.467999999999999972e+00
2.500000000000000000e+00
2.786999999999999922e+00
2.311999999999999833e+00
2.472999999999999865e+00
2.415999999999999925e+00
2.684000000000000163e+00
2.414000000000000146e+00
2.373000000000000220e+00
2.705000000000000071e+00
2.354999999999999982e+00
2.496999999999999886e+00
2.278000000000000025e+00
2.479000000000000092e+00
2.415999999999999925e+00
2.551000000000000156e+00
2.720000000000000195e+00
2.362999999999999989e+00
2.508999999999999897e+00
2.463000000000000078e+00
2.459999999999999964e+00
2.274999999999999911e+00
3.085999999999999854e+00
2.447999999999999954e+00
2.335999999999999854e+00
2.476999999999999869e+00
2.567000000000000171e+00
2.548999999999999932e+00
2.654999999999999805e+00
2.560000000000000053e+00
2.334999999999999964e+00
2.430000000000000160e+00
2.435999999999999943e+00
2.604000000000000092e+00
2.751999999999999780e+00
2.585999999999999854e+00
2.732000000000000206e+00
2.676000000000000156e+00
2.716000000000000192e+00
2.700000000000000178e+00
2.527000000000000135e+00
2.472999999999999865e+00
2.616000000000000103e+00
2.551000000000000156e+00
2.553999999999999826e+00
2.588000000000000078e+00
2.459000000000000075e+00
2.754000000000000004e+00
2.334999999999999964e+00
2.378000000000000114e+00
2.575000000000000178e+00
2.334000000000000075e+00
2.609999999999999876e+00
2.896999999999999797e+00
2.528000000000000025e+00
2.607000000000000206e+00
2.761000000000000121e+00
2.649999999999999911e+00
2.438000000000000167e+00
2.537999999999999812e+00
2.483000000000000096e+00
3.085999999999999854e+00
2.208000000000000185e+00
2.450000000000000178e+00
2.577999999999999847e+00
2.834000000000000075e+00
2.349000000000000199e+00
2.681000000000000050e+00
2.466000000000000192e+00
2.436999999999999833e+00
2.193000000000000060e+00
2.303999999999999826e+00
2.407000000000000028e+00
2.354999999999999982e+00
2.547000000000000153e+00
2.615000000000000213e+00
2.464999999999999858e+00
2.321000000000000174e+00
2.500000000000000000e+00
2.567000000000000171e+00
2.266000000000000014e+00
2.508000000000000007e+00
2.669000000000000039e+00
2.521999999999999797e+00
2.394000000000000128e+00
2.891999999999999904e+00
2.561999999999999833e+00
2.604999999999999982e+00
2.580999999999999961e+00
2.495999999999999996e+00
2.611000000000000210e+00
2.621999999999999886e+00
2.190999999999999837e+00
2.519000000000000128e+00
2.612999999999999989e+00
2.662999999999999812e+00
2.451999999999999957e+00
2.326000000000000068e+00
2.529999999999999805e+00
2.369000000000000217e+00
2.302000000000000046e+00
2.818000000000000060e+00
2.423999999999999932e+00
2.107000000000000206e+00
2.859999999999999876e+00
2.725999999999999979e+00
2.450000000000000178e+00
2.327999999999999847e+00
2.399000000000000021e+00
2.494000000000000217e+00
2.370999999999999996e+00
2.551000000000000156e+00
2.903999999999999915e+00
2.527000000000000135e+00
2.221999999999999975e+00
2.396999999999999797e+00
2.241000000000000103e+00
2.545999999999999819e+00
2.380999999999999783e+00
2.580999999999999961e+00
2.580000000000000071e+00
2.342999999999999972e+00
2.350000000000000089e+00
2.508999999999999897e+00
2.801000000000000156e+00
2.697999999999999954e+00
2.992999999999999883e+00
2.483999999999999986e+00
2.869000000000000217e+00
2.516999999999999904e+00
2.829000000000000181e+00
2.827999999999999847e+00
2.459000000000000075e+00
2.513999999999999790e+00
2.529999999999999805e+00
2.713000000000000078e+00
2.303999999999999826e+00
2.400999999999999801e+00
2.531000000000000139e+00
2.589999999999999858e+00
2.543000000000000149e+00
2.673999999999999932e+00
2.591000000000000192e+00
2.428999999999999826e+00
2.761000000000000121e+00
2.462000000000000188e+00
2.366999999999999993e+00
2.616000000000000103e+00
2.694999999999999840e+00
2.482000000000000206e+00
2.283999999999999808e+00
2.525999999999999801e+00
2.650999999999999801e+00
2.544999999999999929e+00
2.633000000000000007e+00
2.613999999999999879e+00
2.418000000000000149e+00
2.664000000000000146e+00
2.302000000000000046e+00
2.341000000000000192e+00
2.593999999999999861e+00
2.258000000000000007e+00
2.495999999999999996e+00
2.318999999999999950e+00
2.507000000000000117e+00
2.500000000000000000e+00
2.475000000000000089e+00
2.813000000000000167e+00
2.342999999999999972e+00
2.677999999999999936e+00
2.412999999999999812e+00
2.539000000000000146e+00
2.415999999999999925e+00
2.406000000000000139e+00
2.669000000000000039e+00
2.119000000000000217e+00
2.358999999999999986e+00
2.658999999999999808e+00
2.476999999999999869e+00
2.555000000000000160e+00
2.572000000000000064e+00
2.491999999999999993e+00
2.451999999999999957e+00
2.724000000000000199e+00
2.604000000000000092e+00
2.834000000000000075e+00
2.418000000000000149e+00
2.474000000000000199e+00
2.416999999999999815e+00
2.504000000000000004e+00
3.099000000000000199e+00
2.362999999999999989e+00
3.073999999999999844e+00
2.724000000000000199e+00
2.335999999999999854e+00
2.584999999999999964e+00
2.669000000000000039e+00
2.423000000000000043e+00
2.665000000000000036e+00
2.291999999999999815e+00
2.462000000000000188e+00
2.439000000000000057e+00
2.431999999999999940e+00
2.556000000000000050e+00
