2.790000000000000036e+00
2.411000000000000032e+00
2.531000000000000139e+00
2.587000000000000188e+00
2.432999999999999829e+00
2.350999999999999979e+00
2.870999999999999996e+00
2.515000000000000124e+00
2.947000000000000064e+00
2.439999999999999947e+00
2.345000000000000195e+00
2.665000000000000036e+00
2.322999999999999954e+00
2.463999999999999968e+00
2.591000000000000192e+00
2.414000000000000146e+00
2.799999999999999822e+00
2.730999999999999872e+00
2.544999999999999929e+00
2.282999999999999918e+00
2.581999999999999851e+00
2.487000000000000099e+00
2.553999999999999826e+00
2.642999999999999794e+00
2.379999999999999893e+00
2.463000000000000078e+00
2.338999999999999968e+00
2.535000000000000142e+00
2.556000000000000050e+00
2.583000000000000185e+00
2.705999999999999961e+00
2.490000000000000213e+00
2.649999999999999911e+00
2.572999999999999954e+00
2.254999999999999893e+00
2.471999999999999975e+00
2.620000000000000107e+00
2.362000000000000099e+00
2.648000000000000131e+00
2.657000000000000028e+00
2.270999999999999908e+00
2.693999999999999950e+00
2.862000000000000099e+00
2.854000000000000092e+00
2.435999999999999943e+00
2.765000000000000124e+00
2.447999999999999954e+00
2.539000000000000146e+00
2.697999999999999954e+00
2.419999999999999929e+00
2.311999999999999833e+00
2.646999999999999797e+00
2.326000000000000068e+00
2.540000000000000036e+00
2.724000000000000199e+00
2.673999999999999932e+00
2.492999999999999883e+00
2.690999999999999837e+00
2.835999999999999854e+00
2.539000000000000146e+00
2.599000000000000199e+00
2.512000000000000011e+00
2.396999999999999797e+00
2.471999999999999975e+00
2.520000000000000018e+00
2.737000000000000099e+00
2.317000000000000171e+00
2.559000000000000163e+00
2.400999999999999801e+00
2.495000000000000107e+00
2.467999999999999972e+00
2.325000000000000178e+00
2.427000000000000046e+00
2.603000000000000203e+00
2.471000000000000085e+00
2.213000000000000078e+00
2.274999999999999911e+00
2.350000000000000089e+00
2.515000000000000124e+00
2.664000000000000146e+00
2.682999999999999829e+00
2.645000000000000018e+00
2.713999999999999968e+00
2.509999999999999787e+00
2.609999999999999876e+00
2.726999999999999869e+00
2.236000000000000210e+00
2.467000000000000082e+00
2.391000000000000014e+00
2.440999999999999837e+00
2.419000000000000039e+00
2.396999999999999797e+00
2.669000000000000039e+00
2.229000000000000092e+00
2.613999999999999879e+00
2.317000000000000171e+00
2.501999999999999780e+00
2.459999999999999964e+00
2.532000000000000028e+00
2.515000000000000124e+00
2.439999999999999947e+00
3.087000000000000188e+00
2.523000000000000131e+00
2.616999999999999993e+00
2.674999999999999822e+00
2.680000000000000160e+00
2.496999999999999886e+00
2.511000000000000121e+00
2.302999999999999936e+00
2.584999999999999964e+00
