1.373781202555517567e+01
1.408981346993681605e+01
1.590022293924275942e+01
1.338388235196145359e+01
1.592581501755023154e+01
1.391138600419730587e+01
1.355512465811634648e+01
1.424927883440735421e+01
1.377832073187523321e+01
1.361951290228505940e+01
1.408873968236442842e+01
1.408981346993681605e+01
1.358770260995107471e+01
1.429238059994708365e+01
1.415509771218806279e+01
1.408768426173134181e+01
1.407193149389720155e+01
1.334462148603163456e+01
1.395964597375592930e+01
1.317668040415493103e+01
1.341365870340920452e+01
1.334462148603163456e+01
1.593743972756669791e+01
1.377444663642259748e+01
1.440622700095542896e+01
1.403443740705444043e+01
1.374932837271507857e+01
1.586558777185750202e+01
1.396556982794027668e+01
1.590022293924275942e+01
1.302016347013428366e+01
1.388374657842505577e+01
1.391138600419730587e+01
1.577272143405010141e+01
1.578436513467322300e+01
1.408873968236442842e+01
1.395964597375592930e+01
1.603003840967278038e+01
1.604155715636698787e+01
1.391034259310046650e+01
1.404760437335209389e+01
1.375393110799503660e+01
1.317668040415493103e+01
1.590022293924275942e+01
1.413699931931320997e+01
1.406385674936920971e+01
1.603003840967278038e+01
1.388374657842505577e+01
1.383194834597949274e+01
1.374932837271507857e+01
1.391138600419730587e+01
1.375393110799503660e+01
1.376958501993525630e+01
1.583084291286047574e+01
1.383194834597949274e+01
1.355512465811634648e+01
1.384448571249523674e+01
1.417712743786703911e+01
1.440622700095542896e+01
1.446699684497472305e+01
1.404456932949722514e+01
1.375470433800419379e+01
1.416044572077827368e+01
1.390426210685261665e+01
1.345308014330859692e+01
1.392038510782611027e+01
1.447695618132424578e+01
1.341654431896863642e+01
1.421962894036683522e+01
1.377832073187523321e+01
1.361951290228505940e+01
1.382983050332591013e+01
1.458349510139409411e+01
1.428751135449518905e+01
1.440367664979062745e+01
1.486623245320840425e+01
1.599540324228751942e+01
1.417164031585478590e+01
1.345308014330859692e+01
1.421595894789041203e+01
1.440622700095542896e+01
1.431835054084978509e+01
1.390982984113070486e+01
1.341165010744898467e+01
1.367564048967128443e+01
1.592581501755023154e+01
1.586558777185750202e+01
1.349638893880620039e+01
1.586755421609785799e+01
1.396710224274126233e+01
1.583084291286047574e+01
1.326538171289866241e+01
1.479002573857777136e+01
1.359730165788058720e+01
1.471029810863794296e+01
1.450627126666977240e+01
1.361951290228505940e+01
1.391138600419730587e+01
1.360067441303873892e+01
1.431539369008538465e+01
1.375393110799503660e+01
1.336062962677974042e+01
1.356938252332903971e+01
1.395368235646512289e+01
1.451050428849287854e+01
1.598054892273571426e+01
1.395964597375592930e+01
1.345352928663215941e+01
1.418036807443701619e+01
1.391138600419730587e+01
1.577272143405010141e+01
1.388217528302312509e+01
1.368389203192239734e+01
1.429040093615003393e+01
1.375393110799503660e+01
1.605306205808677689e+01
1.400194060869750601e+01
1.377832073187523321e+01
1.330660148735811177e+01
1.436470140196501433e+01
1.377047757323008703e+01
1.606455270057774953e+01
1.371006750678525954e+01
1.414336316437137064e+01
1.397066474276994263e+01
1.376124804386540745e+01
1.318877084368553021e+01
1.409557193699564337e+01
1.375393110799503660e+01
1.603003840967278038e+01
1.350369191786874623e+01
1.402126005719012625e+01
1.382412561433311105e+01
1.391138600419730587e+01
1.354347417383922370e+01
1.354175103645942535e+01
1.391138600419730587e+01
1.440622700095542896e+01
1.399096191880050277e+01
1.382983050332591013e+01
1.444180714245550590e+01
1.525880065651887207e+01
1.346443105193892542e+01
1.383662767883462585e+01
1.429435604358269529e+01
1.604155715636698787e+01
1.437645579623975323e+01
1.401165724206552099e+01
1.372452092340657082e+01
1.390813620230525238e+01
1.406451073001315599e+01
1.412800054829424923e+01
1.452104847220565453e+01
1.589088432993525757e+01
1.349262987089434418e+01
1.307976326906912234e+01
1.313862835467051937e+01
1.411602502106814327e+01
1.352445474329175390e+01
1.388374657842505577e+01
1.404120147462732504e+01
1.356054686184904945e+01
1.594621319915550117e+01
1.408873968236442842e+01
1.412800054829424923e+01
1.600696103837865536e+01
1.445512018013348587e+01
1.380545596010130538e+01
1.396710224274126233e+01
1.403148137237860027e+01
1.321076593329675575e+01
1.588869076182852069e+01
1.388374657842505577e+01
1.381370750235241651e+01
1.388713452501669643e+01
1.321076593329675575e+01
1.453606875208513394e+01
1.431325982093779459e+01
1.600696103837865536e+01
1.604155715636698787e+01
1.580762425713667696e+01
1.379340426146447918e+01
1.594905432089824870e+01
1.408873968236442842e+01
1.421855515279444937e+01
1.333827299449968962e+01
1.412915987422348962e+01
1.336062962677974042e+01
1.590253690448012236e+01
1.358768209007512162e+01
1.369578959876193913e+01
1.368389203192239734e+01
1.463088118809791993e+01
1.400194060869750601e+01
1.354842122414530081e+01
1.608748955085570387e+01
1.324014057063786076e+01
1.437645579623975323e+01
1.421595894789041203e+01
1.368389203192239734e+01
1.442234638928296242e+01
1.611036439316573166e+01
1.409671532270058592e+01
1.373686716814502873e+01
1.378810066323956995e+01
1.427753764683359528e+01
1.383988297721527871e+01
1.368389203192239734e+01
1.440622700095542896e+01
1.391138600419730587e+01
1.370818998636961439e+01
1.399818507786422828e+01
1.447196494543180201e+01
1.334462148603163456e+01
1.588869076182852069e+01
1.326844382510053855e+01
1.395964597375592930e+01
1.476016104182676791e+01
1.592324658765675593e+01
1.404836160028697556e+01
1.396710224274126233e+01
1.389496956303053210e+01
1.306318709759490915e+01
1.438392320728614493e+01
1.368389203192239734e+01
1.349074706551322578e+01
1.395964597375592930e+01
1.302016347013428366e+01
1.408873968236442842e+01
1.404120147462732504e+01
1.377832073187523321e+01
1.337387644743872528e+01
1.381370750235241651e+01
1.381370750235241651e+01
1.414385281053718657e+01
1.379875804086565871e+01
1.392939294218496471e+01
1.391138600419730587e+01
1.427641153052540979e+01
1.404760437335209389e+01
1.359737347050879563e+01
1.431018354486703537e+01
1.380545596010130538e+01
1.391675183604617239e+01
1.318877084368553021e+01
1.412800054829424923e+01
1.605306205808677689e+01
1.375393110799503660e+01
1.399818507786422828e+01
1.414080647057657458e+01
1.391138600419730587e+01
1.396066764782753999e+01
1.380545596010130538e+01
1.377832073187523321e+01
1.587922329572303681e+01
1.337880891080389389e+01
1.344527072569916371e+01
1.580762425713667696e+01
1.486203469730492621e+01
1.345228386757283801e+01
1.577272143405010141e+01
1.431567239645522882e+01
1.399818507786422828e+01
1.400465435343652842e+01
1.372146578789492999e+01
1.423736086242655219e+01
1.604155715636698787e+01
1.597225150048905107e+01
1.397128576755678786e+01
1.608748955085570387e+01
1.367940013707893776e+01
1.368389203192239734e+01
1.590253690448012236e+01
1.396731252730911521e+01
1.396710224274126233e+01
1.434105650727419778e+01
1.371006750678525954e+01
1.402394705493694360e+01
1.391138600419730587e+01
1.596065838329049669e+01
1.370986629611077312e+01
1.399096191880050277e+01
1.390182180918794330e+01
1.391574058274727221e+01
1.359424652236894637e+01
1.371006750678525954e+01
1.326844382510053855e+01
1.440622700095542896e+01
1.542760211314102037e+01
1.401506980638481181e+01
1.317668040415493103e+01
1.410347972005687112e+01
1.427641153052540979e+01
1.599540324228751942e+01
1.311032510020784336e+01
1.350674705338038706e+01
1.368586233495589255e+01
1.585401778780950011e+01
1.349648184230455250e+01
1.375393110799503660e+01
1.415665099818548711e+01
1.378091693677926877e+01
1.404932788124083487e+01
1.600696103837865536e+01
1.374907514702733025e+01
1.368787976807339746e+01
1.412915987422348962e+01
1.375393110799503660e+01
1.366701199796407096e+01
1.316475095998660017e+01
1.606455270057774953e+01
1.397323989171888670e+01
1.388217528302312509e+01
1.368389203192239734e+01
1.521652450837433612e+01
1.400194060869750601e+01
1.412736108271243118e+01
1.321076593329675575e+01
1.405020057825612945e+01
1.390426210685261665e+01
1.381370750235241651e+01
1.375393110799503660e+01
1.456121496046219832e+01
1.404760437335209389e+01
1.397170497802122036e+01
1.339715609185831191e+01
1.367564048967128443e+01
1.401240690103674957e+01
1.380545596010130538e+01
1.382983050332591013e+01
1.388374657842505577e+01
1.372452092340657082e+01
1.405020057825612945e+01
1.408873968236442842e+01
1.396747577604712909e+01
1.318877084368553021e+01
1.421962894036683522e+01
1.397323989171888670e+01
1.404760437335209389e+01
1.392038510782611027e+01
1.409330291894789866e+01
1.572606203488407672e+01
1.383988297721527871e+01
1.375393110799503660e+01
1.596065838329049669e+01
1.605306205808677689e+01
1.307976326906912234e+01
1.384448571249523674e+01
1.325406688153143442e+01
1.421855515279444937e+01
1.334462148603163456e+01
1.432691847727701351e+01
1.457612604212799212e+01
1.345786661964510067e+01
1.467894409693863800e+01
1.337387644743872528e+01
1.465276603676198341e+01
1.600696103837865536e+01
1.385433639383659177e+01
1.350674705338038706e+01
1.569099025812525738e+01
1.326844382510053855e+01
1.361951290228505940e+01
1.581923885046822775e+01
1.347443695646165374e+01
1.379278544989401922e+01
1.354967082822752289e+01
1.372711712831060815e+01
1.586755421609785799e+01
1.389008676615215876e+01
1.350421330790940466e+01
1.431018354486703537e+01
1.375393110799503660e+01
1.400194060869750601e+01
1.346148363747861509e+01
1.453555127988096274e+01
1.466527408122787079e+01
1.399818507786422828e+01
1.345228386757283801e+01
1.590022293924275942e+01
1.426288984053014097e+01
1.391138600419730587e+01
1.334058140372677492e+01
1.430836622802623026e+01
1.371006750678525954e+01
1.427641153052540979e+01
1.418036807443701619e+01
1.337387644743872528e+01
1.382983050332591013e+01
1.594621319915550117e+01
1.327587390565281744e+01
1.382628829551878269e+01
1.371006750678525954e+01
1.391138600419730587e+01
1.419408102291725804e+01
1.375470433800419379e+01
1.597225150048905107e+01
1.368389203192239734e+01
1.435841963604270255e+01
1.590022293924275942e+01
1.363217078570962393e+01
1.597225150048905107e+01
1.399818507786422828e+01
1.429019906615866198e+01
1.590253690448012236e+01
1.369036233227906862e+01
1.582080572855527834e+01
1.397170497802122036e+01
1.342929061140404201e+01
1.587714556794863796e+01
1.431018354486703537e+01
1.418036807443701619e+01
1.395403211517530195e+01
1.406105950523934567e+01
1.412800054829424923e+01
1.581923885046822775e+01
1.418455876386751413e+01
1.598054892273571426e+01
1.404120147462732504e+01
1.450627126666977240e+01
1.439346567660584242e+01
1.372711712831060815e+01
1.606455270057774953e+01
1.304686493372491185e+01
1.594905432089824870e+01
1.588869076182851714e+01
1.441571666216957226e+01
1.404656730647619334e+01
1.593743972756669791e+01
1.467550789377323817e+01
1.439483619738590470e+01
1.339519718332868159e+01
1.412915987422348962e+01
1.408873968236442842e+01
1.443063779961944526e+01
1.376232674975588210e+01
