2.293000000000000114e+02
3.551000000000000227e+02
2.459000000000000057e+02
1.244700000000000045e+03
2.535000000000000000e+02
1.390000000000000000e+02
1.485999999999999943e+02
4.246000000000000227e+02
2.263000000000000114e+02
2.141999999999999886e+02
2.551999999999999886e+02
2.611000000000000227e+02
6.032999999999999545e+02
2.435000000000000000e+02
4.468999999999999773e+02
3.440000000000000000e+02
4.663999999999999773e+02
2.289000000000000057e+02
3.011999999999999886e+02
1.704000000000000057e+02
1.530999999999999943e+02
1.840999999999999943e+02
5.493999999999999773e+02
3.290000000000000000e+02
4.363999999999999773e+02
6.210000000000000000e+02
3.543000000000000114e+02
1.770999999999999943e+02
2.025000000000000000e+02
3.103000000000000114e+02
2.780000000000000000e+02
1.057999999999999972e+02
2.033000000000000114e+02
2.238000000000000114e+02
5.882000000000000455e+02
3.583999999999999773e+02
3.576000000000000227e+02
2.741000000000000227e+02
1.455999999999999943e+02
2.244000000000000057e+02
4.196000000000000227e+02
1.365999999999999943e+02
4.411999999999999886e+02
2.520999999999999943e+02
2.611999999999999886e+02
1.521999999999999886e+02
2.676999999999999886e+02
4.018999999999999773e+02
2.971000000000000227e+02
2.973000000000000114e+02
2.713999999999999773e+02
1.846999999999999886e+02
5.163999999999999773e+02
3.851999999999999886e+02
2.731000000000000227e+02
8.779999999999999716e+01
1.793000000000000114e+02
1.715000000000000000e+02
3.303999999999999773e+02
1.480000000000000000e+02
3.998000000000000114e+02
2.783000000000000114e+02
1.290999999999999943e+02
2.320000000000000000e+02
2.676000000000000227e+02
2.610000000000000000e+02
4.173000000000000114e+02
3.326999999999999886e+02
2.314000000000000057e+02
5.467000000000000455e+02
2.971999999999999886e+02
2.580000000000000000e+02
1.351999999999999886e+02
1.205999999999999943e+02
1.303000000000000114e+02
2.428000000000000114e+02
4.965000000000000000e+02
3.451000000000000227e+02
4.240000000000000000e+02
3.346999999999999886e+02
2.250999999999999943e+02
1.289000000000000057e+02
2.983999999999999773e+02
1.865000000000000000e+02
2.746000000000000227e+02
1.202000000000000028e+02
1.255999999999999943e+02
3.516000000000000227e+02
2.833999999999999773e+02
7.077999999999999545e+02
3.181999999999999886e+02
6.057999999999999545e+02
1.820999999999999943e+02
3.446000000000000227e+02
5.772999999999999545e+02
4.045000000000000000e+02
1.115999999999999943e+02
4.673999999999999773e+02
2.511999999999999886e+02
2.535000000000000000e+02
6.810000000000000000e+02
3.070000000000000000e+02
2.295000000000000000e+02
1.157000000000000028e+02
2.061999999999999886e+02
3.395000000000000000e+02
5.903999999999999773e+02
2.898999999999999773e+02
3.333000000000000114e+02
2.424000000000000057e+02
