2.488000000000000114e+02
3.151999999999999886e+02
1.865999999999999943e+02
6.045000000000000000e+02
2.180000000000000000e+02
2.541999999999999886e+02
1.219000000000000057e+02
9.720000000000000000e+02
2.230000000000000000e+02
2.811000000000000227e+02
2.638999999999999773e+02
3.903999999999999773e+02
2.220999999999999943e+02
1.503000000000000114e+02
3.431000000000000227e+02
4.201000000000000227e+02
5.595000000000000000e+02
3.176999999999999886e+02
2.748000000000000114e+02
5.755000000000000000e+02
3.296999999999999886e+02
3.283000000000000114e+02
2.918000000000000114e+02
2.248000000000000114e+02
1.740000000000000000e+02
1.824000000000000057e+02
2.586000000000000227e+02
1.202000000000000028e+02
2.581000000000000227e+02
5.405000000000000000e+02
5.957000000000000455e+02
4.400000000000000000e+02
2.956999999999999886e+02
5.405000000000000000e+02
2.711999999999999886e+02
3.468000000000000114e+02
2.425999999999999943e+02
2.928999999999999773e+02
1.948000000000000114e+02
2.166999999999999886e+02
2.666999999999999886e+02
2.736999999999999886e+02
1.679299999999999955e+03
2.711999999999999886e+02
1.811999999999999886e+02
2.463000000000000114e+02
5.281000000000000227e+02
2.871000000000000227e+02
2.080999999999999943e+02
3.083999999999999773e+02
3.358000000000000114e+02
4.618000000000000114e+02
3.288999999999999773e+02
1.298000000000000114e+02
1.920999999999999943e+02
1.539000000000000057e+02
1.741999999999999886e+02
2.696000000000000227e+02
2.068000000000000114e+02
2.560000000000000000e+02
2.791000000000000227e+02
1.075000000000000000e+02
3.976999999999999886e+02
3.776999999999999886e+02
3.393999999999999773e+02
2.120000000000000000e+02
4.585000000000000000e+02
5.961000000000000227e+02
6.872999999999999545e+02
2.526999999999999886e+02
4.690000000000000000e+02
4.573000000000000114e+02
3.498000000000000114e+02
2.261999999999999886e+02
3.478000000000000114e+02
2.495000000000000000e+02
1.255999999999999943e+02
2.359099999999999909e+03
2.380999999999999943e+02
2.600000000000000000e+02
5.551000000000000227e+02
2.686999999999999886e+02
8.888999999999999773e+02
3.706000000000000227e+02
3.398999999999999773e+02
2.435000000000000000e+02
4.436000000000000227e+02
4.493000000000000114e+02
5.955000000000000000e+02
1.610999999999999943e+02
5.036999999999999886e+02
6.005000000000000000e+02
2.194000000000000057e+02
5.982000000000000455e+02
3.773999999999999773e+02
2.736000000000000227e+02
3.166999999999999886e+02
2.501999999999999886e+02
1.685999999999999943e+02
7.409999999999999432e+01
3.253999999999999773e+02
7.277000000000000455e+02
1.431999999999999886e+02
3.923000000000000114e+02
3.136000000000000227e+02
2.060999999999999943e+02
4.551000000000000227e+02
1.855000000000000000e+02
6.129999999999999716e+01
2.848999999999999773e+02
2.801000000000000227e+02
1.578000000000000114e+02
5.171000000000000227e+02
1.027999999999999972e+02
3.841000000000000227e+02
3.163000000000000114e+02
1.505000000000000000e+02
3.298999999999999773e+02
3.566000000000000227e+02
1.120000000000000000e+02
2.329000000000000057e+02
4.411999999999999886e+02
1.419000000000000057e+02
5.658999999999999773e+02
3.693000000000000114e+02
1.298500000000000000e+03
4.883000000000000114e+02
1.540999999999999943e+02
1.895999999999999943e+02
1.521999999999999886e+02
3.536999999999999886e+02
2.636999999999999886e+02
4.005000000000000000e+02
3.545000000000000000e+02
5.952000000000000455e+02
1.087000000000000028e+02
2.516999999999999886e+02
2.474000000000000057e+02
1.640000000000000000e+02
5.836000000000000227e+02
2.908999999999999773e+02
2.238000000000000114e+02
5.586000000000000227e+02
1.848000000000000114e+02
1.578000000000000114e+02
2.180000000000000000e+02
2.988000000000000114e+02
2.946999999999999886e+02
2.640000000000000000e+02
4.008000000000000114e+02
1.574000000000000057e+02
2.160000000000000000e+02
3.211000000000000227e+02
2.978000000000000114e+02
2.951999999999999886e+02
4.298999999999999773e+02
4.751999999999999886e+02
1.182000000000000000e+03
2.355000000000000000e+02
3.331000000000000227e+02
4.275000000000000000e+02
3.426000000000000227e+02
2.943000000000000114e+02
3.103999999999999773e+02
3.753000000000000114e+02
2.978000000000000114e+02
4.366999999999999886e+02
2.443000000000000114e+02
1.760999999999999943e+02
4.630000000000000000e+02
1.227000000000000028e+02
1.645000000000000000e+02
2.173000000000000114e+02
3.026000000000000227e+02
3.021999999999999886e+02
2.393000000000000114e+02
3.408000000000000114e+02
1.596999999999999886e+02
5.955000000000000000e+02
2.731999999999999886e+02
1.365999999999999943e+02
1.836999999999999886e+02
2.250999999999999943e+02
1.889000000000000057e+02
2.024000000000000057e+02
4.866000000000000227e+02
2.009000000000000057e+02
4.026999999999999886e+02
5.281000000000000227e+02
3.878000000000000114e+02
1.289000000000000057e+02
3.470000000000000000e+02
3.353999999999999773e+02
2.586000000000000227e+02
1.280999999999999943e+02
2.550000000000000000e+02
2.340999999999999943e+02
3.406999999999999886e+02
4.420000000000000000e+02
3.338999999999999773e+02
3.393999999999999773e+02
6.387000000000000455e+02
2.658000000000000114e+02
1.648000000000000114e+02
4.011000000000000227e+02
2.126999999999999886e+02
1.731999999999999886e+02
1.491999999999999886e+02
1.341999999999999886e+02
2.721000000000000227e+02
2.525999999999999943e+02
2.886000000000000227e+02
2.776999999999999886e+02
2.298000000000000114e+02
2.060000000000000000e+02
1.396200000000000045e+03
4.038000000000000114e+02
1.795000000000000000e+02
1.455000000000000000e+02
4.583999999999999773e+02
1.666999999999999886e+02
2.935000000000000000e+02
6.845000000000000000e+02
2.918999999999999773e+02
2.053000000000000114e+02
2.490999999999999943e+02
7.817999999999999545e+02
6.107999999999999545e+02
1.764000000000000057e+02
7.715000000000000000e+02
3.558000000000000114e+02
3.988999999999999773e+02
4.221000000000000227e+02
6.212000000000000455e+02
1.305000000000000000e+03
2.621999999999999886e+02
3.083999999999999773e+02
3.210000000000000000e+02
8.029999999999999716e+01
1.633000000000000114e+02
2.519000000000000057e+02
1.361999999999999886e+02
2.711999999999999886e+02
2.321999999999999886e+02
2.661000000000000227e+02
2.440000000000000000e+02
4.516000000000000227e+02
1.850999999999999943e+02
2.606999999999999886e+02
1.835000000000000000e+02
1.272999999999999972e+02
4.836999999999999886e+02
2.858999999999999773e+02
3.086000000000000227e+02
2.728000000000000114e+02
2.571000000000000227e+02
2.094000000000000057e+02
2.943000000000000114e+02
4.623000000000000114e+02
4.073999999999999773e+02
2.060000000000000000e+02
3.483000000000000114e+02
5.263999999999999773e+02
1.739000000000000057e+02
4.485000000000000000e+02
1.621999999999999886e+02
1.893000000000000114e+02
6.387000000000000455e+02
2.968999999999999773e+02
2.918000000000000114e+02
1.520000000000000000e+02
2.050000000000000000e+02
3.940000000000000000e+02
3.236000000000000227e+02
4.225000000000000000e+02
3.918999999999999773e+02
1.225000000000000000e+02
1.660000000000000000e+02
3.793000000000000114e+02
4.248000000000000114e+02
2.050999999999999943e+02
1.414000000000000057e+02
2.755000000000000000e+02
8.416000000000000227e+02
5.490000000000000000e+02
2.439000000000000057e+02
6.548999999999999773e+02
1.410999999999999943e+02
1.865999999999999943e+02
1.976999999999999886e+02
1.054700000000000045e+03
2.136999999999999886e+02
6.657999999999999545e+02
2.728000000000000114e+02
4.038000000000000114e+02
3.653000000000000114e+02
2.140999999999999943e+02
2.821999999999999886e+02
6.525000000000000000e+02
2.275999999999999943e+02
6.263999999999999773e+02
1.595999999999999943e+02
1.042999999999999972e+02
3.436000000000000227e+02
1.590000000000000000e+02
4.195000000000000000e+02
4.181000000000000227e+02
4.953000000000000114e+02
2.768999999999999773e+02
4.013999999999999773e+02
2.161999999999999886e+02
2.075000000000000000e+02
2.200999999999999943e+02
4.721000000000000227e+02
2.320000000000000000e+02
2.571000000000000227e+02
2.633999999999999773e+02
5.602999999999999545e+02
2.520000000000000000e+02
1.983000000000000114e+02
2.598000000000000114e+02
6.365000000000000000e+02
2.096999999999999886e+02
2.076999999999999886e+02
3.960000000000000000e+02
3.315000000000000000e+02
2.728000000000000114e+02
2.720000000000000000e+02
5.685000000000000000e+02
2.490999999999999943e+02
3.153999999999999773e+02
1.956999999999999886e+02
5.779999999999999716e+01
9.120000000000000284e+01
1.684000000000000057e+02
2.933999999999999773e+02
1.386999999999999886e+02
2.066999999999999886e+02
1.708000000000000114e+02
2.175999999999999943e+02
5.750000000000000000e+02
5.036999999999999886e+02
4.233999999999999773e+02
3.103999999999999773e+02
2.080999999999999943e+02
3.940000000000000000e+02
1.003200000000000045e+03
6.029999999999999716e+01
4.501999999999999886e+02
1.361999999999999886e+02
3.413999999999999773e+02
3.310000000000000000e+02
2.245000000000000000e+02
5.621000000000000227e+02
1.314000000000000057e+02
4.311999999999999886e+02
1.925999999999999943e+02
2.971000000000000227e+02
5.056000000000000227e+02
1.824000000000000057e+02
1.298000000000000114e+02
5.916000000000000227e+02
3.645000000000000000e+02
1.614000000000000057e+02
4.266999999999999886e+02
2.980000000000000000e+02
1.628000000000000114e+02
2.424000000000000057e+02
3.436000000000000227e+02
2.220000000000000000e+02
3.073999999999999773e+02
1.990000000000000000e+02
2.605000000000000000e+02
3.491999999999999886e+02
2.316999999999999886e+02
2.860000000000000000e+02
4.038000000000000114e+02
2.841000000000000227e+02
2.825000000000000000e+02
2.801000000000000227e+02
4.583999999999999773e+02
3.373999999999999773e+02
9.605000000000000000e+02
3.826999999999999886e+02
1.328000000000000114e+02
4.553999999999999773e+02
2.300999999999999943e+02
2.628999999999999773e+02
4.328999999999999773e+02
2.631999999999999886e+02
1.869000000000000057e+02
1.445999999999999943e+02
3.823000000000000114e+02
2.439000000000000057e+02
2.603000000000000114e+02
2.510000000000000000e+02
3.433999999999999773e+02
1.843000000000000114e+02
2.585000000000000000e+02
2.246999999999999886e+02
2.204000000000000057e+02
2.596999999999999886e+02
3.541000000000000227e+02
2.240000000000000000e+02
4.516000000000000227e+02
3.161999999999999886e+02
3.141000000000000227e+02
3.421000000000000227e+02
1.671999999999999886e+02
1.763000000000000114e+02
2.550999999999999943e+02
2.224000000000000057e+02
5.313999999999999773e+02
2.276999999999999886e+02
3.278999999999999773e+02
2.731000000000000227e+02
9.670000000000000284e+01
2.821999999999999886e+02
5.212000000000000455e+02
2.808999999999999773e+02
2.084000000000000057e+02
2.166999999999999886e+02
2.806000000000000227e+02
5.690000000000000000e+02
1.820000000000000000e+02
3.891999999999999886e+02
2.921000000000000227e+02
5.595000000000000000e+02
3.141000000000000227e+02
1.973000000000000114e+02
1.743000000000000114e+02
3.923000000000000114e+02
1.308000000000000114e+02
1.665000000000000000e+02
2.323000000000000114e+02
2.508000000000000114e+02
