2.297000000000000153e+00
2.004999999999999893e+00
2.254000000000000004e+00
2.266999999999999904e+00
2.221999999999999975e+00
1.957999999999999963e+00
2.557999999999999829e+00
2.471000000000000085e+00
2.636000000000000121e+00
2.072000000000000064e+00
2.028000000000000025e+00
2.370999999999999996e+00
1.937000000000000055e+00
2.072000000000000064e+00
2.123000000000000220e+00
2.313000000000000167e+00
2.491000000000000103e+00
2.399000000000000021e+00
2.358999999999999986e+00
2.169999999999999929e+00
2.008000000000000007e+00
1.681999999999999940e+00
2.309000000000000163e+00
2.079000000000000181e+00
2.061999999999999833e+00
2.133999999999999897e+00
1.925999999999999934e+00
2.168000000000000149e+00
2.307999999999999829e+00
2.234999999999999876e+00
2.325000000000000178e+00
2.270000000000000018e+00
2.456999999999999851e+00
2.299999999999999822e+00
2.241999999999999993e+00
2.072000000000000064e+00
2.190999999999999837e+00
2.101999999999999869e+00
2.225999999999999979e+00
2.270000000000000018e+00
1.925000000000000044e+00
2.673000000000000043e+00
2.298999999999999932e+00
2.414000000000000146e+00
2.338000000000000078e+00
2.408999999999999808e+00
2.286000000000000032e+00
2.146999999999999797e+00
2.479000000000000092e+00
2.205000000000000071e+00
2.121999999999999886e+00
2.318999999999999950e+00
2.301000000000000156e+00
2.116000000000000103e+00
2.607000000000000206e+00
2.310999999999999943e+00
2.064999999999999947e+00
2.511000000000000121e+00
2.274999999999999911e+00
2.152000000000000135e+00
2.198999999999999844e+00
2.125999999999999890e+00
2.170999999999999819e+00
2.400999999999999801e+00
2.045999999999999819e+00
2.353000000000000203e+00
2.309000000000000163e+00
2.055000000000000160e+00
1.959999999999999964e+00
2.395999999999999908e+00
2.008000000000000007e+00
2.016999999999999904e+00
2.178999999999999826e+00
2.076000000000000068e+00
2.040999999999999925e+00
2.146999999999999797e+00
1.840000000000000080e+00
1.987000000000000099e+00
2.404999999999999805e+00
2.020000000000000018e+00
2.133000000000000007e+00
2.097999999999999865e+00
2.144000000000000128e+00
2.067000000000000171e+00
2.327999999999999847e+00
2.512000000000000011e+00
2.334999999999999964e+00
2.387999999999999901e+00
1.802000000000000046e+00
2.017999999999999794e+00
2.205999999999999961e+00
1.864000000000000101e+00
2.205999999999999961e+00
1.913000000000000034e+00
1.999000000000000110e+00
2.357000000000000206e+00
1.901000000000000023e+00
1.965999999999999970e+00
2.035000000000000142e+00
2.241999999999999993e+00
2.004000000000000004e+00
2.782999999999999918e+00
2.242999999999999883e+00
2.263999999999999790e+00
2.156000000000000139e+00
1.997000000000000108e+00
2.202999999999999847e+00
1.862000000000000099e+00
1.987000000000000099e+00
2.117999999999999883e+00
