1.712400000000000091e+03
2.203300000000000182e+03
1.908400000000000091e+03
2.257400000000000091e+03
2.158599999999999909e+03
1.834400000000000091e+03
2.091400000000000091e+03
1.775299999999999955e+03
1.716099999999999909e+03
2.073300000000000182e+03
1.811200000000000045e+03
1.983000000000000000e+03
1.593500000000000000e+03
1.842900000000000091e+03
2.353800000000000182e+03
1.800200000000000045e+03
1.966799999999999955e+03
2.011599999999999909e+03
2.019400000000000091e+03
1.834000000000000000e+03
1.808099999999999909e+03
1.939500000000000000e+03
2.105099999999999909e+03
2.188500000000000000e+03
1.957299999999999955e+03
2.023799999999999955e+03
2.348800000000000182e+03
1.869500000000000000e+03
2.032299999999999955e+03
1.918299999999999955e+03
1.817599999999999909e+03
1.872500000000000000e+03
2.010099999999999909e+03
2.650199999999999818e+03
2.147500000000000000e+03
2.192400000000000091e+03
1.753200000000000045e+03
1.566900000000000091e+03
2.051300000000000182e+03
2.257400000000000091e+03
1.912000000000000000e+03
1.481700000000000045e+03
1.815400000000000091e+03
1.934400000000000091e+03
1.417299999999999955e+03
2.228199999999999818e+03
1.943000000000000000e+03
1.842900000000000091e+03
1.875900000000000091e+03
2.238699999999999818e+03
2.107900000000000091e+03
1.680400000000000091e+03
2.487400000000000091e+03
1.967200000000000045e+03
1.552900000000000091e+03
2.021599999999999909e+03
1.626000000000000000e+03
1.572799999999999955e+03
1.816599999999999909e+03
2.011000000000000000e+03
1.716500000000000000e+03
1.883299999999999955e+03
1.856700000000000045e+03
2.074900000000000091e+03
1.788000000000000000e+03
2.094500000000000000e+03
1.784799999999999955e+03
2.399300000000000182e+03
2.161900000000000091e+03
2.092400000000000091e+03
1.803400000000000091e+03
2.127900000000000091e+03
1.944400000000000091e+03
1.461200000000000045e+03
2.009000000000000000e+03
2.135300000000000182e+03
1.857700000000000045e+03
1.495599999999999909e+03
2.187800000000000182e+03
1.836799999999999955e+03
1.540400000000000091e+03
1.817099999999999909e+03
1.671700000000000045e+03
2.111500000000000000e+03
1.827599999999999909e+03
1.655400000000000091e+03
1.562599999999999909e+03
1.703500000000000000e+03
1.718500000000000000e+03
1.969200000000000045e+03
2.245800000000000182e+03
2.136599999999999909e+03
1.907000000000000000e+03
2.658800000000000182e+03
2.576300000000000182e+03
1.908700000000000045e+03
1.998500000000000000e+03
2.144199999999999818e+03
2.048900000000000091e+03
2.063900000000000091e+03
2.274000000000000000e+03
1.524599999999999909e+03
1.610799999999999955e+03
1.632500000000000000e+03
1.963299999999999955e+03
2.001799999999999955e+03
2.105800000000000182e+03
2.271599999999999909e+03
1.950200000000000045e+03
1.836099999999999909e+03
