1.863900000000000091e+03
2.152300000000000182e+03
1.680900000000000091e+03
2.254900000000000091e+03
1.607400000000000091e+03
1.867099999999999909e+03
2.079199999999999818e+03
2.028200000000000045e+03
1.648099999999999909e+03
1.891500000000000000e+03
2.167599999999999909e+03
1.962200000000000045e+03
1.596400000000000091e+03
2.008900000000000091e+03
2.359900000000000091e+03
1.949599999999999909e+03
1.727099999999999909e+03
1.781599999999999909e+03
2.131199999999999818e+03
1.979299999999999955e+03
2.285500000000000000e+03
1.546400000000000091e+03
1.861500000000000000e+03
2.022700000000000045e+03
2.640800000000000182e+03
1.882700000000000045e+03
2.155400000000000091e+03
1.655400000000000091e+03
1.972299999999999955e+03
1.489200000000000045e+03
1.917500000000000000e+03
2.098000000000000000e+03
2.435900000000000091e+03
1.489200000000000045e+03
1.581700000000000045e+03
1.902200000000000045e+03
1.938900000000000091e+03
1.654900000000000091e+03
1.817900000000000091e+03
1.708099999999999909e+03
1.899299999999999955e+03
1.877400000000000091e+03
2.179800000000000182e+03
1.581700000000000045e+03
2.324699999999999818e+03
1.742599999999999909e+03
1.969700000000000045e+03
2.385000000000000000e+03
1.958599999999999909e+03
2.306900000000000091e+03
1.627299999999999955e+03
1.765900000000000091e+03
1.973799999999999955e+03
1.268099999999999909e+03
2.106599999999999909e+03
1.909099999999999909e+03
2.055199999999999818e+03
1.805799999999999955e+03
2.285599999999999909e+03
2.227099999999999909e+03
2.404900000000000091e+03
2.517300000000000182e+03
1.741099999999999909e+03
1.906400000000000091e+03
2.182800000000000182e+03
2.194000000000000000e+03
2.071900000000000091e+03
1.851700000000000045e+03
2.153599999999999909e+03
1.852000000000000000e+03
1.835299999999999955e+03
1.633700000000000045e+03
1.720099999999999909e+03
1.491599999999999909e+03
1.808299999999999955e+03
1.816200000000000045e+03
1.562599999999999909e+03
2.474900000000000091e+03
2.086900000000000091e+03
2.182500000000000000e+03
1.800799999999999955e+03
2.111000000000000000e+03
1.890500000000000000e+03
1.963099999999999909e+03
2.055900000000000091e+03
1.842900000000000091e+03
1.458700000000000045e+03
1.987400000000000091e+03
1.487799999999999955e+03
2.343699999999999818e+03
1.681599999999999909e+03
2.066500000000000000e+03
1.713799999999999955e+03
1.998900000000000091e+03
1.918099999999999909e+03
2.346400000000000091e+03
1.807099999999999909e+03
1.974200000000000045e+03
1.995299999999999955e+03
2.118500000000000000e+03
2.035099999999999909e+03
2.020900000000000091e+03
2.164400000000000091e+03
2.166500000000000000e+03
2.062599999999999909e+03
1.817599999999999909e+03
1.846500000000000000e+03
1.848000000000000000e+03
1.681299999999999955e+03
2.074800000000000182e+03
1.921099999999999909e+03
1.839400000000000091e+03
2.000000000000000000e+03
1.880500000000000000e+03
1.750700000000000045e+03
1.538400000000000091e+03
1.964500000000000000e+03
2.194199999999999818e+03
1.831900000000000091e+03
1.647299999999999955e+03
1.747400000000000091e+03
1.815400000000000091e+03
2.130400000000000091e+03
1.824799999999999955e+03
1.885500000000000000e+03
2.458800000000000182e+03
2.075400000000000091e+03
2.109699999999999818e+03
1.797599999999999909e+03
2.228199999999999818e+03
1.982799999999999955e+03
2.547500000000000000e+03
1.807799999999999955e+03
2.194099999999999909e+03
2.104500000000000000e+03
1.657799999999999955e+03
1.996200000000000045e+03
2.136500000000000000e+03
2.010299999999999955e+03
2.030000000000000000e+03
1.957200000000000045e+03
2.006099999999999909e+03
1.955599999999999909e+03
1.834799999999999955e+03
1.869599999999999909e+03
1.607400000000000091e+03
1.960799999999999955e+03
1.851700000000000045e+03
1.925799999999999955e+03
2.108400000000000091e+03
1.804299999999999955e+03
2.044000000000000000e+03
1.571500000000000000e+03
1.861000000000000000e+03
1.737099999999999909e+03
1.918400000000000091e+03
1.381799999999999955e+03
2.111800000000000182e+03
1.816299999999999955e+03
2.139300000000000182e+03
2.157500000000000000e+03
1.923700000000000045e+03
1.423400000000000091e+03
1.956000000000000000e+03
2.269300000000000182e+03
1.861000000000000000e+03
2.450699999999999818e+03
1.815299999999999955e+03
2.217400000000000091e+03
1.886500000000000000e+03
1.895200000000000045e+03
1.613599999999999909e+03
2.319599999999999909e+03
1.964400000000000091e+03
2.299300000000000182e+03
1.543599999999999909e+03
2.409099999999999909e+03
1.765500000000000000e+03
1.487799999999999955e+03
1.961700000000000045e+03
1.481700000000000045e+03
2.051300000000000182e+03
1.540400000000000091e+03
1.928000000000000000e+03
2.125400000000000091e+03
1.680700000000000045e+03
1.759299999999999955e+03
2.190599999999999909e+03
1.969700000000000045e+03
2.059000000000000000e+03
1.911799999999999955e+03
2.046400000000000091e+03
2.145199999999999818e+03
1.862500000000000000e+03
2.674699999999999818e+03
1.790900000000000091e+03
1.704099999999999909e+03
1.998700000000000045e+03
1.582900000000000091e+03
1.951000000000000000e+03
1.953099999999999909e+03
1.925599999999999909e+03
1.937500000000000000e+03
1.991700000000000045e+03
1.994299999999999955e+03
1.724900000000000091e+03
2.038799999999999955e+03
1.972299999999999955e+03
2.352599999999999909e+03
1.809099999999999909e+03
2.230599999999999909e+03
1.560900000000000091e+03
2.033500000000000000e+03
1.971900000000000091e+03
1.643500000000000000e+03
1.789799999999999955e+03
1.994099999999999909e+03
1.851099999999999909e+03
1.821700000000000045e+03
2.152599999999999909e+03
2.140500000000000000e+03
1.819599999999999909e+03
1.850900000000000091e+03
2.361400000000000091e+03
1.935599999999999909e+03
2.076500000000000000e+03
2.180699999999999818e+03
1.793500000000000000e+03
2.173199999999999818e+03
1.996299999999999955e+03
2.064199999999999818e+03
2.088500000000000000e+03
2.162599999999999909e+03
2.015599999999999909e+03
1.905200000000000045e+03
1.684400000000000091e+03
1.855700000000000045e+03
1.525500000000000000e+03
1.804400000000000091e+03
1.956400000000000091e+03
1.826700000000000045e+03
1.830299999999999955e+03
2.230900000000000091e+03
2.041799999999999955e+03
1.582099999999999909e+03
2.003599999999999909e+03
2.050800000000000182e+03
1.856900000000000091e+03
1.738599999999999909e+03
2.335199999999999818e+03
1.695700000000000045e+03
2.062099999999999909e+03
2.152199999999999818e+03
1.794500000000000000e+03
1.615400000000000091e+03
1.892799999999999955e+03
1.874900000000000091e+03
1.423400000000000091e+03
1.697299999999999955e+03
1.808500000000000000e+03
1.643500000000000000e+03
2.103800000000000182e+03
1.768200000000000045e+03
2.125099999999999909e+03
2.157900000000000091e+03
1.753200000000000045e+03
1.842900000000000091e+03
1.925599999999999909e+03
1.636900000000000091e+03
1.861500000000000000e+03
1.824299999999999955e+03
2.105599999999999909e+03
1.866400000000000091e+03
2.068699999999999818e+03
2.071599999999999909e+03
2.347199999999999818e+03
2.192699999999999818e+03
1.907000000000000000e+03
1.604299999999999955e+03
1.610799999999999955e+03
1.823900000000000091e+03
1.824299999999999955e+03
1.972299999999999955e+03
1.719400000000000091e+03
2.080000000000000000e+03
1.889500000000000000e+03
2.135300000000000182e+03
2.043000000000000000e+03
2.121599999999999909e+03
2.166400000000000091e+03
1.849299999999999955e+03
2.279599999999999909e+03
1.951400000000000091e+03
1.615400000000000091e+03
2.060000000000000000e+03
1.519799999999999955e+03
1.766299999999999955e+03
1.851200000000000045e+03
2.129699999999999818e+03
1.641599999999999909e+03
1.937400000000000091e+03
2.139300000000000182e+03
1.839299999999999955e+03
2.034700000000000045e+03
1.757200000000000045e+03
2.027500000000000000e+03
1.938000000000000000e+03
2.096699999999999818e+03
1.991500000000000000e+03
2.175000000000000000e+03
1.907200000000000045e+03
2.513599999999999909e+03
2.552400000000000091e+03
2.006599999999999909e+03
1.758200000000000045e+03
1.951200000000000045e+03
2.017000000000000000e+03
2.100599999999999909e+03
2.382199999999999818e+03
2.015299999999999955e+03
1.988900000000000091e+03
1.872700000000000045e+03
1.842200000000000045e+03
2.279699999999999818e+03
1.987900000000000091e+03
1.838200000000000045e+03
1.950599999999999909e+03
1.842900000000000091e+03
2.277800000000000182e+03
3.253800000000000182e+03
1.746799999999999955e+03
1.633500000000000000e+03
2.066699999999999818e+03
2.243199999999999818e+03
2.277800000000000182e+03
1.624599999999999909e+03
2.096900000000000091e+03
2.373599999999999909e+03
1.931099999999999909e+03
2.098400000000000091e+03
1.983200000000000045e+03
1.681599999999999909e+03
1.651299999999999955e+03
2.013200000000000045e+03
1.557599999999999909e+03
1.866400000000000091e+03
1.713599999999999909e+03
2.062699999999999818e+03
2.026599999999999909e+03
2.217699999999999818e+03
2.081599999999999909e+03
2.176800000000000182e+03
2.084699999999999818e+03
2.092400000000000091e+03
1.493599999999999909e+03
2.082099999999999909e+03
2.023200000000000045e+03
1.875900000000000091e+03
1.807000000000000000e+03
1.909799999999999955e+03
1.268099999999999909e+03
2.232500000000000000e+03
1.956299999999999955e+03
1.864000000000000000e+03
2.287500000000000000e+03
1.944299999999999955e+03
1.967799999999999955e+03
2.392900000000000091e+03
2.034700000000000045e+03
1.919099999999999909e+03
1.992700000000000045e+03
1.991900000000000091e+03
1.917299999999999955e+03
1.915400000000000091e+03
1.959900000000000091e+03
2.035299999999999955e+03
1.663700000000000045e+03
1.728599999999999909e+03
2.406900000000000091e+03
1.921099999999999909e+03
2.017099999999999909e+03
1.870200000000000045e+03
1.723299999999999955e+03
1.824200000000000045e+03
1.914599999999999909e+03
2.490500000000000000e+03
1.943799999999999955e+03
1.924700000000000045e+03
2.099500000000000000e+03
1.702400000000000091e+03
1.798700000000000045e+03
2.203400000000000091e+03
1.655700000000000045e+03
1.801400000000000091e+03
2.200400000000000091e+03
2.328500000000000000e+03
1.739500000000000000e+03
1.705599999999999909e+03
2.159199999999999818e+03
1.545099999999999909e+03
2.215800000000000182e+03
1.758500000000000000e+03
1.779500000000000000e+03
2.148599999999999909e+03
2.050800000000000182e+03
2.156900000000000091e+03
1.716299999999999955e+03
1.785400000000000091e+03
1.687799999999999955e+03
1.544299999999999955e+03
2.194000000000000000e+03
2.012799999999999955e+03
1.794400000000000091e+03
1.870200000000000045e+03
1.956900000000000091e+03
1.552900000000000091e+03
1.765599999999999909e+03
1.851200000000000045e+03
2.054900000000000091e+03
2.486199999999999818e+03
2.057000000000000000e+03
2.209400000000000091e+03
1.759299999999999955e+03
1.714000000000000000e+03
1.783000000000000000e+03
1.527799999999999955e+03
2.011299999999999955e+03
2.325800000000000182e+03
1.716299999999999955e+03
1.912099999999999909e+03
1.738400000000000091e+03
2.326699999999999818e+03
2.055699999999999818e+03
2.395500000000000000e+03
1.905799999999999955e+03
1.935799999999999955e+03
