2.363999999999999879e+00
2.358000000000000096e+00
2.286999999999999922e+00
2.096000000000000085e+00
2.198999999999999844e+00
1.955999999999999961e+00
2.422000000000000153e+00
2.330999999999999961e+00
2.557999999999999829e+00
2.283999999999999808e+00
2.109999999999999876e+00
2.645999999999999908e+00
1.987000000000000099e+00
2.626999999999999780e+00
2.257000000000000117e+00
2.532000000000000028e+00
2.520999999999999908e+00
2.188000000000000167e+00
2.319999999999999840e+00
2.379999999999999893e+00
2.206999999999999851e+00
2.129000000000000004e+00
2.608000000000000096e+00
2.169999999999999929e+00
2.242999999999999883e+00
1.973000000000000087e+00
2.008999999999999897e+00
2.076000000000000068e+00
2.161999999999999922e+00
2.624000000000000110e+00
2.286999999999999922e+00
2.140000000000000124e+00
2.299999999999999822e+00
2.083000000000000185e+00
2.341000000000000192e+00
2.403000000000000025e+00
2.403000000000000025e+00
2.479999999999999982e+00
2.446000000000000174e+00
2.241000000000000103e+00
2.456999999999999851e+00
2.454000000000000181e+00
2.576999999999999957e+00
2.283999999999999808e+00
2.233000000000000096e+00
2.865000000000000213e+00
2.100000000000000089e+00
2.543000000000000149e+00
3.185999999999999943e+00
2.359999999999999876e+00
2.004000000000000004e+00
2.766999999999999904e+00
2.225999999999999979e+00
2.290999999999999925e+00
2.720000000000000195e+00
2.434000000000000163e+00
2.241000000000000103e+00
2.407000000000000028e+00
2.466000000000000192e+00
2.253000000000000114e+00
2.298999999999999932e+00
2.107000000000000206e+00
2.410000000000000142e+00
2.463000000000000078e+00
2.339999999999999858e+00
2.472999999999999865e+00
2.125000000000000000e+00
2.422000000000000153e+00
2.016000000000000014e+00
2.436999999999999833e+00
2.249000000000000110e+00
2.608999999999999986e+00
2.000000000000000000e+00
2.287999999999999812e+00
2.424999999999999822e+00
2.509999999999999787e+00
2.132000000000000117e+00
2.254000000000000004e+00
2.533999999999999808e+00
2.454000000000000181e+00
2.577999999999999847e+00
2.819999999999999840e+00
2.629999999999999893e+00
2.267999999999999794e+00
2.293000000000000149e+00
2.596999999999999975e+00
2.258999999999999897e+00
2.224000000000000199e+00
2.205999999999999961e+00
2.374000000000000110e+00
2.387000000000000011e+00
2.595000000000000195e+00
2.399000000000000021e+00
2.174999999999999822e+00
2.447000000000000064e+00
2.338000000000000078e+00
2.394000000000000128e+00
2.410000000000000142e+00
2.451000000000000068e+00
2.370000000000000107e+00
2.528000000000000025e+00
2.818999999999999950e+00
2.212000000000000188e+00
2.412999999999999812e+00
2.342000000000000082e+00
2.467999999999999972e+00
2.212000000000000188e+00
2.395000000000000018e+00
2.287999999999999812e+00
2.698999999999999844e+00
