2.855133168811658351e+00
2.848778770245230074e+00
2.927430439751331104e+00
2.841255934424649521e+00
2.937204151156029841e+00
2.845660369571694659e+00
2.856523073338770757e+00
2.887605409197684381e+00
2.791387924891806094e+00
2.839702446745549835e+00
2.824569811680813114e+00
2.848778770245230074e+00
2.858116758889720277e+00
2.880441330100009356e+00
2.877726328153792590e+00
2.876214290806670792e+00
2.875840027046540737e+00
2.803785903792129108e+00
2.859026842152933234e+00
2.775770037539220247e+00
2.833682486683299917e+00
2.803785903792129108e+00
2.937748838117149486e+00
2.818586678069044726e+00
2.842707318282474471e+00
2.874913302575677676e+00
2.854556522932242046e+00
2.925691992071806524e+00
2.873060234924384559e+00
2.927430439751331104e+00
2.772505632490426919e+00
2.857547304509761688e+00
2.845660369571694659e+00
2.921275221597338323e+00
2.921810238129836534e+00
2.824569811680813114e+00
2.859026842152933234e+00
2.942284515938023315e+00
2.942874195651335345e+00
2.868437906717480335e+00
2.797364185711630036e+00
2.842693228323069476e+00
2.775770037539220247e+00
2.927430439751331104e+00
2.877333808629838341e+00
2.863678953051308262e+00
2.942284515938023315e+00
2.857547304509761688e+00
2.866481729299198644e+00
2.854556522932242046e+00
2.845660369571694659e+00
2.842693228323069476e+00
2.856197715925361980e+00
2.923998805476003326e+00
2.866481729299198644e+00
2.856523073338770757e+00
2.820077273877241275e+00
2.873794849824964803e+00
2.842707318282474471e+00
2.883538188377286371e+00
2.875168944244801406e+00
2.874587711516084276e+00
2.877840552022096432e+00
2.833440754255736937e+00
2.817254771820566273e+00
2.821556811520411934e+00
2.883711179180928230e+00
2.844373467744998329e+00
2.863632846431922285e+00
2.791387924891806094e+00
2.839702446745549835e+00
2.844172765966240135e+00
2.885569805729774728e+00
2.867819359182037342e+00
2.869840198774864959e+00
2.878685510335711850e+00
2.940546068258498735e+00
2.886126520961455277e+00
2.817254771820566273e+00
2.800377185872030772e+00
2.842707318282474471e+00
2.876266027808122239e+00
2.860191127887113272e+00
2.843271619874344847e+00
2.788374110729365363e+00
2.937204151156029841e+00
2.925691992071806524e+00
2.781007237493626327e+00
2.934552871882414316e+00
2.807747942677631947e+00
2.923998805476003326e+00
2.762354728830332284e+00
2.877070221531313976e+00
2.814072687402958461e+00
2.875462009505477479e+00
2.844524981370796457e+00
2.839702446745549835e+00
2.845660369571694659e+00
2.858702299104561195e+00
2.888799273043291205e+00
2.842693228323069476e+00
2.777255252154378518e+00
2.857244275057207350e+00
2.872717651120384463e+00
2.871723937073160648e+00
2.931667354878947584e+00
2.859026842152933234e+00
2.849458140808384332e+00
2.826162815799401873e+00
2.845660369571694659e+00
2.921275221597338323e+00
2.879074373739532788e+00
2.841202632514872928e+00
2.867869828023616563e+00
2.842693228323069476e+00
2.943469023632406589e+00
2.823044415125866458e+00
2.791387924891806094e+00
2.829254694479225840e+00
2.869162120186200315e+00
2.856226586907478548e+00
2.944069029695850048e+00
2.817086492299721634e+00
2.877472894721503138e+00
2.873204851061591292e+00
2.801727982615381585e+00
2.762326834453623370e+00
2.872307246219510279e+00
2.842693228323069476e+00
2.942284515938023315e+00
2.847045939264764236e+00
2.882841344037953224e+00
2.868396871696437866e+00
2.845660369571694659e+00
2.848536562869992128e+00
2.855807717512380162e+00
2.845660369571694659e+00
2.842707318282474471e+00
2.870232866432800289e+00
2.844172765966240135e+00
2.878429400450738473e+00
2.899819965859491422e+00
2.809575908632243824e+00
2.858231040200643225e+00
2.880477784125798912e+00
2.942874195651335345e+00
2.829670905184103802e+00
2.874323469867512415e+00
2.789880061594176119e+00
2.806242001078498305e+00
2.871716108329616990e+00
2.862039842313333970e+00
2.871913041095306873e+00
2.935599071743922206e+00
2.852741747601772904e+00
2.761391210101501237e+00
2.762025560445706240e+00
2.876866921012334100e+00
2.854816952977323297e+00
2.857547304509761688e+00
2.860514445758387314e+00
2.838196505146416193e+00
2.929820167469589176e+00
2.824569811680813114e+00
2.862039842313333970e+00
2.941120482056219121e+00
2.883331805867057618e+00
2.803228186916057574e+00
2.807747942677631947e+00
2.809248128446954595e+00
2.762385737782233619e+00
2.926845878491163511e+00
2.857547304509761688e+00
2.856056708701565139e+00
2.879225037770884565e+00
2.762385737782233619e+00
2.884739202548427972e+00
2.868268241431726207e+00
2.941120482056219121e+00
2.942874195651335345e+00
2.922894761930457275e+00
2.865426252640523863e+00
2.938298405014499348e+00
2.824569811680813114e+00
2.839423887867505769e+00
2.830714654299609112e+00
2.798851789317084560e+00
2.777255252154378518e+00
2.936129297784030534e+00
2.850036767170667673e+00
2.853599769236273787e+00
2.841202632514872928e+00
2.886409323436378127e+00
2.823044415125866458e+00
2.812566736538147261e+00
2.945284695328313163e+00
2.776610729992484039e+00
2.829670905184103802e+00
2.800377185872030772e+00
2.841202632514872928e+00
2.878084545607756173e+00
2.946521431065639796e+00
2.864336341455382406e+00
2.855100352234335670e+00
2.865275454738874572e+00
2.880165680987684329e+00
2.831940568486413845e+00
2.841202632514872928e+00
2.842707318282474471e+00
2.845660369571694659e+00
2.872533678928315126e+00
2.847185766126641315e+00
2.883624487768423172e+00
2.803785903792129108e+00
2.926845878491163511e+00
2.776879636632398451e+00
2.859026842152933234e+00
2.888776276747589744e+00
2.928614947445714378e+00
2.875263609822643396e+00
2.807747942677631947e+00
2.859811905100736684e+00
2.773552781221169106e+00
2.877408792493802547e+00
2.841202632514872928e+00
2.852605956293651879e+00
2.859026842152933234e+00
2.772505632490426919e+00
2.824569811680813114e+00
2.860514445758387314e+00
2.791387924891806094e+00
2.832191863078072025e+00
2.856056708701565139e+00
2.856056708701565139e+00
2.873196942847236368e+00
2.865577054329976558e+00
2.860677318022506466e+00
2.845660369571694659e+00
2.827853242095781816e+00
2.797364185711630036e+00
2.858555639979953877e+00
2.841016891986094084e+00
2.803228186916057574e+00
2.868587978995415622e+00
2.762326834453623370e+00
2.862039842313333970e+00
2.943469023632406589e+00
2.842693228323069476e+00
2.847185766126641315e+00
2.865182055042888365e+00
2.845660369571694659e+00
2.872919847145633643e+00
2.803228186916057574e+00
2.791387924891806094e+00
2.935073606381587652e+00
2.777240493176976521e+00
2.848584673947136547e+00
2.922894761930457275e+00
2.878594388348395761e+00
2.849332029523625298e+00
2.921275221597338323e+00
2.865323272728302673e+00
2.847185766126641315e+00
2.874137766103190827e+00
2.800237359010154137e+00
2.874856885184188915e+00
2.942874195651335345e+00
2.939412297876351055e+00
2.861672404843883744e+00
2.945284695328313163e+00
2.861816966936570061e+00
2.841202632514872928e+00
2.936129297784030534e+00
2.873109847221134938e+00
2.807747942677631947e+00
2.889252879861304635e+00
2.817086492299721634e+00
2.862843611055224446e+00
2.845660369571694659e+00
2.938852881662695538e+00
2.862866332104833766e+00
2.870232866432800289e+00
2.871129989220862377e+00
2.860339552162253884e+00
2.824429984818936035e+00
2.817086492299721634e+00
2.776879636632398451e+00
2.842707318282474471e+00
2.904558239456619617e+00
2.882691003185512191e+00
2.775770037539220247e+00
2.872455155613832023e+00
2.827853242095781816e+00
2.940546068258498735e+00
2.761756653805791828e+00
2.836688641848786663e+00
2.798760150231690780e+00
2.925122607283388465e+00
2.853014338455563514e+00
2.842693228323069476e+00
2.865477798758544470e+00
2.830434626887280203e+00
2.871420421792507227e+00
2.941120482056219121e+00
2.855519021184849127e+00
2.862116364033270965e+00
2.798851789317084560e+00
2.842693228323069476e+00
2.861368599429004345e+00
2.762211198001548240e+00
2.944069029695850048e+00
2.881637220297435853e+00
2.879074373739532788e+00
2.841202632514872928e+00
2.887346073747229180e+00
2.823044415125866458e+00
2.877120900977289342e+00
2.762385737782233619e+00
2.836410887707105033e+00
2.833440754255736937e+00
2.856056708701565139e+00
2.842693228323069476e+00
2.885178638656395567e+00
2.797364185711630036e+00
2.795884648068459377e+00
2.806638740033397639e+00
2.788374110729365363e+00
2.870679189816513155e+00
2.803228186916057574e+00
2.844172765966240135e+00
2.857547304509761688e+00
2.789880061594176119e+00
2.836410887707105033e+00
2.824569811680813114e+00
2.881486526334287479e+00
2.762326834453623370e+00
2.863632846431922285e+00
2.881637220297435853e+00
2.797364185711630036e+00
2.821556811520411934e+00
2.876345748506247801e+00
2.919182762245095208e+00
2.831940568486413845e+00
2.842693228323069476e+00
2.938852881662695538e+00
2.943469023632406589e+00
2.761391210101501237e+00
2.820077273877241275e+00
2.826401858237957310e+00
2.839423887867505769e+00
2.803785903792129108e+00
2.881071791765076551e+00
2.885440212429996709e+00
2.835182690983975462e+00
2.887274352865479177e+00
2.832191863078072025e+00
2.886801306464810146e+00
2.941120482056219121e+00
2.804734137780868330e+00
2.836688641848786663e+00
2.917662570038353831e+00
2.776879636632398451e+00
2.839702446745549835e+00
2.923444328827807137e+00
2.818639979978821319e+00
2.876073429286363226e+00
2.856236202662250090e+00
2.828926763589650673e+00
2.934552871882414316e+00
2.870747278604929509e+00
2.811066532237471716e+00
2.841016891986094084e+00
2.842693228323069476e+00
2.823044415125866458e+00
2.850223771743059853e+00
2.884730178310989324e+00
2.887026735189531124e+00
2.847185766126641315e+00
2.849332029523625298e+00
2.927430439751331104e+00
2.879890381362604668e+00
2.845660369571694659e+00
2.777239813968925830e+00
2.868183056749558535e+00
2.817086492299721634e+00
2.827853242095781816e+00
2.826162815799401873e+00
2.832191863078072025e+00
2.844172765966240135e+00
2.929820167469589176e+00
2.798455920584408396e+00
2.866330985399686337e+00
2.817086492299721634e+00
2.845660369571694659e+00
2.874095951632341883e+00
2.874587711516084276e+00
2.939412297876351055e+00
2.841202632514872928e+00
2.889557720655380635e+00
2.927430439751331104e+00
2.860029705697306301e+00
2.939412297876351055e+00
2.847185766126641315e+00
2.888349335922259176e+00
2.936129297784030534e+00
2.853050581333108404e+00
2.932516646225046042e+00
2.795884648068459377e+00
2.846559854577003446e+00
2.926266405869526910e+00
2.841016891986094084e+00
2.826162815799401873e+00
2.861269842130447216e+00
2.875576659891858178e+00
2.862039842313333970e+00
2.923444328827807137e+00
2.878345968360301210e+00
2.931667354878947584e+00
2.860514445758386870e+00
2.844524981370796457e+00
2.877576060737324415e+00
2.828926763589650673e+00
2.944069029695850048e+00
2.760915961352528036e+00
2.938298405014499348e+00
2.926845878491163511e+00
2.867140935816624214e+00
2.883442055182107833e+00
2.937748838117149486e+00
2.874783693471811397e+00
2.882279530895652364e+00
2.777208805017024495e+00
2.798851789317084560e+00
2.824569811680813114e+00
2.882905708475752782e+00
2.864521656242267067e+00
