-1.837584856861556482e+00
-2.950814000525823766e-01
2.512784887221133912e-02
-6.726318092110428193e-02
-6.035792999435606321e-01
-1.165506371179949152e+00
2.587996124845626592e-02
-7.384335977637566106e-01
1.808620279856247848e-01
-2.225774192005149477e+00
5.257096692081592026e-01
-4.558516986815204231e-01
2.431222858018329269e+00
9.162293971439481322e-01
-2.043665363678214053e+00
1.293434189758798647e-01
-1.036036633447277922e+00
9.536008176767493127e-01
-1.406164740151898629e+00
1.740558236639971057e-01
-1.197417478714996264e+00
-4.589958620444492543e-01
1.119644533327795594e-01
2.950640497544110286e-01
-2.427604349399427042e-01
2.780108189081227366e-01
-1.578128863964698647e+00
1.072977745104919806e-01
-7.395558705701181790e-01
-1.182078130477461908e+00
2.228834182805618180e+00
-2.060105163453741284e+00
-1.130745122376023870e+00
-1.088067908737288647e+00
-1.742976236912003318e-01
-5.485838917101298201e-02
7.566439207760471131e-02
5.089519091201608614e-01
3.563012486201412310e-01
5.366330130774250584e-01
5.812104402578067708e-01
-3.752937844596179739e-01
1.458286671194511108e-01
-2.601364010411875705e-01
-2.076424475357235844e-01
8.222860324132409415e-01
-1.394115733765444842e+00
1.438423166994514356e-02
-9.435796515813263952e-01
-9.203230516952727314e-01
9.375983210623811681e-01
6.621057765866770195e-01
9.616140742907665073e-01
2.677962221327754300e+00
7.813456810331369518e-01
1.314808777672056506e+00
7.773207365785946010e-02
-1.182206350348867785e-01
1.405674758151468640e-01
3.090824893046404953e-01
-2.736009850842551772e-01
6.530226107778057676e-01
4.202998498218171619e+00
2.282488713667575608e-01
1.498334037327011758e+00
-1.196488949889829678e+00
-2.362591396840180991e-01
2.754251384484235343e-01
6.687627512217438897e-01
9.355329064979222009e-01
-3.225641433094521560e+00
3.428163330188583324e-01
1.046489176957111633e+00
-2.313978083765448612e-01
8.853736535356598880e-01
2.358311931800861905e-01
-1.751988997933000336e+00
1.149159269926034677e+00
-6.027029302450533088e-02
-3.962844835242593927e-02
2.510167560113916174e-01
-8.600535075470098212e-01
-4.229049428627861262e-01
4.562072954590863927e-01
2.570273170145505603e-01
6.980934964014588739e-02
1.121231729046362036e+00
1.237659494107910874e+00
-2.976085994634874332e+00
1.337604242229604445e-01
1.717905862428218633e+00
1.016123287038738443e+00
-2.731493884014090656e-01
1.076549068239461393e+00
-6.912891993731173912e-01
9.021760882261626868e-01
-1.679549360513334699e+00
-5.029000406539448909e-01
-2.046376519457388798e-01
-7.629548023909501486e-01
-1.173041201719652975e-02
2.910661833594122005e-01
-6.112063271974550460e-01
-4.872824441287383797e-03
-1.823245918774879237e-01
-7.055683596627602139e-01
-2.607112953890431850e+00
3.422751729073847948e-01
6.454275684185242778e-02
-7.987086548271524200e-02
-1.974034016776656131e+00
-2.528951028573296900e-01
-2.120299347953451541e+00
-6.966349838640792935e-01
-1.368418583065308169e+00
4.998026992521973910e-01
-1.378676001029250850e-02
-5.895533922459501586e-01
-2.511951456110718350e+00
-9.383902947497755331e-01
-4.804396429859733586e-01
-2.661667540962003309e-01
2.393145978196100920e-01
6.941634520134123409e-01
1.683563956306314557e-01
1.960570642147205778e-01
-4.966306372262465074e-01
1.090973266621560800e+00
-1.173041201719652975e-02
1.055622766593889761e+00
5.086274742856971010e-01
4.707816879405092858e-01
8.278146772908741013e-01
3.293432581203347698e-01
2.867684581883394035e+00
4.406350570985916315e-01
1.244988208287375539e-02
1.007744190029316700e+00
-1.232663281863427329e+00
2.213841195672328066e+00
-7.835296596453883433e-01
3.943744838592094237e-01
-6.095231068473022651e-01
5.462303373325590183e-02
3.216824020232252890e-01
-6.901793402580610470e-01
7.654978141575948802e-01
3.227067076417814206e+00
-2.333357493527255411e+00
-8.318334470320519758e-01
1.500676033090426298e+00
-1.181987154244785732e+00
-1.579394419440886543e-01
-4.415223268107292265e-01
-5.797617172154140297e-01
1.091154867135311513e+00
1.112451259256713731e+00
-1.391966692832456554e+00
4.674911538041613412e-01
-1.795511690692010554e+00
-6.908180428236986304e-01
1.438071554352445380e+00
3.836879820795822682e-01
-1.418284409642292632e+00
-5.192436065320176208e-01
-5.258522392185942529e-01
-7.905851959431817177e-02
-2.103089084862747593e-01
-5.711511576078313057e-01
-1.115245647115861993e-01
-2.792154456513701866e-01
1.520416055326037297e+00
1.203887070369335843e+00
1.671363293725692367e+00
8.862064687835502497e-01
-1.037768257972657482e+00
-1.883038375753886273e-01
-8.154445749138894417e-01
-3.076394785208267368e+00
2.937446492952491273e+00
-5.235730397682970549e-01
6.677312281584334153e-02
-1.733804145514575568e-01
4.467969155172547557e-01
7.250070095072799203e-01
6.817037051064528397e-01
-1.250971740893845663e+00
9.076785440700043672e-01
-1.300105512025271581e+00
1.668435973588449528e+00
-1.051430105503440071e+00
5.768405779484001572e-01
1.317378983643846979e+00
1.100145884922778677e-01
1.462230436921626020e-01
-2.129418997181027784e+00
1.043912705242499239e+00
-4.209723469084277747e-01
-1.628790786284884939e+00
9.057042134082314844e-01
8.698746894523833040e-02
-8.030908810015433552e-01
-3.339574522676060919e-01
-1.759968763031357630e+00
-3.396460910977447401e-01
1.483651638375969251e+00
1.687309419755872675e+00
3.778899087067352780e-01
-5.460114014718721043e-01
1.244988208287375539e-02
-5.220393278959525318e-01
6.530457515380467814e-01
-8.881739535019688159e-01
9.117371263055514818e-01
-1.715003611614935197e+00
2.327074506331770376e+00
2.126975572304054207e+00
6.205219529779374410e-01
-1.106425638258507815e+00
3.262914631589060588e-01
-9.920933316640510036e-01
-3.489380119270618086e-01
9.155984136329471390e-01
-8.095380902389971434e-01
-1.505874082614940379e+00
-2.196346967493301716e-01
-2.737678416666272097e-01
1.959841284128207350e+00
-1.143845891017347266e-01
8.461792759463135916e-01
7.046367168811155102e-01
6.768045021699283792e-01
-3.396723664841935775e-01
-6.690671286686252772e-01
1.703430647118159946e+00
-1.534738155807849058e-01
1.644588226931163466e-01
-6.651291215664819623e-01
2.663651204995106103e-01
-4.843890497096602354e-01
-5.232511502490951871e-01
-1.730721967145068194e-02
1.483136973970155648e+00
7.698958156803681341e-01
6.344168816850738191e-01
-8.149318128231978209e-01
-1.387511946151606779e+00
7.278948075150746266e-01
-9.192019865750934438e-01
-1.596373822710967838e+00
3.790936461202003005e-01
2.099901407138819176e-01
9.934317217829234936e-01
5.197834749636972562e-01
6.815930261275342517e-01
8.942887542077663232e-01
5.107850683733251573e-01
4.894614728131452264e-01
9.027898246729820775e-01
2.230224401131413181e+00
-1.629921543567157460e+00
-6.797232802228876380e-01
-1.458014073225294194e+00
1.665136822133047145e+00
4.809081441027404646e-01
4.368577898359102818e-01
-3.318144599318424426e-01
-6.945112708585746697e-01
-9.559166769635384364e-01
-3.132621977901906950e-03
8.835223343190811152e-01
-2.604020961493159758e-01
2.007476083565181424e-01
-5.879219393156431828e-01
8.934041911018927307e-01
1.060224523464816881e+00
-1.174219652793569435e-01
3.008374586978185827e-01
-1.303400942039359134e-01
-1.465663819977246929e+00
-1.777641654484774181e+00
-1.047886319172813829e+00
-3.773633277879518411e-01
1.207745193344381907e+00
3.062532159242838947e-01
-1.174219652793569435e-01
5.928726914327573511e-02
3.190892897885969637e-01
-4.827083535611843557e-01
-6.773829120168534113e-01
-3.029032302285308842e-01
-1.168648454107698464e+00
4.234887670335835824e-02
5.980107156972647164e-01
1.736099973738206792e+00
3.693673871332740499e-01
1.205689968129112000e+00
3.734222185620423295e-01
-1.162182241756599899e+00
2.478350518117219958e-01
1.311919509286190388e+00
1.824916156613577423e+00
-1.988656194912947983e+00
-3.491791461623956039e+00
9.368213248938170312e-02
-1.618175880745003903e-01
-7.794220478439180255e-02
-8.723194185081623031e-01
-1.236724495347204522e+00
6.298013926398069451e-01
6.020638226942679472e-01
7.227868454489375094e-02
-1.243126558114835412e+00
-2.095452102105110348e-01
-5.814567325922868068e-01
4.013309311920610495e-02
-1.772385755432786425e+00
1.412528252292392095e+00
-1.680807307977755238e+00
9.862801293722759377e-01
1.954230903608230374e+00
-8.033032583153544293e-01
2.236438494542333233e-01
-1.344972575831590023e+00
9.371364663189033495e-01
2.590631833736519174e-01
1.152799197260667263e+00
2.261238335669684685e-01
3.849530563159596630e-01
1.772094517232351674e+00
1.363452489733056439e+00
-4.756665342847936871e-03
5.208167624875701396e-01
-4.405425191393529116e-02
6.243845865100012410e-02
7.462163033029765025e-01
-1.266039057922825561e+00
3.232182925485629910e-01
-2.507729589594049346e-01
-2.777369272708359871e-01
9.872237163092676404e-01
1.791462522926796863e+00
-2.053627164581831810e+00
1.698872257625795301e+00
-3.078022897665042001e-01
8.864609753186647456e-02
1.763772404753371603e+00
1.055809123511570968e+00
-1.900712750702981513e+00
4.196104111999537922e-01
1.918996130271779510e-01
-1.315207595720966793e+00
-3.448915151689951886e-02
-9.474154859953863861e-01
6.128980600979091475e-01
-8.789683801863130697e-01
-2.971810084363372267e-02
2.420513045570237054e+00
1.161987155979455899e+00
9.730414342290828467e-01
2.774737166356302520e+00
9.154360410597837117e-01
2.247639348102233869e-01
-2.133957960951850252e-01
6.013666829698068872e-01
1.772304386339065507e+00
1.245170934750945646e+00
1.264960892091615274e-01
-3.391482671050563447e+00
2.303148178681623526e-01
1.922766711880476431e-01
3.584722098843514532e-02
2.561731955610202505e-01
1.743069047866666332e-01
-2.243238288666865032e-01
-5.015195415947915070e-01
1.276768988844398711e+00
3.894146250200189452e-01
1.216216496204372888e+00
-2.068044238516829392e+00
-2.576261092199564340e-01
6.595624818068182016e-01
4.800213598416743221e-01
-3.889198692852684214e-02
-3.808795755260633853e-01
2.079336179385467553e-01
5.992563972153395202e-01
3.766681483297886768e-01
2.180040050603734847e-01
-1.604848464902627336e-01
-3.440946259024177944e-01
-3.081141362115752402e-01
1.032569306951928612e+00
-1.594426761136549242e+00
-1.257119949120189428e+00
-8.592836081478597565e-01
1.003629921374942890e+00
-8.597844543904490378e-01
-1.421842540284643241e-01
-1.380962134009268372e+00
-6.007723417671722022e-01
-1.002556095697520133e+00
5.679515904803218024e-02
7.990133132437471364e-01
-1.275410435326955305e+00
1.359859484515745898e+00
-2.672750888104707401e-01
3.425982722043905859e+00
5.141800481274663021e-02
-7.049736072569854350e-01
1.681254406564475778e-01
-7.231383924801515484e-01
-3.815079111608267182e-01
1.113563352519226335e+00
-8.573969201122816353e-01
7.025580277023473208e-01
-1.519304449486119368e-01
2.734626139958155622e-01
2.351454788640285898e+00
-2.992844373253136792e-01
-6.122758501843041934e-01
6.636232263593304648e-01
-2.475731102769265501e-01
8.936090915224056408e-01
-4.496986023740413008e-01
-4.406153159084335580e-01
7.155457012671276873e-01
-8.998978745257064649e-01
-3.471876942872900718e-01
2.668619259087970375e-01
-5.185004327386558698e-01
1.610853419176772494e+00
-5.364560691649736812e-01
-2.830896315132523933e-01
1.509009693215721849e-02
1.475270423735856706e+00
