-2.572414698211922257e-02
9.001270745371989790e-01
6.820284507381551009e-01
6.920489056228440461e-02
5.769441779829804773e-01
7.012462697899994879e-01
3.239725186752142605e-01
1.057624660503725167e+00
1.026123520836978997e+00
3.819933720139960798e-01
7.059015209028114413e-01
9.001270745371989790e-01
3.625575879497038301e-01
5.465566632011942261e-01
3.967708044243565269e-01
3.228612547879663452e-01
3.055390674423659192e-01
-1.258987927440191612e-01
7.158953132914582795e-01
6.826291706744314070e-02
1.524766837575839418e-01
-1.258987927440191612e-01
5.997054201831559794e-01
3.614459072141684715e-01
1.022984455812734339e+00
2.642174596906432527e-01
4.858290720535940466e-01
6.113667951860612959e-01
1.879140156920495741e-01
6.820284507381551009e-01
-1.139701013193157308e-01
6.331475475628387528e-01
7.012462697899994879e-01
4.279217842861839927e-01
4.504592652436372191e-01
7.059015209028114413e-01
7.158953132914582795e-01
7.858641507777548441e-01
8.096470575984326956e-01
7.252565698865804933e-01
1.321303291973420002e+00
5.293118475232407860e-01
6.826291706744314070e-02
6.820284507381551009e-01
3.769606290347127242e-01
3.350887652715783815e-01
7.858641507777548441e-01
6.331475475628387528e-01
6.388095627593433079e-01
4.858290720535940466e-01
7.012462697899994879e-01
5.293118475232407860e-01
1.010618368803228861e-02
5.417294840777913123e-01
6.388095627593433079e-01
3.239725186752142605e-01
4.380438642565369634e-01
1.016909244104434507e+00
1.022984455812734339e+00
7.391682307624787285e-01
2.753972588592361603e-01
5.096357241248785641e-01
4.026205068247001861e-01
4.652816072537664382e-01
-4.888397581190062624e-02
5.207916299851564901e-01
7.503240239222765950e-01
1.302827697304049792e-01
1.003962774576796946e+00
1.026123520836978997e+00
3.819933720139960798e-01
6.120596132518603127e-01
8.712151057859394143e-01
5.800166498007470750e-01
7.102691889016021776e-01
1.270915865743484474e+00
7.152024952256645918e-01
9.729764423571989340e-01
-4.888397581190062624e-02
1.506413182891074953e+00
1.022984455812734339e+00
1.173743843864585301e+00
1.661295977334962259e-01
1.182203182552470366e-01
9.116356267159648752e-01
5.769441779829804773e-01
6.113667951860612959e-01
7.046066908553019204e-01
4.648124543256670904e-01
1.195072750775153736e+00
5.417294840777913123e-01
2.708152061644142350e-01
1.172921682255747555e+00
1.658348675112488735e-01
1.073008916066559237e+00
1.140903972597135052e+00
3.819933720139960798e-01
7.012462697899994879e-01
3.777243097873004274e-01
1.130029208569700572e+00
5.293118475232407860e-01
3.185994304230863605e-01
3.409568152496333937e-01
1.746790722914699501e-01
8.331611330464383514e-01
8.509343687379491428e-01
7.158953132914582795e-01
1.936907714065210229e-01
8.088590912704951563e-01
7.012462697899994879e-01
4.279217842861839927e-01
6.541243785924990561e-01
4.527138904808722941e-01
5.832208895703629992e-01
5.293118475232407860e-01
8.335449715010092575e-01
6.099782865232956652e-01
1.026123520836978997e+00
2.880022225556899684e-02
6.662150443265986155e-01
1.110941650189367635e-02
8.575581902436333337e-01
2.907253887472922571e-01
3.839288910999609783e-01
1.935800658410400388e-01
9.655560625187433743e-01
1.519303699704970256e-01
9.277225875662953314e-01
5.293118475232407860e-01
7.858641507777548441e-01
2.109223080998994249e-01
8.083073213040243843e-01
2.861351748815366136e-02
7.012462697899994879e-01
2.563123837971836849e-01
3.078761142292041342e-01
7.012462697899994879e-01
1.022984455812734339e+00
8.136130375912085100e-01
6.120596132518603127e-01
1.314712316560754601e+00
1.733521671003654063e+00
1.581862479359585905e-02
8.504980158652486466e-02
5.487131101082791673e-01
8.096470575984326956e-01
1.037068272557535309e+00
2.390411993188230610e-01
9.663465294995123855e-01
1.129959220876576964e+00
8.938674689217371849e-01
9.010052042091132307e-01
8.454767597032191162e-01
5.093314373524684413e-01
2.467433075295186740e-01
5.461457864768703985e-03
8.220099057955465582e-02
3.539740234232553462e-01
2.867684396788146017e-01
6.331475475628387528e-01
8.050819698295992310e-01
3.168798421154193079e-01
7.778513115448539850e-01
7.059015209028114413e-01
9.010052042091132307e-01
7.386421673495178197e-01
7.258939747499777440e-01
1.015471326755564618e+00
1.195072750775153736e+00
1.265793269242029950e+00
1.842019191526187427e-01
6.583602532412342612e-01
6.331475475628387528e-01
5.565495905204702609e-01
6.596686204740880299e-01
1.842019191526187427e-01
8.170310673191227835e-01
6.086273927188532440e-01
7.386421673495178197e-01
8.096470575984326956e-01
4.958697201435562363e-01
5.960535458005011833e-01
6.225789896419122726e-01
7.059015209028114413e-01
8.097372209424094081e-01
6.595127089535779419e-02
1.410489948511559177e+00
3.185994304230863605e-01
5.317574843257837358e-01
3.062276480340049289e-01
-7.352885370105433083e-02
4.527138904808722941e-01
9.260022684319295649e-01
6.099782865232956652e-01
1.111239647277013631e-01
9.059317332816121393e-01
1.485503268238588248e-01
1.037068272557535309e+00
1.506413182891074953e+00
4.527138904808722941e-01
1.292205227509576559e+00
9.547700687775488859e-01
3.709295371968224231e-01
-2.679341964824466515e-02
5.901546777201396310e-01
5.303618388577540088e-01
3.945610887868902239e-01
4.527138904808722941e-01
1.022984455812734339e+00
7.012462697899994879e-01
4.554233448558946407e-01
7.971695041695152639e-01
7.447303337491444353e-01
-1.258987927440191612e-01
6.583602532412342612e-01
1.860366906191526226e-01
7.158953132914582795e-01
1.079151234875885379e+00
7.297092714614095144e-01
2.795790651440217545e-01
1.195072750775153736e+00
1.497210950959448894e-01
-6.566890488029386574e-02
1.248093530322575972e+00
4.527138904808722941e-01
2.443107704660398838e-01
7.158953132914582795e-01
-1.139701013193157308e-01
7.059015209028114413e-01
8.050819698295992310e-01
1.026123520836978997e+00
1.070866080602996817e-01
5.565495905204702609e-01
5.565495905204702609e-01
9.804428666044362473e-01
6.020041565664318028e-01
1.876965860422323829e-01
7.012462697899994879e-01
9.191487557731363722e-01
1.321303291973420002e+00
3.738739468000531474e-01
9.126947913100931231e-01
1.015471326755564618e+00
7.322988288653800026e-01
1.519303699704970256e-01
9.010052042091132307e-01
8.335449715010092575e-01
5.293118475232407860e-01
7.971695041695152639e-01
4.189846777554713242e-01
7.012462697899994879e-01
1.824587332023934749e-01
1.015471326755564618e+00
1.026123520836978997e+00
4.870165266051422748e-01
3.474657704959405180e-01
1.814204595903170514e-01
4.958697201435562363e-01
1.265451855113949975e+00
1.918756764642637336e-01
4.279217842861839927e-01
1.114252439079438162e+00
7.971695041695152639e-01
2.312898751996019797e-01
9.201659868214591143e-01
1.083330450887018515e+00
8.096470575984326956e-01
6.686643013677446845e-01
2.337627860611437569e-01
9.059317332816121393e-01
4.681396580720189604e-01
4.527138904808722941e-01
5.317574843257837358e-01
1.898524910671977040e-01
1.195072750775153736e+00
1.158289174098653618e+00
2.907253887472922571e-01
2.914743762968079466e-01
7.012462697899994879e-01
6.455651841173910555e-01
5.025891064657148632e-01
8.136130375912085100e-01
1.166630647945900989e-01
1.726497749559765538e-01
1.196543248331956022e-01
2.907253887472922571e-01
1.860366906191526226e-01
1.022984455812734339e+00
1.983416299827281293e+00
8.014920463680290652e-01
6.826291706744314070e-02
9.363465933244299322e-01
9.191487557731363722e-01
7.152024952256645918e-01
4.471462678426085802e-02
2.571028507779526961e-01
8.790306496565154504e-01
5.880409391115222206e-01
2.516932927113124663e-01
5.293118475232407860e-01
4.362665513433228170e-01
3.294475588883134520e-01
8.773202836182001363e-01
7.386421673495178197e-01
-1.299541131864678789e-02
4.777520414359912593e-01
1.410489948511559177e+00
5.293118475232407860e-01
4.540597960415091450e-01
1.179348160438884463e-01
8.575581902436333337e-01
7.553399334147812283e-01
6.541243785924990561e-01
4.527138904808722941e-01
1.757218088851789872e+00
6.099782865232956652e-01
3.664016180602054362e-01
1.842019191526187427e-01
6.246273300247544569e-01
4.652816072537664382e-01
5.565495905204702609e-01
5.293118475232407860e-01
8.456824966124614207e-01
1.321303291973420002e+00
1.238555526244800475e+00
-6.246776101113482582e-02
9.116356267159648752e-01
8.370428335723349988e-01
1.015471326755564618e+00
6.120596132518603127e-01
6.331475475628387528e-01
9.663465294995123855e-01
6.246273300247544569e-01
7.059015209028114413e-01
7.489656449640484936e-01
1.519303699704970256e-01
1.003962774576796946e+00
7.553399334147812283e-01
1.321303291973420002e+00
5.207916299851564901e-01
3.290345879998799461e-01
3.388832227162872357e-01
3.945610887868902239e-01
5.293118475232407860e-01
6.455651841173910555e-01
8.335449715010092575e-01
5.461457864768703985e-03
4.380438642565369634e-01
-3.463080947731533854e-02
8.097372209424094081e-01
-1.258987927440191612e-01
5.843072371981783419e-01
8.627546826304275385e-01
2.023919479944051858e-01
9.822846327186365301e-01
1.070866080602996817e-01
9.515378747442628793e-01
7.386421673495178197e-01
1.070182229539112129e+00
2.571028507779526961e-01
2.732628946836754835e-01
1.860366906191526226e-01
3.819933720139960798e-01
5.187432896023125295e-01
-2.206309270441941806e-02
5.532914504083628060e-01
3.174293029914512232e-01
2.696705675508486166e-01
4.648124543256670904e-01
1.034629870345753488e-01
6.120870049088011910e-02
9.126947913100931231e-01
5.293118475232407860e-01
6.099782865232956652e-01
2.050413047903418828e-01
8.164432535827614856e-01
9.662010413319386259e-01
7.971695041695152639e-01
1.918756764642637336e-01
6.820284507381551009e-01
5.143909790263236914e-01
7.012462697899994879e-01
2.880376191922184859e-01
6.031794654196840355e-01
2.907253887472922571e-01
9.191487557731363722e-01
8.088590912704951563e-01
1.070866080602996817e-01
6.120596132518603127e-01
7.778513115448539850e-01
-2.168491942243804260e-01
6.325428164298543265e-01
2.907253887472922571e-01
7.012462697899994879e-01
1.035545436492331106e+00
5.096357241248785641e-01
6.686643013677446845e-01
4.527138904808722941e-01
1.177471438909385881e+00
6.820284507381551009e-01
4.141907902593882085e-01
6.686643013677446845e-01
7.971695041695152639e-01
1.102378214869792927e+00
5.317574843257837358e-01
4.207155421550172747e-01
3.770985947232734503e-01
1.238555526244800475e+00
1.554272883702125796e-01
6.348064673099180766e-01
9.126947913100931231e-01
8.088590912704951563e-01
2.148086042847516808e-01
2.935710743434185588e-01
9.010052042091132307e-01
5.187432896023125295e-01
4.289734587146103451e-01
8.509343687379491428e-01
8.050819698295974547e-01
1.140903972597135052e+00
1.259009388900272697e+00
2.696705675508486166e-01
8.575581902436333337e-01
-3.557278297215482610e-02
6.225789896419122726e-01
6.583602532412342612e-01
1.232171955863837098e+00
8.361345289049797458e-01
5.997054201831559794e-01
1.030201988870491192e+00
6.589658891103233884e-01
3.746509062040122018e-01
1.410489948511559177e+00
7.059015209028114413e-01
6.986263728010566609e-01
5.614270118515971575e-01
