1.436920588638859408e+00
-1.123724919111942055e+00
-3.904928327750885053e-01
2.376038288864254167e+00
4.521278836572895643e-01
-2.860583642279535543e-01
9.700465978369101627e-01
-1.330455938158228602e+00
-7.143688336950245743e-01
1.058603707894522961e+00
-2.706570953137902857e-01
-1.123724919111942055e+00
8.490559475591387129e-01
1.891891634331935301e-01
5.157640192062059592e-01
6.769074055702922754e-01
7.146745945443246928e-01
2.831543768778734815e+00
-3.477587068920459656e-01
1.027678934118387843e+00
2.025305616530270303e+00
2.831543768778734815e+00
2.696163269157187403e-01
1.013990776170575980e+00
-1.453218508826554567e+00
8.047671987596071164e-01
6.212578653095710557e-01
1.761093167618054955e-01
9.711299410258897868e-01
-3.904928327750885053e-01
1.359103591999959226e+00
7.668128550584326578e-04
-2.860583642279535543e-01
1.647067457858027328e+00
1.466350135912102060e+00
-2.706570953137902857e-01
-3.477587068920459656e-01
-1.223101839476489427e+00
-1.413805638043694746e+00
-2.882540665151827608e-01
-1.251208181078428572e+00
4.381126554400103235e-01
1.027678934118387843e+00
-3.904928327750885053e-01
5.589557144940086042e-01
6.502480299439324929e-01
-1.223101839476489427e+00
7.668128550584326578e-04
-1.718342174102132150e-02
6.212578653095710557e-01
-2.860583642279535543e-01
4.381126554400103235e-01
1.358800496619107845e+00
7.344977362466366122e-01
-1.718342174102132150e-02
9.700465978369101627e-01
7.283185485625346400e-01
-1.202785188847500963e+00
-1.453218508826554567e+00
-2.307576553800338437e-01
7.803921253657023493e-01
3.878651379512836339e-01
5.030100400702083308e-01
6.267353338466388202e-01
2.544316861412857733e+00
4.197105976715227449e-01
-2.550803889941760660e-01
1.577396775447308830e+00
-1.561070761696893960e+00
-7.143688336950245743e-01
1.058603707894522961e+00
8.958713569290589762e-02
-5.186565900205318824e-01
1.162370811261711073e-01
-1.677497018605029755e-01
-1.390115478739629928e+00
-6.564996899396240426e-01
-1.065025730283129635e+00
2.544316861412857733e+00
-1.587864967049419818e+00
-1.453218508826554567e+00
-1.694569201882312193e+00
1.018626034522358781e+00
1.615220832145020546e+00
-5.061512917997973426e-01
4.521278836572895643e-01
1.761093167618054955e-01
-1.296306434199120394e-01
1.351258751156871440e+00
-1.021634450142076878e+00
7.344977362466366122e-01
6.592999009915868625e-01
-1.176460888109806646e+00
1.743522523678527447e+00
-9.586232532718608201e-01
-1.892999572695277966e+00
1.058603707894522961e+00
-2.860583642279535543e-01
8.014978746512297914e-01
-1.557493844744607614e+00
4.381126554400103235e-01
5.723953964332767486e-01
9.167891818029803019e-01
9.999858007679486294e-01
-4.356883394762125494e-01
-1.744868914971903884e+00
-3.477587068920459656e-01
1.378569210799667211e+00
-6.546375513431751392e-01
-2.860583642279535543e-01
1.647067457858027328e+00
-6.520587087429002837e-02
7.607357807254889748e-01
1.092509467262374467e-01
4.381126554400103235e-01
-1.605431623606189406e+00
8.708879116471439363e-02
-7.143688336950245743e-01
2.546218811538316640e+00
-7.169940693766894968e-02
1.356613169897019411e+00
-1.797982183744703866e+00
1.277743085345785179e+00
5.437629640065446690e-01
9.587763749060995710e-01
-6.042156390128464727e-01
8.755141003264894639e-01
-9.231238645698224277e-01
4.381126554400103235e-01
-1.223101839476489427e+00
1.779138346375152002e+00
-5.486751207984140732e-01
1.318449358561926577e+00
-2.860583642279535543e-01
1.587959773945310848e+00
1.020519863213276146e+00
-2.860583642279535543e-01
-1.453218508826554567e+00
-5.653121795324304033e-01
8.958713569290589762e-02
-2.136602027036528906e+00
-2.398724871951320115e+00
2.303008388436460940e+00
1.195402553674625779e+00
1.844875090619844671e-01
-1.413805638043694746e+00
-1.505744130371334144e+00
8.596584526267738724e-01
-6.056532503249306698e-01
-9.032133782576345915e-01
-8.169648528832902379e-01
-1.127423515655479047e+00
-4.625398328817728610e-01
9.942822370758239714e-01
1.212213131489729090e+00
1.141895075161147410e+00
1.002329953532027806e+00
6.090729116284662181e-01
1.086706896636374209e+00
7.668128550584326578e-04
-7.234042068129129532e-01
1.332855546003320901e+00
-1.158850699338566992e+00
-2.706570953137902857e-01
-1.127423515655479047e+00
-8.444512530051700994e-01
-2.018160832037497188e-01
-6.949958363624105795e-01
-1.021634450142076878e+00
-1.150252874210252463e+00
8.168222823361107610e-01
-2.007088336224998326e-01
7.668128550584326578e-04
3.233899381405371254e-01
-8.259087090574530887e-02
8.168222823361107610e-01
-4.005203073834402439e-01
5.385769953207827226e-02
-8.444512530051700994e-01
-1.413805638043694746e+00
1.102225333617119718e+00
1.168860095806402710e-01
8.620407140525845890e-02
-2.706570953137902857e-01
-6.579125376377275014e-01
2.389742217610729025e+00
-1.413410713816050990e+00
5.723953964332767486e-01
8.144584511566262952e-01
1.377721548680030272e+00
1.541148152772714219e+00
7.607357807254889748e-01
-6.381078512105741174e-01
8.708879116471439363e-02
1.947566940476457953e+00
-2.185866578072655386e+00
8.816613378217387220e-01
-1.505744130371334144e+00
-1.587864967049419818e+00
7.607357807254889748e-01
-2.066026869563321267e+00
-2.577477921673304806e+00
5.721051730824009418e-01
1.439251900616996149e+00
1.353830059153753873e-01
2.244983873306773958e-01
8.904876430218480188e-01
7.607357807254889748e-01
-1.453218508826554567e+00
-2.860583642279535543e-01
5.578581208379603806e-01
-6.900776730705270312e-01
-2.428845877586856272e-01
2.831543768778734815e+00
-2.007088336224998326e-01
8.134854089694176782e-01
-3.477587068920459656e-01
-9.720152176111388487e-01
-7.728226169047883731e-01
7.712746239174567142e-01
-1.021634450142076878e+00
1.054401136565156216e+00
1.271258877322080982e+00
-1.927706451125198450e+00
7.607357807254889748e-01
1.219840803194588874e+00
-3.477587068920459656e-01
1.359103591999959226e+00
-2.706570953137902857e-01
-7.234042068129129532e-01
-7.143688336950245743e-01
2.216484188960111457e+00
3.233899381405371254e-01
3.233899381405371254e-01
-1.088438090087294086e+00
9.822676444625719205e-02
9.716039981706007245e-01
-2.860583642279535543e-01
-1.065963066502617407e+00
-1.251208181078428572e+00
8.135714028421072719e-01
-1.041892993667112410e+00
-6.949958363624105795e-01
-3.103363773491497613e-01
8.755141003264894639e-01
-1.127423515655479047e+00
-1.605431623606189406e+00
4.381126554400103235e-01
-6.900776730705270312e-01
4.673315934851832720e-01
-2.860583642279535543e-01
9.830239749941749317e-01
-6.949958363624105795e-01
-7.143688336950245743e-01
1.173214874549024067e+00
5.198965849246268700e-01
1.417045052198119270e+00
1.102225333617119718e+00
-1.378202414997471426e+00
1.384260778069310582e+00
1.647067457858027328e+00
-2.025600073214270491e+00
-6.900776730705270312e-01
8.765584963088409731e-01
-5.216653391694668906e-01
-1.411061217683669877e+00
-1.413805638043694746e+00
-2.833320862451085831e-01
8.711668624487265422e-01
-2.185866578072655386e+00
5.179837592238966115e-01
7.607357807254889748e-01
8.144584511566262952e-01
9.669035252532117708e-01
-1.021634450142076878e+00
-1.646108214770788392e+00
1.277743085345785179e+00
7.453395352794565110e-01
-2.860583642279535543e-01
-9.811127045476446262e-02
4.099611162369756756e-01
-5.653121795324304033e-01
1.126476842282405411e+00
1.004410233688860732e+00
1.915752946112516897e+00
1.277743085345785179e+00
8.134854089694176782e-01
-1.453218508826554567e+00
-2.943564705517412783e+00
-5.273045605834802974e-01
1.027678934118387843e+00
-9.501660361738996086e-01
-1.065963066502617407e+00
-6.564996899396240426e-01
1.070505882384348739e+00
1.584630404108076096e+00
-4.468530731628739261e-01
3.631482431548969658e-01
1.196691533698882814e+00
4.381126554400103235e-01
4.296522997218872875e-01
1.133328677584433342e+00
-7.650780804144019509e-01
-8.444512530051700994e-01
1.409168402635342598e+00
4.878423460867906680e-01
-1.413410713816050990e+00
4.381126554400103235e-01
5.621337813677980133e-01
9.373413417856005792e-01
-1.797982183744703866e+00
-3.825860395881467424e-01
-6.520587087429002837e-02
7.607357807254889748e-01
-2.450389657294118173e+00
8.708879116471439363e-02
5.819772968667672464e-01
8.168222823361107610e-01
3.245515534758559167e-02
6.267353338466388202e-01
3.233899381405371254e-01
4.381126554400103235e-01
-4.629883965980786664e-01
-1.251208181078428572e+00
-1.100715969568942576e+00
2.594977614350014505e+00
-5.061512917997973426e-01
-6.387806559388268246e-01
-6.949958363624105795e-01
8.958713569290589762e-02
7.668128550584326578e-04
-6.056532503249306698e-01
3.245515534758559167e-02
-2.706570953137902857e-01
-3.625982743926041696e-01
8.755141003264894639e-01
-1.561070761696893960e+00
-3.825860395881467424e-01
-1.251208181078428572e+00
4.197105976715227449e-01
6.634478212024308430e-01
2.361025261181554313e+00
8.904876430218480188e-01
4.381126554400103235e-01
-9.811127045476446262e-02
-1.605431623606189406e+00
1.141895075161147410e+00
7.283185485625346400e-01
2.813384131449213399e+00
-6.579125376377275014e-01
2.831543768778734815e+00
1.068824065798560791e-01
-5.002105131054446208e-01
1.815067391264989727e+00
-7.608190680743769363e-01
2.216484188960111457e+00
-6.937825792298003558e-01
-8.444512530051700994e-01
-7.944977948875440177e-01
1.584630404108076096e+00
2.887203407250935605e+00
8.134854089694176782e-01
1.058603707894522961e+00
9.188130781066594643e-01
2.444288326454790994e+00
2.509745009587177611e-01
9.905640657428085305e-01
1.356267081354583626e+00
1.351258751156871440e+00
1.155256685225336089e+00
2.133726014122370618e+00
-1.041892993667112410e+00
4.381126554400103235e-01
8.708879116471439363e-02
1.342977505486441459e+00
-3.992387098565362558e-01
-7.257523629774124130e-01
-6.900776730705270312e-01
1.384260778069310582e+00
-3.904928327750885053e-01
2.593193062652950354e-01
-2.860583642279535543e-01
6.279777377734975241e-01
6.573569713823922134e-02
1.277743085345785179e+00
-1.065963066502617407e+00
-6.546375513431751392e-01
2.216484188960111457e+00
8.958713569290589762e-02
-1.158850699338566992e+00
3.170743465428204733e+00
2.467125161896988571e-03
1.277743085345785179e+00
-2.860583642279535543e-01
-1.261222430975352360e+00
3.878651379512836339e-01
-2.833320862451085831e-01
7.607357807254889748e-01
-1.706257768390622154e+00
-3.904928327750885053e-01
6.871504530029134417e-01
-2.833320862451085831e-01
-6.900776730705270312e-01
-1.470789018979521856e+00
8.144584511566262952e-01
8.955097034183689964e-01
2.054594400549548450e+00
-1.100715969568942576e+00
1.498551467706388252e+00
-1.184224630376904883e-02
-1.041892993667112410e+00
-6.546375513431751392e-01
9.124922534467043711e-01
7.407681500514853301e-01
-1.127423515655479047e+00
9.188130781066594643e-01
4.455532712342213930e-01
-1.744868914971903884e+00
-7.234042068129055147e-01
-1.892999572695277966e+00
-1.961935152861103093e+00
1.356267081354583626e+00
-1.797982183744703866e+00
1.216523478680997972e+00
8.620407140525845890e-02
-2.007088336224998326e-01
-2.522265578484773840e+00
-6.359324979746190376e-01
2.696163269157187403e-01
-8.652922393210062957e-01
-5.589423121171218506e-02
4.704553564289767897e-01
-1.413410713816050990e+00
-2.706570953137902857e-01
-1.423651227027852850e-01
2.254639372121735874e-01
