1.446147785292044929e+01
1.482856505751383125e+01
1.903335960432277574e+01
1.332332966090886117e+01
1.886531019914674800e+01
1.454789271725261912e+01
1.516643109194392913e+01
1.596897839764416993e+01
1.710377158400553554e+01
1.407517897212681746e+01
1.557463305545183729e+01
1.482856505751383125e+01
1.522443137010293945e+01
1.502357618293100572e+01
1.480115506441339335e+01
1.469154776638195514e+01
1.466588716436319118e+01
1.434419614370494145e+01
1.428468684030938363e+01
1.484271700182711662e+01
1.373570573072841938e+01
1.434419614370494145e+01
1.887006567325256867e+01
1.506887024968181166e+01
1.573162037105848654e+01
1.460471264221837373e+01
1.394320220162020973e+01
1.902304180730251915e+01
1.449186024322300703e+01
1.903335960432277574e+01
1.455198467338519031e+01
1.416172415523250194e+01
1.454789271725261912e+01
1.898723362349280563e+01
1.899235014608755634e+01
1.557463305545183729e+01
1.428468684030938363e+01
1.890138283381616802e+01
1.890443189338577668e+01
1.576177588173379185e+01
1.754161172543641811e+01
1.429370092573910966e+01
1.484271700182711662e+01
1.903335960432277574e+01
1.477175681338090030e+01
1.499573874385298566e+01
1.890138283381616802e+01
1.416172415523250194e+01
1.563380870611643481e+01
1.394320220162020973e+01
1.454789271725261912e+01
1.429370092573910966e+01
1.451448148440756825e+01
1.901100274186676131e+01
1.563380870611643481e+01
1.516643109194392913e+01
1.518259063802858222e+01
1.619360900284745952e+01
1.573162037105848654e+01
1.530158098259854427e+01
1.462125877787899242e+01
1.515695635162486354e+01
1.480983890321329000e+01
1.493689347917520394e+01
1.417060420808598487e+01
1.530555332310546390e+01
1.531715782416051752e+01
1.484070503614626979e+01
1.469658828700722353e+01
1.710377158400553554e+01
1.407517897212681746e+01
1.441666361081599135e+01
1.548143126075274267e+01
1.535536687463049432e+01
1.553686555771832545e+01
1.619851308605856488e+01
1.889106503679591142e+01
1.584336636130239917e+01
1.417060420808598487e+01
1.781069145778279506e+01
1.573162037105848654e+01
1.641666175434108865e+01
1.474519579337534836e+01
1.481311645605481075e+01
1.693450772386378134e+01
1.886531019914674800e+01
1.902304180730251915e+01
1.662606092865506824e+01
1.883884559533859004e+01
1.706815031624064005e+01
1.901100274186676131e+01
1.561993208523981380e+01
1.609744855158143295e+01
1.477933098089923902e+01
1.598807118763665969e+01
1.587943296919920755e+01
1.407517897212681746e+01
1.454789271725261912e+01
1.524710122277368640e+01
1.607514655866755504e+01
1.429370092573910966e+01
1.535243497705322291e+01
1.519202907155579574e+01
1.447229500276287517e+01
1.569909678303797662e+01
1.905049032704778611e+01
1.428468684030938363e+01
1.496115822885473357e+01
1.571745476980330380e+01
1.454789271725261912e+01
1.898723362349280563e+01
1.537095452957358255e+01
1.417998053739233910e+01
1.535993770109376300e+01
1.429370092573910966e+01
1.890728309918508998e+01
1.543678242954209168e+01
1.710377158400553554e+01
1.355158317471807550e+01
1.547651327731854565e+01
1.451596497415579812e+01
1.890993480078308053e+01
1.496406868441629001e+01
1.478209598352085408e+01
1.450023686341448759e+01
1.672867707484223843e+01
1.534263037926342754e+01
1.606237989641083175e+01
1.429370092573910966e+01
1.890138283381616802e+01
1.353643010200091723e+01
1.559901077037883432e+01
1.425615843927352699e+01
1.454789271725261912e+01
1.360372896022181166e+01
1.514204638290386917e+01
1.454789271725261912e+01
1.573162037105848654e+01
1.589282854054981620e+01
1.441666361081599135e+01
1.660570708539521334e+01
1.638607799826137068e+01
1.455729658479699573e+01
1.462527322258579865e+01
1.502676270955676330e+01
1.890443189338577668e+01
1.601140973970581527e+01
1.456746375542187621e+01
1.701538938323019323e+01
1.697179481349893138e+01
1.601211197583968371e+01
1.455376657265575702e+01
1.571483757488643818e+01
1.884996228179353395e+01
1.504766961207475262e+01
1.504876230945489901e+01
1.519670742000899111e+01
1.473766333339420953e+01
1.510983356779576070e+01
1.416172415523250194e+01
1.441591594674601140e+01
1.397882346938510878e+01
1.904436211825532510e+01
1.557463305545183729e+01
1.455376657265575702e+01
1.889469775509020977e+01
1.528295989903653052e+01
1.680253095335717717e+01
1.706815031624064005e+01
1.717295188150615814e+01
1.541417122726003086e+01
1.903011434141390978e+01
1.416172415523250194e+01
1.404800376688573138e+01
1.537915023964550443e+01
1.541417122726003086e+01
1.540885784893851707e+01
1.539600255743613388e+01
1.889469775509020977e+01
1.890443189338577668e+01
1.900204244375917995e+01
1.557058389495445816e+01
1.887463814746738322e+01
1.557463305545183729e+01
1.544265628494522957e+01
1.360719027402322112e+01
1.767284083187304589e+01
1.535243497705322291e+01
1.885525685298619791e+01
1.367758283873674685e+01
1.439064780776750929e+01
1.417998053739233910e+01
1.555298663695842620e+01
1.543678242954209168e+01
1.469844932153282535e+01
1.891463308965096601e+01
1.499087839815914514e+01
1.601140973970581527e+01
1.781069145778279506e+01
1.417998053739233910e+01
1.657633053496020992e+01
1.891851355654117839e+01
1.504902417877982401e+01
1.445989526492434329e+01
1.556186314698391193e+01
1.499961279723913066e+01
1.483209191390968229e+01
1.417998053739233910e+01
1.573162037105848654e+01
1.454789271725261912e+01
1.507601804223976671e+01
1.468574334316236474e+01
1.530935570867356432e+01
1.434419614370494145e+01
1.903011434141390978e+01
1.506473064950238339e+01
1.428468684030938363e+01
1.574289037993421658e+01
1.903925986969169770e+01
1.462744877666062848e+01
1.706815031624064005e+01
1.472091475641071057e+01
1.462330662257466152e+01
1.651785048022105329e+01
1.417998053739233910e+01
1.504382912839006714e+01
1.428468684030938363e+01
1.455198467338519031e+01
1.557463305545183729e+01
1.441591594674601140e+01
1.710377158400553554e+01
1.366840687250752140e+01
1.404800376688573138e+01
1.404800376688573138e+01
1.614023035379827675e+01
1.557938153938132508e+01
1.477712182154460052e+01
1.454789271725261912e+01
1.586359714156509426e+01
1.754161172543641811e+01
1.524135150816054285e+01
1.558547799929669608e+01
1.680253095335717717e+01
1.577221073500409965e+01
1.534263037926342754e+01
1.455376657265575702e+01
1.890728309918508998e+01
1.429370092573910966e+01
1.468574334316236474e+01
1.512041286349176872e+01
1.454789271725261912e+01
1.448379552138555404e+01
1.680253095335717717e+01
1.710377158400553554e+01
1.884449131243399123e+01
1.542111023969891370e+01
1.493993483132289235e+01
1.900204244375917995e+01
1.619303805109791483e+01
1.495805825518441523e+01
1.898723362349280563e+01
1.484273065876901398e+01
1.468574334316236474e+01
1.455599851921598642e+01
1.666137821662134400e+01
1.628950738208597215e+01
1.890443189338577668e+01
1.888322749449985594e+01
1.484536389687860591e+01
1.891463308965096601e+01
1.538142201632326156e+01
1.417998053739233910e+01
1.885525685298619791e+01
1.449472602308701141e+01
1.706815031624064005e+01
1.611607032450573485e+01
1.496406868441629001e+01
1.493096360252866006e+01
1.454789271725261912e+01
1.887902597136015359e+01
1.543240332489967237e+01
1.589282854054981620e+01
1.438652849625462160e+01
1.475484630026933530e+01
1.442531981429038979e+01
1.496406868441629001e+01
1.506473064950238339e+01
1.573162037105848654e+01
1.656470502449485593e+01
1.558891848721505191e+01
1.484271700182711662e+01
1.607515780139380723e+01
1.586359714156509426e+01
1.889106503679591142e+01
1.512285516866575286e+01
1.389044126860976647e+01
1.660016161813704372e+01
1.901921783696205637e+01
1.505545835106814145e+01
1.429370092573910966e+01
1.514600908333429174e+01
1.473573641116797361e+01
1.598750734120501171e+01
1.889469775509020977e+01
1.448031295707239252e+01
1.539565326206488471e+01
1.767284083187304589e+01
1.429370092573910966e+01
1.536056559233148100e+01
1.527005413352731367e+01
1.890993480078308053e+01
1.552061092798402164e+01
1.537095452957358255e+01
1.417998053739233910e+01
1.661351037193321289e+01
1.543678242954209168e+01
1.475609336116750470e+01
1.541417122726003086e+01
1.517357655259885618e+01
1.493689347917520394e+01
1.404800376688573138e+01
1.429370092573910966e+01
1.544745296989608008e+01
1.754161172543641811e+01
1.741864904035953998e+01
1.444047288700754805e+01
1.693450772386378134e+01
1.592763035178472997e+01
1.680253095335717717e+01
1.441666361081599135e+01
1.416172415523250194e+01
1.701538938323019323e+01
1.517357655259885618e+01
1.557463305545183729e+01
1.551118109252653809e+01
1.534263037926342754e+01
1.469658828700722353e+01
1.552061092798402164e+01
1.754161172543641811e+01
1.530555332310546390e+01
1.470069521856128958e+01
1.896500355144497618e+01
1.483209191390968229e+01
1.429370092573910966e+01
1.887902597136015359e+01
1.890728309918508998e+01
1.504876230945489901e+01
1.518259063802858222e+01
1.345530643141546889e+01
1.544265628494522957e+01
1.434419614370494145e+01
1.507918185522907706e+01
1.547021618050402125e+01
1.380955960924335102e+01
1.562452779083467291e+01
1.366840687250752140e+01
1.558569487586477109e+01
1.889469775509020977e+01
1.688341261272358906e+01
1.389044126860976647e+01
1.894652502872570565e+01
1.506473064950238339e+01
1.407517897212681746e+01
1.900661491797399094e+01
1.421221937319833373e+01
1.522176557468422864e+01
1.515653492518319112e+01
1.464735421039263308e+01
1.883884559533859004e+01
1.436700792156808681e+01
1.462459544301789194e+01
1.558547799929669608e+01
1.429370092573910966e+01
1.543678242954209168e+01
1.498027751024773480e+01
1.540806094274475768e+01
1.560428964207918412e+01
1.468574334316236474e+01
1.495805825518441523e+01
1.903335960432277574e+01
1.497593216961842444e+01
1.454789271725261912e+01
1.528219445675342314e+01
1.538829614700269843e+01
1.496406868441629001e+01
1.586359714156509426e+01
1.571745476980330380e+01
1.366840687250752140e+01
1.441666361081599135e+01
1.904436211825532510e+01
1.419815518272205601e+01
1.562453975497995096e+01
1.496406868441629001e+01
1.454789271725261912e+01
1.622070222026456321e+01
1.515695635162486354e+01
1.888322749449985594e+01
1.417998053739233910e+01
1.614365365313593514e+01
1.903335960432277574e+01
1.530140838596441633e+01
1.888322749449985594e+01
1.468574334316236474e+01
1.603480387570267141e+01
1.885525685298619791e+01
1.384684669887850106e+01
1.881454825821909793e+01
1.741864904035953998e+01
1.489228095907738414e+01
1.902667452559681394e+01
1.558547799929669608e+01
1.571745476980330380e+01
1.481727674038340936e+01
1.464816383140704659e+01
1.455376657265575702e+01
1.900661491797399094e+01
1.484897631670759566e+01
1.905049032704778611e+01
1.441591594674601140e+01
1.587943296919920755e+01
1.653243223706190790e+01
1.464735421039263308e+01
1.890993480078308053e+01
1.497469377233372612e+01
1.887463814746738322e+01
1.903011434141390623e+01
1.499054325690973499e+01
1.564023396449749193e+01
1.887006567325256867e+01
1.593923158408423291e+01
1.518772653333943623e+01
1.548795531473320608e+01
1.767284083187304589e+01
1.557463305545183729e+01
1.524442388445034879e+01
1.551939630735645181e+01
