2.343999999999999861e+00
2.181000000000000050e+00
2.359999999999999876e+00
2.075000000000000178e+00
2.052000000000000046e+00
2.035000000000000142e+00
2.234999999999999876e+00
2.424999999999999822e+00
2.337000000000000188e+00
2.192000000000000171e+00
2.299999999999999822e+00
2.346000000000000085e+00
2.245000000000000107e+00
2.237000000000000099e+00
2.084000000000000075e+00
2.297000000000000153e+00
2.229000000000000092e+00
2.476999999999999869e+00
2.190999999999999837e+00
1.891999999999999904e+00
2.032000000000000028e+00
2.088000000000000078e+00
2.387999999999999901e+00
2.173000000000000043e+00
2.322999999999999954e+00
2.092000000000000082e+00
2.291999999999999815e+00
2.387999999999999901e+00
2.113999999999999879e+00
2.298999999999999932e+00
1.752999999999999892e+00
2.188000000000000167e+00
2.319999999999999840e+00
2.298999999999999932e+00
2.463999999999999968e+00
2.245999999999999996e+00
2.185999999999999943e+00
2.375000000000000000e+00
2.290000000000000036e+00
2.504000000000000004e+00
2.274999999999999911e+00
2.321000000000000174e+00
1.828999999999999959e+00
2.463999999999999968e+00
2.133000000000000007e+00
2.080000000000000071e+00
2.271999999999999797e+00
2.370000000000000107e+00
2.309000000000000163e+00
2.286000000000000032e+00
2.134999999999999787e+00
2.294999999999999929e+00
2.141999999999999904e+00
2.387999999999999901e+00
2.419000000000000039e+00
2.221000000000000085e+00
2.198999999999999844e+00
2.318000000000000060e+00
2.326999999999999957e+00
2.035000000000000142e+00
2.258000000000000007e+00
2.484999999999999876e+00
2.307999999999999829e+00
2.107000000000000206e+00
2.267999999999999794e+00
2.290000000000000036e+00
2.604999999999999982e+00
2.095000000000000195e+00
2.423999999999999932e+00
2.262000000000000011e+00
2.222999999999999865e+00
2.077999999999999847e+00
1.812000000000000055e+00
2.278000000000000025e+00
2.212000000000000188e+00
2.483000000000000096e+00
2.657999999999999918e+00
2.156000000000000139e+00
2.274000000000000021e+00
2.583000000000000185e+00
2.287999999999999812e+00
2.525999999999999801e+00
2.158999999999999808e+00
2.407000000000000028e+00
2.384999999999999787e+00
2.263999999999999790e+00
2.141999999999999904e+00
2.097999999999999865e+00
2.745999999999999996e+00
2.347999999999999865e+00
2.446000000000000174e+00
2.161999999999999922e+00
2.404999999999999805e+00
2.077999999999999847e+00
2.023000000000000131e+00
1.987000000000000099e+00
2.544999999999999929e+00
2.330999999999999961e+00
2.403999999999999915e+00
2.270000000000000018e+00
2.314000000000000057e+00
1.991999999999999993e+00
2.273000000000000131e+00
2.444999999999999840e+00
2.600000000000000089e+00
2.251999999999999780e+00
2.125999999999999890e+00
2.241000000000000103e+00
2.322000000000000064e+00
2.182999999999999829e+00
2.685999999999999943e+00
2.125000000000000000e+00
2.209999999999999964e+00
2.172000000000000153e+00
2.180000000000000160e+00
2.371999999999999886e+00
2.202999999999999847e+00
2.447000000000000064e+00
2.483999999999999986e+00
2.245999999999999996e+00
2.087000000000000188e+00
2.390000000000000124e+00
2.291999999999999815e+00
2.351999999999999869e+00
2.125999999999999890e+00
2.035000000000000142e+00
2.258000000000000007e+00
2.366999999999999993e+00
2.305000000000000160e+00
2.146999999999999797e+00
2.361000000000000210e+00
2.491999999999999993e+00
2.088000000000000078e+00
2.124000000000000110e+00
2.112999999999999989e+00
2.504999999999999893e+00
2.560000000000000053e+00
2.225000000000000089e+00
2.032999999999999918e+00
2.330999999999999961e+00
2.500999999999999890e+00
2.241000000000000103e+00
1.885000000000000009e+00
2.087000000000000188e+00
2.396999999999999797e+00
2.052000000000000046e+00
2.132000000000000117e+00
2.220000000000000195e+00
2.540000000000000036e+00
2.214999999999999858e+00
2.375000000000000000e+00
2.214999999999999858e+00
2.096999999999999975e+00
2.484999999999999876e+00
2.153999999999999915e+00
2.240000000000000213e+00
1.917000000000000037e+00
2.165999999999999925e+00
2.267999999999999794e+00
2.028999999999999915e+00
2.047000000000000153e+00
2.136000000000000121e+00
2.295999999999999819e+00
2.250999999999999890e+00
2.346000000000000085e+00
2.484999999999999876e+00
2.088999999999999968e+00
2.274999999999999911e+00
1.895000000000000018e+00
2.154999999999999805e+00
2.132000000000000117e+00
2.642999999999999794e+00
2.362999999999999989e+00
2.289000000000000146e+00
2.104999999999999982e+00
2.095000000000000195e+00
2.125000000000000000e+00
2.532000000000000028e+00
2.745999999999999996e+00
2.505999999999999783e+00
2.404999999999999805e+00
2.225999999999999979e+00
2.373000000000000220e+00
2.095000000000000195e+00
2.181999999999999940e+00
2.277000000000000135e+00
2.286000000000000032e+00
2.016000000000000014e+00
2.271999999999999797e+00
2.273000000000000131e+00
2.095000000000000195e+00
2.369000000000000217e+00
2.342000000000000082e+00
2.161000000000000032e+00
2.395000000000000018e+00
2.189999999999999947e+00
1.838000000000000078e+00
2.353000000000000203e+00
2.486000000000000210e+00
2.343999999999999861e+00
2.220000000000000195e+00
2.607000000000000206e+00
2.326000000000000068e+00
2.079000000000000181e+00
2.451999999999999957e+00
2.228000000000000203e+00
2.289000000000000146e+00
2.583000000000000185e+00
2.415000000000000036e+00
2.391000000000000014e+00
2.430000000000000160e+00
2.387000000000000011e+00
2.091000000000000192e+00
2.282000000000000028e+00
2.366000000000000103e+00
1.953000000000000069e+00
2.217000000000000082e+00
2.446000000000000174e+00
2.274000000000000021e+00
2.108000000000000096e+00
2.228000000000000203e+00
2.060999999999999943e+00
2.052999999999999936e+00
2.209000000000000075e+00
1.983999999999999986e+00
2.592000000000000082e+00
2.123000000000000220e+00
1.957000000000000073e+00
2.161000000000000032e+00
2.258999999999999897e+00
2.181000000000000050e+00
2.194999999999999840e+00
2.380999999999999783e+00
2.133000000000000007e+00
1.965999999999999970e+00
2.362999999999999989e+00
1.943000000000000060e+00
2.241000000000000103e+00
2.317000000000000171e+00
2.474000000000000199e+00
2.688000000000000167e+00
2.302000000000000046e+00
2.185000000000000053e+00
2.289000000000000146e+00
2.080999999999999961e+00
2.407000000000000028e+00
2.299999999999999822e+00
2.290999999999999925e+00
2.238999999999999879e+00
2.249000000000000110e+00
1.983000000000000096e+00
2.148000000000000131e+00
2.266999999999999904e+00
2.321000000000000174e+00
2.253000000000000114e+00
2.067000000000000171e+00
2.055000000000000160e+00
2.295999999999999819e+00
2.338999999999999968e+00
2.404999999999999805e+00
2.366000000000000103e+00
2.416999999999999815e+00
2.422000000000000153e+00
2.056999999999999940e+00
2.149999999999999911e+00
2.282000000000000028e+00
2.290000000000000036e+00
2.607000000000000206e+00
2.339999999999999858e+00
2.387999999999999901e+00
2.258000000000000007e+00
2.299999999999999822e+00
2.013999999999999790e+00
2.169000000000000039e+00
2.626999999999999780e+00
2.508000000000000007e+00
2.281000000000000139e+00
2.119000000000000217e+00
2.338999999999999968e+00
2.330000000000000071e+00
2.287999999999999812e+00
2.213999999999999968e+00
2.214999999999999858e+00
1.961999999999999966e+00
2.168000000000000149e+00
2.428999999999999826e+00
1.987999999999999989e+00
2.274000000000000021e+00
2.314999999999999947e+00
2.436999999999999833e+00
1.939999999999999947e+00
2.144000000000000128e+00
2.053999999999999826e+00
2.253000000000000114e+00
1.909000000000000030e+00
2.347999999999999865e+00
2.197999999999999954e+00
2.428999999999999826e+00
2.225999999999999979e+00
2.553999999999999826e+00
1.987999999999999989e+00
2.158999999999999808e+00
2.414000000000000146e+00
2.509999999999999787e+00
2.286999999999999922e+00
2.454000000000000181e+00
2.375000000000000000e+00
2.343999999999999861e+00
2.383000000000000007e+00
1.997000000000000108e+00
2.342999999999999972e+00
2.379000000000000004e+00
2.267999999999999794e+00
2.528000000000000025e+00
2.560999999999999943e+00
2.315999999999999837e+00
2.153999999999999915e+00
2.447000000000000064e+00
2.222999999999999865e+00
2.491000000000000103e+00
2.447999999999999954e+00
2.428999999999999826e+00
2.041999999999999815e+00
2.355999999999999872e+00
2.330000000000000071e+00
2.301000000000000156e+00
2.440999999999999837e+00
2.569999999999999840e+00
2.097999999999999865e+00
2.395000000000000018e+00
2.240000000000000213e+00
1.911999999999999922e+00
2.157999999999999918e+00
2.396999999999999797e+00
2.201000000000000068e+00
2.233000000000000096e+00
2.346000000000000085e+00
2.365000000000000213e+00
2.209000000000000075e+00
2.367999999999999883e+00
2.269000000000000128e+00
2.446000000000000174e+00
1.961999999999999966e+00
2.419000000000000039e+00
2.500999999999999890e+00
2.013999999999999790e+00
2.076000000000000068e+00
2.380999999999999783e+00
2.161999999999999922e+00
2.315999999999999837e+00
2.363999999999999879e+00
2.161999999999999922e+00
2.451999999999999957e+00
2.435999999999999943e+00
1.883000000000000007e+00
2.346999999999999975e+00
2.218999999999999861e+00
2.330000000000000071e+00
1.891999999999999904e+00
2.217000000000000082e+00
2.387999999999999901e+00
2.080999999999999961e+00
2.112000000000000099e+00
2.370999999999999996e+00
2.255999999999999783e+00
2.108999999999999986e+00
2.103000000000000203e+00
2.096000000000000085e+00
2.509999999999999787e+00
1.993000000000000105e+00
2.193000000000000060e+00
2.362000000000000099e+00
2.472999999999999865e+00
2.330000000000000071e+00
2.484999999999999876e+00
1.967000000000000082e+00
2.269000000000000128e+00
2.424999999999999822e+00
2.404999999999999805e+00
2.685999999999999943e+00
2.142999999999999794e+00
2.471000000000000085e+00
2.180000000000000160e+00
2.240000000000000213e+00
2.277000000000000135e+00
2.165999999999999925e+00
2.250000000000000000e+00
2.392999999999999794e+00
2.415999999999999925e+00
2.737000000000000099e+00
1.981000000000000094e+00
2.314000000000000057e+00
2.255999999999999783e+00
1.897999999999999909e+00
2.484999999999999876e+00
2.330000000000000071e+00
2.257000000000000117e+00
2.267999999999999794e+00
2.209000000000000075e+00
2.302000000000000046e+00
2.028999999999999915e+00
2.278999999999999915e+00
2.294999999999999929e+00
2.463000000000000078e+00
2.299999999999999822e+00
2.298999999999999932e+00
2.500999999999999890e+00
1.943000000000000060e+00
2.177999999999999936e+00
2.455999999999999961e+00
2.249000000000000110e+00
2.152000000000000135e+00
1.862000000000000099e+00
2.262000000000000011e+00
2.266999999999999904e+00
2.343999999999999861e+00
2.033999999999999808e+00
2.428999999999999826e+00
2.299999999999999822e+00
2.330999999999999961e+00
2.552999999999999936e+00
2.275999999999999801e+00
2.876999999999999780e+00
2.108999999999999986e+00
2.338000000000000078e+00
2.236000000000000210e+00
2.099000000000000199e+00
2.391999999999999904e+00
2.500999999999999890e+00
2.382000000000000117e+00
2.145999999999999908e+00
2.112999999999999989e+00
2.508000000000000007e+00
2.116000000000000103e+00
2.221000000000000085e+00
2.451000000000000068e+00
