2.277000000000000135e+00
2.350999999999999979e+00
2.158999999999999808e+00
2.472999999999999865e+00
2.241999999999999993e+00
1.891999999999999904e+00
2.646999999999999797e+00
2.321000000000000174e+00
2.637000000000000011e+00
2.188000000000000167e+00
2.115000000000000213e+00
2.254000000000000004e+00
1.850999999999999979e+00
2.263999999999999790e+00
2.238999999999999879e+00
2.226999999999999869e+00
2.290000000000000036e+00
2.044999999999999929e+00
2.350999999999999979e+00
2.306000000000000050e+00
2.697000000000000064e+00
1.731000000000000094e+00
2.141000000000000014e+00
2.100999999999999979e+00
2.221000000000000085e+00
2.267999999999999794e+00
2.241999999999999993e+00
2.271999999999999797e+00
2.451000000000000068e+00
2.052999999999999936e+00
2.504999999999999893e+00
2.285000000000000142e+00
2.460999999999999854e+00
2.031000000000000139e+00
2.302000000000000046e+00
2.099000000000000199e+00
2.408999999999999808e+00
2.347999999999999865e+00
2.182999999999999829e+00
2.302999999999999936e+00
2.222999999999999865e+00
2.404999999999999805e+00
2.390000000000000124e+00
2.238999999999999879e+00
2.101999999999999869e+00
2.146999999999999797e+00
2.321000000000000174e+00
2.294999999999999929e+00
2.330000000000000071e+00
2.250000000000000000e+00
2.587000000000000188e+00
2.599000000000000199e+00
2.205000000000000071e+00
2.298999999999999932e+00
2.343999999999999861e+00
2.146999999999999797e+00
1.945000000000000062e+00
2.722999999999999865e+00
2.335999999999999854e+00
2.146999999999999797e+00
2.515000000000000124e+00
2.278999999999999915e+00
2.331999999999999851e+00
2.383999999999999897e+00
2.088000000000000078e+00
2.520999999999999908e+00
2.278000000000000025e+00
2.233999999999999986e+00
2.394000000000000128e+00
2.157999999999999918e+00
1.959000000000000075e+00
2.061999999999999833e+00
2.200000000000000178e+00
2.395000000000000018e+00
2.524000000000000021e+00
2.120999999999999996e+00
1.973999999999999977e+00
1.870999999999999996e+00
2.186999999999999833e+00
2.157000000000000028e+00
2.373000000000000220e+00
2.057999999999999829e+00
2.185000000000000053e+00
2.160000000000000142e+00
2.115000000000000213e+00
2.387999999999999901e+00
2.657999999999999918e+00
2.052000000000000046e+00
2.079000000000000181e+00
2.015000000000000124e+00
2.088999999999999968e+00
1.955000000000000071e+00
2.585999999999999854e+00
2.108000000000000096e+00
2.237000000000000099e+00
1.999000000000000110e+00
2.326000000000000068e+00
2.279999999999999805e+00
2.265000000000000124e+00
2.525999999999999801e+00
1.844000000000000083e+00
2.549999999999999822e+00
2.294999999999999929e+00
2.198999999999999844e+00
2.455999999999999961e+00
2.229000000000000092e+00
2.294999999999999929e+00
2.181000000000000050e+00
2.011000000000000121e+00
2.123000000000000220e+00
