2.986000000000000210e+00
2.803999999999999826e+00
3.579000000000000181e+00
2.693000000000000060e+00
2.842999999999999972e+00
2.653000000000000025e+00
2.923000000000000043e+00
2.962000000000000188e+00
2.943999999999999950e+00
2.573999999999999844e+00
2.770000000000000018e+00
2.837000000000000188e+00
2.931999999999999940e+00
3.111000000000000210e+00
3.015000000000000124e+00
3.056999999999999940e+00
2.810999999999999943e+00
2.892999999999999794e+00
2.875000000000000000e+00
2.501999999999999780e+00
2.759999999999999787e+00
2.596000000000000085e+00
3.271999999999999797e+00
2.863999999999999879e+00
3.052999999999999936e+00
2.786000000000000032e+00
2.734999999999999876e+00
3.633000000000000007e+00
3.024999999999999911e+00
3.225000000000000089e+00
2.642999999999999794e+00
2.501999999999999780e+00
2.758000000000000007e+00
3.225000000000000089e+00
3.214999999999999858e+00
2.827999999999999847e+00
2.967999999999999972e+00
3.390000000000000124e+00
2.960999999999999854e+00
3.294999999999999929e+00
3.309000000000000163e+00
2.705000000000000071e+00
2.559000000000000163e+00
3.214999999999999858e+00
2.896999999999999797e+00
3.186999999999999833e+00
3.529999999999999805e+00
2.874000000000000110e+00
2.842999999999999972e+00
2.654999999999999805e+00
2.576000000000000068e+00
2.922000000000000153e+00
2.954000000000000181e+00
3.438000000000000167e+00
2.971000000000000085e+00
2.744000000000000217e+00
3.275999999999999801e+00
2.931000000000000050e+00
3.028000000000000025e+00
2.686999999999999833e+00
3.084000000000000075e+00
2.939999999999999947e+00
3.274000000000000021e+00
2.770000000000000018e+00
2.722999999999999865e+00
3.028999999999999915e+00
2.995000000000000107e+00
2.845000000000000195e+00
2.543000000000000149e+00
3.319999999999999840e+00
2.778999999999999915e+00
2.728000000000000203e+00
2.870000000000000107e+00
2.968999999999999861e+00
2.959000000000000075e+00
3.178999999999999826e+00
2.474000000000000199e+00
2.781000000000000139e+00
2.799999999999999822e+00
3.249000000000000110e+00
3.055000000000000160e+00
3.104000000000000092e+00
2.903999999999999915e+00
2.811999999999999833e+00
3.271999999999999797e+00
3.189999999999999947e+00
3.418000000000000149e+00
2.814999999999999947e+00
3.305000000000000160e+00
3.200000000000000178e+00
3.314999999999999947e+00
3.156000000000000139e+00
2.918000000000000149e+00
2.742999999999999883e+00
3.205999999999999961e+00
2.729999999999999982e+00
2.746999999999999886e+00
2.930000000000000160e+00
3.177000000000000046e+00
2.910000000000000142e+00
2.630999999999999783e+00
2.649000000000000021e+00
2.947000000000000064e+00
2.988999999999999879e+00
3.192000000000000171e+00
3.418000000000000149e+00
2.726999999999999869e+00
2.721999999999999975e+00
2.878000000000000114e+00
2.621999999999999886e+00
3.318999999999999950e+00
2.818000000000000060e+00
2.612000000000000099e+00
3.142999999999999794e+00
2.669999999999999929e+00
3.387999999999999901e+00
3.103000000000000203e+00
2.851999999999999869e+00
2.620000000000000107e+00
3.084999999999999964e+00
3.003000000000000114e+00
3.115000000000000213e+00
2.818999999999999950e+00
2.924999999999999822e+00
2.943999999999999950e+00
2.803999999999999826e+00
2.956999999999999851e+00
3.077999999999999847e+00
2.833000000000000185e+00
3.286999999999999922e+00
2.698999999999999844e+00
3.000000000000000000e+00
2.939000000000000057e+00
2.575000000000000178e+00
2.737000000000000099e+00
3.057999999999999829e+00
2.891000000000000014e+00
2.927000000000000046e+00
2.666999999999999815e+00
2.709999999999999964e+00
3.043000000000000149e+00
3.166999999999999815e+00
2.420999999999999819e+00
2.911999999999999922e+00
2.775999999999999801e+00
2.842999999999999972e+00
2.891999999999999904e+00
3.044000000000000039e+00
2.962000000000000188e+00
3.169000000000000039e+00
2.859999999999999876e+00
2.903999999999999915e+00
2.866000000000000103e+00
3.237000000000000099e+00
2.673000000000000043e+00
2.863999999999999879e+00
2.773000000000000131e+00
2.942000000000000171e+00
3.035000000000000142e+00
2.487999999999999989e+00
2.866000000000000103e+00
2.697999999999999954e+00
3.154999999999999805e+00
2.850999999999999979e+00
2.697000000000000064e+00
3.237000000000000099e+00
2.849000000000000199e+00
2.883000000000000007e+00
3.266999999999999904e+00
2.992999999999999883e+00
2.829000000000000181e+00
3.467000000000000082e+00
2.793000000000000149e+00
2.795999999999999819e+00
2.759999999999999787e+00
2.705000000000000071e+00
2.842999999999999972e+00
2.982000000000000206e+00
3.305000000000000160e+00
3.149999999999999911e+00
3.343999999999999861e+00
2.908999999999999808e+00
3.120000000000000107e+00
2.907999999999999918e+00
2.884999999999999787e+00
2.661999999999999922e+00
2.903999999999999915e+00
2.902000000000000135e+00
3.529999999999999805e+00
2.837000000000000188e+00
3.169999999999999929e+00
2.616999999999999993e+00
3.081999999999999851e+00
3.144000000000000128e+00
2.982000000000000206e+00
3.267999999999999794e+00
2.771999999999999797e+00
2.846000000000000085e+00
3.282000000000000028e+00
2.777000000000000135e+00
2.963000000000000078e+00
3.141000000000000014e+00
2.898000000000000131e+00
2.713999999999999968e+00
2.782999999999999918e+00
3.140000000000000124e+00
2.801000000000000156e+00
2.911999999999999922e+00
2.979999999999999982e+00
2.722999999999999865e+00
3.097999999999999865e+00
2.936999999999999833e+00
3.024000000000000021e+00
2.926000000000000156e+00
3.225999999999999979e+00
2.818999999999999950e+00
2.688000000000000167e+00
3.108000000000000096e+00
3.209999999999999964e+00
2.919999999999999929e+00
3.099000000000000199e+00
3.033999999999999808e+00
2.910000000000000142e+00
2.765000000000000124e+00
2.682999999999999829e+00
2.979999999999999982e+00
2.797000000000000153e+00
2.839999999999999858e+00
2.837000000000000188e+00
2.758999999999999897e+00
3.091000000000000192e+00
2.793000000000000149e+00
2.741000000000000103e+00
2.462000000000000188e+00
3.149000000000000021e+00
2.907000000000000028e+00
3.000000000000000000e+00
2.887999999999999901e+00
3.068999999999999950e+00
3.060000000000000053e+00
3.153000000000000025e+00
2.841000000000000192e+00
2.919000000000000039e+00
3.044999999999999929e+00
2.843999999999999861e+00
2.899999999999999911e+00
3.213000000000000078e+00
2.646999999999999797e+00
2.874000000000000110e+00
3.049999999999999822e+00
2.575000000000000178e+00
3.015000000000000124e+00
3.233999999999999986e+00
3.149000000000000021e+00
3.407999999999999918e+00
3.029999999999999805e+00
3.068000000000000060e+00
3.154999999999999805e+00
3.088000000000000078e+00
2.991999999999999993e+00
3.225999999999999979e+00
2.919999999999999929e+00
2.861000000000000210e+00
2.871999999999999886e+00
3.011000000000000121e+00
2.999000000000000110e+00
3.202999999999999847e+00
3.141000000000000014e+00
3.258999999999999897e+00
3.271999999999999797e+00
3.229000000000000092e+00
2.825000000000000178e+00
3.250999999999999890e+00
2.931000000000000050e+00
3.565999999999999837e+00
2.962000000000000188e+00
2.748000000000000220e+00
3.076999999999999957e+00
2.876999999999999780e+00
3.208000000000000185e+00
2.753000000000000114e+00
2.926000000000000156e+00
3.033999999999999808e+00
2.722999999999999865e+00
2.879000000000000004e+00
2.911999999999999922e+00
2.935000000000000053e+00
2.787999999999999812e+00
3.259999999999999787e+00
3.031000000000000139e+00
2.838000000000000078e+00
3.080000000000000071e+00
2.673000000000000043e+00
3.407999999999999918e+00
2.846000000000000085e+00
2.733000000000000096e+00
2.951999999999999957e+00
3.549999999999999822e+00
2.861000000000000210e+00
2.722999999999999865e+00
3.048999999999999932e+00
2.648000000000000131e+00
2.781000000000000139e+00
2.088999999999999968e+00
2.839999999999999858e+00
3.001999999999999780e+00
3.091000000000000192e+00
2.813000000000000167e+00
2.906000000000000139e+00
2.879000000000000004e+00
3.286999999999999922e+00
3.088999999999999968e+00
2.827999999999999847e+00
3.016999999999999904e+00
3.140000000000000124e+00
3.047000000000000153e+00
2.875999999999999890e+00
3.083000000000000185e+00
2.822999999999999954e+00
2.843999999999999861e+00
2.866000000000000103e+00
2.702999999999999847e+00
3.145000000000000018e+00
3.000999999999999890e+00
2.841000000000000192e+00
2.636000000000000121e+00
3.190999999999999837e+00
3.087000000000000188e+00
3.193999999999999950e+00
2.823999999999999844e+00
2.770000000000000018e+00
2.879999999999999893e+00
3.039000000000000146e+00
2.781000000000000139e+00
2.910000000000000142e+00
2.870000000000000107e+00
2.839999999999999858e+00
2.999000000000000110e+00
3.266000000000000014e+00
2.850999999999999979e+00
2.958000000000000185e+00
3.314999999999999947e+00
2.854000000000000092e+00
2.725000000000000089e+00
3.509999999999999787e+00
3.250999999999999890e+00
2.822000000000000064e+00
2.825000000000000178e+00
2.664000000000000146e+00
2.709000000000000075e+00
2.793000000000000149e+00
2.983000000000000096e+00
3.173000000000000043e+00
2.664000000000000146e+00
2.863999999999999879e+00
2.740000000000000213e+00
3.201000000000000068e+00
3.229999999999999982e+00
3.060999999999999943e+00
2.665000000000000036e+00
3.438000000000000167e+00
2.694999999999999840e+00
2.863999999999999879e+00
3.067000000000000171e+00
2.791999999999999815e+00
2.753000000000000114e+00
2.732000000000000206e+00
2.783999999999999808e+00
2.088999999999999968e+00
2.870999999999999996e+00
2.637000000000000011e+00
2.741000000000000103e+00
2.744000000000000217e+00
2.918000000000000149e+00
3.049999999999999822e+00
2.708000000000000185e+00
3.020000000000000018e+00
2.794000000000000039e+00
2.770999999999999908e+00
3.318999999999999950e+00
3.176000000000000156e+00
3.096000000000000085e+00
2.891999999999999904e+00
2.959999999999999964e+00
2.963000000000000078e+00
2.668000000000000149e+00
2.875000000000000000e+00
2.770000000000000018e+00
2.794999999999999929e+00
3.509999999999999787e+00
2.794999999999999929e+00
2.762000000000000011e+00
2.814999999999999947e+00
2.734999999999999876e+00
3.044000000000000039e+00
2.770999999999999908e+00
3.138999999999999790e+00
2.569999999999999840e+00
3.000000000000000000e+00
3.263999999999999790e+00
2.847999999999999865e+00
3.051000000000000156e+00
2.818999999999999950e+00
3.027000000000000135e+00
3.213000000000000078e+00
2.778000000000000025e+00
3.379999999999999893e+00
2.951999999999999957e+00
2.927999999999999936e+00
3.233999999999999986e+00
2.896999999999999797e+00
2.971999999999999975e+00
2.786999999999999922e+00
2.952999999999999847e+00
2.726999999999999869e+00
3.322999999999999954e+00
2.883999999999999897e+00
3.549999999999999822e+00
3.007000000000000117e+00
2.705000000000000071e+00
3.067000000000000171e+00
2.697999999999999954e+00
3.271999999999999797e+00
2.664000000000000146e+00
3.273000000000000131e+00
2.974000000000000199e+00
2.742999999999999883e+00
3.061999999999999833e+00
3.379999999999999893e+00
3.023000000000000131e+00
2.898000000000000131e+00
2.809000000000000163e+00
3.370999999999999996e+00
3.101999999999999869e+00
2.967000000000000082e+00
2.959000000000000075e+00
