3.255999999999999783e+00
2.721999999999999975e+00
2.688000000000000167e+00
3.206999999999999851e+00
2.734999999999999876e+00
2.806000000000000050e+00
3.423999999999999932e+00
2.770000000000000018e+00
3.258999999999999897e+00
2.833000000000000185e+00
2.887000000000000011e+00
3.259999999999999787e+00
2.833000000000000185e+00
3.189999999999999947e+00
2.755999999999999783e+00
2.697000000000000064e+00
3.544000000000000039e+00
2.774999999999999911e+00
2.786000000000000032e+00
2.612000000000000099e+00
2.976999999999999869e+00
2.919000000000000039e+00
2.967000000000000082e+00
2.809000000000000163e+00
3.141999999999999904e+00
2.789000000000000146e+00
3.000999999999999890e+00
2.934000000000000163e+00
3.085999999999999854e+00
3.138999999999999790e+00
2.869000000000000217e+00
3.133000000000000007e+00
3.226999999999999869e+00
2.922000000000000153e+00
2.712000000000000188e+00
2.815999999999999837e+00
3.121999999999999886e+00
3.322000000000000064e+00
2.906000000000000139e+00
2.790999999999999925e+00
2.778000000000000025e+00
3.343999999999999861e+00
3.115000000000000213e+00
3.197000000000000064e+00
2.947000000000000064e+00
3.286999999999999922e+00
2.708000000000000185e+00
2.815999999999999837e+00
3.229999999999999982e+00
2.720000000000000195e+00
2.923000000000000043e+00
3.279999999999999805e+00
2.845000000000000195e+00
2.759999999999999787e+00
3.322999999999999954e+00
3.013999999999999790e+00
2.837000000000000188e+00
3.346000000000000085e+00
3.410000000000000142e+00
2.754000000000000004e+00
2.955999999999999961e+00
3.117999999999999883e+00
3.152000000000000135e+00
2.732000000000000206e+00
2.786000000000000032e+00
3.236000000000000210e+00
3.084000000000000075e+00
2.781000000000000139e+00
2.713999999999999968e+00
2.753000000000000114e+00
2.681999999999999940e+00
2.778999999999999915e+00
2.971000000000000085e+00
2.948999999999999844e+00
2.801000000000000156e+00
3.132000000000000117e+00
2.736000000000000210e+00
2.708000000000000185e+00
2.644000000000000128e+00
3.105999999999999872e+00
3.120000000000000107e+00
3.126999999999999780e+00
3.037999999999999812e+00
2.899999999999999911e+00
2.624000000000000110e+00
3.633000000000000007e+00
2.474000000000000199e+00
2.754999999999999893e+00
2.713999999999999968e+00
2.779999999999999805e+00
2.846000000000000085e+00
2.754000000000000004e+00
2.862000000000000099e+00
2.572999999999999954e+00
2.665000000000000036e+00
2.793000000000000149e+00
2.767999999999999794e+00
2.781000000000000139e+00
3.011000000000000121e+00
2.867999999999999883e+00
2.919000000000000039e+00
3.814999999999999947e+00
2.883999999999999897e+00
3.150999999999999801e+00
3.285000000000000142e+00
3.097999999999999865e+00
2.789000000000000146e+00
2.849000000000000199e+00
2.890000000000000124e+00
2.774000000000000021e+00
