1.470622287765984204e+01
1.372864332277410959e+01
1.736571937578597868e+01
1.217634742466061937e+01
1.709473104903676699e+01
1.345837674206771162e+01
1.415825113792100076e+01
1.477595357770127649e+01
1.592860551274705649e+01
1.300581228146413970e+01
1.430518128102999142e+01
1.372864332277410959e+01
1.421021852849283817e+01
1.510504605075525042e+01
1.489173518219899961e+01
1.478733399202109844e+01
1.476297590376667301e+01
1.314900626797165017e+01
1.307341782996527257e+01
1.362508930186300304e+01
1.268798301669101569e+01
1.314900626797165017e+01
1.709695406463282197e+01
1.381941990975615120e+01
1.432433485346625979e+01
1.470504891666327119e+01
1.274716208224935876e+01
1.736355110568040772e+01
1.459877982486730552e+01
1.736571937578597868e+01
1.332479924804006899e+01
1.295540268647844684e+01
1.345837674206771162e+01
1.734831606895798473e+01
1.735095124582467463e+01
1.430518128102999142e+01
1.307341782996527257e+01
1.710706917657120130e+01
1.710734775309468603e+01
1.471003043508047980e+01
1.634591059313945038e+01
1.321405288569322600e+01
1.362508930186300304e+01
1.736571937578597868e+01
1.486367949771599228e+01
1.521025372046867297e+01
1.710706917657120130e+01
1.295540268647844684e+01
1.458892932303218437e+01
1.274716208224935876e+01
1.345837674206771162e+01
1.321405288569322600e+01
1.475533249294197269e+01
1.735942208498322614e+01
1.458892932303218437e+01
1.415825113792100076e+01
1.392806152978947765e+01
1.512380886730988472e+01
1.432433485346625979e+01
1.537278710257554160e+01
1.472069609158969783e+01
1.401000347652489531e+01
1.490002954874914742e+01
1.356076971054137204e+01
1.285406930543098447e+01
1.404607667327630516e+01
1.538778468940438948e+01
1.387965904464607014e+01
1.346999312355932865e+01
1.592860551274705649e+01
1.300581228146413970e+01
1.333206802918005351e+01
1.554575219814261722e+01
1.555612740167698682e+01
1.573085079520297391e+01
1.636023726986303828e+01
1.710490090646562678e+01
1.465526426484587219e+01
1.285406930543098447e+01
1.660501520089313843e+01
1.432433485346625979e+01
1.533864219178747135e+01
1.497174137532256388e+01
1.385637097717080835e+01
1.577018386467878130e+01
1.709473104903676699e+01
1.736355110568040772e+01
1.548923974381538216e+01
1.708054741641427654e+01
1.576100464620875741e+01
1.735942208498322614e+01
1.454896708059673216e+01
1.626539993959885422e+01
1.354577892740841882e+01
1.616208073985751525e+01
1.446571794824321699e+01
1.300581228146413970e+01
1.345837674206771162e+01
1.423068482856089645e+01
1.487817623884424911e+01
1.321405288569322600e+01
1.415123910574246224e+01
1.418111279473950859e+01
1.458044395220040101e+01
1.588659556848210741e+01
1.736287865220713300e+01
1.307341782996527257e+01
1.398022382288493404e+01
1.444265196687036124e+01
1.345837674206771162e+01
1.734831606895798473e+01
1.420750058147834771e+01
1.310541126565989956e+01
1.556053066359332071e+01
1.321405288569322600e+01
1.710740121887730325e+01
1.417238538616396326e+01
1.592860551274705649e+01
1.252040251280954841e+01
1.567278943679061953e+01
1.475671081177661215e+01
1.710722776152806190e+01
1.371982092556039134e+01
1.487354220519495485e+01
1.460663859984526525e+01
1.544317538143563340e+01
1.426386233443619922e+01
1.499750015442222661e+01
1.321405288569322600e+01
1.710706917657120130e+01
1.236755224769399675e+01
1.442216123735149047e+01
1.438010295516658310e+01
1.345837674206771162e+01
1.242933281747623475e+01
1.413659022377756536e+01
1.345837674206771162e+01
1.432433485346625979e+01
1.483491169562519119e+01
1.333206802918005351e+01
1.552029807039084197e+01
1.639577291548575388e+01
1.334021109100502755e+01
1.485877708938198083e+01
1.510811189851673397e+01
1.710734775309468603e+01
1.472436814745799616e+01
1.466988293877145288e+01
1.584561284727156583e+01
1.566995531353227733e+01
1.494919905580600883e+01
1.333252243771896062e+01
1.590167419458400921e+01
1.708682733082770255e+01
1.405398525020600431e+01
1.396031536603767442e+01
1.411322480835566040e+01
1.483119121088853376e+01
1.410816486140312875e+01
1.295540268647844684e+01
1.319972654285293245e+01
1.291476294878765785e+01
1.736547576787072700e+01
1.430518128102999142e+01
1.333252243771896062e+01
1.710584394086566817e+01
1.535485569408692363e+01
1.551153366546400214e+01
1.576100464620875741e+01
1.586060363040451904e+01
1.433759830409928426e+01
1.736521750091263883e+01
1.295540268647844684e+01
1.284676106644512039e+01
1.421515175864552383e+01
1.433759830409928426e+01
1.547601712093170967e+01
1.559527039843427865e+01
1.710584394086566817e+01
1.710734775309468603e+01
1.735560426384759936e+01
1.452946422567678830e+01
1.709896828100704980e+01
1.430518128102999142e+01
1.404653108181521226e+01
1.257050660705438361e+01
1.647221930602711026e+01
1.415123910574246224e+01
1.708966586974320734e+01
1.249769110150460349e+01
1.464105426837778623e+01
1.310541126565989956e+01
1.561440090808673098e+01
1.417238538616396326e+01
1.347034994481563430e+01
1.710619282786996109e+01
1.377825771255394116e+01
1.472436814745799616e+01
1.660501520089313843e+01
1.310541126565989956e+01
1.549211589335161499e+01
1.710422845299235206e+01
1.526132884315949489e+01
1.470476081703509941e+01
1.452128359070782260e+01
1.508199599353182485e+01
1.346117072634561040e+01
1.310541126565989956e+01
1.432433485346625979e+01
1.345837674206771162e+01
1.393678158128442313e+01
1.359117263693373978e+01
1.538027299510352819e+01
1.314900626797165017e+01
1.736521750091263883e+01
1.385457460914088124e+01
1.307341782996527257e+01
1.579588547104700780e+01
1.736605141809208419e+01
1.472655379442931789e+01
1.576100464620875741e+01
1.494879636440905202e+01
1.339838509076279571e+01
1.543595728555328428e+01
1.310541126565989956e+01
1.405066943391734924e+01
1.307341782996527257e+01
1.332479924804006899e+01
1.430518128102999142e+01
1.319972654285293245e+01
1.592860551274705649e+01
1.262620244690877591e+01
1.284676106644512039e+01
1.284676106644512039e+01
1.507240542642119152e+01
1.453772246941185564e+01
1.500196205068561817e+01
1.345837674206771162e+01
1.458298505268103895e+01
1.634591059313945038e+01
1.422548634929700917e+01
1.418400176765558030e+01
1.551153366546400214e+01
1.471994438084439061e+01
1.426386233443619922e+01
1.333252243771896062e+01
1.710740121887730325e+01
1.321405288569322600e+01
1.359117263693373978e+01
1.532989930520319533e+01
1.345837674206771162e+01
1.459121844134691237e+01
1.551153366546400214e+01
1.592860551274705649e+01
1.708378724225439527e+01
1.422179280788003020e+01
1.396241009521155441e+01
1.735560426384759936e+01
1.635511712899884884e+01
1.397761576495306812e+01
1.734831606895798473e+01
1.361032620937000814e+01
1.359117263693373978e+01
1.465907596898788867e+01
1.538139481165339539e+01
1.521619267687311705e+01
1.710734775309468603e+01
1.710236306652601002e+01
1.506674117310280003e+01
1.710619282786996109e+01
1.435341514193318879e+01
1.310541126565989956e+01
1.708966586974320734e+01
1.460146787675440727e+01
1.576100464620875741e+01
1.491760005810033896e+01
1.371982092556039134e+01
1.514831489344017079e+01
1.345837674206771162e+01
1.710077188576844520e+01
1.440054594819026157e+01
1.483491169562519119e+01
1.450042127497521882e+01
1.498087036519024551e+01
1.308156089179024839e+01
1.371982092556039134e+01
1.385457460914088124e+01
1.432433485346625979e+01
1.655432923233676945e+01
1.441259420749153186e+01
1.362508930186300304e+01
1.500978744937834897e+01
1.458298505268103895e+01
1.710490090646562678e+01
1.403690791176872033e+01
1.283177028331216718e+01
1.532569897179900309e+01
1.736239021010351991e+01
1.406072153315885132e+01
1.321405288569322600e+01
1.535451486592919679e+01
1.337012139366913033e+01
1.492558272869692537e+01
1.710584394086566817e+01
1.472364299680396904e+01
1.436654480610098616e+01
1.647221930602711026e+01
1.321405288569322600e+01
1.433421274178915539e+01
1.418897372588323869e+01
1.710722776152806190e+01
1.434799129377540972e+01
1.420750058147834771e+01
1.310541126565989956e+01
1.673988113268900335e+01
1.417238538616396326e+01
1.484874693878343166e+01
1.433759830409928426e+01
1.378742647406152422e+01
1.356076971054137204e+01
1.284676106644512039e+01
1.321405288569322600e+01
1.551311502978012413e+01
1.634591059313945038e+01
1.622789544965262465e+01
1.323441115690580006e+01
1.577018386467878130e+01
1.486819988026630490e+01
1.551153366546400214e+01
1.333206802918005351e+01
1.295540268647844684e+01
1.584561284727156583e+01
1.378742647406152422e+01
1.430518128102999142e+01
1.433909443247608451e+01
1.426386233443619922e+01
1.346999312355932865e+01
1.434799129377540972e+01
1.634591059313945038e+01
1.404607667327630516e+01
1.479602521401453075e+01
1.733575986491313969e+01
1.346117072634561040e+01
1.321405288569322600e+01
1.710077188576844520e+01
1.710740121887730325e+01
1.396031536603767442e+01
1.392806152978947765e+01
1.243499762387539853e+01
1.404653108181521226e+01
1.314900626797165017e+01
1.515856701978657917e+01
1.553498233075974611e+01
1.275634130071938266e+01
1.568290435792469495e+01
1.262620244690877591e+01
1.564573812493051186e+01
1.710584394086566817e+01
1.558696264805678666e+01
1.283177028331216718e+01
1.732427718742062694e+01
1.385457460914088124e+01
1.300581228146413970e+01
1.735761848022183074e+01
1.289035606875687101e+01
1.406929099621780388e+01
1.414944613403284635e+01
1.328712872819363966e+01
1.708054741641427654e+01
1.448229620424278785e+01
1.340199166078726734e+01
1.418400176765558030e+01
1.321405288569322600e+01
1.417238538616396326e+01
1.399635970989875133e+01
1.547525086135413730e+01
1.566354030764652094e+01
1.359117263693373978e+01
1.397761576495306812e+01
1.736571937578597868e+01
1.505922925618976649e+01
1.345837674206771162e+01
1.407894810488450510e+01
1.558784768294622225e+01
1.371982092556039134e+01
1.458298505268103895e+01
1.444265196687036124e+01
1.262620244690877591e+01
1.333206802918005351e+01
1.736547576787072700e+01
1.302360612741341583e+01
1.458019507402983095e+01
1.371982092556039134e+01
1.345837674206771162e+01
1.514990706823694921e+01
1.401000347652489531e+01
1.710236306652601002e+01
1.310541126565989956e+01
1.494417373620157719e+01
1.736571937578597868e+01
1.428002440128403094e+01
1.710236306652601002e+01
1.359117263693373978e+01
1.483931995444717522e+01
1.708966586974320734e+01
1.265611274957287868e+01
1.706562698820584600e+01
1.622789544965262465e+01
1.392267745678490165e+01
1.736449414008044911e+01
1.418400176765558030e+01
1.444265196687036124e+01
1.504005042176724238e+01
1.474617229702795740e+01
1.333252243771896062e+01
1.735761848022183074e+01
1.493745036359402789e+01
1.736287865220713300e+01
1.319972654285293245e+01
1.446571794824321699e+01
1.544996668824034280e+01
1.328712872819363966e+01
1.710722776152806190e+01
1.388373950107778221e+01
1.709896828100704980e+01
1.736521750091263883e+01
1.375170930414696535e+01
1.446129418162961144e+01
1.709695406463282197e+01
1.611575150193064587e+01
1.526311956031946870e+01
1.429031688138195300e+01
1.647221930602711026e+01
1.430518128102999142e+01
1.531773927288038628e+01
1.448152729290335294e+01
