5.956200000000000000e+04
6.669200000000000000e+04
6.111300000000000000e+04
6.498600000000000000e+04
5.685200000000000000e+04
5.640900000000000000e+04
6.256700000000000000e+04
6.800900000000000000e+04
5.581200000000000000e+04
6.166000000000000000e+04
6.250000000000000000e+04
5.909600000000000000e+04
4.825900000000000000e+04
6.030600000000000000e+04
7.248400000000000000e+04
6.093500000000000000e+04
6.274900000000000000e+04
5.585300000000000000e+04
6.177700000000000000e+04
5.595400000000000000e+04
5.993800000000000000e+04
5.162500000000000000e+04
6.245500000000000000e+04
5.861100000000000000e+04
6.941200000000000000e+04
6.059000000000000000e+04
5.745900000000000000e+04
6.138300000000000000e+04
6.740700000000000000e+04
5.537400000000000000e+04
5.546700000000000000e+04
6.089200000000000000e+04
6.479100000000000000e+04
5.537400000000000000e+04
5.879100000000000000e+04
5.684900000000000000e+04
5.936500000000000000e+04
6.143400000000000000e+04
6.594700000000000000e+04
5.388500000000000000e+04
5.999800000000000000e+04
5.832100000000000000e+04
5.738400000000000000e+04
5.879100000000000000e+04
6.682800000000000000e+04
5.729600000000000000e+04
6.131200000000000000e+04
6.887500000000000000e+04
5.775400000000000000e+04
6.986800000000000000e+04
4.881300000000000000e+04
5.720200000000000000e+04
6.233800000000000000e+04
4.322400000000000000e+04
5.865400000000000000e+04
5.501500000000000000e+04
6.415900000000000000e+04
5.875100000000000000e+04
6.285900000000000000e+04
5.847500000000000000e+04
7.120000000000000000e+04
7.944000000000000000e+04
6.110900000000000000e+04
6.248900000000000000e+04
6.435300000000000000e+04
6.377500000000000000e+04
6.907600000000000000e+04
5.728100000000000000e+04
5.975000000000000000e+04
6.152300000000000000e+04
5.845300000000000000e+04
5.353500000000000000e+04
5.605900000000000000e+04
5.114000000000000000e+04
5.869400000000000000e+04
6.352700000000000000e+04
5.198000000000000000e+04
7.466600000000000000e+04
6.265000000000000000e+04
6.489800000000000000e+04
6.184000000000000000e+04
6.721900000000000000e+04
5.909600000000000000e+04
5.500600000000000000e+04
6.153400000000000000e+04
5.599100000000000000e+04
4.938700000000000000e+04
5.951000000000000000e+04
5.490500000000000000e+04
6.520700000000000000e+04
5.554200000000000000e+04
5.653100000000000000e+04
5.665800000000000000e+04
5.599500000000000000e+04
5.611000000000000000e+04
6.353500000000000000e+04
5.830500000000000000e+04
5.519800000000000000e+04
6.079700000000000000e+04
6.149400000000000000e+04
5.677800000000000000e+04
5.859800000000000000e+04
6.200800000000000000e+04
7.091600000000000000e+04
6.252400000000000000e+04
5.920700000000000000e+04
6.041900000000000000e+04
6.125200000000000000e+04
5.451800000000000000e+04
5.770900000000000000e+04
6.201900000000000000e+04
5.804800000000000000e+04
5.966800000000000000e+04
5.994800000000000000e+04
5.626900000000000000e+04
5.662000000000000000e+04
5.859500000000000000e+04
6.926900000000000000e+04
5.275800000000000000e+04
5.288300000000000000e+04
5.174600000000000000e+04
6.275600000000000000e+04
5.948300000000000000e+04
5.686100000000000000e+04
6.219500000000000000e+04
6.658500000000000000e+04
5.549900000000000000e+04
5.780600000000000000e+04
5.766600000000000000e+04
6.590100000000000000e+04
6.284800000000000000e+04
7.075600000000000000e+04
5.814900000000000000e+04
6.015800000000000000e+04
6.681400000000000000e+04
4.961100000000000000e+04
6.118100000000000000e+04
6.618000000000000000e+04
5.568600000000000000e+04
6.100300000000000000e+04
6.294200000000000000e+04
6.332800000000000000e+04
5.151900000000000000e+04
5.320900000000000000e+04
6.606000000000000000e+04
5.685200000000000000e+04
6.144900000000000000e+04
6.415900000000000000e+04
5.041900000000000000e+04
6.674900000000000000e+04
5.784200000000000000e+04
5.987000000000000000e+04
5.723000000000000000e+04
6.204700000000000000e+04
5.886400000000000000e+04
5.173800000000000000e+04
4.950200000000000000e+04
6.373500000000000000e+04
5.526200000000000000e+04
6.497500000000000000e+04
6.156200000000000000e+04
5.676200000000000000e+04
5.772900000000000000e+04
5.715400000000000000e+04
6.836700000000000000e+04
6.204700000000000000e+04
7.583900000000000000e+04
5.950700000000000000e+04
6.604800000000000000e+04
6.077700000000000000e+04
5.222300000000000000e+04
5.647800000000000000e+04
6.479000000000000000e+04
5.858600000000000000e+04
6.555800000000000000e+04
4.631900000000000000e+04
7.062900000000000000e+04
5.467800000000000000e+04
5.490500000000000000e+04
5.979400000000000000e+04
4.834000000000000000e+04
5.864600000000000000e+04
5.570300000000000000e+04
5.804700000000000000e+04
6.243500000000000000e+04
5.200900000000000000e+04
5.557200000000000000e+04
5.523000000000000000e+04
6.131200000000000000e+04
6.672500000000000000e+04
5.607900000000000000e+04
6.013000000000000000e+04
5.928100000000000000e+04
5.661000000000000000e+04
6.889500000000000000e+04
6.070200000000000000e+04
5.330900000000000000e+04
5.745000000000000000e+04
5.034300000000000000e+04
6.326400000000000000e+04
5.980900000000000000e+04
5.811600000000000000e+04
6.236200000000000000e+04
5.682500000000000000e+04
6.047200000000000000e+04
5.634300000000000000e+04
5.893500000000000000e+04
6.074600000000000000e+04
6.195700000000000000e+04
6.519200000000000000e+04
6.628200000000000000e+04
5.266600000000000000e+04
6.645300000000000000e+04
5.782900000000000000e+04
5.799100000000000000e+04
5.292300000000000000e+04
6.235800000000000000e+04
5.921100000000000000e+04
5.571000000000000000e+04
6.161500000000000000e+04
5.952500000000000000e+04
5.707700000000000000e+04
5.811100000000000000e+04
6.520500000000000000e+04
6.532000000000000000e+04
6.396300000000000000e+04
6.770600000000000000e+04
5.021200000000000000e+04
6.107100000000000000e+04
6.462600000000000000e+04
6.110600000000000000e+04
6.051200000000000000e+04
6.424200000000000000e+04
6.348700000000000000e+04
5.951200000000000000e+04
5.853500000000000000e+04
5.752300000000000000e+04
5.190800000000000000e+04
5.651100000000000000e+04
6.272300000000000000e+04
5.419000000000000000e+04
6.196900000000000000e+04
6.537500000000000000e+04
6.001600000000000000e+04
4.824900000000000000e+04
6.089300000000000000e+04
7.128600000000000000e+04
5.968500000000000000e+04
6.009500000000000000e+04
6.645900000000000000e+04
5.344400000000000000e+04
5.680300000000000000e+04
6.554500000000000000e+04
5.568100000000000000e+04
6.032900000000000000e+04
5.413400000000000000e+04
5.364600000000000000e+04
5.772900000000000000e+04
5.465800000000000000e+04
5.613200000000000000e+04
5.799100000000000000e+04
6.817100000000000000e+04
5.758000000000000000e+04
6.114200000000000000e+04
6.487800000000000000e+04
6.009900000000000000e+04
6.154400000000000000e+04
5.811600000000000000e+04
5.469700000000000000e+04
6.245500000000000000e+04
5.793600000000000000e+04
5.860900000000000000e+04
6.218000000000000000e+04
6.637200000000000000e+04
6.741300000000000000e+04
6.562800000000000000e+04
6.698600000000000000e+04
5.538700000000000000e+04
5.130800000000000000e+04
5.824900000000000000e+04
6.223100000000000000e+04
5.776800000000000000e+04
6.065400000000000000e+04
5.372500000000000000e+04
5.973800000000000000e+04
6.056300000000000000e+04
6.058300000000000000e+04
6.009300000000000000e+04
5.885400000000000000e+04
6.209000000000000000e+04
5.358900000000000000e+04
6.306600000000000000e+04
6.048800000000000000e+04
6.032900000000000000e+04
5.625600000000000000e+04
5.489100000000000000e+04
5.740200000000000000e+04
5.809600000000000000e+04
5.743600000000000000e+04
5.590900000000000000e+04
5.718600000000000000e+04
5.882500000000000000e+04
5.971100000000000000e+04
5.618600000000000000e+04
5.648800000000000000e+04
6.004100000000000000e+04
5.885300000000000000e+04
6.396500000000000000e+04
6.047200000000000000e+04
5.597700000000000000e+04
5.883800000000000000e+04
7.075000000000000000e+04
6.968400000000000000e+04
5.996400000000000000e+04
5.149400000000000000e+04
6.171900000000000000e+04
6.492100000000000000e+04
5.071500000000000000e+04
6.360700000000000000e+04
6.699400000000000000e+04
6.125700000000000000e+04
6.050700000000000000e+04
5.763700000000000000e+04
6.114600000000000000e+04
6.022100000000000000e+04
5.613000000000000000e+04
6.170500000000000000e+04
5.478800000000000000e+04
6.427400000000000000e+04
5.499600000000000000e+04
5.674600000000000000e+04
5.297900000000000000e+04
6.378900000000000000e+04
6.369700000000000000e+04
6.726700000000000000e+04
5.211400000000000000e+04
6.304300000000000000e+04
6.936000000000000000e+04
5.706400000000000000e+04
5.940600000000000000e+04
6.129500000000000000e+04
5.554200000000000000e+04
5.513100000000000000e+04
6.029000000000000000e+04
5.189000000000000000e+04
6.218000000000000000e+04
5.046300000000000000e+04
6.259900000000000000e+04
5.471500000000000000e+04
6.620200000000000000e+04
6.401400000000000000e+04
6.610600000000000000e+04
6.324500000000000000e+04
6.045200000000000000e+04
5.113700000000000000e+04
5.981500000000000000e+04
6.695900000000000000e+04
6.336400000000000000e+04
5.719200000000000000e+04
5.557100000000000000e+04
4.322400000000000000e+04
6.438700000000000000e+04
6.152000000000000000e+04
5.892000000000000000e+04
6.685800000000000000e+04
6.336700000000000000e+04
5.460800000000000000e+04
7.283100000000000000e+04
5.618600000000000000e+04
5.815500000000000000e+04
5.966300000000000000e+04
6.003100000000000000e+04
5.724400000000000000e+04
5.818600000000000000e+04
5.645500000000000000e+04
6.808400000000000000e+04
5.858000000000000000e+04
4.938300000000000000e+04
6.103800000000000000e+04
6.201900000000000000e+04
6.166400000000000000e+04
6.089400000000000000e+04
4.858800000000000000e+04
6.404000000000000000e+04
5.888100000000000000e+04
6.806000000000000000e+04
6.036200000000000000e+04
5.858000000000000000e+04
5.931000000000000000e+04
5.953200000000000000e+04
5.349000000000000000e+04
6.137500000000000000e+04
5.537100000000000000e+04
5.497400000000000000e+04
6.107300000000000000e+04
6.862100000000000000e+04
5.862900000000000000e+04
5.284900000000000000e+04
6.410500000000000000e+04
5.615500000000000000e+04
5.842200000000000000e+04
6.040200000000000000e+04
5.261600000000000000e+04
6.426000000000000000e+04
7.128600000000000000e+04
6.354100000000000000e+04
5.766000000000000000e+04
5.714900000000000000e+04
5.225100000000000000e+04
5.455700000000000000e+04
6.448700000000000000e+04
5.941800000000000000e+04
5.705800000000000000e+04
6.813800000000000000e+04
5.569100000000000000e+04
5.130600000000000000e+04
5.833000000000000000e+04
5.809600000000000000e+04
6.204700000000000000e+04
7.205900000000000000e+04
5.997800000000000000e+04
6.282200000000000000e+04
6.200000000000000000e+04
5.498700000000000000e+04
6.424900000000000000e+04
5.827700000000000000e+04
6.256400000000000000e+04
7.013000000000000000e+04
5.766000000000000000e+04
5.709500000000000000e+04
5.671400000000000000e+04
5.806600000000000000e+04
5.916100000000000000e+04
5.876100000000000000e+04
5.691300000000000000e+04
5.824500000000000000e+04
