1.341835199756365782e+01
1.367309848915829207e+01
1.329952290645701041e+01
1.380977298175877799e+01
1.364631954099735722e+01
1.364824343838880338e+01
1.349639089479335752e+01
1.392340929365020941e+01
1.346404775861142511e+01
1.359752850182138850e+01
1.351653600062040006e+01
1.367309848915829207e+01
1.350694664167438930e+01
1.380621685055625392e+01
1.378260500564285174e+01
1.377020932505566364e+01
1.376722091956919058e+01
1.335985468774059370e+01
1.394052428787749598e+01
1.332248667724506674e+01
1.355312766472114028e+01
1.335985468774059370e+01
1.364201110216315982e+01
1.346509508222254858e+01
1.384480841762973924e+01
1.375994651350075237e+01
1.390292950817344497e+01
1.331398318398747271e+01
1.374588685894787332e+01
1.329952290645701041e+01
1.326853923100383525e+01
1.392754690974675036e+01
1.364824343838880338e+01
1.334932210351964521e+01
1.334515571910079146e+01
1.351653600062040006e+01
1.394052428787749598e+01
1.360492391280906865e+01
1.359995373917383965e+01
1.358125329749204724e+01
1.351330484190495085e+01
1.362214590339469034e+01
1.332248667724506674e+01
1.329952290645701041e+01
1.377933522526224586e+01
1.348404630571746132e+01
1.360492391280906865e+01
1.392754690974675036e+01
1.356595766890163901e+01
1.390292950817344497e+01
1.364824343838880338e+01
1.362214590339469034e+01
1.342587461935177195e+01
1.332777763763835921e+01
1.356595766890163901e+01
1.349639089479335752e+01
1.347762861572856607e+01
1.362718684822369930e+01
1.384480841762973924e+01
1.383244489984736880e+01
1.376193592957279677e+01
1.382319247386798011e+01
1.378356368653308905e+01
1.377049608857460861e+01
1.365612292756200219e+01
1.349060599385931170e+01
1.383378151202937190e+01
1.341086149598725186e+01
1.397849949551035209e+01
1.346404775861142511e+01
1.359752850182138850e+01
1.363512328152543596e+01
1.384686886618752411e+01
1.352010574355972494e+01
1.353560731467272582e+01
1.356801669084828355e+01
1.361938419033953274e+01
1.391034225543676683e+01
1.365612292756200219e+01
1.353923484866603921e+01
1.384480841762973924e+01
1.364734465441945410e+01
1.345557036811318419e+01
1.340116628396545195e+01
1.344187544102222631e+01
1.364631954099735722e+01
1.331398318398747271e+01
1.339185495814639992e+01
1.366680200632901609e+01
1.378111106855295986e+01
1.332777763763835921e+01
1.313499468101927903e+01
1.356630375126421839e+01
1.343008007049320440e+01
1.356288003162679168e+01
1.385396129426869472e+01
1.359752850182138850e+01
1.364824343838880338e+01
1.351085480048795517e+01
1.393389030002298234e+01
1.362214590339469034e+01
1.341506559979987401e+01
1.350115551390436863e+01
1.374335183939403393e+01
1.354749279452194344e+01
1.326312403525288097e+01
1.394052428787749598e+01
1.344926892605879942e+01
1.352858120149216781e+01
1.364824343838880338e+01
1.334932210351964521e+01
1.385453811348673092e+01
1.360961236988867284e+01
1.352052150403302377e+01
1.362214590339469034e+01
1.359490776773930598e+01
1.350372615072267912e+01
1.346404775861142511e+01
1.352317157691748761e+01
1.353069153699181371e+01
1.342608061648067164e+01
1.358978554416340323e+01
1.345301121415526424e+01
1.378048952629874613e+01
1.374696265902840686e+01
1.373671023145271519e+01
1.308371773056073550e+01
1.361406669136033187e+01
1.362214590339469034e+01
1.360492391280906865e+01
1.384827161578575350e+01
1.388306187074771358e+01
1.371275104418982238e+01
1.364824343838880338e+01
1.385852867107320030e+01
1.349167827497604932e+01
1.364824343838880338e+01
1.384480841762973924e+01
1.359602014151303351e+01
1.363512328152543596e+01
1.366185329114775016e+01
1.386658937360278721e+01
1.339835332176757099e+01
1.344067070262658881e+01
1.380654024605914465e+01
1.359995373917383965e+01
1.354856028791663469e+01
1.375540430931138047e+01
1.345277891853884356e+01
1.376944876496348513e+01
1.360883351528611307e+01
1.396645429463858257e+01
1.354853406488880907e+01
1.365881914859597579e+01
1.347147147554486857e+01
1.303054266294992658e+01
1.305729633838559067e+01
1.377549424260941890e+01
1.348516127801653752e+01
1.392754690974675036e+01
1.395364444474086341e+01
1.358586619823191022e+01
1.327918560775201762e+01
1.351653600062040006e+01
1.396645429463858257e+01
1.361463868404985433e+01
1.383082678413131639e+01
1.374727644737428633e+01
1.378111106855295986e+01
1.379319493662024776e+01
1.309675936854200451e+01
1.330441773663499383e+01
1.392754690974675036e+01
1.391501337624073287e+01
1.385563364661664210e+01
1.309675936854200451e+01
1.384132272279995135e+01
1.352375822579946707e+01
1.361463868404985433e+01
1.359995373917383965e+01
1.333661009581110157e+01
1.355800288686272914e+01
1.363763095460820018e+01
1.351653600062040006e+01
1.382193700697245831e+01
1.353289461381945102e+01
1.352642499876831828e+01
1.341506559979987401e+01
1.365472310987170346e+01
1.386909488699477144e+01
1.340773984834955179e+01
1.360961236988867284e+01
1.385194110137965495e+01
1.350372615072267912e+01
1.341917659297658716e+01
1.357931052321926479e+01
1.334935315205066075e+01
1.354856028791663469e+01
1.353923484866603921e+01
1.360961236988867284e+01
1.365977527325969376e+01
1.356852504160494099e+01
1.348975009802738612e+01
1.341812225595588082e+01
1.355688177835389929e+01
1.380377005397260248e+01
1.375841222050732071e+01
1.360961236988867284e+01
1.384480841762973924e+01
1.364824343838880338e+01
1.380944171263397813e+01
1.366105328828652432e+01
1.383311398076117094e+01
1.335985468774059370e+01
1.330441773663499383e+01
1.336269734473765070e+01
1.394052428787749598e+01
1.386325154787552627e+01
1.328950676138724596e+01
1.376267590066955826e+01
1.378111106855295986e+01
1.345263291623471780e+01
1.328200845275928899e+01
1.365543842855664280e+01
1.360961236988867284e+01
1.347057044111572210e+01
1.394052428787749598e+01
1.326853923100383525e+01
1.351653600062040006e+01
1.395364444474086341e+01
1.346404775861142511e+01
1.354287060943369525e+01
1.391501337624073287e+01
1.391501337624073287e+01
1.362195057915885421e+01
1.355912776140096199e+01
1.345937786051009688e+01
1.364824343838880338e+01
1.353940741127768099e+01
1.351330484190495085e+01
1.350987407880772118e+01
1.383398220784422783e+01
1.374727644737428633e+01
1.358245939382014100e+01
1.308371773056073550e+01
1.396645429463858257e+01
1.359490776773930598e+01
1.362214590339469034e+01
1.366105328828652432e+01
1.349721908724822406e+01
1.364824343838880338e+01
1.374484576294896065e+01
1.374727644737428633e+01
1.346404775861142511e+01
1.366284529596772757e+01
1.342781663087677835e+01
1.344314039288781615e+01
1.333661009581110157e+01
1.356796324239804719e+01
1.344839178996243412e+01
1.334932210351964521e+01
1.398932570529586350e+01
1.366105328828652432e+01
1.375398763174996652e+01
1.372645317616526839e+01
1.363621335873608587e+01
1.359995373917383965e+01
1.362865371596775255e+01
1.346732444836063891e+01
1.357931052321926479e+01
1.353207107455603619e+01
1.360961236988867284e+01
1.365472310987170346e+01
1.374625553982677317e+01
1.378111106855295986e+01
1.393777447452610296e+01
1.345301121415526424e+01
1.347696412832644342e+01
1.364824343838880338e+01
1.363317864399041746e+01
1.353943329182737720e+01
1.359602014151303351e+01
1.373183382246851103e+01
1.345672769884206055e+01
1.370375432811962924e+01
1.345301121415526424e+01
1.336269734473765070e+01
1.384480841762973924e+01
1.385062993693846067e+01
1.388187291800834089e+01
1.332248667724506674e+01
1.361537972211140612e+01
1.353940741127768099e+01
1.361938419033953274e+01
1.304395214569860073e+01
1.357459735815932866e+01
1.371647718055102594e+01
1.331865470984608457e+01
1.347327753624152535e+01
1.362214590339469034e+01
1.349984446999834375e+01
1.374674991691784598e+01
1.360623465619588757e+01
1.361463868404985433e+01
1.342106266366099376e+01
1.353415868565886981e+01
1.352642499876831828e+01
1.362214590339469034e+01
1.352896277469694120e+01
1.307055746025744902e+01
1.358978554416340323e+01
1.387366671323271561e+01
1.385453811348673092e+01
1.360961236988867284e+01
1.355412747291969033e+01
1.350372615072267912e+01
1.377757728630558987e+01
1.309675936854200451e+01
1.379600700021137172e+01
1.377049608857460861e+01
1.391501337624073287e+01
1.362214590339469034e+01
1.384432074516780986e+01
1.351330484190495085e+01
1.350032746377420523e+01
1.337865428925136335e+01
1.344187544102222631e+01
1.359981492405685621e+01
1.374727644737428633e+01
1.363512328152543596e+01
1.392754690974675036e+01
1.345277891853884356e+01
1.379600700021137172e+01
1.351653600062040006e+01
1.387251069882466048e+01
1.308371773056073550e+01
1.397849949551035209e+01
1.387366671323271561e+01
1.351330484190495085e+01
1.349060599385931170e+01
1.377126619240788408e+01
1.336528872766984399e+01
1.375841222050732071e+01
1.362214590339469034e+01
1.363317864399041746e+01
1.359490776773930598e+01
1.303054266294992658e+01
1.347762861572856607e+01
1.350437197540671797e+01
1.382193700697245831e+01
1.335985468774059370e+01
1.381179132470245285e+01
1.384603746863484375e+01
1.356369388064271142e+01
1.385658812782872928e+01
1.354287060943369525e+01
1.385412030751328416e+01
1.361463868404985433e+01
1.375817992489090358e+01
1.357459735815932866e+01
1.337654255815871274e+01
1.336269734473765070e+01
1.359752850182138850e+01
1.333222994825614016e+01
1.366525569409265373e+01
1.383333373317083392e+01
1.349449980365791824e+01
1.373548107684526443e+01
1.366680200632901609e+01
1.372910945773498170e+01
1.340861037705501602e+01
1.383398220784422783e+01
1.362214590339469034e+01
1.350372615072267912e+01
1.345454571932800647e+01
1.384125968726672085e+01
1.385531848140235311e+01
1.366105328828652432e+01
1.344839178996243412e+01
1.329952290645701041e+01
1.380132714061619836e+01
1.364824343838880338e+01
1.340216037489406453e+01
1.352307319347961112e+01
1.345301121415526424e+01
1.353940741127768099e+01
1.352858120149216781e+01
1.354287060943369525e+01
1.363512328152543596e+01
1.327918560775201762e+01
1.332405454698586844e+01
1.356480960806680613e+01
1.345301121415526424e+01
1.364824343838880338e+01
1.362978818170642548e+01
1.382319247386798011e+01
1.362865371596775255e+01
1.360961236988867284e+01
1.394034007924213014e+01
1.329952290645701041e+01
1.351979723460263472e+01
1.362865371596775255e+01
1.366105328828652432e+01
1.392997410881440778e+01
1.365472310987170346e+01
1.389126720458397024e+01
1.368194356451076921e+01
1.350032746377420523e+01
1.342832379474722870e+01
1.330923767769779431e+01
1.383398220784422783e+01
1.352858120149216781e+01
1.346408395246198886e+01
1.376513579327525605e+01
1.396645429463858257e+01
1.333222994825614016e+01
1.378784560132287851e+01
1.326312403525288097e+01
1.395364444474086341e+01
1.385396129426869472e+01
1.365654410499312021e+01
1.373548107684526443e+01
1.358978554416340323e+01
1.301708567089300672e+01
1.363763095460820018e+01
1.330441773663499383e+01
1.399847858193481898e+01
1.388786040017219925e+01
1.364201110216315982e+01
1.356088326413730627e+01
1.382222115777431171e+01
1.344039568737133905e+01
1.352642499876831828e+01
1.351653600062040006e+01
1.382740971526543561e+01
1.355133174271717067e+01
