2.851999999999999869e+00
2.685999999999999943e+00
2.427999999999999936e+00
2.430000000000000160e+00
2.540999999999999925e+00
2.412999999999999812e+00
2.741999999999999993e+00
2.657999999999999918e+00
2.730999999999999872e+00
2.454000000000000181e+00
2.403999999999999915e+00
2.821000000000000174e+00
2.419999999999999929e+00
2.621999999999999886e+00
2.382000000000000117e+00
2.724000000000000199e+00
3.169000000000000039e+00
2.379000000000000004e+00
2.529999999999999805e+00
2.544000000000000039e+00
2.533999999999999808e+00
2.524000000000000021e+00
2.830000000000000071e+00
2.180000000000000160e+00
2.415000000000000036e+00
2.613999999999999879e+00
2.533999999999999808e+00
2.612000000000000099e+00
2.645000000000000018e+00
2.673000000000000043e+00
2.571000000000000174e+00
2.407000000000000028e+00
2.850000000000000089e+00
2.564999999999999947e+00
2.593999999999999861e+00
2.587000000000000188e+00
2.376999999999999780e+00
2.765000000000000124e+00
2.580999999999999961e+00
2.629000000000000004e+00
2.607000000000000206e+00
2.911000000000000032e+00
2.838000000000000078e+00
2.491000000000000103e+00
2.452999999999999847e+00
3.072999999999999954e+00
2.475000000000000089e+00
2.829000000000000181e+00
2.869000000000000217e+00
2.452999999999999847e+00
2.557999999999999829e+00
2.770000000000000018e+00
2.539000000000000146e+00
2.463999999999999968e+00
2.998000000000000220e+00
2.620999999999999996e+00
2.741999999999999993e+00
2.701999999999999957e+00
2.495999999999999996e+00
2.608999999999999986e+00
2.660000000000000142e+00
2.495999999999999996e+00
2.873000000000000220e+00
2.515000000000000124e+00
2.446000000000000174e+00
2.741999999999999993e+00
2.480999999999999872e+00
2.080000000000000071e+00
2.432999999999999829e+00
2.642999999999999794e+00
2.302999999999999936e+00
2.722999999999999865e+00
2.551000000000000156e+00
2.782000000000000028e+00
2.713999999999999968e+00
2.689999999999999947e+00
2.294999999999999929e+00
2.281000000000000139e+00
2.621999999999999886e+00
2.531000000000000139e+00
3.168000000000000149e+00
2.688000000000000167e+00
3.259999999999999787e+00
2.662999999999999812e+00
2.641000000000000014e+00
2.718999999999999861e+00
2.298999999999999932e+00
2.669000000000000039e+00
2.446000000000000174e+00
2.644000000000000128e+00
2.532000000000000028e+00
2.613999999999999879e+00
2.450000000000000178e+00
2.516999999999999904e+00
2.317000000000000171e+00
2.692000000000000171e+00
2.656000000000000139e+00
2.273000000000000131e+00
2.879000000000000004e+00
2.619000000000000217e+00
2.688000000000000167e+00
3.430000000000000160e+00
2.478000000000000203e+00
2.355999999999999872e+00
2.744000000000000217e+00
2.814000000000000057e+00
2.736000000000000210e+00
2.763999999999999790e+00
2.536999999999999922e+00
2.491999999999999993e+00
