-2.621473680128575956e-01
-3.993005233582888613e-01
-7.383160363787838465e-02
-5.378792527828509806e-01
-9.115594180989891049e-01
-9.361841230133073344e-01
-5.041420606514341873e-01
7.137317115684073121e-01
-2.595616926134507868e-02
-2.052351338380091317e+00
1.003368089530372487e+00
-5.185436948656121370e-01
2.007498579004735273e+00
2.529458729868243161e+00
1.812358666260710516e+00
-5.545178831400097152e-01
-6.230291006946058197e-01
2.366627280744808992e+00
-6.117443415800181139e-01
-1.430609917268380160e+00
-3.611322274209362582e-01
-2.363178073949078750e-01
1.837110551442115325e+00
7.611091708399220224e-02
-5.071641676642860697e-01
-3.494107110400586635e-01
-1.401148686991265491e+00
-7.149354588338558969e-01
1.308998380864391908e+00
3.976475773049477080e-01
4.428021804824933128e-01
-1.063510506976842684e+00
2.674184942958161559e-01
4.514615410894675107e-01
-1.102028302379669394e-01
-9.322715564261734311e-01
5.804858722121385844e-02
-6.980615941768389954e-01
-1.376791007337205830e-01
-2.821006679774041848e-01
-1.120993090012707638e+00
-5.873627168701491819e-01
-3.283976630585532241e-01
-1.590179016242774246e-01
2.048695292847755589e-01
-9.416771430925259256e-01
-4.291743755551268857e-01
1.372372460526898763e+00
-8.033275158132409111e-01
-1.102858054587429359e+00
1.527864367034596771e-01
1.015871332784255010e+00
1.134147403602940585e-01
1.411951140478881817e+00
-1.601686844873736193e-01
2.338929339608391889e+00
3.497877564671558748e+00
-6.285498293544251602e-01
5.803131082631080018e-01
-4.508689363124620542e-01
3.565097149571708757e-01
-5.467779950159754598e-01
1.685733480296426334e+00
-5.565344541814341017e-01
1.063796703064095350e+00
-7.218487135697586599e-01
7.274552296222902559e-02
8.015356257441490495e-01
1.845795060229025175e-01
2.673250735927907407e+00
8.488681103946621453e-01
2.265336989140246116e-01
-9.990474287958772681e-02
1.024690838809647842e+00
2.626984516920782275e-01
-2.741409474348222020e-01
-2.258885336292915991e+00
1.585850541589856499e+00
6.513925246206039299e-01
-1.295918593661148366e-01
8.199388575985376848e-01
-1.515155500516403297e-01
-2.160997284271195973e+00
-1.342753220643209344e+00
1.422218006729221607e+00
-1.091898931052611044e+00
2.181501236745008176e-01
-1.340801589268565630e+00
-5.802090026132005196e-01
1.052836398623848979e-01
5.863747699641305156e-01
-1.006317080437925560e+00
8.300839821295000753e-01
2.843821396875844121e-01
-2.388059234973346212e-01
-7.523541791267261969e-01
6.650018323101645201e-01
-2.016941136996912298e-01
1.783493631820460001e-01
-2.473370665593596751e+00
-8.051443395532793075e-04
4.688300030201499741e-02
-8.666595251350158735e-01
1.331113746518018948e+00
-5.402427233519748739e-01
1.552181557711469762e-01
-6.771820125030595383e-01
-1.173062066328665720e+00
5.161673080566548943e-01
-4.333620512849292727e-01
5.776262308067493800e-02
3.028801749043567859e-02
-2.476683594755973885e-04
5.266601173008721437e-01
-4.762947563252989958e-01
3.248064155933672592e-01
3.480531167468953746e-01
-1.852254394271173332e-01
-7.649745717108735743e-01
-1.576227457919477493e+00
-1.968003980309571965e-01
-3.400376821719379161e-01
-1.307606044631090814e-01
1.042848977312489600e+00
5.880218130529943910e-01
1.519149225171535056e+00
-2.298614592010319313e-01
1.220856180182538830e+00
1.797556128676876641e+00
5.982697055181371848e-01
-6.039775819656049149e-01
5.712366063133206273e-01
6.014632544257647595e-02
-9.514551987721150961e-02
-5.982483287649253967e-01
-2.283270307516465092e-01
1.656551202027759517e+00
9.587125998307240993e-01
-3.107137737571910030e+00
1.163060214228632594e+00
-1.490720911456089315e-01
1.530903637062756839e-01
3.775991361434449245e-01
-5.008229584979810856e-01
-7.962642648155998648e-01
-9.601523558578859419e-01
-7.694303957789197512e-02
3.507928732240485292e+00
-5.307289575494152922e-01
8.398205487445903339e-01
1.084325844215094231e-01
1.901374557780207031e+00
7.300270003501896365e-01
2.348196363608750503e-01
-8.990481824760707674e-01
6.529166081970365354e-02
-1.552116799520921082e-02
-5.351944475556602576e-02
1.349845930685461548e+00
1.851303236610559066e+00
4.170011057947948796e-01
1.346551312062823080e-01
9.146277710855655885e-01
7.284012427550307089e-01
7.695386810481956719e-01
1.855707447790063136e-01
-3.002056217009516081e-01
-2.277950539685494602e-01
1.807595378551560966e-02
1.362802142364543112e+00
-2.207353879757639192e-01
-5.855961459819817305e-01
1.653250205664229755e+00
1.279366579111154589e+00
-3.685058474211268947e-02
-1.528895580139550292e+00
-1.441879380352031115e+00
-5.351240879739996847e-01
-6.395540352164110764e-01
3.752856353596511152e+00
4.282718832697996608e-02
6.568937650968110775e-01
1.018164270243894221e+00
-3.614393718781194753e-01
-5.656097360042959821e-01
-3.773099048200960759e-01
-1.368582883662204652e-01
-2.802938463879621200e-01
-3.753604117706070831e-01
5.745724453283957978e-01
-8.284670524828092741e-01
-6.440196859067029989e-01
6.635120400669863860e-01
-1.024196490127632808e+00
2.671690113961309732e-01
-1.170248826575675416e+00
1.915857673322983956e+00
8.725357775481497047e-01
-1.835792288554696894e+00
3.811645862876477664e-01
-6.528738820667954190e-01
9.350541927689316468e-01
-1.384223197060684640e+00
-8.614012517125664292e-01
2.178061334588333509e+00
1.647591495845182052e+00
-6.564069251771784685e-01
8.907383305157408060e-01
-1.087513328246930255e+00
1.600085218059193348e+00
8.046516791909834598e-01
1.162796850765445145e+00
-1.598143990608627218e+00
6.653488877238240562e-01
-2.774467689812002980e-01
3.038807377311574687e+00
2.330639010802671440e-01
-1.022413858670004005e+00
1.627734920637635696e-01
1.425994142839640766e+00
8.513512782825834180e-02
1.548907702692915000e+00
5.926421976813800452e-01
-1.109070446692216327e+00
5.094308009497611200e-01
-1.653922889457763723e-01
1.319101065961043151e+00
-4.480152586622392907e-01
-5.622179259590032174e-01
-5.541392567154165283e-01
3.424767993942004485e-01
1.032955278768953988e+00
-1.809869294922964167e-01
1.254116901609358958e-01
6.584009869460729636e-01
-2.517785664980180527e-01
-8.243092283122377406e-02
-7.804753651565183858e-01
1.059252639474384639e+00
-3.029694599685942569e-01
-1.393537468055522810e+00
-9.721642271713670791e-01
-3.596590546808798305e-01
1.015912172812742931e+00
-8.759583782621443993e-01
-1.316207973551189792e+00
5.204595644168670265e-01
-5.416846468804321635e-01
7.195318036992275346e-01
-4.911619658396156329e-01
-1.486520502660783949e+00
7.453154494332824287e-01
2.281488037352288778e+00
-2.777090184639094406e-01
-1.027885114165991709e+00
-5.105435398453741502e-01
1.497114669199882397e-01
9.723859780425142540e-01
3.921823100723229039e-01
3.393021308197547992e-01
-2.284130463205641115e-01
2.450915350309450791e-01
2.622371802876167779e-01
-5.891771377603085558e-01
5.263790715310264767e-01
-3.146356038985357317e-01
4.690978227335321216e-01
9.919625727826716366e-01
8.976268115761307786e-01
1.774694487822536582e+00
1.555969002881738561e+00
1.583639970503330607e+00
8.259069606334679126e-01
-9.965651895395273401e-04
1.734193118276241563e+00
8.461773964038087348e-01
7.399427776615961072e-01
5.737378130698192469e-02
1.417238896728897135e+00
1.273054576588047881e+00
-1.242871319627177229e+00
1.915998969682407571e+00
3.791500230645054037e-01
-3.553116329167431142e-01
1.031190954535245730e-01
3.224418691945221682e-01
1.561460424613390296e+00
-2.014692550037306518e+00
-1.241798441580848955e+00
3.259671531472469463e-01
1.270585176311567643e+00
4.414568718887171284e-02
-3.090554039065196434e-01
-1.077345692315998749e+00
1.204680860616927029e+00
-2.132954005938774711e-01
9.174229499472889848e-02
4.328210200649363348e-01
4.635573606950222358e-01
-4.238682263321087440e-01
-1.125203728834835548e+00
1.747877888486434106e+00
-3.496398830914198008e-01
-2.124336541667295464e+00
5.180888897124094061e-01
-4.993710888317178243e-01
-5.228625944307938589e-01
4.585940677190561421e-02
8.454911258861207424e-01
1.781263092056906416e-01
-7.722808084112706695e-01
4.467675034414572144e-01
-6.312930263385847507e-01
1.590646010930281351e+00
5.840056442037343531e-01
1.548903906696538435e+00
-1.276798162423305794e+00
5.160765374711787645e-01
-2.919254126447884401e-01
8.470972160532544981e-01
2.196721600696219134e+00
-7.465220612132162509e-03
-4.138561396265881265e-01
4.988599779299333070e-01
6.279901623866991356e-01
-1.198722195896055470e-01
7.278044661246677038e-02
1.912775628045420562e-01
1.984447607064161179e-01
4.225458270072157241e+00
-2.570095771625425574e+00
-1.883097134172367237e+00
-5.684882561928658040e-01
2.014213024851126743e+00
7.099420899862162182e-01
-2.298614592010319313e-01
4.898694273325492760e-02
-1.263669504451091274e+00
-3.162546257027695762e-01
3.625102456215497093e-01
-2.762960860958629805e-01
6.313543544887372239e-01
1.623664738653607165e+00
-7.628159905827907039e-01
8.173619829080729371e-01
7.626042041013839645e-01
-1.879289876627367739e-01
1.288388870839934475e+00
-6.945020917415068995e-01
-1.181592173221920117e+00
1.155450303904774545e+00
-8.743584623987833426e-01
-5.735518467977849255e-01
-6.128585826930432745e-01
-4.425514702515850329e-01
7.880513530908118680e-01
2.480160027829262370e-01
-1.968857366008295862e-01
4.382658906541363475e-01
-5.393664657928508577e-01
1.472270480372071422e+00
-4.791065283943271580e-01
2.402922971301089117e+00
-2.214043205546233073e-01
1.793799509678876580e+00
8.512594566988983535e-01
-5.835551789269974865e-01
-1.357464406687301783e-01
-2.064991509064085129e+00
1.111227459628215231e+00
1.236584939881490319e+00
-1.446949077701813247e+00
-3.581920191352621630e-01
3.409567983230762933e-01
3.312586983024153331e-01
-9.278507562580401435e-01
-6.343100989955654523e-01
-2.080800351468340692e-01
6.368586635801536389e-01
3.948659296155104977e-03
1.311673272349550279e-01
3.215187548602240208e-01
-2.001166336516623456e+00
-1.773235227913230405e+00
-1.291884012517451746e-02
-9.874550951224555506e-01
7.322106362659008827e-01
-2.432444298935854954e-01
5.241527163581808368e-01
1.602691056792990620e+00
1.513611624654564336e+00
-1.872122882331383131e+00
1.177669626801842728e+00
-2.833087352591427077e+00
-1.581950485889669356e+00
-1.132943210143323221e+00
2.356274550229112974e-01
-1.561992229796940634e+00
-8.571533489115053250e-02
-6.242836255763699604e-01
-2.694009499880872127e+00
-6.218998476811793408e-02
-9.769382977310785421e-01
-2.833395692103678476e-01
5.837623209489509746e-01
9.388290345269508785e-01
4.594347072786523212e-01
-1.222041865729711629e-01
-5.996646540846265472e-01
-9.242458077750497214e-01
-5.168453620926699577e-01
1.322894445038574007e+00
-5.854745356794145428e-01
7.337068930929379063e-01
1.172754383244292820e+00
3.799584595594129310e-01
-1.196222121225005930e+00
3.807845205085203522e-01
-1.030491888788332533e+00
-1.028781398626493537e+00
1.012375082448907948e+00
1.762926672525291227e+00
9.905336708392588063e-01
-7.123647010367203380e-01
9.772070887335524425e-01
1.024159398512902053e+00
-1.654104409601165449e+00
3.846602155707082860e-01
4.089679315843101626e-01
-1.228312169557299827e+00
5.893818377151462951e-01
-5.078970000068376567e-02
-6.304981001681508879e-02
-7.821095002365024973e-01
-1.761456277384243208e-01
7.741050749853231779e-03
