2.123670000000000073e+04
2.297179999999999927e+04
1.902550000000000000e+04
2.399359999999999854e+04
1.770440000000000146e+04
1.899629999999999927e+04
2.121629999999999927e+04
2.417640000000000146e+04
1.871159999999999854e+04
1.680220000000000073e+04
2.162029999999999927e+04
1.970990000000000146e+04
1.865690000000000146e+04
2.210290000000000146e+04
2.485929999999999927e+04
2.136850000000000000e+04
2.069300000000000000e+04
2.109259999999999854e+04
1.829959999999999854e+04
1.934920000000000073e+04
1.889190000000000146e+04
1.726920000000000073e+04
1.941329999999999927e+04
2.172459999999999854e+04
2.294770000000000073e+04
2.288959999999999854e+04
1.593020000000000073e+04
1.960170000000000073e+04
2.109550000000000000e+04
1.611560000000000036e+04
1.986620000000000073e+04
2.024420000000000073e+04
2.397829999999999927e+04
1.611560000000000036e+04
1.800940000000000146e+04
2.032850000000000000e+04
2.046240000000000146e+04
1.919370000000000073e+04
1.851659999999999854e+04
1.830620000000000073e+04
2.074090000000000146e+04
1.816090000000000146e+04
2.303720000000000073e+04
1.800940000000000146e+04
2.261550000000000000e+04
1.970509999999999854e+04
1.848900000000000000e+04
2.428409999999999854e+04
1.936609999999999854e+04
2.164370000000000073e+04
1.517550000000000000e+04
2.032009999999999854e+04
2.063059999999999854e+04
1.648829999999999927e+04
2.151540000000000146e+04
1.776309999999999854e+04
2.103409999999999854e+04
2.404040000000000146e+04
2.339200000000000000e+04
2.120590000000000146e+04
2.244079999999999927e+04
2.844470000000000073e+04
2.117200000000000000e+04
2.261859999999999854e+04
2.206840000000000146e+04
2.123640000000000146e+04
2.420929999999999927e+04
1.993109999999999854e+04
1.664359999999999854e+04
2.114279999999999927e+04
1.918290000000000146e+04
1.950300000000000000e+04
2.088940000000000146e+04
1.902970000000000073e+04
2.068640000000000146e+04
2.106070000000000073e+04
1.629910000000000036e+04
2.270929999999999927e+04
2.390450000000000000e+04
1.926520000000000073e+04
2.004259999999999854e+04
2.138470000000000073e+04
1.969479999999999927e+04
1.896559999999999854e+04
2.200229999999999927e+04
1.939050000000000000e+04
1.501789999999999964e+04
1.944979999999999927e+04
1.597670000000000073e+04
1.959679999999999927e+04
1.554760000000000036e+04
1.866020000000000073e+04
1.873959999999999854e+04
1.910659999999999854e+04
2.083079999999999927e+04
2.309240000000000146e+04
2.039940000000000146e+04
1.880579999999999927e+04
2.136309999999999854e+04
2.354690000000000146e+04
1.851070000000000073e+04
2.455579999999999927e+04
2.394000000000000000e+04
2.430159999999999854e+04
2.638979999999999927e+04
1.517800000000000000e+04
2.163859999999999854e+04
2.426779999999999927e+04
1.926929999999999927e+04
1.977870000000000073e+04
1.846240000000000146e+04
2.045190000000000146e+04
1.837940000000000146e+04
2.059559999999999854e+04
1.547610000000000036e+04
1.612439999999999964e+04
2.169590000000000146e+04
2.378459999999999854e+04
1.914829999999999927e+04
1.719550000000000000e+04
1.828440000000000146e+04
2.139400000000000000e+04
2.088820000000000073e+04
2.071550000000000000e+04
2.525290000000000146e+04
2.309070000000000073e+04
2.151590000000000146e+04
2.237109999999999854e+04
2.064759999999999854e+04
1.913740000000000146e+04
2.186259999999999854e+04
2.490609999999999854e+04
2.311490000000000146e+04
2.112670000000000073e+04
2.260350000000000000e+04
1.654420000000000073e+04
2.121279999999999927e+04
2.171779999999999927e+04
2.263120000000000073e+04
2.384709999999999854e+04
2.114120000000000073e+04
2.322790000000000146e+04
2.038550000000000000e+04
1.749109999999999854e+04
2.577870000000000073e+04
1.770440000000000146e+04
2.299179999999999927e+04
2.251259999999999854e+04
1.840240000000000146e+04
2.110229999999999927e+04
2.237359999999999854e+04
1.830329999999999927e+04
1.883500000000000000e+04
1.932209999999999854e+04
2.007109999999999854e+04
2.085209999999999854e+04
2.039520000000000073e+04
2.207370000000000073e+04
2.027200000000000000e+04
2.193779999999999927e+04
1.920129999999999927e+04
1.969100000000000000e+04
1.648309999999999854e+04
1.989300000000000000e+04
2.362270000000000073e+04
1.932209999999999854e+04
2.449559999999999854e+04
2.213390000000000146e+04
2.238540000000000146e+04
1.778009999999999854e+04
1.824290000000000146e+04
1.712809999999999854e+04
2.407520000000000073e+04
1.989950000000000000e+04
2.422079999999999927e+04
1.634779999999999927e+04
2.517800000000000000e+04
1.948759999999999854e+04
1.597670000000000073e+04
1.846879999999999927e+04
1.606500000000000000e+04
1.963829999999999927e+04
1.809320000000000073e+04
2.122440000000000146e+04
2.154500000000000000e+04
1.776259999999999854e+04
2.058429999999999927e+04
2.219159999999999854e+04
1.848900000000000000e+04
2.286559999999999854e+04
2.109620000000000073e+04
2.093520000000000073e+04
2.088159999999999854e+04
2.207600000000000000e+04
2.536500000000000000e+04
1.928440000000000146e+04
2.014950000000000000e+04
1.968870000000000073e+04
1.695279999999999927e+04
2.287609999999999854e+04
2.149879999999999927e+04
1.906759999999999854e+04
1.850150000000000000e+04
2.098440000000000146e+04
1.936229999999999927e+04
1.927270000000000073e+04
2.254220000000000073e+04
1.991700000000000000e+04
2.262520000000000073e+04
2.168100000000000000e+04
2.595000000000000000e+04
1.785690000000000146e+04
2.253240000000000146e+04
2.293450000000000000e+04
1.805270000000000073e+04
2.080079999999999927e+04
2.533000000000000000e+04
2.095340000000000146e+04
1.577110000000000036e+04
1.972750000000000000e+04
2.347959999999999854e+04
2.234679999999999927e+04
2.391650000000000000e+04
2.047970000000000073e+04
2.053950000000000000e+04
2.713820000000000073e+04
2.338920000000000073e+04
2.027159999999999854e+04
2.102459999999999854e+04
2.161050000000000000e+04
1.985929999999999927e+04
2.446900000000000000e+04
2.099009999999999854e+04
2.306929999999999927e+04
2.012690000000000146e+04
1.880490000000000146e+04
1.762009999999999854e+04
1.989740000000000146e+04
1.875100000000000000e+04
1.865029999999999927e+04
1.821500000000000000e+04
2.009459999999999854e+04
2.336929999999999927e+04
1.979040000000000146e+04
1.847329999999999927e+04
2.109409999999999854e+04
2.261270000000000073e+04
2.059009999999999854e+04
2.159020000000000073e+04
2.192900000000000000e+04
1.919290000000000146e+04
1.987129999999999927e+04
2.118129999999999927e+04
1.844309999999999854e+04
1.930729999999999927e+04
1.889270000000000073e+04
1.938100000000000000e+04
1.648309999999999854e+04
1.959850000000000000e+04
1.873479999999999927e+04
1.805270000000000073e+04
2.408640000000000146e+04
1.788050000000000000e+04
2.470750000000000000e+04
2.254440000000000146e+04
1.954150000000000000e+04
1.741700000000000000e+04
1.906759999999999854e+04
1.689170000000000073e+04
1.941329999999999927e+04
2.316790000000000146e+04
1.794259999999999854e+04
1.731379999999999927e+04
2.381420000000000073e+04
2.244759999999999854e+04
2.374109999999999854e+04
2.305000000000000000e+04
1.757470000000000073e+04
1.672420000000000073e+04
1.807000000000000000e+04
2.083070000000000073e+04
1.849950000000000000e+04
1.923570000000000073e+04
1.882790000000000146e+04
2.457229999999999927e+04
2.198500000000000000e+04
2.485029999999999927e+04
2.194359999999999854e+04
2.001340000000000146e+04
2.270300000000000000e+04
2.285229999999999927e+04
2.143979999999999927e+04
2.009820000000000073e+04
1.930729999999999927e+04
2.193120000000000073e+04
1.890379999999999927e+04
2.106620000000000073e+04
1.665570000000000073e+04
2.004829999999999927e+04
1.721090000000000146e+04
2.141320000000000073e+04
2.167850000000000000e+04
2.122559999999999854e+04
1.924370000000000073e+04
1.949300000000000000e+04
2.052090000000000146e+04
1.861779999999999927e+04
2.193259999999999854e+04
2.192579999999999927e+04
2.230009999999999854e+04
1.765320000000000073e+04
2.845709999999999854e+04
2.508529999999999927e+04
2.162820000000000073e+04
1.763179999999999927e+04
1.923409999999999854e+04
2.055340000000000146e+04
1.759570000000000073e+04
2.120520000000000073e+04
2.466820000000000073e+04
1.998670000000000073e+04
2.114129999999999927e+04
2.189120000000000073e+04
2.045650000000000000e+04
1.816070000000000073e+04
2.133740000000000146e+04
2.260670000000000073e+04
1.787879999999999927e+04
2.188540000000000146e+04
2.024179999999999927e+04
1.918740000000000146e+04
1.568020000000000073e+04
2.182750000000000000e+04
2.174740000000000146e+04
2.495959999999999854e+04
1.851170000000000073e+04
1.977370000000000073e+04
2.368529999999999927e+04
1.815300000000000000e+04
2.093250000000000000e+04
2.411409999999999854e+04
1.554760000000000036e+04
1.971870000000000073e+04
2.237940000000000146e+04
1.558789999999999964e+04
1.731379999999999927e+04
2.112590000000000146e+04
2.164420000000000073e+04
1.866679999999999927e+04
2.354090000000000146e+04
2.260400000000000000e+04
2.266929999999999927e+04
2.231059999999999854e+04
2.109979999999999927e+04
1.645490000000000146e+04
2.167100000000000000e+04
2.171800000000000000e+04
1.812279999999999927e+04
1.857290000000000146e+04
1.863750000000000000e+04
1.648829999999999927e+04
2.315490000000000146e+04
2.006579999999999927e+04
1.714820000000000073e+04
2.247250000000000000e+04
2.238579999999999927e+04
1.736740000000000146e+04
2.491550000000000000e+04
1.924370000000000073e+04
2.162409999999999854e+04
2.199850000000000000e+04
2.140859999999999854e+04
1.981650000000000000e+04
1.980279999999999927e+04
2.037700000000000000e+04
2.167920000000000073e+04
2.143979999999999927e+04
1.464770000000000073e+04
2.688609999999999854e+04
1.846240000000000146e+04
2.091570000000000073e+04
1.943379999999999927e+04
1.696829999999999927e+04
1.798170000000000073e+04
2.046709999999999854e+04
2.428209999999999854e+04
2.101679999999999927e+04
2.076600000000000000e+04
1.972279999999999927e+04
1.619620000000000073e+04
2.044479999999999927e+04
1.941240000000000146e+04
2.141450000000000000e+04
1.299489999999999964e+04
2.104800000000000000e+04
2.586440000000000146e+04
1.877809999999999854e+04
1.461189999999999964e+04
2.377370000000000073e+04
1.758909999999999854e+04
2.082120000000000073e+04
1.744929999999999927e+04
1.908990000000000146e+04
2.236800000000000000e+04
2.261270000000000073e+04
2.255400000000000000e+04
1.765770000000000073e+04
1.988109999999999854e+04
2.051100000000000000e+04
1.505139999999999964e+04
2.187859999999999854e+04
2.297490000000000146e+04
2.099050000000000000e+04
2.576300000000000000e+04
1.740540000000000146e+04
1.418610000000000036e+04
1.953090000000000146e+04
1.665570000000000073e+04
2.274350000000000000e+04
2.507190000000000146e+04
2.212979999999999927e+04
2.168740000000000146e+04
1.887970000000000073e+04
2.337140000000000146e+04
2.172920000000000073e+04
1.680800000000000000e+04
2.052009999999999854e+04
2.269979999999999927e+04
1.765770000000000073e+04
2.024690000000000146e+04
1.766850000000000000e+04
2.420359999999999854e+04
1.993379999999999927e+04
2.206120000000000073e+04
2.219929999999999927e+04
1.994929999999999927e+04
