2.040509999999999854e+04
2.071020000000000073e+04
1.820209999999999854e+04
2.373150000000000000e+04
1.555820000000000073e+04
1.937150000000000000e+04
2.002170000000000073e+04
1.960940000000000146e+04
1.723909999999999854e+04
2.201870000000000073e+04
1.919829999999999927e+04
2.129220000000000073e+04
2.069120000000000073e+04
1.939050000000000000e+04
2.424629999999999927e+04
1.950979999999999927e+04
1.619100000000000000e+04
2.373400000000000000e+04
2.222329999999999927e+04
2.208720000000000073e+04
1.890020000000000073e+04
1.733229999999999927e+04
2.379929999999999927e+04
2.081700000000000000e+04
2.278759999999999854e+04
2.324700000000000000e+04
1.966950000000000000e+04
2.001559999999999854e+04
2.158850000000000000e+04
2.540309999999999854e+04
2.114420000000000073e+04
1.909029999999999927e+04
2.083170000000000073e+04
2.044950000000000000e+04
2.492470000000000073e+04
2.194600000000000000e+04
1.745279999999999927e+04
1.852779999999999927e+04
2.297279999999999927e+04
2.135609999999999854e+04
2.049240000000000146e+04
1.606500000000000000e+04
2.139400000000000000e+04
2.401050000000000000e+04
1.691209999999999854e+04
1.913740000000000146e+04
2.222250000000000000e+04
2.155109999999999854e+04
1.812279999999999927e+04
2.282879999999999927e+04
2.057970000000000073e+04
1.824770000000000073e+04
2.262690000000000146e+04
2.181840000000000146e+04
1.418610000000000036e+04
2.127550000000000000e+04
2.123300000000000000e+04
1.715470000000000073e+04
2.042390000000000146e+04
1.138029999999999927e+04
1.831220000000000073e+04
2.063690000000000146e+04
1.753550000000000000e+04
2.142279999999999927e+04
2.091270000000000073e+04
2.274190000000000146e+04
1.894420000000000073e+04
2.268070000000000073e+04
2.122029999999999927e+04
2.345979999999999927e+04
1.815800000000000000e+04
1.177489999999999964e+04
2.016570000000000073e+04
1.677640000000000146e+04
2.511559999999999854e+04
1.832120000000000073e+04
1.931340000000000146e+04
1.906490000000000146e+04
2.154600000000000000e+04
2.042070000000000073e+04
1.809320000000000073e+04
1.980000000000000000e+04
2.039440000000000146e+04
2.310220000000000073e+04
1.788609999999999854e+04
1.960170000000000073e+04
1.629910000000000036e+04
2.252100000000000000e+04
2.239879999999999927e+04
2.373309999999999854e+04
2.259029999999999927e+04
2.288529999999999927e+04
1.898150000000000000e+04
2.188559999999999854e+04
2.261679999999999927e+04
2.293259999999999854e+04
2.089429999999999927e+04
2.430470000000000073e+04
2.089120000000000073e+04
2.268500000000000000e+04
2.243179999999999927e+04
1.594239999999999964e+04
1.981390000000000146e+04
2.011120000000000073e+04
2.207309999999999854e+04
1.735570000000000073e+04
2.288709999999999854e+04
2.327870000000000073e+04
1.760079999999999927e+04
2.056300000000000000e+04
