9.712174522846270364e+00
9.611949102307812964e+00
9.213455811254073424e+00
9.874377723980568788e+00
9.577103917149212720e+00
9.614570591118349441e+00
9.756760811343220041e+00
1.004699233277124826e+01
9.642162704549226859e+00
9.610014904449942108e+00
9.688393980144878626e+00
9.611949102307812964e+00
9.758254797240288880e+00
9.997217030779587787e+00
9.994967521066605798e+00
9.993677429989149985e+00
9.993360039733801159e+00
9.672381953464666893e+00
9.890034834095198235e+00
9.811797257128199945e+00
9.604899730794734580e+00
9.672381953464666893e+00
9.567844666432552714e+00
9.685512932951526821e+00
9.957681906004706818e+00
9.992576188221885758e+00
9.886234042325035887e+00
9.243632728370327456e+00
9.991011664262474667e+00
9.213455811254073424e+00
9.789803052612727541e+00
9.888789978025990024e+00
9.614570591118349441e+00
9.319069304657991992e+00
9.310032482421327416e+00
9.688393980144878626e+00
9.890034834095198235e+00
9.489674949129165427e+00
9.479381770636267746e+00
9.767173674542082296e+00
9.647235677207978810e+00
9.612570840150896245e+00
9.811797257128199945e+00
9.213455811254073424e+00
9.994631163881951608e+00
9.719443733718890144e+00
9.489674949129165427e+00
9.888789978025990024e+00
9.765519382556650640e+00
9.886234042325035887e+00
9.614570591118349441e+00
9.612570840150896245e+00
9.713087774305421362e+00
9.272769717780114718e+00
9.765519382556650640e+00
9.756760811343220041e+00
9.686794207510088128e+00
9.771220025841081736e+00
9.957681906004706818e+00
9.996866468044016685e+00
9.992792191933219215e+00
1.003593841479753301e+01
9.995065629460679446e+00
9.961732070826618823e+00
9.947165240428867961e+00
9.688039063579298116e+00
9.996660531362570268e+00
9.741634994950604920e+00
9.888168240182906743e+00
9.642162704549226859e+00
9.610014904449942108e+00
9.613815696220106233e+00
9.992881657565591880e+00
9.721337649246603263e+00
9.718808949295397071e+00
9.667844076458965930e+00
9.519851866245421235e+00
1.004582568866538317e+01
9.947165240428867961e+00
9.647590593773559320e+00
9.957681906004706818e+00
9.769748391249635233e+00
9.716468483386208277e+00
9.739566974859606319e+00
9.639609250883991010e+00
9.577103917149212720e+00
9.243632728370327456e+00
9.632979699796736739e+00
9.621740290368983040e+00
9.919654023312908464e+00
9.272769717780114718e+00
9.574459278700969023e+00
9.681569124375782209e+00
9.681692257123392764e+00
9.693482624858429375e+00
9.949817354493493582e+00
9.610014904449942108e+00
9.614570591118349441e+00
9.758790459927380923e+00
1.004746213505038455e+01
9.612570840150896245e+00
9.843178756426260279e+00
9.757443904955927394e+00
9.990721998081792066e+00
9.713355757412498903e+00
9.138897731411219638e+00
9.890034834095198235e+00
9.749131905024830402e+00
9.686172469667004847e+00
9.614570591118349441e+00
9.319069304657991992e+00
1.003982654020039789e+01
9.611289565592334938e+00
9.721312172996894319e+00
9.612570840150896245e+00
9.468970377984771147e+00
9.688793958477541324e+00
9.642162704549226859e+00
9.600930266467116780e+00
9.720020176794669453e+00
9.713112425654612636e+00
9.458440104515760893e+00
9.684238271809133991e+00
9.994750215608235067e+00
9.991133858995294048e+00
9.914538849657699160e+00
9.558841557921825327e+00
9.770465130942838528e+00
9.612570840150896245e+00
9.489674949129165427e+00
9.879815277172777854e+00
1.004301076335340781e+01
9.987009391328349750e+00
9.614570591118349441e+00
9.881118868669826583e+00
9.756070484785466235e+00
9.614570591118349441e+00
9.957681906004706818e+00
9.768706706917873461e+00
9.613815696220106233e+00
9.764490774023629527e+00
9.877319371435488549e+00
9.677819506656875959e+00
9.714813553328747631e+00
9.997240515055487720e+00
9.479381770636267746e+00
9.673598216618399803e+00
9.992078192880148535e+00
9.640888870752073458e+00
9.918381842424320638e+00
9.769989140075693967e+00
9.890389750660778745e+00
9.712635469952438427e+00
9.604215050518124741e+00
9.752934026685810665e+00
9.540590061511835529e+00
9.550065053384770408e+00
9.994232507155430767e+00
9.755090892564290073e+00
9.888789978025990024e+00
9.890789728993441443e+00
9.608742723561354282e+00
9.171571145695230243e+00
9.688393980144878626e+00
9.890389750660778745e+00
9.509909330274830097e+00
9.997081712055639002e+00
9.915828388759083012e+00
9.919654023312908464e+00
9.920928684455299518e+00
9.562980391010698966e+00
9.223631442247290479e+00
9.888789978025990024e+00
9.887508703467426940e+00
1.003995437199793805e+01
9.562980391010698966e+00
9.994934113018027588e+00
9.721047992631993040e+00
9.509909330274830097e+00
9.479381770636267746e+00
9.291625528557458935e+00
9.764628320877214662e+00
9.558473201487522886e+00
9.688393980144878626e+00
9.964613118019970628e+00
9.602274362242601669e+00
9.647990572106222018e+00
9.843178756426260279e+00
9.595288442533085771e+00
9.882408407771210435e+00
9.710840345524943018e+00
9.611289565592334938e+00
9.990190793294884131e+00
9.688793958477541324e+00
9.680412637255310315e+00
9.437020248489545793e+00
9.821636508954641798e+00
9.673598216618399803e+00
9.647590593773559320e+00
9.611289565592334938e+00
9.765602672221023184e+00
9.415116869286311641e+00
9.720014669427488485e+00
9.712146222078438029e+00
9.764500894104639173e+00
9.997027040602759484e+00
9.960457409684227770e+00
9.611289565592334938e+00
9.957681906004706818e+00
9.614570591118349441e+00
1.003406964210946484e+01
9.614170612785686743e+00
9.996766674657921570e+00
9.672381953464666893e+00
9.223631442247290479e+00
9.826284191259864187e+00
9.890034834095198235e+00
9.979288240768177332e+00
9.192751240109677369e+00
9.992872216028342081e+00
9.919654023312908464e+00
9.716148187609336517e+00
9.795603579920722837e+00
9.767477219611178541e+00
9.611289565592334938e+00
9.752787182626487805e+00
9.890034834095198235e+00
9.789803052612727541e+00
9.688393980144878626e+00
9.890789728993441443e+00
9.642162704549226859e+00
9.603596139297684076e+00
9.887508703467426940e+00
9.887508703467426940e+00
9.771019319770292810e+00
9.764755706321729178e+00
9.716879574721943413e+00
9.614570591118349441e+00
9.681462768129613039e+00
9.647235677207978810e+00
9.758656895569064460e+00
9.962391607542098626e+00
9.915828388759083012e+00
9.767301101389497475e+00
9.558841557921825327e+00
9.890389750660778745e+00
9.468970377984771147e+00
9.612570840150896245e+00
9.614170612785686743e+00
9.720711838310339914e+00
9.614570591118349441e+00
9.990892998034638595e+00
9.915828388759083012e+00
9.642162704549226859e+00
9.613032110910452843e+00
9.847003383846843150e+00
9.748013613313426973e+00
9.291625528557458935e+00
9.668661862355282466e+00
9.748973694858092287e+00
9.319069304657991992e+00
9.883458538645514935e+00
9.614170612785686743e+00
9.991921460201247385e+00
9.913235258160650432e+00
9.771100968902864281e+00
9.479381770636267746e+00
9.539390962276696584e+00
9.717723532800421893e+00
9.437020248489545793e+00
9.761549165517466875e+00
9.611289565592334938e+00
9.595288442533085771e+00
9.991053589523742673e+00
9.919654023312908464e+00
1.004745509007002013e+01
9.684238271809133991e+00
9.718723799824413589e+00
9.614570591118349441e+00
9.548988855655206720e+00
9.762453072466819037e+00
9.768706706917873461e+00
9.989373667829953618e+00
9.716593918300883814e+00
9.954038644531969737e+00
9.684238271809133991e+00
9.826284191259864187e+00
9.957681906004706818e+00
9.816530146953471814e+00
1.004288347704776818e+01
9.811797257128199945e+00
9.770573589948995163e+00
9.681462768129613039e+00
9.519851866245421235e+00
9.545417371079549795e+00
9.607468889764200881e+00
9.911913481105566248e+00
9.253459716817978631e+00
9.753226516198061802e+00
9.612570840150896245e+00
9.720924984747380648e+00
9.959185228795639944e+00
9.769735184961408692e+00
9.509909330274830097e+00
9.712506572718332620e+00
9.761808065268199996e+00
9.647990572106222018e+00
9.612570840150896245e+00
9.761159751628785131e+00
9.554538113856022363e+00
9.458440104515760893e+00
1.004199293592226816e+01
1.003982654020039789e+01
9.611289565592334938e+00
9.571470988458465001e+00
9.688793958477541324e+00
9.994449190720249732e+00
9.562980391010698966e+00
9.964258201454390118e+00
9.961732070826618823e+00
9.887508703467426940e+00
9.612570840150896245e+00
9.993923168774500709e+00
9.647235677207978810e+00
9.645990821138768823e+00
9.675153633826308663e+00
9.639609250883991010e+00
9.769091732018917895e+00
9.915828388759083012e+00
9.613815696220106233e+00
9.888789978025990024e+00
9.640888870752073458e+00
9.964258201454390118e+00
9.688393980144878626e+00
1.004186573230838775e+01
9.558841557921825327e+00
9.888168240182906743e+00
1.004199293592226816e+01
9.647235677207978810e+00
9.688039063579298116e+00
9.993789059155497867e+00
9.354121117677536290e+00
9.960457409684227770e+00
9.612570840150896245e+00
9.548988855655206720e+00
9.468970377984771147e+00
9.540590061511835529e+00
9.686794207510088128e+00
9.598158586105475010e+00
9.964613118019970628e+00
9.672381953464666893e+00
9.997557717888806650e+00
9.993241585575772135e+00
9.606189269896118432e+00
9.986767424162628970e+00
9.603596139297684076e+00
9.988721020077274915e+00
9.509909330274830097e+00
9.917108008627167237e+00
9.607468889764200881e+00
9.379278394168318655e+00
9.826284191259864187e+00
9.610014904449942108e+00
9.282254063612429107e+00
9.948601091339760671e+00
1.003724878453831160e+01
9.756485577605662485e+00
9.957911394998486543e+00
9.621740290368983040e+00
9.989046559336436815e+00
9.679123098153926463e+00
9.962391607542098626e+00
9.612570840150896245e+00
9.688793958477541324e+00
9.750070721598795842e+00
9.994953127612340893e+00
9.987814483487998274e+00
9.614170612785686743e+00
9.748973694858092287e+00
9.213455811254073424e+00
9.996818494329032134e+00
9.614570591118349441e+00
9.839199528885792745e+00
9.721114076777588764e+00
9.684238271809133991e+00
9.681462768129613039e+00
9.686172469667004847e+00
9.603596139297684076e+00
9.613815696220106233e+00
9.171571145695230243e+00
9.666388908952406211e+00
9.765392158284086577e+00
9.684238271809133991e+00
9.614570591118349441e+00
9.771253753118280372e+00
1.003593841479753301e+01
9.539390962276696584e+00
9.611289565592334938e+00
1.004738042767480266e+01
9.213455811254073424e+00
9.759982805715239351e+00
9.539390962276696584e+00
9.614170612785686743e+00
1.004735924150974036e+01
9.595288442533085771e+00
9.884961861436448061e+00
9.655497532043412434e+00
9.645990821138768823e+00
9.745186183890055531e+00
9.233690192399736318e+00
9.962391607542098626e+00
9.686172469667004847e+00
9.717381597749023214e+00
9.993137020037137219e+00
9.890389750660778745e+00
9.282254063612429107e+00
9.995501096307931377e+00
9.138897731411219638e+00
9.890789728993441443e+00
9.949817354493493582e+00
9.767050572241931405e+00
9.957911394998486543e+00
9.458440104515760893e+00
9.535578119253107943e+00
9.558473201487522886e+00
9.223631442247288703e+00
9.875593987134301699e+00
1.004352023926459125e+01
9.567844666432552714e+00
9.697935482433903687e+00
9.997697004476654214e+00
9.850678416576061025e+00
9.647990572106222018e+00
9.688393980144878626e+00
9.997424828691963583e+00
9.763862995660186783e+00
