1.494255801118287685e+01
1.578237848341006178e+01
1.882340804892603714e+01
1.427138464016036146e+01
1.873789150278398097e+01
1.547301383415651621e+01
1.470698892545789249e+01
1.581022659031662592e+01
1.521645356857995246e+01
1.495085362851058974e+01
1.581106614415302936e+01
1.578237848341006178e+01
1.477630549767074264e+01
1.576250440407858555e+01
1.551760031599375189e+01
1.539555788149995941e+01
1.536683032428631357e+01
1.441704037571230224e+01
1.537016758868751332e+01
1.338965114973796844e+01
1.456328809025661108e+01
1.441704037571230224e+01
1.875228285756788438e+01
1.525460400249107273e+01
1.617345323258238565e+01
1.529808628304230744e+01
1.499183788040594045e+01
1.878201209231677282e+01
1.517023127532920945e+01
1.882340804892603714e+01
1.318563725034078793e+01
1.523495696884423189e+01
1.547301383415651621e+01
1.866788421843400769e+01
1.868243544120210942e+01
1.581106614415302936e+01
1.537016758868751332e+01
1.886439230082138963e+01
1.887801267953541995e+01
1.539442386056141210e+01
1.570340070531481480e+01
1.519397271694887941e+01
1.338965114973796844e+01
1.882340804892603714e+01
1.548496821645538368e+01
1.554587784986687105e+01
1.886439230082138963e+01
1.523495696884423189e+01
1.525049524488734143e+01
1.499183788040594045e+01
1.547301383415651621e+01
1.519397271694887941e+01
1.500389717153959523e+01
1.873983578324836685e+01
1.525049524488734143e+01
1.470698892545789249e+01
1.538061270439617267e+01
1.587078176657200324e+01
1.617345323258238565e+01
1.606778908263278893e+01
1.531671669398201452e+01
1.489369466595390001e+01
1.552722580199969649e+01
1.529558825438642522e+01
1.440760274373260152e+01
1.551582332423945410e+01
1.608499018927331292e+01
1.432102948514835639e+01
1.582336273530541426e+01
1.521645356857995246e+01
1.495085362851058974e+01
1.532918333679216083e+01
1.626754993219142165e+01
1.594067619326891538e+01
1.614121418207211889e+01
1.690733155417329314e+01
1.882299634421212531e+01
1.567232325409437799e+01
1.440760274373260152e+01
1.599864352522839006e+01
1.617345323258238565e+01
1.611624736119111034e+01
1.526668343430272401e+01
1.429251394348040272e+01
1.502307615674498109e+01
1.873789150278398097e+01
1.878201209231677282e+01
1.465988438311444853e+01
1.866474874174584286e+01
1.536605524892859442e+01
1.873983578324836685e+01
1.378052500658588997e+01
1.678486173252231950e+01
1.492834635983917480e+01
1.665509319067534477e+01
1.634136010450765752e+01
1.495085362851058974e+01
1.547301383415651621e+01
1.480324058962405509e+01
1.592658325863595259e+01
1.519397271694887941e+01
1.373188008630051193e+01
1.473765219329946952e+01
1.514791601000548482e+01
1.632284154009198929e+01
1.891680590081704949e+01
1.537016758868751332e+01
1.445888879052884946e+01
1.596901847085735504e+01
1.547301383415651621e+01
1.866788421843400769e+01
1.514242035382374851e+01
1.506796401504377947e+01
1.594570233192080799e+01
1.519397271694887941e+01
1.889154218513654016e+01
1.565965382160380948e+01
1.521645356857995246e+01
1.434618374066232782e+01
1.607427957530056517e+01
1.500560821503415809e+01
1.890497977580371369e+01
1.513749361595788301e+01
1.549645289154275751e+01
1.517977119373379757e+01
1.497848971067461932e+01
1.359684217943084583e+01
1.572695126920764785e+01
1.519397271694887941e+01
1.886439230082138963e+01
1.452557317309807061e+01
1.540092797996583407e+01
1.489796932404350116e+01
1.547301383415651621e+01
1.460427234215196535e+01
1.467767871828145232e+01
1.547301383415651621e+01
1.617345323258238565e+01
1.554024342789100821e+01
1.532918333679216083e+01
1.632703414833096289e+01
1.735809725083879229e+01
1.467122890865001139e+01
1.513088327943273370e+01
1.576599697313905857e+01
1.887801267953541995e+01
1.630037585261230504e+01
1.525604081475253970e+01
1.511592374091453550e+01
1.525743782047530495e+01
1.567177534922433502e+01
1.566541040860108858e+01
1.634062110378270560e+01
1.869423887630070524e+01
1.456350399550585983e+01
1.339931115402001005e+01
1.349932647489258208e+01
1.544703297262552688e+01
1.463882109511637175e+01
1.523495696884423189e+01
1.551399808605186870e+01
1.484223620005729849e+01
1.887734015782056574e+01
1.581106614415302936e+01
1.566541040860108858e+01
1.883688309133871641e+01
1.604724649717956453e+01
1.506406040864033358e+01
1.536605524892859442e+01
1.548316563546178593e+01
1.364436191519034836e+01
1.880969783892012615e+01
1.523495696884423189e+01
1.510894826693913195e+01
1.515181608964157789e+01
1.364436191519034836e+01
1.618661093122450723e+01
1.598539542642885003e+01
1.883688309133871641e+01
1.887801267953541995e+01
1.871129860567253189e+01
1.517874166664567959e+01
1.876659271562813913e+01
1.581106614415302936e+01
1.585205039604838184e+01
1.441235592376862940e+01
1.584723120267917018e+01
1.373188008630051193e+01
1.870886847032936018e+01
1.468984304011767961e+01
1.485993072274571958e+01
1.506796401504377947e+01
1.634788783423657677e+01
1.565965382160380948e+01
1.483549877566962039e+01
1.893157504505211719e+01
1.349055536631658647e+01
1.630037585261230504e+01
1.599864352522839006e+01
1.506796401504377947e+01
1.629404645182943412e+01
1.895779015271240198e+01
1.560459218774328072e+01
1.494072024683974398e+01
1.516880817378314106e+01
1.573623387574429167e+01
1.517847786785323372e+01
1.506796401504377947e+01
1.617345323258238565e+01
1.547301383415651621e+01
1.479770495359822213e+01
1.562442615670573609e+01
1.607637252781986703e+01
1.441704037571230224e+01
1.880969783892012615e+01
1.354031072678793457e+01
1.537016758868751332e+01
1.656430763937880712e+01
1.885055793324118767e+01
1.532367928215264818e+01
1.536605524892859442e+01
1.523931395386553156e+01
1.323661564808581481e+01
1.622865166240314139e+01
1.506796401504377947e+01
1.455884341110849434e+01
1.537016758868751332e+01
1.318563725034078793e+01
1.581106614415302936e+01
1.551399808605186870e+01
1.521645356857995246e+01
1.448458892120271813e+01
1.510894826693913195e+01
1.510894826693913195e+01
1.581228140662641302e+01
1.518875360337234426e+01
1.530257891123164704e+01
1.547301383415651621e+01
1.613246898068703317e+01
1.570340070531481480e+01
1.479641752584997860e+01
1.601000272275270575e+01
1.506406040864033358e+01
1.540608979960193103e+01
1.359684217943084583e+01
1.566541040860108858e+01
1.889154218513654016e+01
1.519397271694887941e+01
1.562442615670573609e+01
1.568299246908940425e+01
1.547301383415651621e+01
1.516103862830109250e+01
1.506406040864033358e+01
1.521645356857995246e+01
1.867953195283252299e+01
1.377730788481692592e+01
1.443356984414663202e+01
1.871129860567253189e+01
1.690062615006086943e+01
1.445517590950460551e+01
1.866788421843400769e+01
1.598681324513509416e+01
1.562442615670573609e+01
1.524306925113340938e+01
1.489979054162072458e+01
1.597603628906331785e+01
1.887801267953541995e+01
1.879496377429359910e+01
1.537897506369691136e+01
1.893157504505211719e+01
1.496105602267209811e+01
1.506796401504377947e+01
1.870886847032936018e+01
1.517349597996747690e+01
1.536605524892859442e+01
1.597147947044252625e+01
1.513749361595788301e+01
1.547421175885502187e+01
1.547301383415651621e+01
1.878082003514371934e+01
1.502020988195348217e+01
1.554024342789100821e+01
1.504952170900500086e+01
1.527754460780768930e+01
1.471221316054536388e+01
1.513749361595788301e+01
1.354031072678793457e+01
1.617345323258238565e+01
1.761026293016588085e+01
1.538960581282142748e+01
1.338965114973796844e+01
1.574096344491141686e+01
1.613246898068703317e+01
1.882299634421212531e+01
1.344957111442123399e+01
1.474170637239188153e+01
1.482755754418663585e+01
1.876803863936139294e+01
1.457295510299704233e+01
1.519397271694887941e+01
1.571105872293404637e+01
1.506986043939994424e+01
1.564472564442614733e+01
1.883688309133871641e+01
1.496440165202728778e+01
1.497760746851895064e+01
1.584723120267917018e+01
1.519397271694887941e+01
1.493674320517697574e+01
1.354845693128035578e+01
1.890497977580371369e+01
1.531270597106461118e+01
1.514242035382374851e+01
1.506796401504377947e+01
1.744903574536720470e+01
1.565965382160380948e+01
1.546755216213636608e+01
1.364436191519034836e+01
1.555680757613480658e+01
1.529558825438642522e+01
1.510894826693913195e+01
1.519397271694887941e+01
1.622959210967289323e+01
1.570340070531481480e+01
1.556819008547153338e+01
1.453282372810962109e+01
1.502307615674498109e+01
1.557872780229929610e+01
1.506406040864033358e+01
1.532918333679216083e+01
1.523495696884423189e+01
1.511592374091453550e+01
1.555680757613480658e+01
1.581106614415302936e+01
1.530205189056242077e+01
1.359684217943084583e+01
1.582336273530541426e+01
1.531270597106461118e+01
1.570340070531481480e+01
1.551582332423945410e+01
1.540578377764667728e+01
1.860890603296634183e+01
1.517847786785323372e+01
1.519397271694887941e+01
1.878082003514371934e+01
1.889154218513654016e+01
1.339931115402001005e+01
1.538061270439617267e+01
1.423040038826500897e+01
1.585205039604838184e+01
1.441704037571230224e+01
1.582343947886631419e+01
1.625500853716193106e+01
1.464885878822232712e+01
1.642882304791238468e+01
1.448458892120271813e+01
1.638480980808683540e+01
1.883688309133871641e+01
1.515690799280988799e+01
1.474170637239188153e+01
1.856388960573941560e+01
1.354031072678793457e+01
1.495085362851058974e+01
1.872560846373278665e+01
1.445802462760765472e+01
1.496975872348482817e+01
1.469510531280854337e+01
1.496933061173452728e+01
1.866474874174584286e+01
1.502698917426217129e+01
1.474992807770390435e+01
1.601000272275270575e+01
1.519397271694887941e+01
1.565965382160380948e+01
1.448187418497535717e+01
1.618572488190418568e+01
1.640586031289195290e+01
1.562442615670573609e+01
1.445517590950460551e+01
1.882340804892603714e+01
1.571025978653091748e+01
1.547301383415651621e+01
1.368534616708570084e+01
1.597690810868068745e+01
1.513749361595788301e+01
1.613246898068703317e+01
1.596901847085735504e+01
1.448458892120271813e+01
1.532918333679216083e+01
1.887734015782056574e+01
1.424036772200229883e+01
1.524000413247278551e+01
1.513749361595788301e+01
1.547301383415651621e+01
1.590049102334001141e+01
1.489369466595390001e+01
1.879496377429359910e+01
1.506796401504377947e+01
1.600177026952060899e+01
1.882340804892603714e+01
1.486740593183514925e+01
1.879496377429359910e+01
1.562442615670573609e+01
1.588236003470674440e+01
1.870886847032936018e+01
1.488322045195265098e+01
1.860487385763476809e+01
1.556819008547153338e+01
1.437796742606348310e+01
1.879589883944336393e+01
1.601000272275270575e+01
1.596901847085735504e+01
1.534758479215337168e+01
1.534695203588997181e+01
1.566541040860108858e+01
1.872560846373278665e+01
1.557053244981645967e+01
1.891680590081704949e+01
1.551399808605186870e+01
1.634136010450765752e+01
1.624492517976004535e+01
1.496933061173452728e+01
1.890497977580371369e+01
1.334866689784261595e+01
1.876659271562813913e+01
1.880969783892012615e+01
1.615472011706036426e+01
1.544707405149728352e+01
1.875228285756788438e+01
1.659795393048822021e+01
1.594247478308734323e+01
1.382150925848124245e+01
1.584723120267917018e+01
1.581106614415302936e+01
1.600479762120486882e+01
1.512030317992713435e+01
