2.568999999999999950e+00
2.446000000000000174e+00
2.318000000000000060e+00
2.456999999999999851e+00
2.375000000000000000e+00
2.363999999999999879e+00
2.656000000000000139e+00
2.451000000000000068e+00
2.212000000000000188e+00
2.576999999999999957e+00
2.580999999999999961e+00
2.415000000000000036e+00
2.035000000000000142e+00
2.298000000000000043e+00
2.404999999999999805e+00
2.178999999999999826e+00
2.466000000000000192e+00
2.375000000000000000e+00
2.370000000000000107e+00
2.412999999999999812e+00
1.868999999999999995e+00
2.326999999999999957e+00
2.508999999999999897e+00
2.408999999999999808e+00
2.545999999999999819e+00
2.318999999999999950e+00
2.121999999999999886e+00
2.442000000000000171e+00
2.802999999999999936e+00
2.498000000000000220e+00
2.391999999999999904e+00
2.467000000000000082e+00
2.603000000000000203e+00
2.200000000000000178e+00
2.306999999999999940e+00
2.471999999999999975e+00
2.443000000000000060e+00
2.692000000000000171e+00
2.334999999999999964e+00
2.491999999999999993e+00
2.447999999999999954e+00
2.834000000000000075e+00
2.770999999999999908e+00
2.624000000000000110e+00
2.661999999999999922e+00
2.451999999999999957e+00
2.346000000000000085e+00
2.333000000000000185e+00
2.692000000000000171e+00
2.121999999999999886e+00
2.670999999999999819e+00
2.495000000000000107e+00
2.318999999999999950e+00
2.369000000000000217e+00
2.681999999999999940e+00
2.576999999999999957e+00
2.150999999999999801e+00
2.599000000000000199e+00
2.842999999999999972e+00
2.361000000000000210e+00
2.670999999999999819e+00
2.616999999999999993e+00
2.491999999999999993e+00
2.435000000000000053e+00
2.240000000000000213e+00
2.645999999999999908e+00
2.603000000000000203e+00
2.529999999999999805e+00
2.371999999999999886e+00
2.327999999999999847e+00
2.255999999999999783e+00
2.649000000000000021e+00
2.599000000000000199e+00
2.569999999999999840e+00
2.490000000000000213e+00
2.648000000000000131e+00
2.342999999999999972e+00
2.056999999999999940e+00
2.436999999999999833e+00
2.612999999999999989e+00
2.593999999999999861e+00
2.517999999999999794e+00
2.301000000000000156e+00
2.512999999999999901e+00
2.412999999999999812e+00
2.638999999999999790e+00
2.696000000000000174e+00
2.113999999999999879e+00
2.459999999999999964e+00
2.438000000000000167e+00
2.446000000000000174e+00
2.358999999999999986e+00
2.049999999999999822e+00
2.339999999999999858e+00
2.459000000000000075e+00
2.323999999999999844e+00
2.395000000000000018e+00
2.455000000000000071e+00
2.713999999999999968e+00
2.584999999999999964e+00
2.399000000000000021e+00
2.794999999999999929e+00
2.436999999999999833e+00
2.448999999999999844e+00
2.709000000000000075e+00
2.354999999999999982e+00
2.341000000000000192e+00
2.490000000000000213e+00
2.145999999999999908e+00
2.371999999999999886e+00
