2.370905866786255700e+00
1.430407597684706822e+00
8.162398239015595802e-01
-4.661804194255703138e-01
4.567198738394724622e-02
-1.473043495622653243e+00
1.725140960920264144e+00
5.747594354235205927e-01
5.164059358725254789e-01
2.689770138871129257e-01
-8.463514447575981592e-02
9.587735176873610765e-01
4.634968526626871976e-01
-4.958087517227259267e-01
-1.394066209062150730e+00
1.556623481043274193e+00
-4.260379252140625295e-02
2.040230261836745829e+00
-3.691392005222888795e-01
-7.761463984003128536e-01
-8.422863523093447879e-01
-7.226280465835116518e-01
1.783771262454440398e+00
-1.285025274117761018e+00
-5.622816695918495533e-01
1.971703694699463438e-01
-1.163130595865397465e+00
3.924732365336358608e-01
5.854266591311676482e-01
-4.187569438917098513e-02
-4.856445762544724931e-01
-7.456199829087412079e-02
-1.847065227789793429e+00
-7.342772856142461280e-02
-1.521165369014059410e+00
1.274393162874030594e+00
1.319957405913762649e+00
3.645587659487588561e-01
2.609129799343443246e+00
2.552008359883549016e+00
-5.272332540239549337e-01
-1.093409561852240142e+00
-9.944553594022610410e-01
-1.491838039093855039e+00
2.825166680433687239e-01
1.234480092592336709e+00
1.036726004922905231e+00
9.420960190554363844e-01
-1.456787786857874245e+00
1.175896376975154034e-01
-1.191310764592773852e+00
4.910974824655642973e-02
1.110036688674052474e+00
-1.152950970893548810e+00
1.208417562084684427e+00
-8.597492363584235964e-01
2.367524148816152252e+00
-2.843043388674010852e-01
1.941473029720980070e-01
-1.583404955466382935e+00
1.469881271546756629e+00
1.091835631188391442e+00
2.156517221953734076e+00
1.298557013764847778e-01
5.556032469936387219e-01
1.124513100878430372e+00
-3.600621375432038751e-01
8.740201116418171157e-02
-2.084100982654396805e+00
1.337759594783181516e+00
4.928509626314155762e-02
-1.712695060158085480e+00
-1.689869706033611418e+00
-4.915083036225005308e-01
-6.073852832010921965e-01
4.041389238655636040e-01
8.059162851779108072e-01
-5.504816212613422577e-01
3.470374493193796872e-01
9.403250282160202644e-01
1.773993582064864682e+00
5.952116213475143747e-01
1.396416986023617079e+00
6.129177074576329654e-01
4.404057130735960501e-01
-1.385869613739873607e+00
6.516117286627405580e-02
-1.011042422972300070e+00
-3.798275699663105076e+00
-2.494213555249691350e-01
2.191777818582740511e-01
-5.644612983290762109e-01
-4.918013967377243834e-01
7.657357951690252351e-01
-5.023569072683310432e-01
-1.477719185606861108e-01
-5.996060705981064165e-02
-1.459625950434858266e-01
1.274257474372503474e+00
1.954072623017006349e-01
-1.246811822828373384e-01
-1.282369272343548472e+00
2.053954975851112197e-01
1.061789681048801892e+00
6.523177143284979440e-01
-4.806992644387163560e-01
-1.683220621394037275e+00
-6.406985098752442376e-01
9.487270745816563100e-02
-9.870352827907924453e-01
9.126602040169805585e-01
-7.519812335958887539e-01
-1.415046840466321676e+00
2.388535965214775951e-03
6.605711690285636095e-01
1.038351332035788221e+00
2.680411045856335717e-01
-3.695490118234046051e-01
-7.838832476254530279e-01
4.357637563492404720e-01
-1.137544292197669504e+00
1.265083294505511713e+00
-5.135714324214669668e-01
1.166582068866178767e+00
1.482872638803531595e+00
1.779273628660274775e-01
1.510532947575355389e-01
4.865114512268916419e-02
3.278110713379469524e-03
-5.470483605178936282e-01
2.797296281848657973e+00
1.503910333634399077e+00
-7.014398519672300214e-01
-4.289992288958318079e-01
6.796873431559238288e-01
-6.924085927335132951e-01
1.405143661050245907e+00
4.573791485126916245e-01
-9.509051593076628395e-01
7.247405820814414312e-01
2.575797434123800467e-01
-4.417718923211826354e-01
-9.152380060523322980e-01
-1.633353669168668754e+00
8.705142394136895501e-01
7.631054038897654157e-02
1.145546435272871699e+00
5.010569943547947824e-01
-1.096638472279790055e-02
-7.931755112331068114e-01
-1.044095179630303072e+00
8.706027275588203995e-01
-3.595991817489668230e-01
-1.263340942296159453e+00
-9.061510190178898583e-01
1.660325492022188820e-01
9.044215481034616200e-02
-1.889676578621726777e-01
4.771286730384241004e-01
-9.343135161410166534e-01
-8.728009481351690912e-02
7.270655995313870523e-01
-2.561397387688598482e+00
-4.250418959791059104e-01
-5.445103765277944374e-01
-1.236607380821932223e+00
-3.134837659647867203e-01
-9.867970446542924101e-01
-1.146591043235347440e+00
-8.590783367983403362e-01
7.267452347986252947e-01
2.348117201753120165e-01
1.615987146430915899e+00
8.818447951449879252e-01
4.061797751384561006e-01
-6.997820833672919738e-01
-1.036964258307312425e+00
7.831170707239476503e-02
-3.767713449996719088e+00
-2.221450318504761601e+00
1.516754021344490999e+00
-4.242099277747994335e-01
2.130293762218383180e-01
6.277721065017495272e-01
-7.134669553323575997e-01
-5.083243707422883950e-02
-1.015548881527627290e-01
-1.214162148288866899e-01
1.005173970750649293e+00
2.185801717079713491e+00
6.888161295041890231e-01
-2.530686462409102999e-01
4.180404808902214997e-01
-7.597889672669064787e-01
1.253798981882792818e+00
-1.354647116243893112e+00
-5.705852074945123587e-01
7.834528194625355324e-01
-2.082639817041174735e-01
3.875009106987452601e-01
8.268842888667954361e-02
-2.810351793037596302e+00
3.166134073643133706e-01
-1.270867267272965950e+00
-4.189357915877174321e-01
-2.306302431396578256e-01
8.381487348954446137e-01
2.057690937293430444e+00
5.264496616926097605e-01
1.304821294877463456e-01
2.262446439421073929e+00
-2.578053911535374554e-01
2.537990734737985976e-01
8.032831734185307271e-01
-4.474673145064141933e-01
-2.749740385852553551e-02
-6.029374543520961138e-01
3.027300496369184635e-01
-3.326422562536071048e-01
-1.824382097091528765e+00
2.895251934867938415e-01
6.927782052085811326e-01
5.446927872947666671e-01
-1.582590522004351685e+00
-1.205780530826264352e+00
-6.214465164886382592e-02
-1.047223849196512013e+00
-3.517557392670199734e-01
-6.100117456000162530e-01
3.548976198101344015e-01
-1.169372292774023270e-01
2.627479138895226107e+00
1.116457508601233384e+00
-2.382835116956271981e-01
-2.502624437474734176e+00
-5.030470143885411582e-01
6.819554972372620094e-01
-1.490555877587333988e+00
1.330107706981991100e+00
-6.228731757362815369e-01
1.449571349677082344e+00
4.730091530246864906e-01
-9.513013370472035435e-01
4.972805951972720240e-01
2.748015867468671658e-01
1.937473275411491169e+00
8.568247772864470702e-02
-3.427716497119376315e-01
9.386304622008738718e-01
4.564239914464244263e-01
-4.562480305953489634e-01
1.216069476476123457e-01
7.249460072069422445e-01
5.075527545009439478e-01
-6.042422232568847029e-01
-1.527991198571000964e-01
1.925635910458299294e-01
-2.601366030297316723e+00
-1.554756944696848553e+00
5.988954717484393786e-01
-4.754929805830164224e-01
2.683739074441598982e-01
-2.394588635835961932e-01
-5.946577704692195265e-01
-2.956602556951880567e-01
4.283708816945673847e-01
-5.972543845965762044e-01
-2.855178491825319131e+00
8.935484068624881537e-01
1.827952952235204487e+00
1.278063821572007930e+00
1.221489788680959698e+00
-1.761923180793554478e+00
4.844443179822730539e-01
1.736108245021214191e+00
1.803482033248599292e-01
3.190323525875021771e-01
3.389808066327347214e-01
5.216821600570203943e-01
8.258360446543644429e-01
-1.530899844500392737e+00
-1.433402704832267949e+00
6.686621981136816606e-01
5.303541827338454917e-01
1.818894980413375162e+00
-5.965309010804300399e-02
1.096981673587243689e-01
-1.063586446592529045e-01
-3.053278153592945965e-01
1.043833656902326990e+00
-4.497899842613320431e-01
-7.563553000129222270e-02
-1.311270832328556679e+00
-5.787912071438076067e-01
-6.691905737353186501e-01
7.454950285660405518e-01
6.442286304875678438e-01
9.134150728674704789e-01
1.880661885485832574e+00
6.418654073024999684e-01
-4.672903733236180059e-03
1.297914995905171398e-01
-1.207504801833076957e+00
1.837584047541963361e+00
8.777051831527005188e-02
-1.242374849391386649e-02
2.120285690153192182e-01
1.046461926958168087e+00
-5.262680492185283221e-01
4.327551543582744409e-01
-6.807310640617100228e-01
1.341024452878311513e+00
-2.281451124678717524e-01
2.893340767424073742e-02
1.550604568823331364e-01
1.287820828368654968e+00
-5.295103743474355307e-02
1.343177924086942365e+00
-1.667884859826612165e-01
-1.852673688777473071e+00
2.524182761134323716e-01
1.226852149250950541e+00
-2.805815946711613385e-01
3.145047715350896556e-01
4.639601609837802898e-01
-2.605969576660726594e-01
1.388885772715010791e+00
8.674468328206047518e-01
-5.865936120710631974e-01
-5.533595606046401438e-02
4.943490553766791140e-01
-1.003321275757177444e+00
1.851805098604346611e-01
-6.100117456000162530e-01
1.411048426699164915e-01
9.320989245829703895e-01
-2.480747961568790794e-01
6.191899750879008568e-01
5.996048484896977504e-01
1.060689627937104196e-01
2.883337745855157896e-01
1.991267658661475815e-01
-2.114553318319607744e-01
-4.872733149838759381e-01
-2.437961947539874982e-02
-1.722911182604774050e+00
1.415781695048892175e-01
-6.454981916953562715e-01
-7.992974078106074298e-01
6.427093487963884133e-01
5.284771974224361513e-01
-7.733404378711024041e-01
1.384905870107017378e+00
1.301528293435627814e+00
1.361398270682637524e+00
6.731924519338836621e-01
1.453867883400389860e-01
7.860797521884794747e-01
1.040931287591344012e-01
-9.507321007351359210e-01
-1.177471713721101043e+00
7.366262091023753067e-01
-3.313194857818621553e-01
1.938830181857871537e-01
2.615294035850041499e-01
-2.943592385979335591e-01
-5.127283234095590947e-01
-2.298627073617090788e-01
1.807021797875577374e+00
6.502029579240475865e-02
-1.491871545965365864e-01
-1.762685089345938649e-01
-4.151117952667452426e-01
1.003244242597827185e+00
-5.032202488837982796e-02
4.085128624253135388e-01
-6.069707192153006581e-01
-2.944651518928323441e-01
-1.088273587184040547e+00
9.442122381892341654e-01
3.095954320031911178e-01
9.367144419198899508e-01
-2.492146084579728860e-01
3.134214159807514610e-01
-7.574055443705091095e-01
-7.610232334776452223e-01
2.464508851557425662e-01
6.916055075596269086e-01
4.625519685427140759e-01
6.814315604003409188e-01
-4.443856108930006599e-01
-5.367786209500400307e-01
1.091021464215658376e+00
-1.155891380877386743e+00
8.990803191522408477e-01
2.876113705286446054e-01
-1.267018755899681215e-01
-1.837225438677436706e+00
-1.441073264806049838e-02
-8.589031418966798226e-01
-1.566088802992725126e+00
8.866222344412203471e-01
5.975780595966702080e-01
1.036124174082947214e+00
4.667047953986418890e-02
1.468736400323963798e+00
-3.932663433790117402e+00
-7.199063969493498805e-01
2.553491238844621813e-01
-7.535845587786342836e-01
-2.220794764189231718e-01
-1.560538581458401408e+00
-3.854734797953062175e-01
4.769373973982070081e-01
3.265425440493257558e-01
6.267955951934403025e-01
2.493065692819132761e-01
9.552475401864534144e-01
1.855150011572974877e+00
-2.298249994933433127e-01
-4.144968427415882672e-01
-1.454386982166269160e-01
-3.153391544016247661e+00
-1.117255734901910769e+00
1.438958948926624126e+00
-1.785331185765168582e+00
-5.443180653446235695e-01
1.063849252737869788e+00
-3.913481755864430145e+00
7.409223934756142826e-01
6.321660802180267824e-02
-1.956728118963981800e-01
7.988588586382258105e-01
-2.308147798031690619e-03
3.785954756170816227e-01
6.823372390625207506e-01
