-2.958705939668959672e-02
1.189428699794433442e+00
9.012251185103075102e-01
-2.501333009785362549e-01
4.696710425634620378e-01
9.026537367137414947e-01
3.069495241561988053e-01
9.181375047729947170e-01
1.321571281430426126e+00
4.532089699143977413e-01
8.694488039871384188e-01
1.189428699794433442e+00
3.473598354426652435e-01
3.983731895630739928e-01
1.861318707326233834e-01
8.412469998254401560e-02
6.053467568786885522e-02
-2.171547768698669501e-01
5.698750666731218217e-01
-2.280109273560935179e-01
1.575814032314024615e-01
-2.171547768698669501e-01
4.946806004311348204e-01
3.783321673371187188e-01
9.711303300482363454e-01
4.802845738771210904e-03
2.485999483422656198e-01
8.251169899005752484e-01
-9.584669184037863943e-02
9.012251185103075102e-01
-5.063559872658434102e-01
4.522911914867542293e-01
9.026537367137414947e-01
6.244195207733262976e-01
6.493232530313903794e-01
8.694488039871384188e-01
5.698750666731218217e-01
6.966160969381718360e-01
7.220854319573390967e-01
8.016300033768306577e-01
1.729938807318321281e+00
6.569002130588863508e-01
-2.280109273560935179e-01
9.012251185103075102e-01
1.585870355706404666e-01
4.498083286753722376e-01
6.966160969381718360e-01
4.522911914867542293e-01
6.853141120013397369e-01
2.485999483422656198e-01
9.026537367137414947e-01
6.569002130588863508e-01
1.457220631222888585e-02
7.494656496983829186e-01
6.853141120013397369e-01
3.069495241561988053e-01
4.852697155954235342e-01
1.213561910399603150e+00
9.711303300482363454e-01
6.760150370349737869e-01
1.980302681153922606e-02
1.907413008972849155e-01
1.942923721025788808e-01
1.737231457649865973e-01
-4.454200919704991435e-01
6.028535907817929029e-01
6.921013472901194064e-01
1.704612842668602468e-01
9.848196782223013201e-01
1.321571281430426126e+00
4.532089699143977413e-01
7.744840882452557196e-01
8.658641179432198243e-01
8.007989018880898868e-01
9.885363045157529172e-01
1.772982789031679829e+00
6.205079683284431269e-01
7.973445868759121424e-01
-4.454200919704991435e-01
1.996534020523666797e+00
9.711303300482363454e-01
1.439827507400256223e+00
2.171163784830252297e-01
1.674968560046306010e-01
1.174280064131902890e+00
4.696710425634620378e-01
8.251169899005752484e-01
9.385449261375509167e-01
3.454210963304191750e-01
1.204054667415331181e+00
7.494656496983829186e-01
4.951708563159389342e-01
1.639552887999647268e+00
1.165323786230345604e-01
1.501777009002806196e+00
1.138331147621796546e+00
4.532089699143977413e-01
9.026537367137414947e-01
3.638972968842288935e-01
1.022339408432991092e+00
6.569002130588863508e-01
1.922697784674891608e-01
3.244225743744078017e-01
-1.129666119020615866e-01
1.164413333116995020e+00
1.080536785425362467e+00
5.698750666731218217e-01
1.974194831668896200e-01
1.017798202330970625e+00
9.026537367137414947e-01
6.244195207733262976e-01
3.657223408583849533e-01
5.499626648005815355e-01
8.054244076661358775e-01
6.569002130588863508e-01
7.476041929133643293e-01
7.310232392502786780e-01
1.321571281430426126e+00
1.718545252073688800e-02
9.251398456033275153e-01
1.582358810290074302e-02
7.731720477235910494e-01
2.815784724509349246e-01
1.682597514170112163e-01
-8.848473214730567804e-02
9.084271007323359015e-01
2.878489099990684252e-01
1.085392261931117375e+00
6.569002130588863508e-01
6.966160969381718360e-01
-1.007005370109084197e-01
5.687401112472247888e-01
-2.932880172990888212e-01
9.026537367137414947e-01
-4.702761834072965996e-02
2.908989202886242964e-01
9.026537367137414947e-01
9.711303300482363454e-01
9.237778608100217781e-01
7.744840882452557196e-01
1.642061743404052976e+00
2.042158447620526118e+00
-6.772201290223911485e-02
1.100232195091148668e-01
4.014670613186535064e-01
7.220854319573390967e-01
1.342940169193930444e+00
-2.875095209280864594e-02
1.243617595159562939e+00
1.116962259858294004e+00
1.037070445615023928e+00
8.364702798784691140e-01
1.181941487717292461e+00
3.949601778719227241e-01
2.355194366927495508e-01
4.263585386678592215e-02
1.693462425046625697e-01
1.268079871676430770e-01
2.706934140248691278e-01
4.522911914867542293e-01
6.980447151416075968e-01
3.661165623573605643e-01
1.003397685877480683e+00
8.694488039871384188e-01
8.364702798784691140e-01
6.458270330410655902e-01
6.568670110482361935e-01
9.696710425597689920e-01
1.204054667415331181e+00
1.300808362301514975e+00
3.436270182204754775e-01
8.758055415106618113e-01
4.522911914867542293e-01
3.453536432284494140e-01
3.727798493463474472e-01
3.436270182204754775e-01
7.881328862511320921e-01
8.420958709122388086e-01
6.458270330410655902e-01
7.220854319573390967e-01
6.992896220032704946e-01
6.291893219531150550e-01
5.197425729796165683e-01
8.694488039871384188e-01
6.648397824150062974e-01
5.728402300532664526e-02
1.858108455786807056e+00
1.922697784674891608e-01
4.198104992011941761e-01
1.421632348670343049e-02
-8.669845326077485481e-02
5.499626648005815355e-01
9.441398669501577245e-01
7.310232392502786780e-01
4.719484759537451168e-02
8.244537105759803808e-01
-9.767107426287502392e-02
1.342940169193930444e+00
1.996534020523666797e+00
5.499626648005815355e-01
1.609908303051945211e+00
8.759277638532267929e-01
5.004844748060364168e-01
-3.088816140510708408e-02
6.215286825981287677e-01
3.751618198897972434e-01
7.696945087880280312e-02
5.499626648005815355e-01
9.711303300482363454e-01
9.026537367137414947e-01
1.310073306157413242e-01
1.041079301450601236e+00
6.840361479377410348e-01
-2.171547768698669501e-01
8.758055415106618113e-01
-3.526277906747132818e-02
5.698750666731218217e-01
1.160826682917939223e+00
9.522132144854964508e-01
2.542912691137821923e-02
1.204054667415331181e+00
1.951648906258913740e-01
-4.349568831699883731e-01
1.546727194178924236e+00
5.499626648005815355e-01
2.335363225698028344e-01
5.698750666731218217e-01
-5.063559872658434102e-01
8.694488039871384188e-01
6.980447151416075968e-01
1.321571281430426126e+00
1.039084845612237018e-01
3.453536432284494140e-01
3.453536432284494140e-01
1.161044744430965281e+00
6.369382131247061096e-01
2.461645153894149729e-01
9.026537367137414947e-01
1.175739351620370243e+00
1.729938807318321281e+00
3.596671334219401217e-01
8.131891807588385035e-01
9.696710425597689920e-01
8.112536697495222882e-01
2.878489099990684252e-01
8.364702798784691140e-01
7.476041929133643293e-01
6.569002130588863508e-01
1.041079301450601236e+00
5.689773413904237742e-01
9.026537367137414947e-01
-1.029164224287306695e-01
9.696710425597689920e-01
1.321571281430426126e+00
3.701635995541145974e-01
2.428371018455752761e-01
1.904317955771119841e-01
6.992896220032704946e-01
1.765587977102342165e+00
1.963362493516065399e-01
6.244195207733262976e-01
1.142760827511699162e+00
1.041079301450601236e+00
-3.901605035716215752e-02
8.547541820621571418e-01
1.309402693425578690e+00
7.220854319573390967e-01
5.700224337883739167e-01
3.089027730365696556e-01
8.244537105759803808e-01
4.684895769172641167e-01
5.499626648005815355e-01
4.198104992011941761e-01
-9.333018209887633532e-02
1.204054667415331181e+00
1.063111001399047240e+00
2.815784724509349246e-01
3.887050196461832030e-01
9.026537367137414947e-01
5.448566281262507971e-01
5.105342860853987474e-01
9.237778608100217781e-01
-1.866407492473811658e-01
2.258753156816304397e-01
-2.723310344743712363e-01
2.815784724509349246e-01
-3.526277906747132818e-02
9.711303300482363454e-01
2.358652099251926870e+00
5.595081220281272749e-01
-2.280109273560935179e-01
1.097738246190038680e+00
1.175739351620370243e+00
6.205079683284431269e-01
1.069379473092588739e-01
2.881628760864973771e-01
8.081297205062583089e-01
7.998486794554580115e-01
2.396145532172848647e-01
6.569002130588863508e-01
5.937262645743750511e-01
-1.012295667823437384e-02
1.013551459045991976e+00
6.458270330410655902e-01
-1.402196285263634934e-02
4.801159613167964579e-01
1.858108455786807056e+00
6.569002130588863508e-01
4.516165206396536291e-01
2.297026074141985674e-01
7.731720477235910494e-01
4.975600942481968048e-01
3.657223408583849533e-01
5.499626648005815355e-01
2.409646046736533265e+00
7.310232392502786780e-01
1.439642838662198443e-01
3.436270182204754775e-01
3.982445692096590051e-01
1.737231457649865973e-01
3.453536432284494140e-01
6.569002130588863508e-01
8.292712372240895746e-01
1.729938807318321281e+00
1.612354932131951912e+00
-1.544450449427259286e-01
1.174280064131902890e+00
9.566414653849477645e-01
9.696710425597689920e-01
7.744840882452557196e-01
4.522911914867542293e-01
1.243617595159562939e+00
3.982445692096590051e-01
8.694488039871384188e-01
4.890863761662274101e-01
2.878489099990684252e-01
9.848196782223013201e-01
4.975600942481968048e-01
1.729938807318321281e+00
6.028535907817929029e-01
9.256248456444282624e-02
5.253420218556357213e-01
7.696945087880280312e-02
6.569002130588863508e-01
5.448566281262507971e-01
7.476041929133643293e-01
4.263585386678592215e-02
4.852697155954235342e-01
-4.552427940640413340e-02
6.648397824150062974e-01
-2.171547768698669501e-01
4.526225706030189144e-01
8.537462658646433056e-01
2.188253450588373283e-01
1.024160253997365544e+00
1.039084845612237018e-01
9.804976585171196746e-01
6.458270330410655902e-01
1.039008573587430817e+00
2.881628760864973771e-01
4.516074976021933196e-01
-3.526277906747132818e-02
4.532089699143977413e-01
7.243515945517522425e-01
-4.217637984419990715e-01
2.415321287965959129e-01
3.003622470093922914e-01
-8.807664294909756109e-02
3.454210963304191750e-01
-2.030605210965816809e-01
-1.404909423206035513e-02
8.131891807588385035e-01
6.569002130588863508e-01
7.310232392502786780e-01
2.045613886857022834e-01
7.872881187996512153e-01
1.001336456470685476e+00
1.041079301450601236e+00
1.963362493516065399e-01
9.012251185103075102e-01
3.523167290997726298e-01
9.026537367137414947e-01
1.390179966483433560e-01
8.342333572757674176e-01
2.815784724509349246e-01
1.175739351620370243e+00
1.017798202330970625e+00
1.039084845612237018e-01
7.744840882452557196e-01
1.003397685877480683e+00
-2.872564537592516842e-01
6.770247360432222195e-01
2.815784724509349246e-01
9.026537367137414947e-01
1.240437176690669219e+00
1.907413008972849155e-01
5.700224337883739167e-01
5.499626648005815355e-01
1.090798771007710499e+00
9.012251185103075102e-01
4.049446114801380503e-01
5.700224337883739167e-01
1.041079301450601236e+00
9.824878591871364364e-01
4.198104992011941761e-01
1.615075407852284428e-01
2.469984760300576454e-01
1.612354932131951912e+00
1.784239095635502537e-01
8.504360546131977117e-01
8.131891807588385035e-01
1.017798202330970625e+00
2.829791191923245464e-01
4.431259315485469585e-02
8.364702798784691140e-01
7.243515945517522425e-01
2.312017200593849964e-01
1.080536785425362467e+00
6.980447151416075968e-01
1.138331147621796546e+00
1.562380919711625182e+00
-8.807664294909756109e-02
7.731720477235910494e-01
-2.340190578395962007e-02
5.197425729796165683e-01
8.758055415106618113e-01
1.309961645085259363e+00
6.066446481773901667e-01
4.946806004311348204e-01
1.442228013107101248e+00
5.602657302265559025e-01
2.905618347438050364e-01
1.858108455786807056e+00
8.694488039871384188e-01
6.175163326796013763e-01
5.845309732607457676e-01
