2.448999999999999844e+00
2.495000000000000107e+00
2.607000000000000206e+00
2.157000000000000028e+00
2.424999999999999822e+00
2.484999999999999876e+00
2.528999999999999915e+00
2.545999999999999819e+00
2.553999999999999826e+00
2.310000000000000053e+00
2.592000000000000082e+00
2.479000000000000092e+00
2.568999999999999950e+00
2.581999999999999851e+00
2.588000000000000078e+00
2.366000000000000103e+00
2.487999999999999989e+00
2.717999999999999972e+00
2.369000000000000217e+00
1.961000000000000076e+00
2.153000000000000025e+00
2.212000000000000188e+00
2.645000000000000018e+00
2.431000000000000050e+00
2.529999999999999805e+00
2.248000000000000220e+00
2.399000000000000021e+00
2.875000000000000000e+00
2.418000000000000149e+00
2.825000000000000178e+00
2.196000000000000174e+00
2.298999999999999932e+00
2.383999999999999897e+00
2.825000000000000178e+00
2.689999999999999947e+00
2.407000000000000028e+00
2.314000000000000057e+00
2.567000000000000171e+00
2.500999999999999890e+00
2.697000000000000064e+00
2.491999999999999993e+00
2.495999999999999996e+00
2.079000000000000181e+00
2.689999999999999947e+00
2.467000000000000082e+00
2.451000000000000068e+00
2.958000000000000185e+00
2.483999999999999986e+00
2.508999999999999897e+00
2.204000000000000181e+00
2.089999999999999858e+00
2.555000000000000160e+00
2.313000000000000167e+00
2.645999999999999908e+00
2.592000000000000082e+00
2.224000000000000199e+00
2.698999999999999844e+00
2.391999999999999904e+00
2.579000000000000181e+00
2.137999999999999901e+00
2.632000000000000117e+00
2.545999999999999819e+00
2.748000000000000220e+00
2.418000000000000149e+00
2.404999999999999805e+00
2.414000000000000146e+00
2.689999999999999947e+00
2.318999999999999950e+00
2.508000000000000007e+00
2.710999999999999854e+00
2.398000000000000131e+00
2.520000000000000018e+00
2.088999999999999968e+00
2.443999999999999950e+00
2.370000000000000107e+00
2.448999999999999844e+00
2.702999999999999847e+00
2.503000000000000114e+00
2.294999999999999929e+00
2.831999999999999851e+00
2.625999999999999890e+00
2.584000000000000075e+00
2.560000000000000053e+00
2.435999999999999943e+00
2.475000000000000089e+00
2.228000000000000203e+00
2.436999999999999833e+00
2.390000000000000124e+00
2.201000000000000068e+00
2.759999999999999787e+00
2.649000000000000021e+00
2.335999999999999854e+00
2.451999999999999957e+00
2.439999999999999947e+00
2.499000000000000110e+00
2.392999999999999794e+00
2.404999999999999805e+00
2.408999999999999808e+00
2.067000000000000171e+00
2.295999999999999819e+00
2.374000000000000110e+00
2.415000000000000036e+00
2.459000000000000075e+00
2.341000000000000192e+00
2.576000000000000068e+00
2.714999999999999858e+00
2.528000000000000025e+00
2.423999999999999932e+00
2.544999999999999929e+00
2.341000000000000192e+00
2.853000000000000203e+00
2.361000000000000210e+00
2.444999999999999840e+00
2.556999999999999940e+00
2.471999999999999975e+00
2.684000000000000163e+00
2.515000000000000124e+00
2.451999999999999957e+00
2.325000000000000178e+00
2.600000000000000089e+00
2.282999999999999918e+00
2.778000000000000025e+00
2.495000000000000107e+00
2.439000000000000057e+00
2.371999999999999886e+00
2.426000000000000156e+00
2.213000000000000078e+00
2.560000000000000053e+00
2.443999999999999950e+00
2.902000000000000135e+00
2.693999999999999950e+00
2.645000000000000018e+00
2.426000000000000156e+00
2.414000000000000146e+00
2.556999999999999940e+00
2.532999999999999918e+00
2.509999999999999787e+00
2.551000000000000156e+00
2.287999999999999812e+00
2.387000000000000011e+00
2.684000000000000163e+00
2.580999999999999961e+00
2.248000000000000220e+00
2.459000000000000075e+00
2.270000000000000018e+00
2.424999999999999822e+00
2.358999999999999986e+00
2.444999999999999840e+00
2.415999999999999925e+00
2.660000000000000142e+00
2.501999999999999780e+00
2.358000000000000096e+00
2.520999999999999908e+00
2.580000000000000071e+00
2.408999999999999808e+00
2.145000000000000018e+00
2.379000000000000004e+00
2.322000000000000064e+00
2.439999999999999947e+00
2.287999999999999812e+00
2.556000000000000050e+00
2.456999999999999851e+00
2.455000000000000071e+00
2.448999999999999844e+00
2.459999999999999964e+00
2.580000000000000071e+00
2.419999999999999929e+00
2.407999999999999918e+00
2.607000000000000206e+00
2.555000000000000160e+00
2.483000000000000096e+00
2.829000000000000181e+00
2.403000000000000025e+00
2.343999999999999861e+00
2.572000000000000064e+00
2.133000000000000007e+00
2.416999999999999815e+00
2.365000000000000213e+00
2.201000000000000068e+00
2.198999999999999844e+00
2.653999999999999915e+00
2.426000000000000156e+00
2.795999999999999819e+00
2.552999999999999936e+00
2.330000000000000071e+00
2.345000000000000195e+00
2.335999999999999854e+00
2.491999999999999993e+00
2.958000000000000185e+00
2.418000000000000149e+00
2.458000000000000185e+00
2.285000000000000142e+00
2.625000000000000000e+00
2.491999999999999993e+00
2.536999999999999922e+00
2.560999999999999943e+00
2.486000000000000210e+00
2.734999999999999876e+00
2.709000000000000075e+00
2.470000000000000195e+00
2.428999999999999826e+00
2.652000000000000135e+00
2.226999999999999869e+00
2.221999999999999975e+00
2.559000000000000163e+00
2.435000000000000053e+00
2.399000000000000021e+00
2.528000000000000025e+00
2.689999999999999947e+00
2.561999999999999833e+00
2.515000000000000124e+00
2.559000000000000163e+00
2.488999999999999879e+00
2.519000000000000128e+00
2.839999999999999858e+00
2.483999999999999986e+00
2.572000000000000064e+00
2.500999999999999890e+00
2.818000000000000060e+00
2.048000000000000043e+00
2.561999999999999833e+00
2.466000000000000192e+00
2.241000000000000103e+00
2.544999999999999929e+00
2.388999999999999790e+00
2.583000000000000185e+00
2.430000000000000160e+00
2.492999999999999883e+00
2.305000000000000160e+00
2.423999999999999932e+00
2.637999999999999901e+00
2.524999999999999911e+00
2.661000000000000032e+00
2.172000000000000153e+00
2.540000000000000036e+00
2.394000000000000128e+00
2.484999999999999876e+00
2.376999999999999780e+00
2.963000000000000078e+00
2.513999999999999790e+00
2.521999999999999797e+00
2.547000000000000153e+00
2.193000000000000060e+00
2.669999999999999929e+00
2.402000000000000135e+00
2.499000000000000110e+00
2.583000000000000185e+00
2.262000000000000011e+00
2.464999999999999858e+00
2.471999999999999975e+00
2.196000000000000174e+00
2.471000000000000085e+00
2.459999999999999964e+00
2.419000000000000039e+00
2.745000000000000107e+00
2.322000000000000064e+00
2.575000000000000178e+00
2.455000000000000071e+00
2.507000000000000117e+00
2.411000000000000032e+00
2.839999999999999858e+00
2.549999999999999822e+00
2.605999999999999872e+00
2.347999999999999865e+00
2.495999999999999996e+00
2.533999999999999808e+00
2.612000000000000099e+00
2.652000000000000135e+00
2.504999999999999893e+00
2.645000000000000018e+00
2.628000000000000114e+00
2.427000000000000046e+00
2.649999999999999911e+00
2.387999999999999901e+00
2.596000000000000085e+00
2.701000000000000068e+00
2.544000000000000039e+00
2.451999999999999957e+00
2.686999999999999833e+00
2.815999999999999837e+00
2.459000000000000075e+00
2.386000000000000121e+00
2.496999999999999886e+00
2.436999999999999833e+00
2.431000000000000050e+00
2.460999999999999854e+00
2.359999999999999876e+00
2.527000000000000135e+00
2.238999999999999879e+00
2.479999999999999982e+00
2.379000000000000004e+00
2.662999999999999812e+00
2.390000000000000124e+00
2.745000000000000107e+00
2.226999999999999869e+00
2.478000000000000203e+00
2.407999999999999918e+00
2.685999999999999943e+00
2.411000000000000032e+00
2.370000000000000107e+00
2.391999999999999904e+00
2.434000000000000163e+00
2.370999999999999996e+00
2.544000000000000039e+00
2.299999999999999822e+00
2.486000000000000210e+00
2.507000000000000117e+00
2.319999999999999840e+00
2.670999999999999819e+00
2.291999999999999815e+00
2.601999999999999869e+00
2.670999999999999819e+00
2.500000000000000000e+00
2.500999999999999890e+00
2.509999999999999787e+00
2.367999999999999883e+00
2.513999999999999790e+00
2.488999999999999879e+00
2.204000000000000181e+00
2.553999999999999826e+00
2.565999999999999837e+00
2.500000000000000000e+00
2.476999999999999869e+00
2.637999999999999901e+00
2.609999999999999876e+00
2.411000000000000032e+00
2.603000000000000203e+00
2.552000000000000046e+00
2.658999999999999808e+00
2.444999999999999840e+00
2.794000000000000039e+00
2.318999999999999950e+00
2.387999999999999901e+00
2.525999999999999801e+00
2.496999999999999886e+00
2.599000000000000199e+00
2.677000000000000046e+00
2.345000000000000195e+00
2.499000000000000110e+00
2.422000000000000153e+00
2.440999999999999837e+00
2.649000000000000021e+00
2.375000000000000000e+00
2.375999999999999890e+00
2.842000000000000082e+00
2.649999999999999911e+00
2.282999999999999918e+00
2.307999999999999829e+00
2.486000000000000210e+00
2.435000000000000053e+00
2.371999999999999886e+00
2.443999999999999950e+00
2.310999999999999943e+00
2.338000000000000078e+00
2.620999999999999996e+00
2.354999999999999982e+00
2.779999999999999805e+00
2.730999999999999872e+00
2.593999999999999861e+00
2.282000000000000028e+00
2.645999999999999908e+00
2.494000000000000217e+00
2.500999999999999890e+00
2.720000000000000195e+00
2.439999999999999947e+00
1.979000000000000092e+00
2.556000000000000050e+00
2.436999999999999833e+00
2.544000000000000039e+00
2.358000000000000096e+00
2.431999999999999940e+00
2.637999999999999901e+00
2.455999999999999961e+00
2.649000000000000021e+00
2.520000000000000018e+00
2.416999999999999815e+00
2.416999999999999815e+00
2.351999999999999869e+00
2.379000000000000004e+00
2.853000000000000203e+00
2.466000000000000192e+00
2.665999999999999925e+00
2.347999999999999865e+00
2.564999999999999947e+00
2.479999999999999982e+00
2.370000000000000107e+00
2.569999999999999840e+00
1.812000000000000055e+00
2.561999999999999833e+00
2.567000000000000171e+00
2.323999999999999844e+00
2.552000000000000046e+00
2.338000000000000078e+00
2.339999999999999858e+00
2.595000000000000195e+00
2.346000000000000085e+00
2.744000000000000217e+00
2.309000000000000163e+00
2.504000000000000004e+00
2.637999999999999901e+00
2.362999999999999989e+00
2.657999999999999918e+00
2.378000000000000114e+00
2.638999999999999790e+00
2.583000000000000185e+00
2.490000000000000213e+00
2.850000000000000089e+00
2.458000000000000185e+00
2.537999999999999812e+00
2.633000000000000007e+00
2.314999999999999947e+00
2.536000000000000032e+00
2.431000000000000050e+00
2.349000000000000199e+00
2.553999999999999826e+00
2.869000000000000217e+00
2.548999999999999932e+00
2.685999999999999943e+00
2.588999999999999968e+00
2.630999999999999783e+00
2.580000000000000071e+00
2.466000000000000192e+00
2.754999999999999893e+00
2.354999999999999982e+00
2.916999999999999815e+00
2.434000000000000163e+00
2.362999999999999989e+00
2.742999999999999883e+00
2.850000000000000089e+00
2.641000000000000014e+00
2.548000000000000043e+00
2.436999999999999833e+00
2.749000000000000110e+00
2.452999999999999847e+00
2.395999999999999908e+00
2.404999999999999805e+00
