2.613999999999999879e+00
2.430000000000000160e+00
2.371999999999999886e+00
2.521999999999999797e+00
2.325000000000000178e+00
2.298999999999999932e+00
2.633000000000000007e+00
2.486000000000000210e+00
2.725000000000000089e+00
2.544000000000000039e+00
2.330000000000000071e+00
2.672000000000000153e+00
2.396999999999999797e+00
2.228000000000000203e+00
2.516999999999999904e+00
2.302999999999999936e+00
2.794000000000000039e+00
2.286999999999999922e+00
2.378000000000000114e+00
2.182999999999999829e+00
2.463000000000000078e+00
2.387999999999999901e+00
2.688000000000000167e+00
2.500999999999999890e+00
2.620999999999999996e+00
2.495000000000000107e+00
2.677000000000000046e+00
2.450000000000000178e+00
2.371999999999999886e+00
2.169000000000000039e+00
2.505999999999999783e+00
2.523000000000000131e+00
2.713000000000000078e+00
2.398000000000000131e+00
2.375999999999999890e+00
2.483000000000000096e+00
2.486000000000000210e+00
2.511000000000000121e+00
2.491999999999999993e+00
2.615000000000000213e+00
2.432999999999999829e+00
2.653999999999999915e+00
2.778000000000000025e+00
2.548000000000000043e+00
2.419999999999999929e+00
2.902000000000000135e+00
2.513999999999999790e+00
2.612000000000000099e+00
2.730999999999999872e+00
2.222999999999999865e+00
2.374000000000000110e+00
2.693000000000000060e+00
2.466000000000000192e+00
2.395999999999999908e+00
2.869000000000000217e+00
2.464999999999999858e+00
2.326999999999999957e+00
2.524000000000000021e+00
2.819999999999999840e+00
2.575000000000000178e+00
2.589999999999999858e+00
2.386000000000000121e+00
2.676000000000000156e+00
2.468999999999999861e+00
2.548999999999999932e+00
2.682999999999999829e+00
2.637999999999999901e+00
2.354999999999999982e+00
2.442000000000000171e+00
2.492999999999999883e+00
2.333000000000000185e+00
2.407999999999999918e+00
2.564000000000000057e+00
2.418000000000000149e+00
2.520999999999999908e+00
2.363999999999999879e+00
2.448999999999999844e+00
2.150999999999999801e+00
2.414000000000000146e+00
2.111000000000000210e+00
2.795999999999999819e+00
2.484999999999999876e+00
2.403999999999999915e+00
2.452999999999999847e+00
2.535000000000000142e+00
2.875000000000000000e+00
2.702999999999999847e+00
2.347999999999999865e+00
2.597999999999999865e+00
2.322000000000000064e+00
2.294000000000000039e+00
2.334000000000000075e+00
1.895999999999999908e+00
2.568000000000000060e+00
2.434000000000000163e+00
2.366000000000000103e+00
2.419000000000000039e+00
2.396999999999999797e+00
2.783999999999999808e+00
2.508000000000000007e+00
2.353000000000000203e+00
2.799999999999999822e+00
2.378000000000000114e+00
2.440999999999999837e+00
2.744000000000000217e+00
2.373000000000000220e+00
2.338999999999999968e+00
2.733999999999999986e+00
2.508999999999999897e+00
2.318999999999999950e+00
