3.033999999999999808e+00
2.569999999999999840e+00
2.745000000000000107e+00
2.572999999999999954e+00
3.055000000000000160e+00
2.407000000000000028e+00
3.419999999999999929e+00
2.476999999999999869e+00
3.023000000000000131e+00
3.027000000000000135e+00
2.394000000000000128e+00
2.706999999999999851e+00
2.193999999999999950e+00
2.613999999999999879e+00
2.826000000000000068e+00
2.867999999999999883e+00
2.875000000000000000e+00
2.751999999999999780e+00
2.995999999999999996e+00
2.975000000000000089e+00
2.935000000000000053e+00
2.443999999999999950e+00
3.005999999999999783e+00
2.813000000000000167e+00
2.572000000000000064e+00
2.673000000000000043e+00
2.926000000000000156e+00
2.689000000000000057e+00
2.874000000000000110e+00
3.277000000000000135e+00
2.717000000000000082e+00
3.145999999999999908e+00
3.383999999999999897e+00
2.970000000000000195e+00
2.968999999999999861e+00
3.099000000000000199e+00
2.795999999999999819e+00
2.625000000000000000e+00
2.774000000000000021e+00
2.721000000000000085e+00
2.966000000000000192e+00
2.959000000000000075e+00
3.342999999999999972e+00
2.709000000000000075e+00
2.447999999999999954e+00
3.056000000000000050e+00
2.444999999999999840e+00
2.822999999999999954e+00
3.168000000000000149e+00
2.456999999999999851e+00
2.612000000000000099e+00
3.408999999999999808e+00
2.943000000000000060e+00
2.658999999999999808e+00
3.407000000000000028e+00
3.087000000000000188e+00
2.591000000000000192e+00
2.995999999999999996e+00
3.520000000000000018e+00
2.895999999999999908e+00
2.853000000000000203e+00
2.786000000000000032e+00
2.789000000000000146e+00
2.954000000000000181e+00
2.984999999999999876e+00
2.850000000000000089e+00
2.758000000000000007e+00
2.544999999999999929e+00
2.822999999999999954e+00
2.806000000000000050e+00
2.648000000000000131e+00
2.646999999999999797e+00
3.049999999999999822e+00
2.787999999999999812e+00
2.962000000000000188e+00
2.681000000000000050e+00
2.289000000000000146e+00
2.536000000000000032e+00
2.778000000000000025e+00
2.531000000000000139e+00
2.946000000000000174e+00
2.704000000000000181e+00
3.024000000000000021e+00
2.934000000000000163e+00
2.596999999999999975e+00
3.000999999999999890e+00
2.673000000000000043e+00
2.777000000000000135e+00
2.822999999999999954e+00
2.676000000000000156e+00
2.814999999999999947e+00
2.720000000000000195e+00
2.971000000000000085e+00
2.771999999999999797e+00
2.947000000000000064e+00
3.057999999999999829e+00
2.657000000000000028e+00
2.609999999999999876e+00
2.713000000000000078e+00
2.713999999999999968e+00
2.911000000000000032e+00
2.955000000000000071e+00
2.709000000000000075e+00
2.738999999999999879e+00
3.000999999999999890e+00
3.233999999999999986e+00
2.874000000000000110e+00
2.774000000000000021e+00
2.556999999999999940e+00
2.673999999999999932e+00
