1.341700000000000045e+03
2.146900000000000091e+03
1.771599999999999909e+03
2.103099999999999909e+03
2.253000000000000000e+03
1.910200000000000045e+03
1.893099999999999909e+03
3.688400000000000091e+03
2.345500000000000000e+03
5.337999999999999545e+02
2.870400000000000091e+03
1.695000000000000000e+03
9.931000000000000227e+02
1.542099999999999909e+03
2.441800000000000182e+03
1.448299999999999955e+03
2.009299999999999955e+03
1.198900000000000091e+03
1.558700000000000045e+03
1.788799999999999955e+03
1.571799999999999955e+03
1.780099999999999909e+03
2.365500000000000000e+03
1.118400000000000091e+03
1.798000000000000000e+03
1.808099999999999909e+03
8.990000000000000000e+02
1.300900000000000091e+03
1.599700000000000045e+03
1.654299999999999955e+03
1.876000000000000000e+03
1.181599999999999909e+03
3.538300000000000182e+03
1.654299999999999955e+03
1.355599999999999909e+03
1.175000000000000000e+03
2.071000000000000000e+03
1.517400000000000091e+03
2.150699999999999818e+03
3.563000000000000000e+03
8.003999999999999773e+02
2.082900000000000091e+03
2.394599999999999909e+03
1.355599999999999909e+03
2.193199999999999818e+03
1.761400000000000091e+03
1.564099999999999909e+03
1.554400000000000091e+03
1.829400000000000091e+03
1.246599999999999909e+03
1.844700000000000045e+03
1.120700000000000045e+03
2.867400000000000091e+03
1.750000000000000000e+03
1.508599999999999909e+03
2.030599999999999909e+03
2.121000000000000000e+03
2.529599999999999909e+03
1.550599999999999909e+03
1.612900000000000091e+03
1.927500000000000000e+03
1.594700000000000045e+03
1.316799999999999955e+03
1.421000000000000000e+03
2.498400000000000091e+03
1.712799999999999955e+03
1.537500000000000000e+03
2.143500000000000000e+03
7.398999999999999773e+02
2.587400000000000091e+03
1.475299999999999955e+03
2.460500000000000000e+03
2.384400000000000091e+03
9.250000000000000000e+02
1.355299999999999955e+03
1.479500000000000000e+03
1.161299999999999955e+03
3.574599999999999909e+03
1.850299999999999955e+03
1.711099999999999909e+03
2.256300000000000182e+03
1.568700000000000045e+03
1.604299999999999955e+03
1.154400000000000091e+03
1.464000000000000000e+03
1.552500000000000000e+03
1.827400000000000091e+03
1.781900000000000091e+03
2.288699999999999818e+03
1.529799999999999955e+03
2.042400000000000091e+03
1.463599999999999909e+03
1.202200000000000045e+03
2.149500000000000000e+03
1.051599999999999909e+03
1.240799999999999955e+03
1.654500000000000000e+03
1.286799999999999955e+03
1.650900000000000091e+03
1.713599999999999909e+03
1.432700000000000045e+03
1.913700000000000045e+03
1.699099999999999909e+03
2.443900000000000091e+03
2.543500000000000000e+03
1.040200000000000045e+03
1.175799999999999955e+03
1.161900000000000091e+03
1.311099999999999909e+03
1.933400000000000091e+03
1.162900000000000091e+03
2.149599999999999909e+03
1.686400000000000091e+03
1.649099999999999909e+03
1.270900000000000091e+03
1.781200000000000045e+03
1.935700000000000045e+03
2.219900000000000091e+03
1.462799999999999955e+03
1.143200000000000045e+03
1.832700000000000045e+03
2.709500000000000000e+03
1.643400000000000091e+03
2.263900000000000091e+03
1.668700000000000045e+03
2.539800000000000182e+03
1.370099999999999909e+03
2.091900000000000091e+03
1.100799999999999955e+03
9.918999999999999773e+02
1.746400000000000091e+03
2.483099999999999909e+03
2.073300000000000182e+03
1.311000000000000000e+03
2.684900000000000091e+03
1.358200000000000045e+03
1.257000000000000000e+03
1.775200000000000045e+03
1.626700000000000045e+03
1.990599999999999909e+03
1.701299999999999955e+03
3.833400000000000091e+03
1.768599999999999909e+03
9.287999999999999545e+02
2.349599999999999909e+03
2.253000000000000000e+03
2.064000000000000000e+03
1.747299999999999955e+03
2.914900000000000091e+03
2.669599999999999909e+03
1.588200000000000045e+03
2.073099999999999909e+03
1.269299999999999955e+03
4.050400000000000091e+03
1.428500000000000000e+03
2.388900000000000091e+03
1.713500000000000000e+03
1.389799999999999955e+03
1.365500000000000000e+03
2.182300000000000182e+03
2.206300000000000182e+03
1.723799999999999955e+03
1.409500000000000000e+03
1.458000000000000000e+03
2.121000000000000000e+03
4.050400000000000091e+03
2.899599999999999909e+03
2.177099999999999909e+03
1.316900000000000091e+03
2.091800000000000182e+03
1.316400000000000091e+03
1.615599999999999909e+03
1.451000000000000000e+03
2.371400000000000091e+03
2.173099999999999909e+03
2.074699999999999818e+03
1.565099999999999909e+03
1.195799999999999955e+03
2.288699999999999818e+03
1.953299999999999955e+03
8.405000000000000000e+02
1.587799999999999955e+03
2.113300000000000182e+03
1.888299999999999955e+03
1.463200000000000045e+03
1.861200000000000045e+03
1.573700000000000045e+03
1.713299999999999955e+03
1.564099999999999909e+03
1.595099999999999909e+03
1.939500000000000000e+03
2.668400000000000091e+03
1.559000000000000000e+03
1.760000000000000000e+03
2.674400000000000091e+03
1.541900000000000091e+03
1.277200000000000045e+03
2.022599999999999909e+03
1.096299999999999955e+03
1.247500000000000000e+03
1.766299999999999955e+03
1.502400000000000091e+03
1.465099999999999909e+03
1.614599999999999909e+03
1.725000000000000000e+03
1.693599999999999909e+03
2.049400000000000091e+03
1.377599999999999909e+03
1.952000000000000000e+03
1.703799999999999955e+03
2.433300000000000182e+03
1.185000000000000000e+03
1.958299999999999955e+03
1.704500000000000000e+03
3.006000000000000000e+03
2.501000000000000000e+03
2.037400000000000091e+03
1.445500000000000000e+03
1.601700000000000045e+03
1.351000000000000000e+03
1.347299999999999955e+03
1.859599999999999909e+03
1.657799999999999955e+03
1.728599999999999909e+03
1.736500000000000000e+03
1.817200000000000045e+03
1.565000000000000000e+03
2.094599999999999909e+03
1.970000000000000000e+03
2.037500000000000000e+03
1.679900000000000091e+03
1.679400000000000091e+03
2.062699999999999818e+03
1.956599999999999909e+03
2.097300000000000182e+03
2.129900000000000091e+03
1.686599999999999909e+03
1.967500000000000000e+03
2.293800000000000182e+03
1.490200000000000045e+03
1.389000000000000000e+03
2.333599999999999909e+03
1.649400000000000091e+03
2.172400000000000091e+03
1.904000000000000000e+03
2.111699999999999818e+03
2.029900000000000091e+03
2.064900000000000091e+03
3.484300000000000182e+03
1.281000000000000000e+03
1.264099999999999909e+03
1.547200000000000045e+03
1.916200000000000045e+03
1.878599999999999909e+03
1.970799999999999955e+03
1.745200000000000045e+03
1.603099999999999909e+03
1.409500000000000000e+03
1.349500000000000000e+03
1.644900000000000091e+03
3.006000000000000000e+03
2.182500000000000000e+03
2.206699999999999818e+03
1.503900000000000091e+03
1.851700000000000045e+03
2.240699999999999818e+03
1.496799999999999955e+03
1.502400000000000091e+03
2.066800000000000182e+03
2.365500000000000000e+03
1.182000000000000000e+03
1.445799999999999955e+03
2.165500000000000000e+03
1.459099999999999909e+03
1.622599999999999909e+03
2.554000000000000000e+03
1.254700000000000045e+03
1.386599999999999909e+03
1.967200000000000045e+03
1.668599999999999909e+03
1.955400000000000091e+03
2.187199999999999818e+03
1.229500000000000000e+03
1.074599999999999909e+03
4.029800000000000182e+03
1.288200000000000045e+03
1.504900000000000091e+03
1.664400000000000091e+03
1.374200000000000045e+03
1.487200000000000045e+03
2.084900000000000091e+03
1.878599999999999909e+03
1.948799999999999955e+03
1.970799999999999955e+03
1.951900000000000091e+03
2.599599999999999909e+03
1.243799999999999955e+03
2.751599999999999909e+03
2.322099999999999909e+03
1.711299999999999955e+03
1.367200000000000045e+03
2.897099999999999909e+03
1.799799999999999955e+03
1.217099999999999909e+03
1.790700000000000045e+03
1.831400000000000091e+03
1.902000000000000000e+03
1.632599999999999909e+03
1.389400000000000091e+03
1.991799999999999955e+03
1.067599999999999909e+03
2.251099999999999909e+03
1.398599999999999909e+03
1.325700000000000045e+03
1.792700000000000045e+03
2.151699999999999818e+03
2.135900000000000091e+03
1.381500000000000000e+03
1.312299999999999955e+03
1.859000000000000000e+03
1.359400000000000091e+03
1.244099999999999909e+03
2.765099999999999909e+03
1.714299999999999955e+03
1.497200000000000045e+03
1.454799999999999955e+03
3.086000000000000000e+03
1.820000000000000000e+03
1.671900000000000091e+03
1.221599999999999909e+03
1.502299999999999955e+03
1.631500000000000000e+03
2.060500000000000000e+03
1.513500000000000000e+03
1.373599999999999909e+03
1.495200000000000045e+03
1.747500000000000000e+03
1.584099999999999909e+03
1.599000000000000000e+03
2.006099999999999909e+03
1.983700000000000045e+03
2.042400000000000091e+03
1.932900000000000091e+03
1.765299999999999955e+03
1.260799999999999955e+03
2.165500000000000000e+03
2.711400000000000091e+03
2.074400000000000091e+03
1.514099999999999909e+03
1.352700000000000045e+03
2.768199999999999818e+03
1.874599999999999909e+03
1.978500000000000000e+03
1.585900000000000091e+03
1.515900000000000091e+03
1.657200000000000045e+03
1.752700000000000045e+03
1.376299999999999955e+03
1.353400000000000091e+03
1.954599999999999909e+03
1.750000000000000000e+03
2.305400000000000091e+03
2.486900000000000091e+03
1.988500000000000000e+03
1.728500000000000000e+03
2.890500000000000000e+03
1.552000000000000000e+03
2.326400000000000091e+03
1.217099999999999909e+03
2.198000000000000000e+03
2.120699999999999818e+03
1.683099999999999909e+03
2.149199999999999818e+03
2.251300000000000182e+03
1.419900000000000091e+03
2.233900000000000091e+03
2.340300000000000182e+03
1.971200000000000045e+03
1.385799999999999955e+03
1.162900000000000091e+03
1.648700000000000045e+03
1.367200000000000045e+03
2.099599999999999909e+03
1.656200000000000045e+03
1.993599999999999909e+03
2.265000000000000000e+03
1.145599999999999909e+03
1.742900000000000091e+03
1.967500000000000000e+03
2.649800000000000182e+03
1.125500000000000000e+03
1.570900000000000091e+03
1.690400000000000091e+03
5.235000000000000000e+02
1.969799999999999955e+03
1.258099999999999909e+03
3.032699999999999818e+03
1.140599999999999909e+03
1.260700000000000045e+03
1.545000000000000000e+03
9.602999999999999545e+02
2.471599999999999909e+03
1.372500000000000000e+03
2.063800000000000182e+03
2.029900000000000091e+03
2.684699999999999818e+03
1.567500000000000000e+03
1.790299999999999955e+03
1.236599999999999909e+03
1.711000000000000000e+03
2.172400000000000091e+03
2.115500000000000000e+03
1.408700000000000045e+03
1.644299999999999955e+03
2.119599999999999909e+03
1.337200000000000045e+03
1.749000000000000000e+03
2.751599999999999909e+03
1.718799999999999955e+03
1.454200000000000045e+03
1.565500000000000000e+03
1.976400000000000091e+03
1.258000000000000000e+03
2.190400000000000091e+03
1.710900000000000091e+03
1.477400000000000091e+03
1.510200000000000045e+03
2.806400000000000091e+03
1.567500000000000000e+03
1.162000000000000000e+03
1.709299999999999955e+03
1.663599999999999909e+03
1.670200000000000045e+03
1.068000000000000000e+03
1.979099999999999909e+03
1.533900000000000091e+03
