1.922500000000000000e+03
1.169500000000000000e+03
1.507200000000000045e+03
3.011000000000000000e+03
8.085000000000000000e+02
1.664900000000000091e+03
2.707400000000000091e+03
1.243900000000000091e+03
1.266700000000000045e+03
1.477799999999999955e+03
1.668400000000000091e+03
2.346599999999999909e+03
1.694400000000000091e+03
1.552500000000000000e+03
2.082500000000000000e+03
1.553500000000000000e+03
1.609000000000000000e+03
1.598000000000000000e+03
1.613599999999999909e+03
1.435500000000000000e+03
1.978000000000000000e+03
1.531099999999999909e+03
1.421700000000000045e+03
1.854299999999999955e+03
2.779500000000000000e+03
2.062500000000000000e+03
1.421799999999999955e+03
1.198099999999999909e+03
9.105000000000000000e+02
3.102400000000000091e+03
1.248299999999999955e+03
1.776400000000000091e+03
8.347000000000000455e+02
2.432599999999999909e+03
1.301400000000000091e+03
1.195299999999999955e+03
1.378400000000000091e+03
1.882900000000000091e+03
2.366699999999999818e+03
1.839200000000000045e+03
2.986300000000000182e+03
8.405000000000000000e+02
2.709500000000000000e+03
1.701000000000000000e+03
1.481700000000000045e+03
9.918999999999999773e+02
2.806599999999999909e+03
2.576099999999999909e+03
1.376299999999999955e+03
1.387000000000000000e+03
1.654700000000000045e+03
9.152999999999999545e+02
1.362799999999999955e+03
1.634900000000000091e+03
1.337200000000000045e+03
2.404900000000000091e+03
1.973599999999999909e+03
1.709400000000000091e+03
3.639199999999999818e+03
4.186000000000000227e+02
1.810099999999999909e+03
2.580199999999999818e+03
1.799799999999999955e+03
2.185400000000000091e+03
2.092300000000000182e+03
1.923200000000000045e+03
2.063500000000000000e+03
1.470599999999999909e+03
1.210900000000000091e+03
2.145199999999999818e+03
1.874700000000000045e+03
5.467000000000000455e+02
1.169500000000000000e+03
1.070599999999999909e+03
1.268200000000000045e+03
1.175700000000000045e+03
2.623300000000000182e+03
1.141599999999999909e+03
1.895599999999999909e+03
1.921400000000000091e+03
2.113300000000000182e+03
1.712500000000000000e+03
2.142500000000000000e+03
1.362799999999999955e+03
2.067900000000000091e+03
1.300900000000000091e+03
1.161299999999999955e+03
2.181099999999999909e+03
1.894700000000000045e+03
2.268699999999999818e+03
1.569500000000000000e+03
2.521699999999999818e+03
1.620299999999999955e+03
1.335000000000000000e+03
1.734900000000000091e+03
2.356500000000000000e+03
2.228599999999999909e+03
2.279599999999999909e+03
2.810099999999999909e+03
1.636700000000000045e+03
2.593300000000000182e+03
2.458800000000000182e+03
1.453200000000000045e+03
1.560700000000000045e+03
1.552799999999999955e+03
1.309500000000000000e+03
1.528299999999999955e+03
1.343000000000000000e+03
1.262200000000000045e+03
1.835900000000000091e+03
