2.452999999999999847e+00
2.556999999999999940e+00
3.573999999999999844e+00
2.490000000000000213e+00
2.765000000000000124e+00
2.275999999999999801e+00
2.067000000000000171e+00
2.220000000000000195e+00
2.379999999999999893e+00
2.124000000000000110e+00
2.254999999999999893e+00
2.283999999999999808e+00
2.351999999999999869e+00
2.545999999999999819e+00
2.951999999999999957e+00
2.500999999999999890e+00
1.794000000000000039e+00
2.915999999999999925e+00
2.214999999999999858e+00
1.633000000000000007e+00
2.236000000000000210e+00
2.069999999999999840e+00
2.855999999999999872e+00
2.282000000000000028e+00
2.455999999999999961e+00
2.160000000000000142e+00
2.427000000000000046e+00
3.451000000000000068e+00
2.161999999999999922e+00
2.608999999999999986e+00
2.141000000000000014e+00
2.004999999999999893e+00
2.248000000000000220e+00
2.608999999999999986e+00
3.145000000000000018e+00
2.177000000000000046e+00
2.629000000000000004e+00
3.084000000000000075e+00
3.012999999999999901e+00
1.969000000000000083e+00
2.185999999999999943e+00
2.072999999999999954e+00
2.039000000000000146e+00
3.145000000000000018e+00
2.180000000000000160e+00
3.003000000000000114e+00
2.951999999999999957e+00
2.350000000000000089e+00
2.411000000000000032e+00
2.294000000000000039e+00
2.217999999999999972e+00
2.329000000000000181e+00
2.161000000000000032e+00
4.288000000000000256e+00
2.254999999999999893e+00
2.532000000000000028e+00
2.835999999999999854e+00
2.411000000000000032e+00
2.137000000000000011e+00
2.080000000000000071e+00
2.761000000000000121e+00
2.384999999999999787e+00
2.039000000000000146e+00
2.314999999999999947e+00
2.951000000000000068e+00
2.209000000000000075e+00
2.439999999999999947e+00
2.282999999999999918e+00
2.028000000000000025e+00
2.309000000000000163e+00
2.400999999999999801e+00
2.220000000000000195e+00
2.423000000000000043e+00
2.785000000000000142e+00
2.334000000000000075e+00
2.878000000000000114e+00
3.283999999999999808e+00
2.508999999999999897e+00
2.285000000000000142e+00
2.165999999999999925e+00
2.334000000000000075e+00
2.584000000000000075e+00
1.985000000000000098e+00
2.035000000000000142e+00
2.814999999999999947e+00
3.005999999999999783e+00
2.648000000000000131e+00
1.618999999999999995e+00
3.911999999999999922e+00
1.977000000000000091e+00
2.891999999999999904e+00
1.931999999999999940e+00
2.758000000000000007e+00
2.186999999999999833e+00
2.529999999999999805e+00
2.214999999999999858e+00
2.060999999999999943e+00
2.112000000000000099e+00
2.423999999999999932e+00
1.866999999999999993e+00
1.995999999999999996e+00
2.471000000000000085e+00
1.947000000000000064e+00
2.472999999999999865e+00
2.383000000000000007e+00
2.948999999999999844e+00
2.415000000000000036e+00
2.133999999999999897e+00
2.443999999999999950e+00
1.606999999999999984e+00
2.798000000000000043e+00
2.301000000000000156e+00
2.036000000000000032e+00
2.353000000000000203e+00
2.004999999999999893e+00
2.843999999999999861e+00
2.315999999999999837e+00
2.004000000000000004e+00
2.388999999999999790e+00
2.669000000000000039e+00
2.605999999999999872e+00
2.589999999999999858e+00
2.767999999999999794e+00
2.845000000000000195e+00
2.351999999999999869e+00
2.283999999999999808e+00
2.454000000000000181e+00
2.571000000000000174e+00
2.474000000000000199e+00
2.818999999999999950e+00
2.192000000000000171e+00
2.245000000000000107e+00
2.475000000000000089e+00
2.176000000000000156e+00
2.189000000000000057e+00
2.599000000000000199e+00
2.282000000000000028e+00
2.358999999999999986e+00
1.719000000000000083e+00
2.233000000000000096e+00
2.472999999999999865e+00
2.879999999999999893e+00
2.088999999999999968e+00
2.450000000000000178e+00
2.498000000000000220e+00
2.765000000000000124e+00
2.338999999999999968e+00
2.607000000000000206e+00
2.716000000000000192e+00
2.525999999999999801e+00
2.257000000000000117e+00
2.539000000000000146e+00
2.476999999999999869e+00
2.556000000000000050e+00
2.509999999999999787e+00
2.177999999999999936e+00
2.322999999999999954e+00
2.395000000000000018e+00
2.766000000000000014e+00
2.575000000000000178e+00
2.455999999999999961e+00
2.431000000000000050e+00
2.471999999999999975e+00
2.995000000000000107e+00
2.286999999999999922e+00
2.556000000000000050e+00
2.322000000000000064e+00
2.214999999999999858e+00
2.262000000000000011e+00
2.089999999999999858e+00
2.665999999999999925e+00
2.866000000000000103e+00
2.293000000000000149e+00
2.361000000000000210e+00
2.141999999999999904e+00
2.218999999999999861e+00
2.380999999999999783e+00
2.146999999999999797e+00
3.911999999999999922e+00
3.810000000000000053e+00
2.838000000000000078e+00
2.229999999999999982e+00
2.668000000000000149e+00
2.826999999999999957e+00
2.209000000000000075e+00
2.295999999999999819e+00
1.945999999999999952e+00
2.378000000000000114e+00
2.951999999999999957e+00
2.169000000000000039e+00
3.318000000000000060e+00
2.125000000000000000e+00
2.596000000000000085e+00
2.394000000000000128e+00
2.298000000000000043e+00
2.762000000000000011e+00
2.491999999999999993e+00
2.408999999999999808e+00
2.593999999999999861e+00
2.263999999999999790e+00
2.467999999999999972e+00
3.350000000000000089e+00
1.961999999999999966e+00
2.406000000000000139e+00
2.399999999999999911e+00
2.541999999999999815e+00
2.624000000000000110e+00
2.383999999999999897e+00
2.802000000000000046e+00
2.314000000000000057e+00
2.496999999999999886e+00
2.535000000000000142e+00
2.321000000000000174e+00
2.751999999999999780e+00
3.108999999999999986e+00
2.560999999999999943e+00
2.269000000000000128e+00
2.258000000000000007e+00
2.677000000000000046e+00
2.237000000000000099e+00
2.597999999999999865e+00
2.492999999999999883e+00
2.705999999999999961e+00
1.957999999999999963e+00
2.353000000000000203e+00
2.176000000000000156e+00
2.294000000000000039e+00
2.384999999999999787e+00
2.391999999999999904e+00
2.190999999999999837e+00
2.286999999999999922e+00
2.347999999999999865e+00
1.973000000000000087e+00
1.923000000000000043e+00
2.721999999999999975e+00
2.071000000000000174e+00
2.612999999999999989e+00
2.019000000000000128e+00
2.454000000000000181e+00
2.117999999999999883e+00
2.365000000000000213e+00
2.494000000000000217e+00
2.353000000000000203e+00
1.997000000000000108e+00
2.130999999999999783e+00
2.270999999999999908e+00
2.580000000000000071e+00
2.035000000000000142e+00
2.298999999999999932e+00
2.165999999999999925e+00
2.279999999999999805e+00
2.633000000000000007e+00
2.455999999999999961e+00
1.953000000000000069e+00
2.416999999999999815e+00
2.254999999999999893e+00
2.448999999999999844e+00
2.471999999999999975e+00
2.096000000000000085e+00
1.903000000000000025e+00
3.108999999999999986e+00
2.258999999999999897e+00
1.879000000000000004e+00
1.947999999999999954e+00
2.446000000000000174e+00
2.390000000000000124e+00
2.859999999999999876e+00
3.350000000000000089e+00
2.173999999999999932e+00
2.855999999999999872e+00
2.464999999999999858e+00
2.250999999999999890e+00
2.633999999999999897e+00
2.516000000000000014e+00
2.605999999999999872e+00
2.326000000000000068e+00
2.097999999999999865e+00
2.399000000000000021e+00
2.395000000000000018e+00
3.259999999999999787e+00
2.186999999999999833e+00
2.528000000000000025e+00
2.657000000000000028e+00
2.282000000000000028e+00
2.035000000000000142e+00
2.047000000000000153e+00
2.347999999999999865e+00
2.096000000000000085e+00
2.777000000000000135e+00
2.337000000000000188e+00
2.330999999999999961e+00
2.333000000000000185e+00
2.096999999999999975e+00
2.416999999999999815e+00
2.668000000000000149e+00
2.075000000000000178e+00
2.399000000000000021e+00
3.133999999999999897e+00
2.394000000000000128e+00
2.463000000000000078e+00
1.925999999999999934e+00
2.674999999999999822e+00
2.306000000000000050e+00
2.765000000000000124e+00
2.673000000000000043e+00
2.189999999999999947e+00
2.315999999999999837e+00
2.146999999999999797e+00
2.326000000000000068e+00
2.592999999999999972e+00
2.128000000000000114e+00
2.435000000000000053e+00
2.073999999999999844e+00
2.330000000000000071e+00
2.447000000000000064e+00
3.097999999999999865e+00
2.228000000000000203e+00
2.400999999999999801e+00
2.249000000000000110e+00
2.531000000000000139e+00
2.210999999999999854e+00
2.137000000000000011e+00
2.833000000000000185e+00
2.325000000000000178e+00
2.248000000000000220e+00
2.392999999999999794e+00
2.608999999999999986e+00
2.101999999999999869e+00
3.141000000000000014e+00
2.697000000000000064e+00
2.137999999999999901e+00
2.097999999999999865e+00
2.443000000000000060e+00
2.140000000000000124e+00
2.115000000000000213e+00
2.197999999999999954e+00
2.423999999999999932e+00
2.547000000000000153e+00
2.681999999999999940e+00
2.261000000000000121e+00
2.245999999999999996e+00
2.891999999999999904e+00
2.083000000000000185e+00
2.092000000000000082e+00
3.120999999999999996e+00
2.633999999999999897e+00
2.157999999999999918e+00
2.279999999999999805e+00
1.963999999999999968e+00
2.460999999999999854e+00
2.439999999999999947e+00
2.544000000000000039e+00
2.507000000000000117e+00
2.036000000000000032e+00
2.145000000000000018e+00
2.000000000000000000e+00
2.661999999999999922e+00
2.206999999999999851e+00
2.045999999999999819e+00
2.285000000000000142e+00
4.288000000000000256e+00
2.290000000000000036e+00
2.681000000000000050e+00
2.532999999999999918e+00
2.271999999999999797e+00
2.221000000000000085e+00
2.182999999999999829e+00
2.540999999999999925e+00
2.765000000000000124e+00
2.408999999999999808e+00
2.032999999999999918e+00
2.443000000000000060e+00
2.371999999999999886e+00
2.531000000000000139e+00
2.358999999999999986e+00
2.274999999999999911e+00
2.275999999999999801e+00
2.516000000000000014e+00
2.229000000000000092e+00
2.798000000000000043e+00
2.376999999999999780e+00
2.383000000000000007e+00
2.287999999999999812e+00
2.390000000000000124e+00
2.411999999999999922e+00
2.222999999999999865e+00
2.471000000000000085e+00
2.108999999999999986e+00
2.479000000000000092e+00
3.020000000000000018e+00
2.012999999999999901e+00
2.005999999999999783e+00
2.436999999999999833e+00
1.838000000000000078e+00
2.180000000000000160e+00
2.129000000000000004e+00
3.043000000000000149e+00
2.267999999999999794e+00
2.391999999999999904e+00
2.576999999999999957e+00
2.289000000000000146e+00
3.037999999999999812e+00
2.205000000000000071e+00
2.240000000000000213e+00
2.580000000000000071e+00
2.130999999999999783e+00
3.218999999999999861e+00
2.645000000000000018e+00
2.532000000000000028e+00
2.577999999999999847e+00
1.987000000000000099e+00
2.428999999999999826e+00
2.088999999999999968e+00
2.479000000000000092e+00
2.387999999999999901e+00
2.774000000000000021e+00
2.398000000000000131e+00
3.133999999999999897e+00
2.237000000000000099e+00
2.330999999999999961e+00
2.483000000000000096e+00
2.430000000000000160e+00
2.908999999999999808e+00
2.028999999999999915e+00
2.802000000000000046e+00
3.596000000000000085e+00
2.246999999999999886e+00
2.375000000000000000e+00
3.218999999999999861e+00
2.480999999999999872e+00
2.601999999999999869e+00
2.033999999999999808e+00
2.307999999999999829e+00
2.634999999999999787e+00
2.238999999999999879e+00
2.480999999999999872e+00
