2.736845501336204189e-01
1.731214106261534935e+00
2.412779766250571889e+00
2.059163432394381044e+00
-3.588698034146497323e-02
2.038311795012507852e-02
-7.421652905679145817e-01
-4.450087187060940419e-01
1.800924936479813832e-01
-6.873275413737318651e-01
-7.669435940581537103e-01
-9.290359131767181311e-02
3.989390735447873038e-01
4.499296413646710069e-01
2.397914941987514759e+00
3.672751397539411600e-01
-2.467007568856046884e+00
2.290436003228653039e+00
-2.788449964932472325e-01
-2.122310013134676598e+00
2.070334869816171930e-01
-1.047905991224016731e+00
2.229282898717395156e-01
-5.041488620604570592e-01
-9.146303537543851170e-02
-1.037906408763046295e+00
1.290051726467903226e+00
2.039748739057595461e+00
-9.898784755985046147e-01
-6.223428062480577116e-01
-3.653938145518106917e-01
-1.514140150265004703e+00
-1.599103479144251272e-01
-4.731920119344775189e-01
1.136117558086462420e+00
-1.055852323538309268e+00
2.487832964501635935e+00
8.155339433743705735e-01
5.794600885450580385e-01
-1.334340485530313369e+00
-7.000216225060258424e-01
-1.120906587218702732e+00
-7.487797066851481498e-01
9.999884791083557545e-01
-1.015456123993670579e+00
2.608626628935061920e+00
4.053189025118403288e-01
6.607788268466546766e-01
5.033687194916349750e-01
4.134266768716436391e-01
-3.517182889919790445e-01
5.026950893298874901e-01
-9.679853862141205578e-01
5.054792083543179437e+00
-1.519971368805196066e-01
1.195117012880488883e+00
1.679377027954050750e+00
3.084391728249496478e-01
-1.296158677133498971e+00
-1.604587898642126920e+00
1.561913620107327372e+00
5.285610251250547620e-01
-1.590850604203277729e+00
-3.676057554070186195e-01
2.466632073056261643e+00
-8.506789211858020172e-01
-1.202938087923193095e-01
2.341673426025000226e-01
-1.677832294737939822e+00
-9.479896808179825995e-02
1.096216680565975876e+00
-2.673400812530910553e-01
-2.599861464843682413e-01
1.448443672717370623e+00
-6.203869042400471656e-01
1.475241973448094601e+00
1.497373924528591971e+00
8.212883810858151445e-01
-2.341899027131526534e-01
-8.628473361514109596e-01
-5.630122201472186338e-01
9.798852782464759770e-01
-1.744911287095477270e+00
-7.587671024126139141e-01
2.016155262636801115e+00
6.949561422409363809e-01
-4.679491592410889300e-01
-2.358408005410122854e+00
3.788920450809989404e+00
-1.337164413104411365e+00
2.966948982563130111e-01
-1.174625594227422409e+00
9.782845801416862885e-01
-7.653625866446072123e-01
1.250042164357433906e-02
-1.072112189376954072e+00
-1.075990677024340592e+00
-1.018008108317085325e+00
6.971564551638584906e-01
-1.860910971310974826e+00
-1.588648569837671998e+00
8.602322805778087611e-01
-1.215466732868487165e+00
3.225088559454458714e-01
-4.816327562808814799e-01
2.858506975938574501e-01
1.025331371226036348e+00
-4.057424677573201466e-01
-9.445718681920781123e-02
-3.935318375016135573e+00
7.997590505483205547e-02
9.816123746501433101e-02
-1.285458983886346607e+00
-4.716084470773916903e-01
-1.534481240761071508e+00
4.846923906447638680e-02
-4.914899609771096745e-01
-1.222476150895216662e+00
1.307402261924411890e+00
8.699452784812512496e-01
9.280058981834633514e-01
-7.113722931996605547e-01
1.461910497781375717e+00
1.896914162347355770e+00
-2.067245762205614790e-01
-9.898782244331406910e-02
7.888320482154370650e-01
1.051134947185302426e+00
1.467471718879698184e+00
1.968665571473877853e-03
-1.493414815546525130e-02
-2.142767752609428256e-01
4.086987934621126861e-01
-6.178625501634368300e-01
-7.160553475260302003e-02
1.500351029984438256e+00
5.917658435132183703e-02
-4.674582374440895416e-01
-2.302641293771364506e+00
-1.843561147946160272e-01
4.145685765461505912e-01
1.248938418380285631e+00
-1.049248652809072091e+00
2.021466074787693079e-01
2.377440378923334763e-01
-1.731040030319023204e-01
-6.177655299642546005e-01
8.802822824505678323e-01
1.570158429041378367e+00
7.715258708017523892e-01
-2.753871971889430004e-01
1.714398661467635865e+00
-8.367343253835368699e-02
-6.031866553110889484e-01
1.140636685871455613e+00
-2.567237619019739903e-01
2.845043003094859246e-01
-1.074349137171851654e-01
2.269080113540594912e+00
2.178476047333353538e+00
1.228614441458098616e+00
1.349302089057277998e+00
-1.067465895821554822e+00
2.237853603334552854e+00
3.342403462159104777e-02
-7.371555046378664988e-01
-6.099598834665905800e-01
-3.844367717241630178e-01
-2.933868619691470947e-01
-9.661945235562868772e-01
1.645969673283558032e+00
1.490661079329572702e-01
2.884884152643104049e-01
7.946221531463973919e-01
-5.550065707365391399e-01
-1.233212447809784729e-01
-4.097272342168681858e-01
-1.335975323347513788e+00
3.629433092377538639e+00
3.224934406489150085e+00
1.603495125365811680e-01
-2.324299124789093451e-01
-3.471186799801058154e-01
1.515497702097963639e+00
-9.261678889416200544e-01
6.657929066493747383e-01
-1.609000529810043600e+00
4.934829366189231736e-01
5.544696968254195779e-01
-2.389775123772744370e-01
4.388850463258779477e+00
-7.381344486076507616e-01
4.676876036239487333e-01
-1.927731306132182687e-01
-3.254153584862808923e-01
-2.399748982579830714e-01
9.642681375763901830e-01
-3.485021454146968178e-01
8.073738303596106336e-01
1.420906885392408669e-01
4.055846462418554732e-01
1.569417202446109050e+00
-1.939233207179141383e+00
7.176044237522939684e-02
4.818061216661266299e-01
4.405909413132430563e-01
8.799358204118715721e-01
9.263050160714439984e-01
1.315628938388179847e+00
2.670193683067179080e-01
1.040040784128112517e+00
1.666630085906968262e+00
-6.242720013757289133e-01
1.595497235774738565e+00
9.000370068973474469e-01
1.238680638781377796e+00
6.717112727075624790e-02
-1.077077188335579416e+00
-4.542969416845051289e-01
-7.318663625108653425e-01
1.033029512852512211e+00
3.552802429358016267e-01
1.858085090572200837e+00
-1.650050111694167487e+00
7.215927773585895100e-01
-2.642439496577690949e-01
2.289076519723299841e-01
5.610347871824870047e-01
-2.461480012896119229e-01
-5.027909164979481593e-01
-1.790465580771875842e-01
9.711149329462219759e-01
-1.644702317825482929e+00
-1.941257351144839660e+00
1.703732452256699004e+00
-8.742935901383066533e-01
8.666970421293875848e-01
-1.587658734331796273e+00
-1.111328148374815528e-01
-9.512014482566153450e-01
4.477921997227742867e-01
1.138871360869441046e-01
1.422358322447751511e-01
-1.230400995819475041e+00
-4.461827495104735419e-01
-7.002516110678543015e-02
-7.254947956773262208e-01
-1.352957513412438084e+00
9.093103794251225502e-02
-1.160337095800610285e+00
4.623920164290587498e-02
1.026688374523001990e+00
5.465799247707935349e-01
-1.402350189557131532e+00
-9.790258543428908000e-01
1.630218179810706894e-02
9.109803420821355191e-01
-9.001641319883196823e-01
-1.929983483579208015e+00
-1.300918465957686676e+00
1.035083361420900516e+00
-3.298300881893035941e-01
-2.496672471536873328e+00
-1.853553678353956791e+00
5.534267520352177394e-01
1.840964585772834894e-01
1.110133850534449768e-01
1.740710720955753521e+00
-1.032506139675300583e+00
4.096115180453132470e-02
8.255659481875768924e-01
5.847434834428939104e-02
-3.928514533559840372e-01
5.024881729116470463e-01
1.065821801141013880e+00
-5.814675067670295461e-02
-1.148053561118160815e+00
-1.247864021203726193e-01
8.001710785592964781e-01
1.460440016865509394e+00
-3.585413293531931056e-01
9.199736017997796056e-01
1.169721921655423325e+00
-5.570262661078739796e-01
-1.229665998907242264e+00
-1.330132162338318658e+00
3.930868733691619266e-01
-1.444236738431442291e+00
5.796969258289631499e-01
1.719352561204577079e-01
3.386738870236296606e-01
1.928405385185605336e-02
-1.452477623603277479e+00
-1.111922417730672574e+00
1.670328380251193456e+00
-8.886021907442858137e-01
3.884152926632690739e-01
1.020818593035150545e+00
6.371386044854402408e-01
1.393167411715237058e+00
-2.110022540997892992e+00
1.118983318722801545e+00
-6.356110084568046548e-02
-1.307901617360432145e-01
1.242839178274412593e+00
-3.332143938829737473e-01
-2.500616516333231121e-01
-6.622878138320785757e-01
2.405719328819455605e-01
1.353173642825095113e+00
-1.965943763479349515e+00
6.127450028681947769e-01
-8.222976243415027753e-01
5.706611015180171886e-01
-8.194261226555138444e-01
2.737478614954063971e+00
-8.139549058792937553e-01
5.755834632007729157e-01
-6.902086842320629412e-01
4.725519312731684685e-01
-1.768022890856745799e-01
-7.247790816579822160e-01
1.597731441364083516e+00
-1.731767392742079859e-01
-4.282758783906936983e-01
1.216284628179144789e-01
1.152500239421423434e+00
-8.735529743620991106e-01
3.466266139667169455e+00
2.946271161895042123e+00
-6.981960823994133314e-01
-8.555660921936109053e-01
5.114868950270130832e-02
-1.190935005177629735e+00
-7.096120564593870750e-01
-1.979076780019039805e-01
8.488031024390225721e-01
1.100475917978434248e+00
1.259299482623440714e+00
-6.571665312742257514e-01
-7.204779732292886374e-01
4.139059940489135392e-01
-1.190027949800376295e+00
-1.003998071965471972e+00
1.015236336958595054e+00
-5.705450782870954418e-01
-3.309022533324527116e-01
-5.474087517612870046e-01
-1.317205864780638169e+00
3.430294768997709659e-02
3.353606617762688313e-01
4.215994574151391006e-01
1.095318858244332533e-01
-1.081956113027132904e+00
-1.481041872673854121e+00
-1.220766019572559591e+00
7.499507213481452217e-01
-1.689994389217941873e+00
-1.031693372386484953e+00
4.363241593106844673e-01
5.209195100561795577e+00
1.698697227914398589e-01
3.017536347779640860e+00
-7.423417364545954467e-01
-2.963171785258120750e-01
-1.788437065534215775e-01
-2.756500776797078389e-01
6.047044813359671034e-01
2.869719669640740864e-02
8.367632553850758159e-02
-1.270494743285238037e+00
-8.653138403505290788e-02
7.854651557381985283e-01
3.448733378423346485e-01
5.139319843590011150e-01
-8.555233744206163227e-01
-9.358385533530606537e-01
1.536672959381616188e+00
-2.009793309287860597e-02
-6.917488925874820671e-02
-2.668406502979864814e-01
7.205523138452742948e-01
1.500798041821551909e-01
-3.248930289564092022e-01
2.595063948548555904e-02
-9.923061880306808247e-01
1.138797650947377671e-02
-5.550747352076135233e-01
1.435237401991666051e+00
5.495030891021708275e-01
-1.204971590403416171e+00
-1.143820131185138145e+00
1.232325171666079355e-01
-2.655167933854971185e+00
-6.630494142637182176e-01
-5.274481117145892739e-01
7.564972207496111212e-01
1.678719298492325207e-01
2.107644202780531162e-01
-7.138953519662167846e-01
1.073285102749271525e-01
7.408955944266788496e-01
-5.128590809355145774e-01
-3.861038438085175328e-01
-5.478011707462148161e-01
-5.705962603643112141e-01
1.482431630983488180e+00
1.144641282185607789e+00
1.285980259237427425e+00
-6.829454319228830395e-01
-1.774359893411139311e+00
-1.529844147465328208e-01
-1.363500927262881079e+00
2.864285247595886874e-01
6.955769327270230340e-01
-4.415707840968956244e-02
-1.333335568782892944e-01
8.631901614243766563e-01
-2.100630813883855308e-01
-6.364268172039193594e-01
4.892314120125514920e-01
1.668652874228660488e-01
2.308244312163822698e-01
-7.965832854468004598e-01
4.757198680737978469e-02
2.501939147038798161e+00
-5.134773402502221806e-01
3.144979023664606355e-01
1.354818208424004577e+00
-1.758330827638872329e-01
6.405194793843445034e-01
-8.024420877385288753e-01
-2.807994173991880116e-01
7.181798635673019016e-01
-9.408152462080667799e-01
8.456854548638775837e-01
