1.347370000000000073e+04
1.535070000000000073e+04
1.437510000000000036e+04
1.609379999999999927e+04
1.210929999999999927e+04
1.446570000000000073e+04
1.339610000000000036e+04
2.266690000000000146e+04
1.321020000000000073e+04
7.931699999999999818e+03
1.552889999999999964e+04
1.599229999999999927e+04
1.078639999999999964e+04
1.463450000000000000e+04
1.312820000000000073e+04
1.517800000000000000e+04
1.507200000000000000e+04
1.131529999999999927e+04
1.366950000000000000e+04
1.727650000000000000e+04
1.448600000000000000e+04
1.028939999999999964e+04
1.279610000000000036e+04
1.170610000000000036e+04
1.549579999999999927e+04
1.614270000000000073e+04
6.142699999999999818e+03
1.122400000000000000e+04
1.447189999999999964e+04
1.032820000000000073e+04
1.543700000000000000e+04
1.086789999999999964e+04
1.680720000000000073e+04
1.032820000000000073e+04
1.211289999999999964e+04
1.466570000000000073e+04
1.355800000000000000e+04
1.362539999999999964e+04
1.078550000000000000e+04
1.391050000000000000e+04
1.602070000000000073e+04
1.152779999999999927e+04
1.353920000000000073e+04
1.211289999999999964e+04
1.391689999999999964e+04
1.250570000000000073e+04
1.197029999999999927e+04
1.709779999999999927e+04
1.516379999999999927e+04
7.368399999999999636e+03
1.189279999999999927e+04
1.415600000000000000e+04
1.621800000000000000e+04
1.036339999999999964e+04
1.360270000000000073e+04
1.074800000000000000e+04
1.305160000000000036e+04
1.266450000000000000e+04
1.399560000000000036e+04
1.386520000000000073e+04
1.409460000000000036e+04
1.709800000000000000e+04
1.542139999999999964e+04
1.301500000000000000e+04
1.529189999999999964e+04
1.278000000000000000e+04
1.480610000000000036e+04
1.116629999999999927e+04
1.036310000000000036e+04
1.383510000000000036e+04
1.258200000000000000e+04
1.397620000000000073e+04
1.281839999999999964e+04
1.264179999999999927e+04
1.306360000000000036e+04
1.545289999999999964e+04
1.031510000000000036e+04
1.443870000000000073e+04
1.761250000000000000e+04
1.353720000000000073e+04
1.302810000000000036e+04
1.491589999999999964e+04
1.333989999999999964e+04
1.241260000000000036e+04
1.469620000000000073e+04
1.125470000000000073e+04
9.380200000000000728e+03
1.489729999999999927e+04
1.082479999999999927e+04
1.351970000000000073e+04
9.727200000000000728e+03
1.249500000000000000e+04
1.263220000000000073e+04
1.258989999999999964e+04
1.442350000000000000e+04
1.224950000000000000e+04
1.613510000000000036e+04
1.456839999999999964e+04
1.436650000000000000e+04
1.542060000000000036e+04
1.285289999999999964e+04
1.653429999999999927e+04
1.481950000000000000e+04
1.647009999999999854e+04
1.796609999999999854e+04
9.945500000000000000e+03
1.515189999999999964e+04
1.505189999999999964e+04
1.154000000000000000e+04
1.573720000000000073e+04
1.158750000000000000e+04
1.271200000000000000e+04
1.252629999999999927e+04
1.513220000000000073e+04
1.384860000000000036e+04
1.324239999999999964e+04
1.321710000000000036e+04
1.569120000000000073e+04
1.394279999999999927e+04
1.250139999999999964e+04
1.126229999999999927e+04
1.257320000000000073e+04
1.254889999999999964e+04
1.343460000000000036e+04
1.882140000000000146e+04
1.517810000000000036e+04
1.447579999999999927e+04
1.341770000000000073e+04
1.455279999999999927e+04
1.252910000000000036e+04
1.361950000000000000e+04
1.741290000000000146e+04
1.424270000000000073e+04
1.455670000000000073e+04
1.520870000000000073e+04
1.097629999999999927e+04
1.577150000000000000e+04
1.245929999999999927e+04
1.422460000000000036e+04
1.635960000000000036e+04
1.348529999999999927e+04
1.616650000000000000e+04
1.017870000000000073e+04
1.315300000000000000e+04
1.617010000000000036e+04
1.210929999999999927e+04
1.293289999999999964e+04
1.447760000000000036e+04
1.194300000000000000e+04
1.862370000000000073e+04
1.423479999999999927e+04
1.416250000000000000e+04
1.218160000000000036e+04
1.323220000000000073e+04
1.207339999999999964e+04
1.397829999999999927e+04
1.407739999999999964e+04
1.417439999999999964e+04
1.459439999999999964e+04
1.835509999999999854e+04
1.252079999999999927e+04
1.291989999999999964e+04
1.199879999999999927e+04
1.288270000000000073e+04
1.585510000000000036e+04
1.323220000000000073e+04
1.619689999999999964e+04
1.455079999999999927e+04
1.535200000000000000e+04
2.339000000000000000e+04
1.308079999999999927e+04
1.203200000000000000e+04
1.643279999999999927e+04
1.278400000000000000e+04
1.336860000000000036e+04
1.414660000000000036e+04
1.602039999999999964e+04
1.342920000000000073e+04
1.082479999999999927e+04
1.186379999999999927e+04
9.866799999999999272e+03
1.239610000000000036e+04
1.207920000000000073e+04
1.325489999999999964e+04
1.392479999999999927e+04
1.072070000000000073e+04
1.302039999999999964e+04
1.311950000000000000e+04
1.197029999999999927e+04
1.413189999999999964e+04
1.459439999999999964e+04
1.439900000000000000e+04
1.389339999999999964e+04
1.188729999999999927e+04
1.863209999999999854e+04
1.098529999999999927e+04
1.603550000000000000e+04
1.188400000000000000e+04
1.544789999999999964e+04
1.584479999999999927e+04
1.322900000000000000e+04
1.148710000000000036e+04
1.203300000000000000e+04
1.403789999999999964e+04
1.198229999999999927e+04
1.349800000000000000e+04
1.371700000000000000e+04
1.507760000000000036e+04
1.230489999999999964e+04
1.421470000000000073e+04
1.736809999999999854e+04
1.356110000000000036e+04
1.428900000000000000e+04
1.427779999999999927e+04
1.247520000000000073e+04
1.157310000000000036e+04
1.902220000000000073e+04
1.401900000000000000e+04
9.185200000000000728e+03
1.182929999999999927e+04
1.713459999999999854e+04
1.497089999999999964e+04
1.400539999999999964e+04
1.218050000000000000e+04
1.406520000000000073e+04
1.487529999999999927e+04
1.493929999999999927e+04
1.269710000000000036e+04
1.199929999999999927e+04
1.614489999999999964e+04
1.611520000000000073e+04
1.675229999999999927e+04
1.532179999999999927e+04
1.415510000000000036e+04
1.409529999999999927e+04
1.191000000000000000e+04
1.306000000000000000e+04
1.566350000000000000e+04
1.318089999999999964e+04
1.656390000000000146e+04
1.089660000000000036e+04
1.375550000000000000e+04
1.741890000000000146e+04
9.444500000000000000e+03
1.729209999999999854e+04
1.396879999999999927e+04
1.395570000000000073e+04
1.609729999999999927e+04
1.426400000000000000e+04
1.371060000000000036e+04
1.424870000000000073e+04
1.298929999999999927e+04
1.539920000000000073e+04
1.543650000000000000e+04
1.328329999999999927e+04
1.220779999999999927e+04
1.065000000000000000e+04
1.199879999999999927e+04
1.232960000000000036e+04
1.113850000000000000e+04
1.247520000000000073e+04
1.602070000000000073e+04
1.306800000000000000e+04
1.864600000000000000e+04
2.211800000000000000e+04
1.297589999999999964e+04
1.152329999999999927e+04
1.148710000000000036e+04
1.131420000000000073e+04
1.279610000000000036e+04
1.298060000000000036e+04
1.301510000000000036e+04
1.058170000000000073e+04
1.513010000000000036e+04
1.504739999999999964e+04
1.592220000000000073e+04
1.517600000000000000e+04
1.279989999999999964e+04
1.149370000000000073e+04
1.154489999999999964e+04
1.469820000000000073e+04
1.111150000000000000e+04
1.300770000000000073e+04
1.321479999999999927e+04
1.410010000000000036e+04
1.322770000000000073e+04
1.681390000000000146e+04
1.510650000000000000e+04
1.323000000000000000e+04
1.985400000000000000e+04
1.226910000000000036e+04
1.471889999999999964e+04
1.125960000000000036e+04
1.328329999999999927e+04
1.640979999999999927e+04
1.283910000000000036e+04
1.489920000000000073e+04
1.046979999999999927e+04
1.271320000000000073e+04
1.321189999999999964e+04
1.602739999999999964e+04
1.342539999999999964e+04
1.397389999999999964e+04
1.315110000000000036e+04
1.340150000000000000e+04
1.347320000000000073e+04
1.432379999999999927e+04
1.368450000000000000e+04
1.456539999999999964e+04
1.613179999999999927e+04
1.121860000000000036e+04
1.657570000000000073e+04
1.476750000000000000e+04
1.399329999999999927e+04
1.220720000000000073e+04
1.255170000000000073e+04
1.353489999999999964e+04
1.310820000000000073e+04
1.213229999999999927e+04
1.558670000000000073e+04
1.434829999999999927e+04
1.536110000000000036e+04
1.741829999999999927e+04
1.395460000000000036e+04
1.864090000000000146e+04
1.349239999999999964e+04
1.565950000000000000e+04
1.134879999999999927e+04
1.559729999999999927e+04
1.548279999999999927e+04
1.206710000000000036e+04
1.754400000000000000e+04
1.272510000000000036e+04
1.458610000000000036e+04
1.535989999999999964e+04
1.107539999999999964e+04
1.466250000000000000e+04
1.305729999999999927e+04
1.328079999999999927e+04
1.401300000000000000e+04
1.542479999999999927e+04
9.727200000000000728e+03
1.200150000000000000e+04
1.549610000000000036e+04
9.720200000000000728e+03
1.058170000000000073e+04
1.508529999999999927e+04
1.338879999999999927e+04
1.405870000000000073e+04
1.667229999999999927e+04
1.202529999999999927e+04
1.585520000000000073e+04
1.593320000000000073e+04
1.647820000000000073e+04
1.112579999999999927e+04
1.591160000000000036e+04
1.578420000000000073e+04
1.211050000000000000e+04
1.956809999999999854e+04
1.375839999999999964e+04
1.036339999999999964e+04
1.490650000000000000e+04
1.350429999999999927e+04
1.273479999999999927e+04
1.393289999999999964e+04
1.296029999999999927e+04
1.148150000000000000e+04
1.475250000000000000e+04
1.315110000000000036e+04
1.349050000000000000e+04
1.218379999999999927e+04
1.334560000000000036e+04
1.520410000000000036e+04
1.376360000000000036e+04
1.386720000000000073e+04
1.579900000000000000e+04
1.611070000000000073e+04
1.020400000000000000e+04
1.771170000000000073e+04
1.158750000000000000e+04
1.437560000000000036e+04
1.359160000000000036e+04
1.203400000000000000e+04
1.278029999999999927e+04
1.334120000000000073e+04
1.372300000000000000e+04
1.240360000000000036e+04
1.624789999999999964e+04
1.422460000000000036e+04
1.101710000000000036e+04
1.337889999999999964e+04
1.222950000000000000e+04
1.366379999999999927e+04
4.493000000000000000e+03
1.273629999999999927e+04
1.636500000000000000e+04
1.093950000000000000e+04
6.474300000000000182e+03
1.586439999999999964e+04
1.185560000000000036e+04
1.208050000000000000e+04
1.136020000000000073e+04
1.206839999999999964e+04
1.403160000000000036e+04
1.395570000000000073e+04
1.432960000000000036e+04
1.007329999999999927e+04
2.038679999999999927e+04
1.195679999999999927e+04
1.048510000000000036e+04
1.525379999999999927e+04
1.252039999999999964e+04
1.369170000000000073e+04
1.895259999999999854e+04
1.175100000000000000e+04
1.006370000000000073e+04
1.285310000000000036e+04
1.046979999999999927e+04
1.516570000000000073e+04
1.662159999999999854e+04
1.444939999999999964e+04
1.167060000000000036e+04
1.163989999999999964e+04
1.458239999999999964e+04
1.344100000000000000e+04
1.229079999999999927e+04
1.310110000000000036e+04
1.352979999999999927e+04
1.007329999999999927e+04
1.529150000000000000e+04
1.260679999999999927e+04
1.425360000000000036e+04
1.397260000000000036e+04
1.257760000000000036e+04
1.569329999999999927e+04
1.210939999999999964e+04
