1.293089999999999964e+04
1.280660000000000036e+04
1.581810000000000036e+04
2.096209999999999854e+04
7.519399999999999636e+03
1.292729999999999927e+04
1.411070000000000073e+04
1.246970000000000073e+04
1.050929999999999927e+04
1.356620000000000073e+04
1.187070000000000073e+04
1.418860000000000036e+04
1.298860000000000036e+04
1.125470000000000073e+04
1.677529999999999927e+04
1.303550000000000000e+04
9.250100000000000364e+03
1.850159999999999854e+04
1.526520000000000073e+04
1.440910000000000036e+04
1.161679999999999927e+04
1.399779999999999927e+04
1.590550000000000000e+04
1.344560000000000036e+04
1.323210000000000036e+04
1.332460000000000036e+04
1.474639999999999964e+04
1.338429999999999927e+04
1.809740000000000146e+04
1.791140000000000146e+04
1.691109999999999854e+04
1.178229999999999927e+04
1.240920000000000073e+04
1.978390000000000146e+04
1.651450000000000000e+04
1.298389999999999964e+04
1.449350000000000000e+04
1.670920000000000073e+04
1.453229999999999927e+04
1.612310000000000036e+04
1.368929999999999927e+04
9.866799999999999272e+03
1.257320000000000073e+04
1.485010000000000036e+04
1.101750000000000000e+04
1.252910000000000036e+04
1.254739999999999964e+04
1.482089999999999964e+04
1.211050000000000000e+04
1.394560000000000036e+04
1.372539999999999964e+04
1.130339999999999964e+04
1.636579999999999927e+04
1.416639999999999964e+04
1.006370000000000073e+04
1.304820000000000073e+04
1.450579999999999927e+04
1.137029999999999927e+04
1.479000000000000000e+04
7.075500000000000000e+03
1.104120000000000073e+04
1.502010000000000036e+04
1.115800000000000000e+04
1.450400000000000000e+04
1.238250000000000000e+04
1.668429999999999927e+04
1.401820000000000073e+04
1.733179999999999927e+04
1.495270000000000073e+04
1.394560000000000036e+04
1.355429999999999927e+04
5.194199999999999818e+03
1.242129999999999927e+04
1.200700000000000000e+04
1.659900000000000000e+04
1.117200000000000000e+04
1.008170000000000073e+04
1.002250000000000000e+04
1.597500000000000000e+04
1.350850000000000000e+04
1.207920000000000073e+04
1.368550000000000000e+04
1.321689999999999964e+04
1.569979999999999927e+04
1.075000000000000000e+04
1.122400000000000000e+04
1.031510000000000036e+04
1.347600000000000000e+04
1.311660000000000036e+04
1.719329999999999927e+04
1.663650000000000000e+04
1.515160000000000036e+04
1.260079999999999927e+04
1.713200000000000000e+04
1.614760000000000036e+04
1.238470000000000073e+04
1.274410000000000036e+04
1.610979999999999927e+04
1.458029999999999927e+04
1.427970000000000073e+04
1.263220000000000073e+04
9.216200000000000728e+03
1.400970000000000073e+04
1.410660000000000036e+04
1.449970000000000073e+04
1.163870000000000073e+04
1.343489999999999964e+04
1.393650000000000000e+04
1.075479999999999927e+04
1.217670000000000073e+04
