-2.146278133017898715e-01
4.962606502731375380e-01
2.565116751078401869e+00
5.361618381952439893e-01
2.398480792504094350e-01
3.007078480434889900e-01
-1.456634172257982585e-01
3.323959458617877338e+00
-2.428804919289329345e-01
-1.605411325261027367e+00
1.427367424218080716e+00
6.416112222261964870e-01
-1.660142135579056211e+00
-1.482548287745829030e-01
-8.665564178724038946e-01
1.512085548565570980e-01
1.051385604339510615e-01
-8.714346525160593382e-01
-9.461108384905769775e-02
1.675973561775879750e+00
3.567942828276535194e-01
-1.574854086712494272e+00
7.441565549490981590e-01
-7.160002475781387377e-01
9.153945428799128425e-01
5.998802399855983625e-01
-2.551198166593438454e+00
3.297410060527737885e-01
-1.575238016366920235e-01
-2.526012117741057716e-01
1.130320313745821315e+00
-8.498500229608920709e-01
8.326412541347064655e-01
-6.155980479266568439e-01
7.438884531960288093e-01
9.660470577502612288e-01
-1.226542461362962744e-01
1.559462759826053757e+00
-3.939968576881454076e-01
5.051146561021379461e-02
8.596056486457190893e-01
-4.497877504103626745e-01
2.023742461759862610e-01
1.076021830038978333e+00
-4.636463044392328814e-01
-7.860607752549588767e-01
4.426365418979216759e-01
7.030804503341879785e-01
6.973311609367258690e-01
-2.031092171545309633e+00
-3.635607194854082458e-01
2.421077395845861180e-01
1.076779610926019259e+00
-4.292641057268355431e-01
-9.373476380993359114e-02
-1.677208869771997790e+00
1.006847750729768370e-01
-6.778789339446419371e-01
9.916382718595161128e-02
-5.530345459594676605e-01
-3.567989682633239679e-01
1.203930171483002187e+00
2.482122532328956410e-01
-3.814791306171382290e-01
1.002842817789828533e+00
-8.111224185566351386e-02
-9.839727212048261784e-02
-1.360179617807753649e+00
-1.031619511288385027e+00
2.777829279476315069e-02
-1.452654984261624038e-01
1.897704337019551490e-01
-1.098296469530394281e+00
-7.579205611947058552e-01
-5.504464921262613997e-01
6.725430859547900653e-01
-8.999589173318721658e-01
-1.448819042782290845e-01
2.167355551074084286e+00
-1.753540056181543683e-01
-4.624021750668347863e-01
4.776786258489114090e-01
-3.170950183956555146e-01
-6.188278762895826901e-01
4.037534551931725169e-01
-3.769089649208194337e-01
-1.133420089592912516e+00
5.158525527027824076e-01
-8.526679740830962473e-01
-4.745495166477328164e-01
-9.429115668659812100e-01
-1.963954322678358178e-01
-7.430360375449801547e-01
-1.191907041199251616e-01
1.446233714822394156e-01
-9.330291403786081794e-01
7.165399659035764923e-01
3.253332532049849068e-01
3.492584333294862509e-01
3.077423532601238909e-01
-8.776732027385479584e-02
1.171703692297534793e+00
5.828759256162130420e-01
7.603017813464837404e-01
1.696736737656019178e+00
-3.006005333367868793e-01
2.629903835818918623e-01
7.293902255256894396e-01
-9.074480887839025955e-01
5.968875357991844099e-01
3.379264854895455694e-01
-9.956062983897223662e-01
-1.668558345229386453e-01
4.789885990649034309e-01
1.663929030553408794e-01
1.382081440081463386e+00
1.610109025561163587e-01
7.814839425540592854e-01
2.350864604299542360e-01
-8.432895736101462258e-01
-1.418577236069665126e+00
9.702442417206234015e-01
-1.704905272108638570e-01
-7.069666597442626488e-01
1.733880214399969644e+00
2.484395136266420723e-01
7.843329582179564552e-01
-2.502510257853559628e-01
3.380562970664324207e-01
8.318678602150906265e-01
-6.031984694256539714e-02
1.287521307142947435e+00
-2.405652989130498132e-01
3.225343524141088825e-01
3.191198284461252976e-01
-1.531737129243654350e+00
6.046269037721325734e-01
-8.071746299699025240e-01
1.944031467425283988e-01
7.436726368464511294e-01
-2.624207990927833190e-01
7.201965222844731729e-01
-1.682345233935652828e+00
-3.982872765636803480e-01
5.569226450648067095e-01
5.763201143990599462e-01
-3.757413479823627778e-02
-1.640696630918342391e-01
-8.131475567720871656e-01
1.490646191724938285e+00
1.829615004267608758e-01
1.185334297067129790e-02
-1.024455729390202574e+00
9.102404640465656671e-01
-8.639929744101387810e-01
7.113213565626309576e-01
6.843208376373154378e-01
-3.325774818454803605e-01
4.809588341276420098e-01
9.630403531784352822e-01
-4.003579494924385251e-01
-5.001690197435054719e-02
1.140792918182973015e+00
-5.481396291662311848e-02
4.080510835372908041e-01
1.233775906881992679e+00
5.403593334157160699e-01
-1.222226941032951951e-02
2.820063896642903134e-01
2.960954708282856451e+00
1.566734153688833231e-01
9.838876746632241321e-01
5.597965182613956481e-01
-3.065368299545956909e-01
-6.389439173002979810e-01
6.160985289190368253e-01
4.531582436358506660e-01
-3.523595285223892204e-01
-4.694783596132553471e-01
4.025495777149521448e-01
-8.927946620457790639e-01
-7.446596185377174493e-01
2.825183741338628818e-01
1.665915264430046228e-01
7.623174241493620162e-02
-6.435743776640941993e-01
-3.897675312527352776e-01
-2.133126264475934120e-01
7.963970574537487801e-02
5.852857703930380850e-02
3.453011964699754799e-01
3.085638224784837957e-01
-5.503980317486150131e-01
-6.545663297243493606e-01
3.067157542065134468e+00
-9.507246636184109312e-02
1.145420110365251487e+00
-6.862623525776542222e-01
6.113321463266356837e-01
6.450432885042185482e-01
-3.990779146158925927e-01
3.538766540738357835e-01
-1.050261122394034352e+00
6.740016749824112585e-02
-9.805529199384556138e-01
-7.036655785292796894e-01
4.462912428776279194e-02
4.694774855989562456e-01
-9.027775950258082327e-01
2.399714194400066058e-01
1.333273345893660533e+00
7.070959116744315875e-02
-3.455666807757831194e-01
9.237687053943077764e-01
1.292512027216537129e+00
-8.026692145933074229e-01
1.087429958708427513e+00
-4.814136635741356196e-01
-1.124456228476572894e+00
-1.542174573552644867e+00
9.561107164490288968e-01
4.840410832466220392e-01
5.107491820647356295e-01
-9.796839364099644287e-01
2.273349936425931583e-01
6.295136088829514920e-01
2.133498656699567841e-01
-2.432459204346298920e-02
-6.000241519772528953e-01
4.799699934084135089e-01
9.442643191093730293e-01
8.759202127249198222e-01
3.179550672644024800e-01
4.124027543520378258e-02
9.398286594679601536e-02
-1.024822767615800378e+00
-4.652832370345241775e-01
5.802155458134479193e-01
1.057775427973146193e-01
1.064440586102989084e+00
-1.593322501527076884e+00
-3.234767074965198136e-02
1.086578323087805442e+00
-2.612816755579679295e+00
1.868333112867736290e+00
-3.569579802982287414e-02
1.841808746281198061e+00
6.939783257305248698e-01
2.446879023427655231e-01
-1.786049919843199774e-01
2.482451061237824497e-01
-8.985793496510497969e-01
3.284257352160672161e-01
6.821228627974573744e-01
9.137652693703376405e-01
-6.575544997864283259e-01
-1.706127260670709855e+00
7.264602230367346314e-01
-8.820386045439017053e-01
-1.405368953885075101e+00
9.646908478113329632e-01
4.376145724850499796e-01
-5.538376407851400285e-02
1.657389175916231805e+00
2.640095309588916361e+00
-5.171239291186047193e-01
1.570541676256150543e-01
-7.645624747156318235e-02
-1.429208653755613234e+00
1.195920233816407219e+00
-3.961172391616192279e-01
-3.792549663211023520e-02
-9.497566648479311979e-01
1.535130990600888645e-01
1.610686344983987828e-01
5.412669221173270762e-01
1.328097700771142975e+00
-6.211365945522905330e-01
-4.759589757262986387e-01
-6.729485705835556997e-02
4.934735340188354247e-01
-1.543876009241121894e+00
-8.773321737246625451e-01
-3.824612178907187410e-01
3.183477813245947918e-01
2.375377462086688540e-01
1.403170492441455419e+00
7.094335252242673917e-01
-5.352181789172870685e-01
2.309662552851832196e+00
-3.674514779520384189e-01
4.181760674650200071e-01
-1.097168201061163861e+00
1.233041436503951482e+00
1.643575486604741398e+00
-6.579855430915357295e-02
1.495137558223976204e-01
-2.792603640474173865e-01
-5.030951927942844959e-01
5.504921936828237675e-03
9.116753728506716836e-01
-1.102145920316132816e-01
5.235540282173130333e-02
1.180318881396247965e+00
-2.535304570731679585e-01
-1.323408814809675371e-01
1.703825207728209556e-01
1.254612570660754711e-01
4.358639934362228963e-01
1.471342030526956446e+00
5.344555967821166056e-03
9.232619924935874245e-01
8.265704536793264112e-02
2.096512343012660040e-01
-7.352477299040133252e-01
-2.390502901513239797e-01
-6.527352693468980727e-01
1.688268588928075187e-01
-9.579159556563913158e-01
1.051667107458042372e+00
8.820568650539042932e-02
5.276469652866101478e-01
1.055601145011611619e+00
2.983996030855717851e-02
1.818476486770391753e+00
4.639808720000094810e-01
7.867043017932119353e-01
-1.404247058011453220e+00
4.059491064253700765e-01
5.473443700255996580e-01
-5.070074162341682289e-01
1.479631565815288541e+00
-5.918417528072481559e-01
9.224991252334250325e-01
3.546274352639351979e-01
-7.577739643832632765e-01
1.271329509237211497e-01
-8.249811708047199987e-01
-2.604878877168587126e-01
6.392640948191609107e-01
2.639348246153832567e-01
-1.220762083256307751e+00
-9.891343530744117762e-01
5.585848321684696582e-01
-1.481494890449859714e+00
-5.150685494504404494e-01
1.165902244476237914e+00
2.995583523753330146e-01
2.693474373669895727e-01
1.532486518018914001e+00
-4.119367404749781914e-01
4.097830485113103105e-01
4.115745015655305483e-01
8.082493019243450760e-01
-2.037103123426923457e+00
6.912088374693272641e-01
3.432132421269013522e-01
4.716334252622316758e-01
1.816405204822277630e+00
1.695317386494534229e-01
-7.923267272434755260e-01
6.688679983346921265e-01
9.426653849288167686e-02
1.267675949601030583e+00
2.524484658973999984e-01
-8.403670674761419823e-01
-1.225958461262382393e+00
6.490247499444951051e-01
7.971292669264070652e-01
-6.270270535074314866e-01
-3.495670547019822383e-01
-2.697065456987199350e-01
4.914121727988765009e-01
4.785317286646810775e-01
1.282648758415016743e-01
3.539427963426476920e-01
4.895800375682495265e-01
-8.675411097076026756e-01
1.954511176194609234e+00
7.009233216420966972e-01
-2.663222863618692204e-01
8.567184380089212792e-02
-6.790712187574100556e-01
-6.877188318065738937e-01
3.042347882354358712e-01
4.214097586948055141e-01
-3.589988002361035879e-01
7.659483282901392576e-01
2.506358970370820560e-01
4.242818673840083044e-01
4.348537434197942697e-01
-8.463018069841565794e-01
4.915317139760869702e-01
-3.213222281683179471e+00
-6.412803392478879649e-01
8.721551958354639700e-01
-4.838074056124642697e-01
-2.201972940766239173e+00
5.110199431998244668e-01
8.938725860288013747e-01
-8.915904728185519712e-01
-1.695481559607048549e-01
-3.222693784897640579e-01
-3.787677013993198671e-01
1.407120630883707202e+00
9.641413141180411872e-02
-1.556341882222541217e+00
2.394450375545330800e+00
-9.035210599108264296e-01
-1.991449566159806672e-01
7.929116192255016848e-01
-2.870226770073053268e-01
-1.481748652038833158e-01
1.767280743149885147e+00
-6.185568320373999729e-01
-7.007770603419751776e-01
-1.016245521495158455e+00
1.176535127672818787e-01
2.579407878355676753e-01
1.494396009228643463e+00
2.384938395660715915e-01
-1.174823848260671655e+00
3.143118587339322478e-01
9.979349698212854891e-01
1.203185946925475092e+00
1.165110716553707348e+00
-2.605424699507868924e-01
-5.870877603925884758e-01
-1.257965180578619835e+00
5.479290333228817866e-01
-1.189390925270414678e+00
2.156324169751707709e-01
2.330988821767474364e-02
-2.398794216136009572e-01
3.184473615139615799e-01
-9.017349291722399629e-01
