4.530300000000000182e+03
4.509699999999999818e+03
3.936500000000000000e+03
4.749500000000000000e+03
3.793699999999999818e+03
4.168699999999999818e+03
4.172399999999999636e+03
4.951199999999999818e+03
4.110899999999999636e+03
4.344300000000000182e+03
4.556600000000000364e+03
4.228300000000000182e+03
3.356099999999999909e+03
4.037699999999999818e+03
5.109000000000000000e+03
4.238000000000000000e+03
4.210600000000000364e+03
4.042400000000000091e+03
4.117399999999999636e+03
3.931199999999999818e+03
4.285899999999999636e+03
3.421800000000000182e+03
4.071199999999999818e+03
3.859699999999999818e+03
4.516699999999999818e+03
4.126899999999999636e+03
3.793000000000000000e+03
3.765599999999999909e+03
4.223199999999999818e+03
3.561099999999999909e+03
3.451000000000000000e+03
4.123600000000000364e+03
4.868399999999999636e+03
3.561099999999999909e+03
3.563500000000000000e+03
4.040599999999999909e+03
4.115800000000000182e+03
3.781099999999999909e+03
3.741000000000000000e+03
3.633000000000000000e+03
4.321100000000000364e+03
3.677500000000000000e+03
4.102500000000000000e+03
3.563500000000000000e+03
4.355399999999999636e+03
3.518199999999999818e+03
3.715500000000000000e+03
4.569800000000000182e+03
3.757099999999999909e+03
5.421699999999999818e+03
3.285900000000000091e+03
3.971800000000000182e+03
4.070699999999999818e+03
3.403599999999999909e+03
3.970199999999999818e+03
3.464599999999999909e+03
4.232300000000000182e+03
4.188699999999999818e+03
4.272899999999999636e+03
4.115800000000000182e+03
4.570000000000000000e+03
5.832699999999999818e+03
4.442899999999999636e+03
4.399000000000000000e+03
4.434699999999999818e+03
4.194800000000000182e+03
4.705100000000000364e+03
3.904300000000000182e+03
4.086500000000000000e+03
4.145000000000000000e+03
3.739699999999999818e+03
3.905599999999999909e+03
3.916500000000000000e+03
3.537199999999999818e+03
4.028099999999999909e+03
4.100800000000000182e+03
3.434300000000000182e+03
4.871399999999999636e+03
4.486699999999999818e+03
4.151500000000000000e+03
4.014699999999999818e+03
4.387399999999999636e+03
3.902800000000000182e+03
3.598400000000000091e+03
4.236899999999999636e+03
3.768300000000000182e+03
3.010099999999999909e+03
4.149199999999999818e+03
3.548000000000000000e+03
4.115000000000000000e+03
3.216599999999999909e+03
3.689800000000000182e+03
3.550500000000000000e+03
3.813599999999999909e+03
4.156300000000000182e+03
4.666500000000000000e+03
4.310800000000000182e+03
4.339500000000000000e+03
4.626699999999999818e+03
4.292000000000000000e+03
4.211000000000000000e+03
4.318600000000000364e+03
4.156399999999999636e+03
5.066399999999999636e+03
4.473399999999999636e+03
3.411099999999999909e+03
4.390199999999999818e+03
4.527399999999999636e+03
3.861300000000000182e+03
4.161399999999999636e+03
3.583199999999999818e+03
3.829599999999999909e+03
4.166300000000000182e+03
4.118899999999999636e+03
3.747400000000000091e+03
3.414199999999999818e+03
4.178300000000000182e+03
4.851600000000000364e+03
3.555000000000000000e+03
3.570900000000000091e+03
3.476900000000000091e+03
3.402099999999999909e+03
3.781000000000000000e+03
4.084000000000000000e+03
4.846500000000000000e+03
4.655800000000000182e+03
4.204100000000000364e+03
4.192500000000000000e+03
3.866800000000000182e+03
3.889599999999999909e+03
4.508899999999999636e+03
4.607199999999999818e+03
4.161000000000000000e+03
4.603199999999999818e+03
4.721699999999999818e+03
3.254900000000000091e+03
4.630899999999999636e+03
4.252399999999999636e+03
4.092000000000000000e+03
4.689899999999999636e+03
4.426600000000000364e+03
4.441699999999999818e+03
4.218600000000000364e+03
3.720400000000000091e+03
4.732500000000000000e+03
3.793699999999999818e+03
4.228899999999999636e+03
4.250199999999999818e+03
3.416500000000000000e+03
4.190100000000000364e+03
4.217699999999999818e+03
4.322000000000000000e+03
3.833699999999999818e+03
3.613099999999999909e+03
4.283600000000000364e+03
3.598300000000000182e+03
3.602599999999999909e+03
4.134699999999999818e+03
3.441000000000000000e+03
4.270199999999999818e+03
3.873500000000000000e+03
3.896900000000000091e+03
3.398900000000000091e+03
4.058000000000000000e+03
4.518600000000000364e+03
3.613099999999999909e+03
5.131800000000000182e+03
4.125100000000000364e+03
4.422500000000000000e+03
4.139300000000000182e+03
3.668300000000000182e+03
4.237699999999999818e+03
4.472000000000000000e+03
3.743599999999999909e+03
4.990300000000000182e+03
3.593000000000000000e+03
5.042899999999999636e+03
3.592800000000000182e+03
3.548000000000000000e+03
3.826800000000000182e+03
3.007199999999999818e+03
3.782900000000000091e+03
3.415099999999999909e+03
3.911500000000000000e+03
4.272100000000000364e+03
3.619199999999999818e+03
3.994400000000000091e+03
4.084099999999999909e+03
3.715500000000000000e+03
4.969699999999999818e+03
3.931000000000000000e+03
4.283300000000000182e+03
4.103000000000000000e+03
4.266399999999999636e+03
4.993199999999999818e+03
3.911300000000000182e+03
4.012000000000000000e+03
3.548599999999999909e+03
3.265000000000000000e+03
4.427199999999999818e+03
3.993699999999999818e+03
3.314800000000000182e+03
3.973599999999999909e+03
4.117500000000000000e+03
4.114600000000000364e+03
3.790400000000000091e+03
4.229899999999999636e+03
4.114699999999999818e+03
4.003900000000000091e+03
4.423199999999999818e+03
4.736600000000000364e+03
3.422599999999999909e+03
4.818699999999999818e+03
4.150699999999999818e+03
3.494400000000000091e+03
3.847199999999999818e+03
4.501199999999999818e+03
4.164899999999999636e+03
3.263000000000000000e+03
4.319199999999999818e+03
4.225399999999999636e+03
4.092300000000000182e+03
4.267399999999999636e+03
4.223000000000000000e+03
4.235300000000000182e+03
4.553500000000000000e+03
4.864500000000000000e+03
3.492800000000000182e+03
4.241100000000000364e+03
4.813300000000000182e+03
4.240699999999999818e+03
4.513199999999999818e+03
4.495899999999999636e+03
4.754600000000000364e+03
3.961000000000000000e+03
3.791599999999999909e+03
3.908699999999999818e+03
3.892000000000000000e+03
3.901199999999999818e+03
3.873199999999999818e+03
3.397599999999999909e+03
4.282800000000000182e+03
4.178399999999999636e+03
3.839900000000000091e+03
3.523699999999999818e+03
4.677399999999999636e+03
5.024399999999999636e+03
4.188399999999999636e+03
4.471800000000000182e+03
4.519600000000000364e+03
3.485599999999999909e+03
3.775000000000000000e+03
4.676800000000000182e+03
3.759599999999999909e+03
3.940800000000000182e+03
3.698199999999999818e+03
3.657500000000000000e+03
3.398900000000000091e+03
3.647500000000000000e+03
3.596500000000000000e+03
3.494400000000000091e+03
4.620000000000000000e+03
3.990199999999999818e+03
4.699800000000000182e+03
4.509699999999999818e+03
3.860199999999999818e+03
3.125300000000000182e+03
3.314800000000000182e+03
3.421699999999999818e+03
4.071199999999999818e+03
3.791900000000000091e+03
3.707900000000000091e+03
3.641000000000000000e+03
4.617500000000000000e+03
4.904899999999999636e+03
4.375100000000000364e+03
5.102699999999999818e+03
3.405599999999999909e+03
3.632300000000000182e+03
3.605099999999999909e+03
4.611500000000000000e+03
3.828500000000000000e+03
3.760099999999999909e+03
4.041300000000000182e+03
4.067199999999999818e+03
4.438300000000000182e+03
4.444199999999999818e+03
4.474600000000000364e+03
4.120399999999999636e+03
4.416300000000000182e+03
3.926500000000000000e+03
4.356600000000000364e+03
4.135100000000000364e+03
3.940800000000000182e+03
4.281800000000000182e+03
3.640800000000000182e+03
4.026099999999999909e+03
3.478199999999999818e+03
3.918800000000000182e+03
3.987400000000000091e+03
4.137600000000000364e+03
4.378300000000000182e+03
4.302000000000000000e+03
3.734599999999999909e+03
3.720000000000000000e+03
4.260699999999999818e+03
3.870800000000000182e+03
4.408100000000000364e+03
4.707100000000000364e+03
3.627699999999999818e+03
3.622800000000000182e+03
5.083800000000000182e+03
4.966800000000000182e+03
4.160199999999999818e+03
3.615500000000000000e+03
3.968199999999999818e+03
4.417000000000000000e+03
3.573800000000000182e+03
4.270399999999999636e+03
4.723500000000000000e+03
4.103600000000000364e+03
4.356300000000000182e+03
4.005900000000000091e+03
4.184600000000000364e+03
4.118199999999999818e+03
3.929400000000000091e+03
4.099600000000000364e+03
3.683500000000000000e+03
4.700199999999999818e+03
4.145500000000000000e+03
3.749900000000000091e+03
3.470800000000000182e+03
4.135100000000000364e+03
4.407300000000000182e+03
4.463100000000000364e+03
3.547300000000000182e+03
4.505300000000000182e+03
4.989100000000000364e+03
4.008400000000000091e+03
4.612000000000000000e+03
4.264199999999999818e+03
3.216599999999999909e+03
3.586000000000000000e+03
4.365300000000000182e+03
3.202000000000000000e+03
3.641000000000000000e+03
3.908699999999999818e+03
4.560199999999999818e+03
4.006800000000000182e+03
4.511100000000000364e+03
4.656600000000000364e+03
4.440699999999999818e+03
4.410399999999999636e+03
4.404600000000000364e+03
3.882500000000000000e+03
4.206699999999999818e+03
4.833199999999999818e+03
3.862099999999999909e+03
3.950800000000000182e+03
3.835699999999999818e+03
3.403599999999999909e+03
4.271600000000000364e+03
4.310899999999999636e+03
3.550500000000000000e+03
4.943500000000000000e+03
4.415199999999999818e+03
3.713699999999999818e+03
4.528199999999999818e+03
3.734599999999999909e+03
4.010800000000000182e+03
4.421300000000000182e+03
4.287300000000000182e+03
4.023300000000000182e+03
4.127100000000000364e+03
3.745400000000000091e+03
4.501100000000000364e+03
4.045699999999999818e+03
3.470199999999999818e+03
4.590100000000000364e+03
3.583199999999999818e+03
4.539300000000000182e+03
4.255800000000000182e+03
3.191800000000000182e+03
3.764000000000000000e+03
3.993699999999999818e+03
4.634699999999999818e+03
4.499100000000000364e+03
4.394699999999999818e+03
4.087099999999999909e+03
3.372300000000000182e+03
3.989800000000000182e+03
3.898699999999999818e+03
3.991500000000000000e+03
3.512300000000000182e+03
4.245100000000000364e+03
4.613199999999999818e+03
3.588000000000000000e+03
4.031699999999999818e+03
4.378100000000000364e+03
3.143099999999999909e+03
3.701400000000000091e+03
3.524500000000000000e+03
3.907699999999999818e+03
4.728000000000000000e+03
5.024399999999999636e+03
4.458899999999999636e+03
3.391199999999999818e+03
3.799199999999999818e+03
3.534300000000000182e+03
3.165000000000000000e+03
4.293899999999999636e+03
4.338699999999999818e+03
4.543199999999999818e+03
4.736600000000000364e+03
3.764099999999999909e+03
3.126900000000000091e+03
4.091400000000000091e+03
3.478199999999999818e+03
4.473800000000000182e+03
6.130100000000000364e+03
4.195899999999999636e+03
4.755699999999999818e+03
3.522699999999999818e+03
3.653800000000000182e+03
3.952099999999999909e+03
3.193000000000000000e+03
4.121600000000000364e+03
4.314600000000000364e+03
3.391199999999999818e+03
3.687500000000000000e+03
3.782800000000000182e+03
4.290699999999999818e+03
4.018199999999999818e+03
3.908199999999999818e+03
4.023699999999999818e+03
4.144300000000000182e+03
