3.843199999999999818e+03
4.612899999999999636e+03
3.859599999999999909e+03
4.875500000000000000e+03
4.229399999999999636e+03
3.961900000000000091e+03
4.117699999999999818e+03
3.931000000000000000e+03
3.493599999999999909e+03
4.124899999999999636e+03
3.336599999999999909e+03
4.672899999999999636e+03
3.904099999999999909e+03
3.768300000000000182e+03
4.445399999999999636e+03
3.785199999999999818e+03
3.178400000000000091e+03
4.421199999999999818e+03
4.345100000000000364e+03
4.058500000000000000e+03
3.691800000000000182e+03
3.429400000000000091e+03
4.527000000000000000e+03
4.255500000000000000e+03
3.876199999999999818e+03
4.423699999999999818e+03
4.452399999999999636e+03
4.229000000000000000e+03
3.971199999999999818e+03
4.626800000000000182e+03
4.068699999999999818e+03
4.114699999999999818e+03
3.778699999999999818e+03
3.868800000000000182e+03
4.621600000000000364e+03
4.372500000000000000e+03
3.773900000000000091e+03
3.539699999999999818e+03
4.303199999999999818e+03
4.569300000000000182e+03
3.778400000000000091e+03
3.007199999999999818e+03
3.402099999999999909e+03
4.780800000000000182e+03
3.555300000000000182e+03
3.889599999999999909e+03
4.258100000000000364e+03
4.642000000000000000e+03
3.862099999999999909e+03
4.853300000000000182e+03
3.828699999999999818e+03
2.994599999999999909e+03
4.651500000000000000e+03
4.209199999999999818e+03
3.126900000000000091e+03
4.355199999999999818e+03
4.450800000000000182e+03
3.185000000000000000e+03
3.812599999999999909e+03
4.301100000000000364e+03
3.534300000000000182e+03
3.964400000000000091e+03
3.475500000000000000e+03
4.175600000000000364e+03
4.060099999999999909e+03
4.513399999999999636e+03
3.954599999999999909e+03
4.601699999999999818e+03
3.968599999999999909e+03
4.699600000000000364e+03
3.963199999999999818e+03
4.341000000000000000e+03
4.235699999999999818e+03
3.460300000000000182e+03
4.185899999999999636e+03
3.999500000000000000e+03
3.422900000000000091e+03
3.311000000000000000e+03
4.408600000000000364e+03
4.093300000000000182e+03
3.415099999999999909e+03
3.525800000000000182e+03
3.870000000000000000e+03
4.351699999999999818e+03
3.973699999999999818e+03
3.765599999999999909e+03
3.434300000000000182e+03
4.012800000000000182e+03
4.206800000000000182e+03
4.289100000000000364e+03
4.862100000000000364e+03
4.486100000000000364e+03
3.440199999999999818e+03
5.184399999999999636e+03
4.902100000000000364e+03
4.418899999999999636e+03
4.244899999999999636e+03
4.424100000000000364e+03
4.588500000000000000e+03
4.032699999999999818e+03
4.286300000000000182e+03
3.077000000000000000e+03
3.904300000000000182e+03
3.859400000000000091e+03
4.255000000000000000e+03
3.371699999999999818e+03
4.666800000000000182e+03
4.488899999999999636e+03
3.893400000000000091e+03
4.265500000000000000e+03
