1.038429270868399534e+01
1.064517733808723499e+01
9.712653999737431931e+00
1.086920739051826246e+01
1.011637289425187269e+01
1.063211442474756474e+01
1.034983150745254221e+01
1.072341822371960163e+01
1.039346396567033359e+01
1.060144599339291460e+01
1.042184596110767458e+01
1.064517733808723499e+01
1.035411715291423995e+01
1.074092919436721694e+01
1.072631345150698934e+01
1.071907692925294420e+01
1.071738363984882803e+01
1.034086889547574906e+01
1.093470744263148298e+01
1.038565876619299289e+01
1.057884229281561339e+01
1.034086889547574906e+01
1.010658062968619220e+01
1.039075192682697768e+01
1.074156487644515856e+01
1.071334586326359606e+01
1.091217382669081282e+01
9.744878623157710251e+00
1.070588048940224546e+01
9.712653999737431931e+00
1.033139605259126981e+01
1.092660659546678481e+01
1.063211442474756474e+01
9.824833650929377882e+00
9.815305069512479719e+00
1.042184596110767458e+01
1.093470744263148298e+01
1.002338183303533015e+01
1.001236196545488610e+01
1.039038009713441113e+01
1.042236125357350218e+01
1.061587876216888482e+01
1.038565876619299289e+01
9.712653999737431931e+00
1.072437145636333078e+01
1.041972533271195012e+01
1.002338183303533015e+01
1.092660659546678481e+01
1.038193156590251043e+01
1.091217382669081282e+01
1.063211442474756474e+01
1.061587876216888482e+01
1.038786365315147542e+01
9.775868183773177122e+00
1.038193156590251043e+01
1.034983150745254221e+01
1.039826810042426963e+01
1.041835085389486792e+01
1.074156487644515856e+01
1.075619038051079279e+01
1.071443826080788675e+01
1.066943272559824507e+01
1.072688729840966460e+01
1.070147976012487412e+01
1.064810988164707695e+01
1.040636894758896958e+01
1.075685271326395309e+01
1.031582717692163342e+01
1.095590517138513320e+01
1.039346396567033359e+01
1.060144599339291460e+01
1.062397960933358476e+01
1.076213891766153985e+01
1.044177826406590981e+01
1.044935687829711846e+01
1.043231223250058903e+01
1.005560645645560669e+01
1.071522175119765308e+01
1.064810988164707695e+01
1.043783826709220719e+01
1.074156487644515856e+01
1.042937310648080640e+01
1.040317966953806206e+01
1.031124020422904763e+01
1.038220877058411951e+01
1.011637289425187269e+01
9.744878623157710251e+00
1.036048107498109694e+01
1.016336695428391401e+01
1.071055547093073024e+01
9.775868183773177122e+00
1.019461983094613267e+01
1.044132212583799380e+01
1.037161425573704143e+01
1.044789347500344512e+01
1.074155602925897490e+01
1.060144599339291460e+01
1.063211442474756474e+01
1.035574720290169815e+01
1.072986225106390279e+01
1.061587876216888482e+01
1.048014910246351050e+01
1.035174604414910782e+01
1.070458183222816118e+01
1.045274721273754004e+01
9.632534478461403538e+00
1.093470744263148298e+01
1.033177653862093237e+01
1.042756667634261980e+01
1.063211442474756474e+01
9.824833650929377882e+00
1.068397752262585598e+01
1.060836258857159287e+01
1.044200914694839000e+01
1.061587876216888482e+01
1.000120155321166671e+01
1.041450376300294955e+01
1.039346396567033359e+01
1.056589898585867360e+01
1.044722667982938447e+01
1.038796315011268590e+01
9.989899767440109102e+00
1.038383533164829942e+01
1.072505432660660851e+01
1.070643596669346564e+01
1.068795177035342903e+01
1.014313458688008751e+01
1.041021603848088795e+01
1.061587876216888482e+01
1.002338183303533015e+01
1.088495159499135134e+01
1.069907626400041778e+01
1.069001039551096355e+01
1.063211442474756474e+01
1.088957012611351161e+01
1.034796655667538978e+01
1.063211442474756474e+01
1.074156487644515856e+01
1.039903378653408161e+01
1.062397960933358476e+01
1.043449098570655487e+01
1.068924800406192155e+01
1.035661309994883794e+01
1.039524791631490963e+01
1.074113176495299804e+01
1.001236196545488610e+01
1.043082819596107669e+01
1.071088523728564290e+01
1.038760656172157404e+01
1.070419179896823181e+01
1.040692584535426057e+01
1.095018445615018798e+01
1.045287199330194916e+01
1.014495946736812471e+01
1.034020205029723982e+01
1.008868266128969715e+01
1.011610623421347555e+01
1.072212043943113358e+01
1.034542782599381283e+01
1.092660659546678481e+01
1.094284225804546296e+01
1.059508232143041617e+01
9.667727945976757553e+00
1.042184596110767458e+01
1.095018445615018798e+01
1.004500324967013114e+01
1.075536612521027280e+01
1.069293660388201772e+01
1.071055547093073024e+01
1.071747206610940673e+01
1.015639228995322974e+01
9.723534151520658142e+00
1.092660659546678481e+01
1.091909042186948930e+01
1.068452370605214519e+01
1.015639228995322974e+01
1.076020964267272539e+01
1.044376515132635852e+01
1.004500324967013114e+01
1.001236196545488610e+01
9.795852796388293982e+00
1.037774654197976965e+01
1.009665528024778069e+01
1.042184596110767458e+01
1.073257379440557280e+01
1.056992487777528744e+01
1.043049606898748216e+01
1.048014910246351050e+01
1.013556148422727787e+01
1.089455495964210030e+01
1.037945592198354383e+01
1.060836258857159287e+01
1.076333000115165994e+01
1.041450376300294955e+01
1.036621646459958690e+01
9.966868759849742077e+00
1.041315003044888421e+01
1.043082819596107669e+01
1.043783826709220719e+01
1.060836258857159287e+01
1.043400962808382104e+01
9.943262311759301753e+00
1.042325347775979871e+01
1.038418554422709050e+01
1.037716818565668930e+01
1.073939332811646707e+01
1.069456316494619763e+01
1.060836258857159287e+01
1.074156487644515856e+01
1.063211442474756474e+01
1.066364882677678949e+01
1.063945662285228977e+01
1.075652411090683991e+01
1.034086889547574906e+01
9.723534151520658142e+00
1.042683406751137376e+01
1.093470744263148298e+01
1.076246102998948828e+01
9.690473719913768491e+00
1.071484686251976193e+01
1.071055547093073024e+01
1.040157624776380807e+01
1.034476348846421878e+01
1.043268987724411545e+01
1.060836258857159287e+01
1.033986119701551232e+01
1.093470744263148298e+01
1.033139605259126981e+01
1.042184596110767458e+01
1.094284225804546296e+01
1.039346396567033359e+01
1.057422376169345313e+01
1.091909042186948930e+01
1.091909042186948930e+01
1.041514562533499699e+01
1.037832968105177400e+01
1.040528700193741685e+01
1.063211442474756474e+01
1.043083704314726212e+01
1.042236125357350218e+01
1.035533578214561956e+01
1.073829450964051802e+01
1.069293660388201772e+01
1.039106868877738243e+01
1.014313458688008751e+01
1.095018445615018798e+01
1.000120155321166671e+01
1.061587876216888482e+01
1.063945662285228977e+01
1.042794233553962790e+01
1.063211442474756474e+01
1.070534540593332373e+01
1.069293660388201772e+01
1.039346396567033359e+01
1.015422768109848484e+01
1.049290605154964240e+01
1.032939917266758378e+01
9.795852796388293982e+00
1.043288069641405080e+01
1.033143861605618241e+01
9.824833650929377882e+00
1.095917553818977375e+01
1.063945662285228977e+01
1.071012732767899500e+01
1.068333323923126876e+01
1.042362293488649883e+01
1.001236196545488610e+01
1.007640201129052038e+01
1.040979031456641479e+01
9.966868759849742077e+00
1.036507872196291657e+01
1.060836258857159287e+01
1.013556148422727787e+01
1.070607056072186758e+01
1.071055547093073024e+01
1.073215709698315656e+01
1.038383533164829942e+01
1.041544235239110527e+01
1.063211442474756474e+01
1.008659601707107534e+01
1.036852686769570653e+01
1.039903378653408161e+01
1.069886130998328788e+01
1.040381675646540671e+01
1.066734093324673616e+01
1.038383533164829942e+01
1.042683406751137376e+01
1.074156487644515856e+01
1.063368755367744711e+01
1.069841025583811600e+01
1.038565876619299289e+01
1.041104156513272549e+01
1.043083704314726212e+01
1.005560645645560669e+01
1.010242219715098599e+01
1.058922491748165662e+01
1.067903435531310130e+01
9.755344600742654748e+00
1.034088597475483162e+01
1.061587876216888482e+01
1.042959223296566940e+01
1.068819949298369920e+01
1.040529950099723422e+01
1.004500324967013114e+01
1.038556552316774528e+01
1.036604489150964170e+01
1.043049606898748216e+01
1.061587876216888482e+01
1.036365682368530372e+01
1.012969146621167127e+01
9.989899767440109102e+00
1.069390040451121315e+01
1.068397752262585598e+01
1.060836258857159287e+01
1.035193213113434929e+01
1.041450376300294955e+01
1.072333714781142255e+01
1.015639228995322974e+01
1.071709678088686779e+01
1.070147976012487412e+01
1.091909042186948930e+01
1.061587876216888482e+01
1.076132133599021579e+01
1.042236125357350218e+01
1.041426040640880224e+01
1.034828832411405841e+01
1.038220877058411951e+01
1.040133526325435298e+01
1.069293660388201772e+01
1.062397960933358476e+01
1.092660659546678481e+01
1.038760656172157404e+01
1.071709678088686779e+01
1.042184596110767458e+01
1.069327732386053853e+01
1.014313458688008751e+01
1.095590517138513320e+01
1.069390040451121315e+01
1.042236125357350218e+01
1.040636894758896958e+01
1.071968056765409294e+01
9.861650282492075092e+00
1.069456316494619763e+01
1.061587876216888482e+01
1.008659601707107534e+01
1.000120155321166671e+01
1.008868266128969715e+01
1.039826810042426963e+01
1.055847955722036424e+01
1.073257379440557280e+01
1.034086889547574906e+01
1.074439763991443364e+01
1.076188627162441946e+01
1.058382712634420209e+01
1.076373669563441737e+01
1.057422376169345313e+01
1.076361811349708120e+01
1.004500324967013114e+01
1.069833439501947048e+01
1.058922491748165662e+01
9.887923385589651559e+00
1.042683406751137376e+01
1.060144599339291460e+01
9.785927446949882480e+00
1.065159672877364727e+01
1.067391779921451622e+01
1.034907990341776873e+01
1.068234208903493787e+01
1.016336695428391401e+01
1.069755078698385553e+01
1.036123163107099820e+01
1.073829450964051802e+01
1.061587876216888482e+01
1.041450376300294955e+01
1.033379641163277007e+01
1.076018471447783931e+01
1.076370590244735226e+01
1.063945662285228977e+01
1.033143861605618241e+01
9.712653999737431931e+00
1.073785669264061582e+01
1.063211442474756474e+01
1.046712012325112973e+01
1.044339996525610736e+01
1.038383533164829942e+01
1.043083704314726212e+01
1.042756667634261980e+01
1.057422376169345313e+01
1.062397960933358476e+01
9.667727945976757553e+00
1.032725311331055984e+01
1.038131875057771936e+01
1.038383533164829942e+01
1.063211442474756474e+01
1.041990922659848984e+01
1.066943272559824507e+01
1.007640201129052038e+01
1.060836258857159287e+01
1.073363216752858484e+01
9.712653999737431931e+00
1.035957633524728294e+01
1.007640201129052038e+01
1.063945662285228977e+01
1.072748860979677410e+01
1.013556148422727787e+01
1.090581015472831439e+01
1.019865121888755155e+01
1.041426040640880224e+01
1.032343692318625017e+01
9.734275416372232925e+00
1.073829450964051802e+01
1.042756667634261980e+01
1.040793681465030041e+01
1.071621405943217908e+01
1.095018445615018798e+01
9.785927446949882480e+00
1.072947494590130368e+01
9.632534478461403538e+00
1.094284225804546296e+01
1.074155602925897490e+01
1.043306237223941935e+01
1.068234208903493787e+01
9.989899767440109102e+00
1.007493093289509467e+01
1.009665528024778069e+01
9.723534151520659918e+00
1.095916669100359009e+01
1.070179652207528065e+01
1.010658062968619220e+01
1.044989178489911730e+01
1.075064401744458209e+01
1.050534766424403088e+01
1.043049606898748216e+01
1.042184596110767458e+01
1.075355326228727115e+01
1.037434651234304184e+01
