9.177820000000000000e+05
1.014866000000000000e+06
1.009291000000000000e+06
1.197260000000000000e+06
9.288270000000000000e+05
9.109710000000000000e+05
1.098809000000000000e+06
1.164624000000000000e+06
9.557930000000000000e+05
1.076753000000000000e+06
1.114281000000000000e+06
1.008022000000000000e+06
7.525110000000000000e+05
1.012374000000000000e+06
1.110628000000000000e+06
1.114725000000000000e+06
1.102357000000000000e+06
9.048580000000000000e+05
1.148122000000000000e+06
1.089359000000000000e+06
1.156105000000000000e+06
8.984720000000000000e+05
1.202280000000000000e+06
9.553340000000000000e+05
1.191826000000000000e+06
1.052479000000000000e+06
1.062558000000000000e+06
1.023644000000000000e+06
1.101152000000000000e+06
1.028088000000000000e+06
9.636610000000000000e+05
1.141849000000000000e+06
1.168497000000000000e+06
1.028088000000000000e+06
9.891410000000000000e+05
1.011827000000000000e+06
1.012648000000000000e+06
1.171754000000000000e+06
1.149360000000000000e+06
1.007583000000000000e+06
9.449710000000000000e+05
9.928560000000000000e+05
1.097217000000000000e+06
9.891410000000000000e+05
1.132119000000000000e+06
9.495330000000000000e+05
1.139183000000000000e+06
1.157627000000000000e+06
9.237210000000000000e+05
1.206455000000000000e+06
8.674680000000000000e+05
9.086560000000000000e+05
1.033836000000000000e+06
6.385450000000000000e+05
9.531240000000000000e+05
8.187750000000000000e+05
1.023611000000000000e+06
1.055779000000000000e+06
1.024491000000000000e+06
1.003730000000000000e+06
1.121074000000000000e+06
1.360304000000000000e+06
1.024598000000000000e+06
1.031516000000000000e+06
1.250385000000000000e+06
1.068881000000000000e+06
1.123725000000000000e+06
9.983700000000000000e+05
1.145224000000000000e+06
1.137393000000000000e+06
9.619780000000000000e+05
9.729190000000000000e+05
1.073740000000000000e+06
9.352560000000000000e+05
9.461200000000000000e+05
1.094491000000000000e+06
1.025819000000000000e+06
1.270902000000000000e+06
1.100325000000000000e+06
1.089959000000000000e+06
1.064715000000000000e+06
1.148471000000000000e+06
1.005287000000000000e+06
9.086240000000000000e+05
9.762320000000000000e+05
9.744670000000000000e+05
7.694940000000000000e+05
1.189478000000000000e+06
9.291690000000000000e+05
1.219114000000000000e+06
9.794460000000000000e+05
9.757910000000000000e+05
9.625670000000000000e+05
8.957690000000000000e+05
8.574390000000000000e+05
1.016089000000000000e+06
1.032492000000000000e+06
9.520790000000000000e+05
1.034095000000000000e+06
1.162073000000000000e+06
9.993330000000000000e+05
1.092741000000000000e+06
1.068786000000000000e+06
1.181861000000000000e+06
1.104735000000000000e+06
9.728990000000000000e+05
1.041490000000000000e+06
9.628500000000000000e+05
9.018520000000000000e+05
1.082367000000000000e+06
1.095891000000000000e+06
1.063602000000000000e+06
9.865210000000000000e+05
9.350270000000000000e+05
1.000564000000000000e+06
9.466660000000000000e+05
1.000688000000000000e+06
1.191308000000000000e+06
9.036550000000000000e+05
8.193790000000000000e+05
8.695390000000000000e+05
1.264761000000000000e+06
1.042408000000000000e+06
1.065922000000000000e+06
1.102716000000000000e+06
1.249703000000000000e+06
1.016192000000000000e+06
8.855300000000000000e+05
9.697420000000000000e+05
1.104454000000000000e+06
1.170006000000000000e+06
1.161764000000000000e+06
1.011069000000000000e+06
1.085798000000000000e+06
1.176312000000000000e+06
8.042100000000000000e+05
9.997540000000000000e+05
1.092774000000000000e+06
9.048400000000000000e+05
1.062804000000000000e+06
1.090352000000000000e+06
1.107452000000000000e+06
8.538850000000000000e+05
8.422440000000000000e+05
1.159421000000000000e+06
9.288270000000000000e+05
1.013635000000000000e+06
1.122471000000000000e+06
8.554640000000000000e+05
1.097959000000000000e+06
9.325330000000000000e+05
9.287030000000000000e+05
9.889500000000000000e+05
1.214712000000000000e+06
9.681610000000000000e+05
9.237470000000000000e+05
9.517830000000000000e+05
1.056995000000000000e+06
8.520190000000000000e+05
1.103654000000000000e+06
1.115265000000000000e+06
9.125030000000000000e+05
8.517580000000000000e+05
9.045360000000000000e+05
1.048470000000000000e+06
1.214712000000000000e+06
1.302714000000000000e+06
1.022800000000000000e+06
1.074533000000000000e+06
1.089200000000000000e+06
8.906680000000000000e+05
1.101344000000000000e+06
1.103556000000000000e+06
1.104476000000000000e+06
1.101141000000000000e+06
8.913720000000000000e+05
1.139332000000000000e+06
9.618510000000000000e+05
9.291690000000000000e+05
9.152060000000000000e+05
8.577720000000000000e+05
1.047177000000000000e+06
9.721450000000000000e+05
9.233370000000000000e+05
1.067540000000000000e+06
8.684080000000000000e+05
9.348190000000000000e+05
1.111200000000000000e+06
1.139183000000000000e+06
1.104389000000000000e+06
8.671680000000000000e+05
1.055923000000000000e+06
9.738550000000000000e+05
8.941330000000000000e+05
1.140386000000000000e+06
1.145002000000000000e+06
9.949020000000000000e+05
1.053215000000000000e+06
8.674410000000000000e+05
1.050060000000000000e+06
1.028533000000000000e+06
1.000917000000000000e+06
1.020109000000000000e+06
9.294900000000000000e+05
1.039798000000000000e+06
9.980850000000000000e+05
9.487180000000000000e+05
1.009076000000000000e+06
1.054981000000000000e+06
1.098323000000000000e+06
1.163906000000000000e+06
9.392940000000000000e+05
1.086232000000000000e+06
9.454400000000000000e+05
1.050253000000000000e+06
9.877350000000000000e+05
1.194752000000000000e+06
1.129573000000000000e+06
9.755100000000000000e+05
1.046665000000000000e+06
1.105593000000000000e+06
9.736380000000000000e+05
1.073199000000000000e+06
1.218532000000000000e+06
9.953030000000000000e+05
9.416070000000000000e+05
1.167213000000000000e+06
9.536630000000000000e+05
9.249820000000000000e+05
1.338526000000000000e+06
1.042687000000000000e+06
1.048707000000000000e+06
1.197496000000000000e+06
1.133664000000000000e+06
9.362860000000000000e+05
9.896810000000000000e+05
8.609180000000000000e+05
9.437250000000000000e+05
9.658220000000000000e+05
1.107145000000000000e+06
8.954150000000000000e+05
1.110007000000000000e+06
1.183171000000000000e+06
1.071295000000000000e+06
8.701890000000000000e+05
1.134642000000000000e+06
1.282284000000000000e+06
1.103482000000000000e+06
1.139400000000000000e+06
1.039152000000000000e+06
9.686230000000000000e+05
1.100142000000000000e+06
1.188893000000000000e+06
1.014544000000000000e+06
1.106761000000000000e+06
9.358480000000000000e+05
8.091680000000000000e+05
8.517580000000000000e+05
9.770740000000000000e+05
1.007685000000000000e+06
1.050253000000000000e+06
1.162341000000000000e+06
9.704880000000000000e+05
9.812640000000000000e+05
1.156288000000000000e+06
9.346830000000000000e+05
1.106214000000000000e+06
1.000917000000000000e+06
8.254370000000000000e+05
1.202280000000000000e+06
9.256360000000000000e+05
9.976930000000000000e+05
1.016072000000000000e+06
1.130108000000000000e+06
1.160004000000000000e+06
1.089872000000000000e+06
1.073365000000000000e+06
1.021768000000000000e+06
9.937070000000000000e+05
1.089137000000000000e+06
1.114290000000000000e+06
9.031650000000000000e+05
1.001854000000000000e+06
8.584480000000000000e+05
1.051814000000000000e+06
9.205990000000000000e+05
1.149175000000000000e+06
9.794260000000000000e+05
9.540600000000000000e+05
1.152176000000000000e+06
9.724870000000000000e+05
1.043009000000000000e+06
9.664870000000000000e+05
1.106761000000000000e+06
1.014586000000000000e+06
9.840210000000000000e+05
1.052128000000000000e+06
1.016230000000000000e+06
1.149355000000000000e+06
9.225450000000000000e+05
1.025818000000000000e+06
1.054469000000000000e+06
9.660920000000000000e+05
1.112363000000000000e+06
8.961410000000000000e+05
9.869810000000000000e+05
9.997540000000000000e+05
9.938320000000000000e+05
9.990420000000000000e+05
9.383360000000000000e+05
1.073580000000000000e+06
1.212577000000000000e+06
1.249269000000000000e+06
1.010644000000000000e+06
9.270610000000000000e+05
1.028846000000000000e+06
1.052211000000000000e+06
9.514490000000000000e+05
1.115894000000000000e+06
1.217115000000000000e+06
1.150260000000000000e+06
1.050923000000000000e+06
9.462680000000000000e+05
9.808980000000000000e+05
1.081718000000000000e+06
8.913350000000000000e+05
1.052611000000000000e+06
9.182650000000000000e+05
1.065855000000000000e+06
9.460160000000000000e+05
9.258690000000000000e+05
8.893050000000000000e+05
1.104341000000000000e+06
1.040732000000000000e+06
1.154780000000000000e+06
9.590520000000000000e+05
9.712040000000000000e+05
1.117490000000000000e+06
9.566350000000000000e+05
9.869720000000000000e+05
1.127920000000000000e+06
9.794460000000000000e+05
9.531620000000000000e+05
9.698550000000000000e+05
9.966860000000000000e+05
1.016072000000000000e+06
9.620910000000000000e+05
1.012752000000000000e+06
9.664820000000000000e+05
1.133344000000000000e+06
9.912740000000000000e+05
1.141184000000000000e+06
1.133053000000000000e+06
1.146226000000000000e+06
6.706470000000000000e+05
1.046976000000000000e+06
1.149682000000000000e+06
1.132977000000000000e+06
1.040642000000000000e+06
9.931360000000000000e+05
6.385450000000000000e+05
1.257551000000000000e+06
1.092437000000000000e+06
1.007881000000000000e+06
1.077163000000000000e+06
9.915610000000000000e+05
8.876080000000000000e+05
1.226189000000000000e+06
1.112363000000000000e+06
9.300740000000000000e+05
1.016309000000000000e+06
1.009696000000000000e+06
1.010520000000000000e+06
9.315360000000000000e+05
9.193120000000000000e+05
1.261391000000000000e+06
1.074934000000000000e+06
9.250490000000000000e+05
1.020025000000000000e+06
1.095891000000000000e+06
1.015442000000000000e+06
1.081246000000000000e+06
9.307220000000000000e+05
1.014057000000000000e+06
9.999410000000000000e+05
1.026945000000000000e+06
9.892920000000000000e+05
1.022413000000000000e+06
9.908890000000000000e+05
1.090543000000000000e+06
9.467590000000000000e+05
1.042775000000000000e+06
9.170600000000000000e+05
1.026498000000000000e+06
1.087877000000000000e+06
1.235197000000000000e+06
1.175463000000000000e+06
1.007625000000000000e+06
1.066230000000000000e+06
9.915980000000000000e+05
1.037301000000000000e+06
1.096531000000000000e+06
9.824120000000000000e+05
1.046117000000000000e+06
1.282284000000000000e+06
1.072216000000000000e+06
1.049799000000000000e+06
9.846430000000000000e+05
9.049160000000000000e+05
9.563650000000000000e+05
1.135124000000000000e+06
1.020018000000000000e+06
9.179460000000000000e+05
1.273829000000000000e+06
9.763330000000000000e+05
9.991040000000000000e+05
9.765760000000000000e+05
1.016230000000000000e+06
1.194893000000000000e+06
1.083462000000000000e+06
1.036360000000000000e+06
1.011715000000000000e+06
1.075350000000000000e+06
9.678740000000000000e+05
1.184977000000000000e+06
1.059093000000000000e+06
1.043033000000000000e+06
1.181684000000000000e+06
1.049799000000000000e+06
1.006924000000000000e+06
1.022316000000000000e+06
1.047962000000000000e+06
1.086077000000000000e+06
9.976820000000000000e+05
1.000503000000000000e+06
9.895940000000000000e+05
