1.027483000000000000e+06
1.037854000000000000e+06
1.007020000000000000e+06
1.176660000000000000e+06
1.209175000000000000e+06
9.690400000000000000e+05
1.175969000000000000e+06
8.848610000000000000e+05
1.054457000000000000e+06
1.119516000000000000e+06
8.254160000000000000e+05
1.109681000000000000e+06
8.617350000000000000e+05
9.744670000000000000e+05
1.160579000000000000e+06
9.965810000000000000e+05
9.384530000000000000e+05
1.016903000000000000e+06
1.040606000000000000e+06
1.096377000000000000e+06
8.893050000000000000e+05
8.946520000000000000e+05
1.156417000000000000e+06
9.765740000000000000e+05
1.076287000000000000e+06
1.194369000000000000e+06
1.046220000000000000e+06
1.020041000000000000e+06
1.016656000000000000e+06
1.224286000000000000e+06
1.009064000000000000e+06
8.658670000000000000e+05
1.084197000000000000e+06
1.033982000000000000e+06
1.183205000000000000e+06
9.452210000000000000e+05
9.364180000000000000e+05
8.527740000000000000e+05
1.121680000000000000e+06
1.054463000000000000e+06
1.068961000000000000e+06
8.577720000000000000e+05
1.264761000000000000e+06
1.068250000000000000e+06
7.906180000000000000e+05
1.104454000000000000e+06
1.007099000000000000e+06
1.073146000000000000e+06
1.132977000000000000e+06
1.000439000000000000e+06
1.070133000000000000e+06
9.254610000000000000e+05
1.291573000000000000e+06
1.052819000000000000e+06
9.991040000000000000e+05
1.158390000000000000e+06
1.041825000000000000e+06
8.318210000000000000e+05
1.088906000000000000e+06
1.002836000000000000e+06
9.661080000000000000e+05
9.608330000000000000e+05
8.611590000000000000e+05
1.190813000000000000e+06
9.405540000000000000e+05
1.034667000000000000e+06
9.815310000000000000e+05
1.151876000000000000e+06
1.012580000000000000e+06
1.133556000000000000e+06
1.036394000000000000e+06
1.028615000000000000e+06
1.186541000000000000e+06
9.486220000000000000e+05
1.123398000000000000e+06
1.117448000000000000e+06
9.106400000000000000e+05
8.203310000000000000e+05
1.073483000000000000e+06
1.056719000000000000e+06
9.721450000000000000e+05
8.529900000000000000e+05
1.074967000000000000e+06
1.097075000000000000e+06
9.698220000000000000e+05
1.023644000000000000e+06
1.025819000000000000e+06
1.074239000000000000e+06
8.541440000000000000e+05
9.456850000000000000e+05
1.203624000000000000e+06
1.163084000000000000e+06
9.103650000000000000e+05
1.203644000000000000e+06
1.211316000000000000e+06
1.004496000000000000e+06
1.056741000000000000e+06
9.895610000000000000e+05
1.167097000000000000e+06
1.026760000000000000e+06
1.034823000000000000e+06
9.040860000000000000e+05
9.657450000000000000e+05
8.421850000000000000e+05
1.046956000000000000e+06
1.102066000000000000e+06
1.052747000000000000e+06
1.055308000000000000e+06
9.546670000000000000e+05
1.040368000000000000e+06
