1.151499698079149070e+01
1.177569297643211499e+01
1.155914987156273988e+01
1.193422557907720005e+01
1.185689042083162192e+01
1.175517271362846117e+01
1.164924058997100254e+01
1.199789731566063722e+01
1.166377667760508352e+01
1.171721682734365011e+01
1.153602197364449999e+01
1.177569297643211499e+01
1.165449771139486579e+01
1.184249549048768202e+01
1.182462293627761341e+01
1.181570325374579689e+01
1.181360391230753137e+01
1.143415654729357556e+01
1.201538750659866750e+01
1.172425947770940802e+01
1.168880608286749023e+01
1.143415654729357556e+01
1.185407856509160318e+01
1.149623070236817490e+01
1.182618075144075576e+01
1.180857968046717765e+01
1.198774133424915078e+01
1.156870449152881797e+01
1.179922773197760932e+01
1.155914987156273988e+01
1.169446090526268911e+01
1.200551223301197368e+01
1.175517271362846117e+01
1.159183437883827850e+01
1.158912590368419870e+01
1.153602197364449999e+01
1.201538750659866750e+01
1.182967437846824232e+01
1.182637991688327084e+01
1.170001062277972181e+01
1.169936305762176687e+01
1.173498772610647478e+01
1.172425947770940802e+01
1.155914987156273988e+01
1.182223759393867901e+01
1.155916283515625054e+01
1.182967437846824232e+01
1.200551223301197368e+01
1.168949047445388700e+01
1.198774133424915078e+01
1.175517271362846117e+01
1.173498772610647478e+01
1.151951102383059578e+01
1.157777334324845064e+01
1.168949047445388700e+01
1.164924058997100254e+01
1.150544320122835096e+01
1.173461934294816622e+01
1.182618075144075576e+01
1.186362518037902802e+01
1.180994144447671168e+01
1.193074494596031698e+01
1.182532661746365221e+01
1.176675520927367735e+01
1.170068877415942943e+01
1.151531847481504478e+01
1.186474240783193324e+01
1.161586977831303003e+01
1.204621748333761388e+01
1.166377667760508352e+01
1.171721682734365011e+01
1.174486299969316860e+01
1.187595984342350341e+01
1.158737083881230490e+01
1.160034383517316670e+01
1.163312133738661203e+01
1.183922899843431864e+01
1.198785552127296405e+01
1.170068877415942943e+01
1.172006655645122208e+01
1.182618075144075576e+01
1.175114357961457046e+01
1.153875553047760505e+01
1.161264826523237659e+01
1.164960721208904459e+01
1.185689042083162192e+01
1.156870449152881797e+01
1.162248844187705998e+01
1.187017873736145468e+01
1.194224139217774905e+01
1.157777334324845064e+01
1.151737487816713035e+01
1.163016566063003587e+01
1.147237417264463843e+01
1.162595409233177257e+01
1.183471848155025619e+01
1.171721682734365011e+01
1.175517271362846117e+01
1.165652231800475924e+01
1.200618524288600142e+01
1.173498772610647478e+01
1.177464085771496372e+01
1.165157552290825471e+01
1.179759358936948743e+01
1.161081990987995027e+01
1.153491336725096872e+01
1.201538750659866750e+01
1.162924096816418995e+01
1.154614845155399117e+01
1.175517271362846117e+01
1.159183437883827850e+01
1.194910166172450694e+01
1.172577522724629873e+01
1.158771108173966446e+01
1.173498772610647478e+01
1.182303007553692176e+01
1.152562818875033734e+01
1.166377667760508352e+01
1.167260663418438149e+01
1.159616069189195287e+01
1.151963675672073251e+01
1.181962450305124968e+01
1.148767230246552629e+01
1.182307705833508926e+01
1.179992611420227000e+01
1.191383064770158917e+01
1.149022922689075088e+01
1.172430962901287366e+01
1.173498772610647478e+01
1.182967437846824232e+01
1.195350408382735452e+01
1.196801539244760981e+01
1.177919555754838399e+01
1.175517271362846117e+01
1.195933058977299090e+01
1.164699198232074373e+01
1.175517271362846117e+01
1.182618075144075576e+01
1.171066856597699513e+01
1.174486299969316860e+01
1.176373447452811938e+01
1.190496575053538741e+01
1.145343505204373180e+01
1.152882301836288370e+01
1.184274776265963780e+01
1.182637991688327084e+01
1.156419397464475551e+01
1.180550577928817191e+01
1.165641875545136052e+01
1.193430118451058242e+01
1.172028799196659321e+01
1.203609100542812449e+01
1.161176977983358860e+01
1.186501619767180138e+01
1.163800990057365503e+01
1.146116266055617672e+01
1.147586187420748871e+01
1.181946501175279529e+01
1.164398041229268266e+01
1.200551223301197368e+01
1.202569722053396006e+01
1.170927661967648525e+01
1.154563834114281029e+01
1.153602197364449999e+01
1.203609100542812449e+01
1.183609856786582171e+01
1.186227866896004102e+01
1.192013171899454349e+01
1.194224139217774905e+01
1.195079979208039944e+01
1.149724209043295531e+01
1.156238930476427740e+01
1.200551223301197368e+01
1.199629973415180118e+01
1.194979063472202796e+01
1.149724209043295531e+01
1.187113842129901009e+01
1.159037316655553340e+01
1.183609856786582171e+01
1.182637991688327084e+01
1.158355405818610251e+01
1.168424091947255405e+01
1.185121449199169241e+01
1.153602197364449999e+01
1.180654648055000067e+01
1.167759172960149883e+01
1.170967277155705943e+01
1.177464085771496372e+01
1.186235888574377917e+01
1.196563166106594522e+01
1.150888951199859633e+01
1.172577522724629873e+01
1.188048082727602406e+01
1.152562818875033734e+01
1.146556262928232250e+01
1.181264475915016554e+01
1.173906898392105802e+01
1.156419397464475551e+01
1.172006655645122208e+01
1.172577522724629873e+01
1.176188092974381050e+01
1.180543787415646939e+01
1.156345785486244715e+01
1.151486151243943112e+01
1.168351369995963474e+01
1.184059316291822839e+01
1.175819680937102696e+01
1.172577522724629873e+01
1.182618075144075576e+01
1.175517271362846117e+01
1.192354429286340789e+01
1.176556649852262382e+01
1.186418386951055837e+01
1.143415654729357556e+01
1.156238930476427740e+01
1.174638638111298938e+01
1.201538750659866750e+01
1.189117304771221129e+01
1.155250556863142286e+01
1.181045033171373859e+01
1.194224139217774905e+01
1.153675483056209572e+01
1.170188662844089045e+01
1.175807289326009197e+01
1.172577522724629873e+01
1.163763307521655399e+01
1.201538750659866750e+01
1.169446090526268911e+01
1.153602197364449999e+01
1.202569722053396006e+01
1.166377667760508352e+01
1.168297957692185562e+01
1.199629973415180118e+01
1.199629973415180118e+01
1.173046569169414433e+01
1.168497374640027608e+01
1.154137903510081742e+01
1.175517271362846117e+01
1.155565624453525508e+01
1.169936305762176687e+01
1.165601026870062462e+01
1.181667295845949006e+01
1.192013171899454349e+01
1.170086313841511583e+01
1.149022922689075088e+01
1.203609100542812449e+01
1.182303007553692176e+01
1.173498772610647478e+01
1.176556649852262382e+01
1.156917846994925370e+01
1.175517271362846117e+01
1.179855464896751371e+01
1.192013171899454349e+01
1.166377667760508352e+01
1.186762269775171319e+01
1.178135796895120890e+01
1.162698741294331306e+01
1.158355405818610251e+01
1.163298676922095964e+01
1.162891456137204038e+01
1.159183437883827850e+01
1.205572527631887958e+01
1.176556649852262382e+01
1.180455720570487621e+01
1.190800414175595279e+01
1.174190707191104011e+01
1.182637991688327084e+01
1.184532828820043804e+01
1.154696194872796511e+01
1.181264475915016554e+01
1.166825271218719529e+01
1.172577522724629873e+01
1.186235888574377917e+01
1.179946674320351718e+01
1.194224139217774905e+01
1.200931095246110658e+01
1.148767230246552629e+01
1.155392266598519058e+01
1.175517271362846117e+01
1.184829785015395309e+01
1.167261149628083494e+01
1.171066856597699513e+01
1.179037649297280055e+01
1.153954938817518183e+01
1.172395955894923070e+01
1.148767230246552629e+01
1.174638638111298938e+01
1.182618075144075576e+01
1.189764641921898480e+01
1.196718796356885584e+01
1.172425947770940802e+01
1.172532680294186136e+01
1.155565624453525508e+01
1.183922899843431864e+01
1.146854447701555735e+01
1.170191869752276226e+01
1.190261629443559599e+01
1.157178094784771183e+01
1.163877103778453481e+01
1.173498772610647478e+01
1.157121441914964954e+01
1.175025660170386033e+01
1.171831032793646798e+01
1.183609856786582171e+01
1.151660608485371107e+01
1.166947381220289337e+01
1.170967277155705943e+01
1.173498772610647478e+01
1.166645656479788862e+01
1.148309630615740851e+01
1.181962450305124968e+01
1.196156704446707408e+01
1.194910166172450694e+01
1.172577522724629873e+01
1.163150916300572213e+01
1.152562818875033734e+01
1.182096465656606910e+01
1.149724209043295531e+01
1.178584298172054368e+01
1.176675520927367735e+01
1.199629973415180118e+01
1.173498772610647478e+01
1.187373065779328307e+01
1.169936305762176687e+01
1.168948778403507305e+01
1.144306210930625767e+01
1.164960721208904459e+01
1.171348264774549541e+01
1.192013171899454349e+01
1.174486299969316860e+01
1.200551223301197368e+01
1.165641875545136052e+01
1.178584298172054368e+01
1.153602197364449999e+01
1.196078806557894225e+01
1.149022922689075088e+01
1.204621748333761388e+01
1.196156704446707408e+01
1.169936305762176687e+01
1.151531847481504478e+01
1.181645053514795762e+01
1.160216016097346703e+01
1.175819680937102696e+01
1.173498772610647478e+01
1.184829785015395309e+01
1.182303007553692176e+01
1.146116266055617672e+01
1.150544320122835096e+01
1.166370107217169938e+01
1.180654648055000067e+01
1.143415654729357556e+01
1.184687149025254271e+01
1.187522970803394706e+01
1.169510715416044633e+01
1.188474596184746268e+01
1.168297957692185562e+01
1.188246395131928601e+01
1.183609856786582171e+01
1.192694326235686120e+01
1.170191869752276226e+01
1.160938081175209824e+01
1.174638638111298938e+01
1.171721682734365011e+01
1.158068998508619352e+01
1.170468105419907623e+01
1.193639167964919778e+01
1.164833103922351398e+01
1.174289867955013911e+01
1.187017873736145468e+01
1.178872019645350200e+01
1.145926155798936641e+01
1.181667295845949006e+01
1.173498772610647478e+01
1.152562818875033734e+01
1.163123396875296400e+01
1.187108424627193592e+01
1.188356671048105007e+01
1.176556649852262382e+01
1.162891456137204038e+01
1.155914987156273988e+01
1.183870507369265468e+01
1.175517271362846117e+01
1.176776659733845598e+01
1.158980775442813993e+01
1.148767230246552629e+01
1.155565624453525508e+01
1.154614845155399117e+01
1.168297957692185562e+01
1.174486299969316860e+01
1.154563834114281029e+01
1.141959855033727145e+01
1.168872324899619031e+01
1.148767230246552629e+01
1.175517271362846117e+01
1.173670261834448247e+01
1.193074494596031698e+01
1.184532828820043804e+01
1.172577522724629873e+01
1.201139252046348815e+01
1.155914987156273988e+01
1.166131469310256996e+01
1.184532828820043804e+01
1.176556649852262382e+01
1.200306393729570509e+01
1.186235888574377917e+01
1.197980112658198415e+01
1.187990531865759891e+01
1.168948778403507305e+01
1.162176231758557599e+01
1.156557406096032103e+01
1.181667295845949006e+01
1.154614845155399117e+01
1.154466802206238540e+01
1.181215120761034143e+01
1.203609100542812449e+01
1.158068998508619352e+01
1.182849310894252426e+01
1.153491336725096872e+01
1.202569722053396362e+01
1.183471848155025619e+01
1.175903664230055057e+01
1.174289867955013911e+01
1.181962450305124968e+01
1.145373497080390734e+01
1.185121449199169241e+01
1.156238930476427740e+01
1.206426300642838001e+01
1.197138764532061650e+01
1.185407856509160318e+01
1.162377458235548566e+01
1.185521967177619374e+01
1.178789938507263102e+01
1.170967277155705943e+01
1.153602197364449999e+01
1.185945580553286938e+01
1.167996045688179940e+01
