1.591433041202543475e+00
1.074392385666158800e+00
1.511514030967167285e-02
-4.024965925059425520e-01
-1.750677355775566379e+00
-1.146830490248019085e+00
-7.859309912505620110e-02
1.249320636298964837e+00
-3.361975078848460918e-01
1.269216228939455404e-01
2.182407862007927357e-01
1.701110179303815917e+00
-3.624818522245303321e-01
1.301087120538642894e-01
-4.935250604755635484e-01
9.674350548276700046e-01
3.954495686373925567e-01
1.272555281861303067e+00
-1.009111043870849489e+00
-2.672904551317346611e-01
-8.046341319718336438e-01
-7.913521716037125175e-01
8.600385750476813307e-01
-2.186298175199669347e-01
4.089860692413549437e-01
-1.432580761563397642e+00
2.220966663502934313e-01
1.191764203701731306e+00
5.860905908134079745e-01
-3.152813087627598376e-01
-6.371476453071768242e-01
-4.783893642277844971e-02
1.024996085071588237e+00
-4.306394248424331161e-01
-6.994352382162456472e-01
5.675262884586779188e-01
-2.165208149377295110e-01
-1.819614647610738600e-02
-1.296737064581813481e+00
2.171022967152896666e+00
8.388332164019778048e-02
6.721472860105603964e-01
-2.679003441798966545e+00
-5.936654899633238003e-01
-4.573302419288209630e-02
1.206596409333275499e+00
4.620582064583568793e-01
1.022044884710000989e+00
7.715621447461452898e-02
-1.172958747219282616e-01
-1.627256290160544072e+00
7.251323771104442040e-01
5.264051632581707718e-01
-1.767954076464724134e+00
1.129884166722755767e-01
-1.463343421299704961e+00
9.083014546205434581e-01
-6.275906650487664273e-02
1.113767852051924301e+00
-1.319674256899797671e+00
-2.568059691950169698e-01
2.200726582952542199e+00
2.982865560429181606e+00
-2.454976694243685420e-01
9.933855567401249642e-01
1.029214021151846570e+00
2.433622444488367786e-01
-1.152348329746589073e+00
1.116396709095044196e-02
1.267749914162580094e+00
-6.970885421452840403e-01
-1.151790729352521581e+00
-1.666247574719634361e+00
2.261864223181060118e-01
-1.915322078830047792e+00
9.449909668304199428e-01
2.706121578588552845e-01
-1.034912571788120683e+00
2.932651197297603263e-01
8.519739262375053412e-02
7.170953711463006197e-01
1.157631502441372140e+00
-5.556727923965809612e-01
-3.749497050678923804e-02
9.688466672422402226e-01
-8.505413295666842954e-02
-1.211760912861130857e+00
-1.232426446464989001e+00
-3.280129502746098158e+00
-2.675825484096055473e-01
-6.476058325458384016e-03
2.659179959259074799e-01
-6.998851088361280892e-01
-1.161336473876128927e-01
-8.137203505704940776e-01
2.062257343098075069e-01
1.864894451998715397e-01
1.132248281547605817e+00
4.710461163226437598e-01
-6.275130780280611109e-01
3.407285707687099374e-01
-6.690442837751146010e-01
-7.805519812341582542e-02
7.358656585535868766e-01
2.207196147146980980e+00
-8.308319316708734359e-01
-5.823047190758853242e-01
-2.220517886653417677e-02
4.552134384016604529e-01
-1.190130770655515757e+00
3.336885571045161702e-01
-6.980765279470420026e-01
-3.689057201827076193e-01
1.216237448797981235e+00
-1.064880627534467328e+00
8.890422585148909373e-01
6.418397087544163160e-01
-6.614608556491037294e-01
1.907445341198712674e+00
-4.845260339029707625e-02
-8.105163343311951873e-01
3.150374024504749015e-01
3.775675481376647991e-01
-8.693540946425668547e-01
1.959138392338675150e-01
3.195509926463155903e-01
6.667589961798823239e-01
-4.786577166986030196e-01
7.911840551391730036e-02
-8.299480733209771977e-01
2.454990682291902537e+00
1.332447813292399141e+00
3.789839684262148456e-01
-4.466826337258373858e-01
5.090932488132410283e-01
-2.735451562564645833e-01
1.009697311281826382e+00
9.184748156585513801e-01
-1.306287297073774667e+00
6.061763436930850402e-01
4.628945870784895722e-01
1.000509588598017974e+00
-7.951606122924196329e-01
-5.962513192956342412e-01
1.499778248161278416e-01
-1.643080495839953636e+00
1.227811199741084325e+00
1.318893129931580921e+00
-3.098301919667141857e-01
-1.743094253069298050e-01
-8.430971825497504124e-01
4.580743294480926209e-01
-1.510563751100913565e+00
-8.463965705696541164e-02
-8.823400091617767949e-01
-8.146013775376472754e-01
-1.604219044226451729e-01
-3.514544282709118894e-01
7.430635223206266682e-01
-2.911009784201927797e+00
2.415902379783203269e-01
2.284290207688139673e-01
-1.274403156146603155e+00
4.208376557630588710e-02
3.995051297878793317e-02
1.751144112570989300e-02
-1.205133850491577174e+00
-4.849165491559414010e-01
-2.146981933957770039e+00
1.155106106368392477e-01
3.353446605720856732e-01
5.422454693914480206e-01
1.849717195048995233e+00
4.003963106697739360e-01
-4.282508916969761659e-01
-1.239000542130042071e+00
-6.035961673532325156e-01
-2.742722624436909062e-01
-3.159671943908854530e+00
-6.964146768731781234e-02
1.648577897929026925e-01
4.831700830241673073e-01
-3.020421800278872415e-01
1.990153266826605594e-01
3.133285111018671576e-01
-8.338086410725396025e-01
-1.106750946409421399e+00
2.242888974486596521e-01
3.467000903786836008e-01
1.482601724263456211e-01
3.965451312041751164e-02
6.745318069104698777e-01
4.894139440667066854e-01
1.142108956924316798e+00
1.332612949597368202e+00
-1.413231860741026802e+00
-1.549791282262772962e-01
-6.855613360993521865e-02
2.358203777811075652e-01
5.161863584668063831e-01
-4.789285916029072943e-01
-3.230258838465266624e+00
-1.256380310571405090e+00
-2.501384548059835122e+00
-2.541802439657294688e-01
4.847945480103193483e-01
-2.186968183586039949e-01
1.777462741833055082e+00
9.701148792375898777e-01
8.265608580618865053e-01
3.477458410343930995e-01
-6.987657329923295524e-02
-2.938482696866910882e-01
1.276548956784689937e+00
-5.381633541480004279e-01
6.373820705843861179e-01
-3.046487401055473776e-01
4.265308124090407271e-01
-3.834524347764819430e-01
-2.504449292907738656e+00
1.485802495166477569e-02
4.049162354438735623e-01
-5.121670112980298839e-01
-1.125760577858017530e+00
-5.668117679783348795e-01
-1.794620951522054364e+00
7.593608075538783586e-01
2.708897634218340733e-01
6.341848734997937997e-01
-1.366894860685646529e-01
-4.488818693304371110e-01
4.027433217776491547e-01
6.472506628658457606e-01
1.168528187639735982e+00
-1.103880161003798044e+00
-7.113474449236810715e-01
-1.660580833577062210e-01
3.347475361948885064e-01
5.558378844706395316e-01
-9.865334153177587884e-02
2.206694788631016646e+00
1.266761205073791308e+00
-3.697673162079884168e-01
1.079728589935869731e+00
1.034639749777419848e-01
1.438599536821983271e+00
-5.848908972624653479e-01
-5.779881901130656807e-01
2.657873934998508769e+00
2.839937100047562057e-01
-2.650320354404794188e+00
6.885251261939147049e-01
-3.227797122637260374e-01
2.035661464622511851e-01
-4.945560232869372630e-01
6.759589434628988647e-01
-2.719436155901360230e-01
-1.407973231145059012e+00
-1.766101993024821182e+00
4.252044382294407621e-01
-6.421178484832794631e-01
1.332381293408391842e+00
-4.006328153601362158e-02
-2.787549111331660834e-01
-2.007426303400260820e-02
-5.130891156657504393e-01
-2.000591069733239358e-01
-3.370577267338050742e+00
1.214634713934647836e+00
1.005964365368272606e+00
1.326959380336470984e+00
2.272140215836789684e-02
-1.053018521230187687e+00
1.696353712591518459e+00
1.838762607009433170e+00
1.111550066517357438e+00
8.693224572485132307e-02
-9.724421425579184985e-01
9.103954602135274632e-01
-1.904240995173781814e-01
-2.493895125573420135e-01
-1.363403950907435602e+00
2.394497180958202520e+00
-3.866552133905942767e-01
1.110985109561341444e+00
1.011614096822181619e+00
-1.996830728544926881e-01
4.089860692413549437e-01
-2.587548696645606827e-01
1.200382500972021704e+00
2.740082195810036522e-02
-6.530620375384412757e-01
-2.887738276511169766e-01
-3.941964634918146970e-01
-3.595810465459466920e-01
-1.429597200355375852e-02
-3.323961537961325763e-01
1.252554931713548259e+00
3.435489368929322551e-01
-9.923195474827488372e-02
3.404085326621809210e-02
1.623978727088894181e-01
-8.293697658570889919e-01
7.478378595665278183e-01
-1.748438726459326242e-01
-1.059166083153195853e-01
7.661985064042466931e-01
9.987466284735995181e-01
-2.167916375643681448e-01
7.866193434907645110e-02
-6.722311004770649134e-01
6.808675846119718322e-01
5.097452393459980247e-01
1.622503162570919200e+00
-4.607515242725021554e-01
7.875264454081306598e-01
-1.506107856576318405e+00
1.564207508564146698e+00
-4.963783783072531555e-03
-1.961347093503732930e+00
1.092553007544994736e+00
1.536108408894689470e+00
1.159751073347606409e+00
1.476000758433400339e-01
3.380332343188163086e-02
5.944155333019274234e-01
9.610931509067632827e-01
9.611296980968232484e-01
4.225891609727746023e-01
7.576926520621755090e-01
-5.678322984933307227e-01
-9.477780128212270894e-01
5.414967473039571377e-01
1.098765042885328835e+00
-1.176710466098006114e+00
3.884400148729398317e-01
8.069457093797057778e-01
1.088489782243887705e+00
5.646688763951684953e-01
-7.793018349482885854e-02
1.150269992763785609e+00
-9.280694206133688340e-02
-9.221373937462018500e-02
5.362264081974458252e-01
3.295138072497164061e-02
-9.142878343976026390e-01
-2.794917516800466961e-01
-1.007079456341019308e-01
-1.753988815147511149e+00
6.230817554022213267e-01
4.964388788488624527e-01
-6.410391791672441775e-01
2.897506950202413556e+00
1.477399607761782141e+00
-2.849817166093450371e+00
9.510522658410501817e-01
1.257245854107818417e+00
2.325261177122892042e-01
-1.953987355591635666e-01
-6.375808094307544582e-01
-1.879954544222240953e+00
5.936817334157873383e-01
1.760137207815763327e+00
-7.363284632204930569e-01
2.603319781766280649e-01
-1.600843591255436404e-01
-1.306412386859696628e+00
7.312626763182009659e-01
6.273803007292837464e-01
-9.033824580175610075e-01
2.459753956361306337e-01
1.567816947428367635e-01
1.512934903678624154e+00
7.598860422052046149e-01
1.289471383997266241e+00
-3.608562330832929543e-01
2.215003718026994917e-02
-7.732622481647327684e-02
2.165922863604232695e-01
4.490466731841894488e-01
7.426335698359441961e-01
2.306768947185479313e+00
5.883211539170870585e-01
5.496351700584193312e-01
5.789473654652734780e-01
-4.904151187544818491e-01
3.463562137232725213e-01
2.437684421359525899e+00
7.273430569037904192e-01
8.568618012289224151e-01
1.702742515287431618e-02
-2.098537618825241716e-02
5.556072664245726989e-01
5.753852606022493571e-02
3.077058614171825357e-01
1.809901485574355942e-02
-8.804147485756201874e-01
-1.189902969620039608e+00
-4.079076460344346899e-01
-4.404660913179948012e-01
-2.241871009082217370e+00
-4.109174453240886371e-01
1.480230379735452573e+00
-7.353566407973807784e-02
-7.236215840950503964e-01
8.466493614370462772e-01
-4.666362055528882280e+00
-2.916005078829286279e-01
-4.865331159200183553e-01
-5.924122365986091987e-01
9.202375512429164517e-02
5.333287752542464899e-01
-1.111640073913429116e+00
1.307990353833261121e+00
1.142779300413702404e-01
2.243719802879096115e-01
-9.429920426744506923e-01
1.382210069727049184e+00
1.924526265627441779e+00
6.443874164712867225e-01
1.494941253327942698e+00
6.110338028466727467e-01
-1.587666246798176140e+00
-7.651830516763670209e-01
4.216825981409107194e-02
-2.145215178158648595e+00
-1.269608808432946434e+00
2.919922147258714240e+00
-4.574782321195864476e+00
6.661765880915238025e-01
-8.519594133332278885e-01
-1.038057051340854686e+00
1.066070902905829287e+00
8.037520778185077708e-01
1.619343739525444414e+00
-2.864820332514614876e-01
