2.471000000000000085e+00
2.729000000000000092e+00
2.498000000000000220e+00
2.333000000000000185e+00
2.317000000000000171e+00
2.281000000000000139e+00
2.592999999999999972e+00
2.911000000000000032e+00
2.689000000000000057e+00
2.326999999999999957e+00
2.656000000000000139e+00
2.770999999999999908e+00
2.310000000000000053e+00
3.290000000000000036e+00
2.439999999999999947e+00
2.483999999999999986e+00
2.911999999999999922e+00
2.565999999999999837e+00
2.585999999999999854e+00
2.491999999999999993e+00
2.376999999999999780e+00
2.645999999999999908e+00
2.629000000000000004e+00
2.322000000000000064e+00
2.285000000000000142e+00
2.446000000000000174e+00
2.559000000000000163e+00
2.455999999999999961e+00
2.576000000000000068e+00
2.818000000000000060e+00
2.443999999999999950e+00
2.388999999999999790e+00
2.906000000000000139e+00
2.435000000000000053e+00
2.576999999999999957e+00
2.523000000000000131e+00
2.355999999999999872e+00
2.479999999999999982e+00
2.783999999999999808e+00
2.560000000000000053e+00
2.637000000000000011e+00
2.604999999999999982e+00
2.950000000000000178e+00
2.603000000000000203e+00
2.677999999999999936e+00
2.661999999999999922e+00
2.322000000000000064e+00
2.732000000000000206e+00
3.003000000000000114e+00
2.197999999999999954e+00
2.524999999999999911e+00
3.435000000000000053e+00
2.873000000000000220e+00
2.383000000000000007e+00
2.774999999999999911e+00
2.621999999999999886e+00
3.099000000000000199e+00
2.620000000000000107e+00
2.892999999999999794e+00
2.629999999999999893e+00
2.487000000000000099e+00
2.761000000000000121e+00
2.556999999999999940e+00
2.700000000000000178e+00
2.394000000000000128e+00
2.837000000000000188e+00
2.737000000000000099e+00
2.455999999999999961e+00
2.388999999999999790e+00
2.412999999999999812e+00
2.361000000000000210e+00
2.418000000000000149e+00
2.407000000000000028e+00
2.842999999999999972e+00
2.807999999999999829e+00
2.524999999999999911e+00
2.459000000000000075e+00
2.423000000000000043e+00
2.490000000000000213e+00
2.568999999999999950e+00
2.657999999999999918e+00
2.896999999999999797e+00
2.914000000000000146e+00
2.528000000000000025e+00
2.374000000000000110e+00
2.419000000000000039e+00
2.270999999999999908e+00
2.350000000000000089e+00
2.318000000000000060e+00
2.733000000000000096e+00
2.572999999999999954e+00
2.408999999999999808e+00
2.382000000000000117e+00
2.373000000000000220e+00
2.533999999999999808e+00
2.551000000000000156e+00
2.842999999999999972e+00
2.282999999999999918e+00
2.657000000000000028e+00
2.720000000000000195e+00
2.455999999999999961e+00
3.403999999999999915e+00
2.435000000000000053e+00
2.742999999999999883e+00
2.839999999999999858e+00
3.043000000000000149e+00
2.636000000000000121e+00
2.657999999999999918e+00
2.269000000000000128e+00
2.483999999999999986e+00
