2.560999999999999943e+00
2.411999999999999922e+00
2.785000000000000142e+00
2.523000000000000131e+00
3.021999999999999797e+00
2.339999999999999858e+00
2.365000000000000213e+00
2.750999999999999890e+00
2.597999999999999865e+00
2.265000000000000124e+00
2.698999999999999844e+00
2.423999999999999932e+00
2.626999999999999780e+00
2.607000000000000206e+00
2.462000000000000188e+00
2.592000000000000082e+00
2.463000000000000078e+00
2.628000000000000114e+00
2.459999999999999964e+00
2.349000000000000199e+00
2.462000000000000188e+00
2.290000000000000036e+00
3.140000000000000124e+00
2.524000000000000021e+00
2.476999999999999869e+00
2.419999999999999929e+00
2.517999999999999794e+00
2.419000000000000039e+00
2.551000000000000156e+00
2.823999999999999844e+00
2.283999999999999808e+00
2.285000000000000142e+00
2.556000000000000050e+00
2.823999999999999844e+00
2.829000000000000181e+00
2.386000000000000121e+00
2.785000000000000142e+00
2.634999999999999787e+00
2.544000000000000039e+00
2.592000000000000082e+00
2.402000000000000135e+00
2.423999999999999932e+00
2.285000000000000142e+00
2.829000000000000181e+00
2.528999999999999915e+00
2.576999999999999957e+00
2.919999999999999929e+00
2.478000000000000203e+00
2.612000000000000099e+00
2.330000000000000071e+00
2.568000000000000060e+00
2.556999999999999940e+00
2.682999999999999829e+00
2.892999999999999794e+00
2.817000000000000171e+00
2.666999999999999815e+00
2.725999999999999979e+00
2.535000000000000142e+00
2.584000000000000075e+00
2.463000000000000078e+00
2.585999999999999854e+00
2.524000000000000021e+00
2.509999999999999787e+00
2.270999999999999908e+00
2.636000000000000121e+00
2.190999999999999837e+00
2.479999999999999982e+00
2.729000000000000092e+00
2.379000000000000004e+00
2.580000000000000071e+00
2.698999999999999844e+00
2.630999999999999783e+00
2.416999999999999815e+00
2.552000000000000046e+00
2.721999999999999975e+00
2.681999999999999940e+00
2.270999999999999908e+00
2.974000000000000199e+00
2.149999999999999911e+00
2.826000000000000068e+00
2.666999999999999815e+00
2.479000000000000092e+00
2.370000000000000107e+00
2.512000000000000011e+00
2.552999999999999936e+00
3.290000000000000036e+00
2.841000000000000192e+00
2.440999999999999837e+00
2.971999999999999975e+00
3.189000000000000057e+00
2.862000000000000099e+00
2.314000000000000057e+00
2.674999999999999822e+00
2.587000000000000188e+00
2.763999999999999790e+00
2.560000000000000053e+00
2.783999999999999808e+00
2.479000000000000092e+00
2.702999999999999847e+00
2.319999999999999840e+00
2.559000000000000163e+00
2.458000000000000185e+00
2.584999999999999964e+00
2.915000000000000036e+00
2.668000000000000149e+00
3.047000000000000153e+00
2.388999999999999790e+00
2.504000000000000004e+00
2.532000000000000028e+00
2.439000000000000057e+00
3.068000000000000060e+00
2.505999999999999783e+00
2.520000000000000018e+00
2.641000000000000014e+00
2.592999999999999972e+00
2.834000000000000075e+00
2.241000000000000103e+00
2.710999999999999854e+00
2.653999999999999915e+00
2.459000000000000075e+00
2.628000000000000114e+00
2.950000000000000178e+00
2.629000000000000004e+00
2.744000000000000217e+00
2.597999999999999865e+00
2.400999999999999801e+00
2.626999999999999780e+00
2.680000000000000160e+00
2.250000000000000000e+00
2.661999999999999922e+00
2.411999999999999922e+00
2.670999999999999819e+00
2.620000000000000107e+00
2.620000000000000107e+00
2.649999999999999911e+00
2.613999999999999879e+00
2.754000000000000004e+00
2.600000000000000089e+00
2.495000000000000107e+00
2.431999999999999940e+00
2.664000000000000146e+00
2.886000000000000121e+00
2.343999999999999861e+00
2.491999999999999993e+00
2.523000000000000131e+00
3.021999999999999797e+00
2.487999999999999989e+00
2.769000000000000128e+00
2.545999999999999819e+00
2.761000000000000121e+00
2.616999999999999993e+00
2.636000000000000121e+00
2.579000000000000181e+00
3.271999999999999797e+00
2.382000000000000117e+00
2.395999999999999908e+00
2.513999999999999790e+00
2.390000000000000124e+00
2.829000000000000181e+00
2.420999999999999819e+00
2.786000000000000032e+00
2.608000000000000096e+00
3.942000000000000171e+00
2.650999999999999801e+00
2.504000000000000004e+00
3.271999999999999797e+00
2.591000000000000192e+00
2.443999999999999950e+00
2.565999999999999837e+00
2.295999999999999819e+00
2.015000000000000124e+00
2.080999999999999961e+00
2.749000000000000110e+00
2.459000000000000075e+00
2.616999999999999993e+00
2.129999999999999893e+00
2.418000000000000149e+00
2.783999999999999808e+00
2.971999999999999975e+00
3.321000000000000174e+00
2.604999999999999982e+00
2.661999999999999922e+00
2.657999999999999918e+00
2.701999999999999957e+00
2.226999999999999869e+00
2.737999999999999989e+00
2.330999999999999961e+00
2.525999999999999801e+00
2.919999999999999929e+00
2.390000000000000124e+00
2.697000000000000064e+00
2.584999999999999964e+00
2.620000000000000107e+00
2.535000000000000142e+00
2.427999999999999936e+00
2.365000000000000213e+00
2.420999999999999819e+00
2.322000000000000064e+00
2.412999999999999812e+00
2.658999999999999808e+00
2.716000000000000192e+00
2.939000000000000057e+00
2.567000000000000171e+00
2.334000000000000075e+00
2.689999999999999947e+00
2.876999999999999780e+00
2.661000000000000032e+00
2.621999999999999886e+00
2.540999999999999925e+00
2.495999999999999996e+00
2.983999999999999986e+00
2.509999999999999787e+00
2.567000000000000171e+00
2.515000000000000124e+00
2.466000000000000192e+00
2.512000000000000011e+00
2.478000000000000203e+00
2.641999999999999904e+00
2.984999999999999876e+00
2.649999999999999911e+00
2.947999999999999954e+00
2.508000000000000007e+00
2.871999999999999886e+00
2.637999999999999901e+00
2.728000000000000203e+00
2.754999999999999893e+00
2.326999999999999957e+00
2.565999999999999837e+00
2.656000000000000139e+00
2.669999999999999929e+00
2.500000000000000000e+00
2.595000000000000195e+00
2.580999999999999961e+00
2.415000000000000036e+00
2.806000000000000050e+00
2.975000000000000089e+00
2.541999999999999815e+00
2.681000000000000050e+00
2.696000000000000174e+00
2.717000000000000082e+00
2.523000000000000131e+00
2.520999999999999908e+00
2.306000000000000050e+00
2.930000000000000160e+00
2.067000000000000171e+00
2.596999999999999975e+00
2.712000000000000188e+00
2.560000000000000053e+00
2.487999999999999989e+00
2.310000000000000053e+00
2.415999999999999925e+00
2.661999999999999922e+00
2.645000000000000018e+00
2.225999999999999979e+00
2.478000000000000203e+00
2.330999999999999961e+00
2.512000000000000011e+00
3.942000000000000171e+00
2.649999999999999911e+00
2.991999999999999993e+00
2.466000000000000192e+00
2.467000000000000082e+00
2.762000000000000011e+00
2.430000000000000160e+00
2.484999999999999876e+00
2.799999999999999822e+00
3.096999999999999975e+00
2.939000000000000057e+00
2.665999999999999925e+00
3.140000000000000124e+00
2.914000000000000146e+00
2.754000000000000004e+00
2.938000000000000167e+00
2.591000000000000192e+00
2.638999999999999790e+00
2.717999999999999972e+00
2.310000000000000053e+00
2.463999999999999968e+00
2.641999999999999904e+00
3.144000000000000128e+00
2.295999999999999819e+00
2.782999999999999918e+00
2.331999999999999851e+00
2.346999999999999975e+00
2.373000000000000220e+00
2.245000000000000107e+00
2.544999999999999929e+00
2.246999999999999886e+00
2.693000000000000060e+00
2.575000000000000178e+00
2.634999999999999787e+00
2.576000000000000068e+00
2.500999999999999890e+00
2.478000000000000203e+00
2.629000000000000004e+00
2.540000000000000036e+00
2.564000000000000057e+00
3.202999999999999847e+00
2.475000000000000089e+00
2.424999999999999822e+00
2.589999999999999858e+00
2.568999999999999950e+00
2.487000000000000099e+00
2.640000000000000124e+00
2.285000000000000142e+00
2.541999999999999815e+00
2.572000000000000064e+00
2.560999999999999943e+00
2.700000000000000178e+00
2.423000000000000043e+00
2.797000000000000153e+00
3.016999999999999904e+00
2.581999999999999851e+00
2.620000000000000107e+00
2.831999999999999851e+00
2.512000000000000011e+00
2.387000000000000011e+00
2.309000000000000163e+00
2.447000000000000064e+00
2.634999999999999787e+00
3.048000000000000043e+00
2.571000000000000174e+00
2.451000000000000068e+00
2.406000000000000139e+00
2.439999999999999947e+00
2.354999999999999982e+00
2.572000000000000064e+00
2.822999999999999954e+00
2.290000000000000036e+00
2.990000000000000213e+00
2.491000000000000103e+00
2.088000000000000078e+00
2.487000000000000099e+00
2.733999999999999986e+00
2.496999999999999886e+00
2.346000000000000085e+00
2.708000000000000185e+00
2.605999999999999872e+00
2.757000000000000117e+00
2.616000000000000103e+00
2.572000000000000064e+00
2.862000000000000099e+00
2.541999999999999815e+00
2.600999999999999979e+00
3.063000000000000167e+00
2.938000000000000167e+00
2.169999999999999929e+00
2.438000000000000167e+00
2.309000000000000163e+00
2.273000000000000131e+00
2.563000000000000167e+00
2.670999999999999819e+00
2.794999999999999929e+00
2.544999999999999929e+00
2.329000000000000181e+00
2.789000000000000146e+00
2.721000000000000085e+00
3.003000000000000114e+00
2.406000000000000139e+00
2.855999999999999872e+00
2.892999999999999794e+00
2.279999999999999805e+00
2.604000000000000092e+00
2.895999999999999908e+00
2.505999999999999783e+00
2.754000000000000004e+00
2.915999999999999925e+00
2.686999999999999833e+00
2.640000000000000124e+00
2.541999999999999815e+00
2.484999999999999876e+00
2.487000000000000099e+00
2.353000000000000203e+00
2.527000000000000135e+00
2.847999999999999865e+00
2.236000000000000210e+00
2.740000000000000213e+00
2.462000000000000188e+00
2.552000000000000046e+00
3.068000000000000060e+00
2.548000000000000043e+00
2.504000000000000004e+00
2.216000000000000192e+00
2.476999999999999869e+00
2.621999999999999886e+00
2.596999999999999975e+00
2.520999999999999908e+00
2.471999999999999975e+00
2.486000000000000210e+00
2.741999999999999993e+00
2.313000000000000167e+00
2.321000000000000174e+00
2.334000000000000075e+00
2.165999999999999925e+00
2.541999999999999815e+00
2.435000000000000053e+00
3.376999999999999780e+00
2.285000000000000142e+00
2.629999999999999893e+00
3.177000000000000046e+00
2.396999999999999797e+00
2.693999999999999950e+00
2.569999999999999840e+00
2.507000000000000117e+00
2.712000000000000188e+00
2.692000000000000171e+00
3.237999999999999989e+00
2.126999999999999780e+00
2.472999999999999865e+00
3.035000000000000142e+00
2.423999999999999932e+00
2.480999999999999872e+00
2.354999999999999982e+00
2.604000000000000092e+00
2.686999999999999833e+00
2.774999999999999911e+00
2.729999999999999982e+00
3.202999999999999847e+00
2.656000000000000139e+00
2.220000000000000195e+00
2.718999999999999861e+00
2.329000000000000181e+00
2.556000000000000050e+00
2.170999999999999819e+00
2.910000000000000142e+00
2.641999999999999904e+00
2.424999999999999822e+00
2.862000000000000099e+00
3.237999999999999989e+00
2.798999999999999932e+00
2.395999999999999908e+00
2.753000000000000114e+00
2.551000000000000156e+00
2.346000000000000085e+00
2.714999999999999858e+00
2.730999999999999872e+00
