9.689433430515045131e+00
1.026056910226794550e+01
1.181813844280507908e+01
9.692111569419994410e+00
1.180394422407919564e+01
1.011761073914785136e+01
1.019991644059373215e+01
1.065516320530207750e+01
9.920754346188811468e+00
9.890695673761815243e+00
9.650963436113803695e+00
1.026056910226794550e+01
1.021960647456896787e+01
1.005478951628580830e+01
9.947416951277604724e+00
9.896049973770470132e+00
9.884200536933148484e+00
9.108111062821757642e+00
1.010074507802709221e+01
9.247836410291261799e+00
9.743527724321824124e+00
9.108111062821757642e+00
1.181101928438037341e+01
9.403248661013837051e+00
9.849396037415029781e+00
9.856254502252182803e+00
9.938607441833973155e+00
1.179783766389631339e+01
9.805975897096590899e+00
1.181813844280507908e+01
9.195876127175429460e+00
1.004121787227573925e+01
1.011761073914785136e+01
1.174175801273443298e+01
1.174891575864439019e+01
9.650963436113803695e+00
1.010074507802709221e+01
1.186605021087723877e+01
1.187272405448783275e+01
1.044504154905059146e+01
1.012650027103363293e+01
9.993306104203581341e+00
9.247836410291261799e+00
1.181813844280507908e+01
9.933526876798248750e+00
9.929336382554982521e+00
1.186605021087723877e+01
1.004121787227573925e+01
1.038673971101594873e+01
9.938607441833973155e+00
1.011761073914785136e+01
9.993306104203581341e+00
9.711271102323250304e+00
1.177713037166949839e+01
1.038673971101594873e+01
1.019991644059373215e+01
9.457217365677502485e+00
1.065312037491906949e+01
9.849396037415029781e+00
1.019424956923645276e+01
9.863769225748017178e+00
1.029099002960352038e+01
9.951534691738947558e+00
9.451160429085994963e+00
9.144506097217654172e+00
9.516744571428855437e+00
1.020223998117667819e+01
1.012929736199844299e+01
1.030848087034010518e+01
9.920754346188811468e+00
9.890695673761815243e+00
1.005283330995493429e+01
1.028772310849361382e+01
1.010651751675233356e+01
1.019969910680243608e+01
1.056636053835301325e+01
1.184574943196847130e+01
1.059400074644557144e+01
9.144506097217654172e+00
1.026071913571858119e+01
9.849396037415029781e+00
1.076622057283805312e+01
9.812201851141669096e+00
1.012600905033515275e+01
9.847463913227976207e+00
1.180394422407919564e+01
1.179783766389631339e+01
9.731775057396760076e+00
1.176795613693450626e+01
1.001227440291267179e+01
1.177713037166949839e+01
9.426769443814496441e+00
1.050693925978910492e+01
9.272130253299573965e+00
1.044424883181486763e+01
9.929298406825898482e+00
9.890695673761815243e+00
1.011761073914785136e+01
1.022768356370801612e+01
1.070777611674066243e+01
9.993306104203581341e+00
9.419118919667546663e+00
1.020842259473277025e+01
9.797450840471634947e+00
1.028533169285144666e+01
1.186383678381838003e+01
1.010074507802709221e+01
1.014617032777920436e+01
9.724480363741866640e+00
1.011761073914785136e+01
1.174175801273443298e+01
1.037735445570402248e+01
9.939337399539915907e+00
1.010883219703120339e+01
9.993306104203581341e+00
1.187935037589532250e+01
9.581522000621772506e+00
9.920754346188811468e+00
9.674701494341412911e+00
1.016841981372633619e+01
9.711890928181245997e+00
1.188592858658554974e+01
9.354606935235736387e+00
9.938402970698717809e+00
9.809644424852274724e+00
9.865106453472680670e+00
9.316510563471982920e+00
1.058834294572615242e+01
9.993306104203581341e+00
1.186605021087723877e+01
9.765029534656294530e+00
1.047874990207328771e+01
9.708237166583023381e+00
1.011761073914785136e+01
9.791439492393982036e+00
1.019211091639389188e+01
1.011761073914785136e+01
9.849396037415029781e+00
1.050657023397048029e+01
1.005283330995493429e+01
1.086524211172493537e+01
1.081451134429664940e+01
9.181029028058057762e+00
9.758692333340610148e+00
1.005635508181287285e+01
1.187272405448783275e+01
9.881386638753740570e+00
9.839464288289155647e+00
9.881885952904351456e+00
9.968666114260971156e+00
1.056386972298526672e+01
1.023496394271204224e+01
1.029376732689730289e+01
1.178247157486349295e+01
1.016516015329924549e+01
9.219691242300509515e+00
9.265173865141342446e+00
9.917519189949755898e+00
1.018229037787328828e+01
1.004121787227573925e+01
1.016552250722001105e+01
9.847087385110112834e+00
1.184454632997218937e+01
9.650963436113803695e+00
1.023496394271204224e+01
1.185256231110339620e+01
1.018472288543292592e+01
9.895375681300135895e+00
1.001227440291267179e+01
1.006091612869077245e+01
9.343594757915655080e+00
1.181141766550554451e+01
1.004121787227573925e+01
9.987249167612073819e+00
1.038086027278730938e+01
9.343594757915655080e+00
1.024967856587879744e+01
1.012715234129334085e+01
1.185256231110339620e+01
1.187272405448783275e+01
1.176310751630821549e+01
1.035872598413917345e+01
1.181805211910591424e+01
9.650963436113803695e+00
9.698875204185963383e+00
9.694273537177052091e+00
1.019127770022655000e+01
9.419118919667546663e+00
1.178966978080659089e+01
9.821708720221437261e+00
9.661298736263580267e+00
9.939337399539915907e+00
1.032568908866918811e+01
9.581522000621772506e+00
9.237708213623198716e+00
1.189893832175755328e+01
9.289456675750791703e+00
9.881386638753740570e+00
1.026071913571858119e+01
9.939337399539915907e+00
1.084965035586541404e+01
1.191174855189053972e+01
9.954975587094326173e+00
9.688791073590808267e+00
1.035490892230331994e+01
1.004304032588123086e+01
9.402518703307894299e+00
9.939337399539915907e+00
9.849396037415029781e+00
1.011761073914785136e+01
1.026178962183064236e+01
1.018705217463988255e+01
1.019823532806883648e+01
9.108111062821757642e+00
1.181141766550554451e+01
9.313085633213500358e+00
1.010074507802709221e+01
1.042883352059334001e+01
1.183143860782316459e+01
9.866589105839526752e+00
1.001227440291267179e+01
9.801210259589856477e+00
9.204176733948653322e+00
1.081884055442672476e+01
9.939337399539915907e+00
1.016418989378054860e+01
1.010074507802709221e+01
9.195876127175429460e+00
9.650963436113803695e+00
1.016552250722001105e+01
9.920754346188811468e+00
9.717117766584136618e+00
9.987249167612073819e+00
9.987249167612073819e+00
1.062661676569287650e+01
1.036258868367814223e+01
9.826764073357612261e+00
1.011761073914785136e+01
9.801484269342870093e+00
1.012650027103363293e+01
1.022561638279172058e+01
9.772392131814026328e+00
9.895375681300135895e+00
1.044987864642133601e+01
9.316510563471982920e+00
1.023496394271204224e+01
1.187935037589532250e+01
9.993306104203581341e+00
1.018705217463988255e+01
9.989663272736011734e+00
1.011761073914785136e+01
9.802454428043263945e+00
9.895375681300135895e+00
9.920754346188811468e+00
1.177523349740140901e+01
9.446947739371204023e+00
1.014247967161800901e+01
1.176310751630821549e+01
1.056310125072116257e+01
1.014560715644054767e+01
1.174175801273443298e+01
1.038548477594110864e+01
1.018705217463988255e+01
9.834333209147629873e+00
9.838696495734993164e+00
1.070127467569479052e+01
1.187272405448783275e+01
1.183198875777343950e+01
9.858278444981603883e+00
1.189893832175755328e+01
1.027903736009304225e+01
9.939337399539915907e+00
1.178966978080659089e+01
9.807229724636462365e+00
1.001227440291267179e+01
1.072828199322528064e+01
9.354606935235736387e+00
9.898478079313127509e+00
1.011761073914785136e+01
1.182504213974165630e+01
1.029980313047816409e+01
1.050657023397048029e+01
9.760865109632323566e+00
9.816590797931757706e+00
9.228940796130215674e+00
9.354606935235736387e+00
9.313085633213500358e+00
9.849396037415029781e+00
1.093850434932933524e+01
1.047411707760519128e+01
9.247836410291261799e+00
1.059459403570833480e+01
9.801484269342870093e+00
1.184574943196847130e+01
9.241544907678633791e+00
9.808218991825652822e+00
9.815852266327908637e+00
1.179097961661494054e+01
1.016716126458860892e+01
9.993306104203581341e+00
1.000219328984998057e+01
9.358910414656193666e+00
1.055196003312581787e+01
1.185256231110339620e+01
9.697122769962749800e+00
1.028477307071505820e+01
1.019127770022655000e+01
9.993306104203581341e+00
1.027072250556235211e+01
9.290266341476499434e+00
1.188592858658554974e+01
1.044308023038539801e+01
1.037735445570402248e+01
9.939337399539915907e+00
1.083141341916135048e+01
9.581522000621772506e+00
9.926158743360295134e+00
9.343594757915655080e+00
9.564656339501013349e+00
9.451160429085994963e+00
9.987249167612073819e+00
9.993306104203581341e+00
1.026985444375929823e+01
1.012650027103363293e+01
1.006697306528227998e+01
9.138612755815334054e+00
9.847463913227976207e+00
1.052317078951844742e+01
9.895375681300135895e+00
1.005283330995493429e+01
1.004121787227573925e+01
9.881885952904351456e+00
9.564656339501013349e+00
9.650963436113803695e+00
1.043884186171815642e+01
9.316510563471982920e+00
1.030848087034010518e+01
1.044308023038539801e+01
1.012650027103363293e+01
9.516744571428855437e+00
9.900291161030130738e+00
1.171272831390478686e+01
9.402518703307894299e+00
9.993306104203581341e+00
1.182504213974165630e+01
1.187935037589532250e+01
9.219691242300509515e+00
9.457217365677502485e+00
9.644199801347836498e+00
9.698875204185963383e+00
9.108111062821757642e+00
1.008221745657356649e+01
1.028181412121637273e+01
9.773796952149277573e+00
1.036412332282078275e+01
9.717117766584136618e+00
1.034320039366512667e+01
1.185256231110339620e+01
9.929797720976509368e+00
9.808218991825652822e+00
1.169055386722980749e+01
9.313085633213500358e+00
9.890695673761815243e+00
1.177014035103375633e+01
9.156022830893915554e+00
1.031593847099786565e+01
1.019671221011340556e+01
9.320042021371731877e+00
1.176795613693450626e+01
9.752735234139574771e+00
9.207438985795745268e+00
9.772392131814026328e+00
9.993306104203581341e+00
9.581522000621772506e+00
1.014982761132064759e+01
1.024926330957492304e+01
1.035320092610513676e+01
1.018705217463988255e+01
1.014560715644054767e+01
1.181813844280507908e+01
1.003147180418701900e+01
1.011761073914785136e+01
9.391506525987812992e+00
1.012322915192395101e+01
9.354606935235736387e+00
9.801484269342870093e+00
9.724480363741866640e+00
9.717117766584136618e+00
1.005283330995493429e+01
1.184454632997218937e+01
9.073458078288926032e+00
1.038259702088133096e+01
9.354606935235736387e+00
1.011761073914785136e+01
1.066665437396676452e+01
1.029099002960352038e+01
1.183198875777343950e+01
9.939337399539915907e+00
1.074217498843699126e+01
1.181813844280507908e+01
1.024778269154378307e+01
1.183198875777343950e+01
1.018705217463988255e+01
1.068768470419549743e+01
1.178966978080659089e+01
9.894999153182272522e+00
1.173846563530196541e+01
1.006697306528227998e+01
1.013550111280662946e+01
1.180465054303123651e+01
9.772392131814026328e+00
9.724480363741866640e+00
9.845246546111892982e+00
9.876058999929510307e+00
1.023496394271204224e+01
1.177014035103375633e+01
9.970173469963297563e+00
1.186383678381838003e+01
1.016552250722000927e+01
9.929298406825898482e+00
1.082649481971594341e+01
9.320042021371731877e+00
1.188592858658554974e+01
9.199924642219102111e+00
1.181805211910591424e+01
1.181141766550554451e+01
1.046538714535197734e+01
1.049779041449349393e+01
1.181101928438037341e+01
1.041674463426091535e+01
1.013642425196223229e+01
9.474681211886654353e+00
1.019127770022655000e+01
9.650963436113803695e+00
1.016509424065800715e+01
1.033649790470924401e+01
