1.725000000000000089e+00
1.695999999999999952e+00
1.665000000000000036e+00
1.743999999999999995e+00
2.013999999999999790e+00
1.737999999999999989e+00
1.713000000000000078e+00
1.459999999999999964e+00
1.868999999999999995e+00
1.655999999999999917e+00
2.193999999999999950e+00
1.360999999999999988e+00
1.756000000000000005e+00
1.600999999999999979e+00
2.180000000000000160e+00
1.737999999999999989e+00
2.164000000000000146e+00
1.925999999999999934e+00
1.508999999999999897e+00
1.971000000000000085e+00
1.635000000000000009e+00
1.766999999999999904e+00
1.885999999999999899e+00
1.760000000000000009e+00
1.846000000000000085e+00
1.991999999999999993e+00
1.995999999999999996e+00
1.663000000000000034e+00
1.812000000000000055e+00
1.864000000000000101e+00
1.739000000000000101e+00
1.693999999999999950e+00
1.566999999999999948e+00
1.864000000000000101e+00
1.933000000000000052e+00
1.733000000000000096e+00
1.719999999999999973e+00
1.766000000000000014e+00
1.806999999999999940e+00
1.752000000000000002e+00
1.479999999999999982e+00
1.590999999999999970e+00
1.883999999999999897e+00
1.933000000000000052e+00
1.622999999999999998e+00
1.614000000000000101e+00
1.735999999999999988e+00
1.596999999999999975e+00
1.578999999999999959e+00
1.419999999999999929e+00
1.967000000000000082e+00
2.138999999999999790e+00
1.814999999999999947e+00
2.567000000000000171e+00
1.786000000000000032e+00
2.089999999999999858e+00
1.943000000000000060e+00
1.518999999999999906e+00
2.116000000000000103e+00
1.883999999999999897e+00
1.762999999999999901e+00
1.620999999999999996e+00
1.635000000000000009e+00
1.735000000000000098e+00
1.822999999999999954e+00
1.963000000000000078e+00
1.788000000000000034e+00
1.941999999999999948e+00
1.538000000000000034e+00
2.001999999999999780e+00
1.671999999999999931e+00
1.899999999999999911e+00
1.675000000000000044e+00
1.977999999999999980e+00
1.993999999999999995e+00
2.044999999999999929e+00
1.707999999999999963e+00
1.685000000000000053e+00
1.723000000000000087e+00
1.943000000000000060e+00
1.943000000000000060e+00
1.893000000000000016e+00
1.891000000000000014e+00
1.923999999999999932e+00
1.941999999999999948e+00
1.576999999999999957e+00
1.856000000000000094e+00
1.764000000000000012e+00
1.991000000000000103e+00
1.836999999999999966e+00
2.059000000000000163e+00
1.778999999999999915e+00
2.361000000000000210e+00
1.897000000000000020e+00
1.834000000000000075e+00
1.915000000000000036e+00
1.429999999999999938e+00
1.768999999999999906e+00
1.758999999999999897e+00
1.822000000000000064e+00
1.665999999999999925e+00
1.550000000000000044e+00
1.643999999999999906e+00
1.641000000000000014e+00
2.080999999999999961e+00
2.230999999999999872e+00
1.794000000000000039e+00
1.629999999999999893e+00
1.939000000000000057e+00
1.471999999999999975e+00
1.792000000000000037e+00
1.703000000000000069e+00
1.562000000000000055e+00
1.975000000000000089e+00
1.570000000000000062e+00
1.816000000000000059e+00
2.039000000000000146e+00
1.782999999999999918e+00
1.441999999999999948e+00
2.087000000000000188e+00
1.891999999999999904e+00
1.875999999999999890e+00
1.911000000000000032e+00
1.711000000000000076e+00
1.620999999999999996e+00
1.774999999999999911e+00
1.703000000000000069e+00
1.683999999999999941e+00
1.643999999999999906e+00
1.745000000000000107e+00
1.663000000000000034e+00
1.993999999999999995e+00
1.872000000000000108e+00
1.635999999999999899e+00
1.379999999999999893e+00
1.917999999999999927e+00
1.554999999999999938e+00
2.097999999999999865e+00
1.625000000000000000e+00
1.526999999999999913e+00
1.635000000000000009e+00
1.743999999999999995e+00
1.673999999999999932e+00
2.123000000000000220e+00
2.213000000000000078e+00
2.013999999999999790e+00
2.126999999999999780e+00
1.949999999999999956e+00
2.176000000000000156e+00
1.717000000000000082e+00
1.455000000000000071e+00
1.620000000000000107e+00
1.931000000000000050e+00
2.491999999999999993e+00
1.661999999999999922e+00
1.911999999999999922e+00
1.838000000000000078e+00
1.721999999999999975e+00
1.653000000000000025e+00
1.447999999999999954e+00
1.929999999999999938e+00
1.649000000000000021e+00
1.735000000000000098e+00
2.085999999999999854e+00
1.685999999999999943e+00
2.491999999999999993e+00
2.028999999999999915e+00
1.919000000000000039e+00
2.133999999999999897e+00
1.784999999999999920e+00
2.008999999999999897e+00
2.129999999999999893e+00
1.647000000000000020e+00
1.862000000000000099e+00
1.752000000000000002e+00
1.538000000000000034e+00
1.643999999999999906e+00
2.266999999999999904e+00
1.991000000000000103e+00
1.816000000000000059e+00
1.794000000000000039e+00
2.069999999999999840e+00
2.064000000000000057e+00
2.072000000000000064e+00
2.245000000000000107e+00
1.673000000000000043e+00
1.618000000000000105e+00
1.931999999999999940e+00
1.735999999999999988e+00
1.735000000000000098e+00
1.840999999999999970e+00
1.465000000000000080e+00
1.695999999999999952e+00
1.735000000000000098e+00
1.673999999999999932e+00
1.844999999999999973e+00
1.820999999999999952e+00
2.184000000000000163e+00
1.780000000000000027e+00
1.683999999999999941e+00
1.606000000000000094e+00
1.846000000000000085e+00
1.469000000000000083e+00
1.798999999999999932e+00
1.967000000000000082e+00
1.637000000000000011e+00
2.303999999999999826e+00
1.635000000000000009e+00
1.604999999999999982e+00
1.596000000000000085e+00
1.618999999999999995e+00
1.856999999999999984e+00
1.768999999999999906e+00
1.844000000000000083e+00
2.427999999999999936e+00
2.085999999999999854e+00
1.745000000000000107e+00
1.574999999999999956e+00
1.915000000000000036e+00
1.864999999999999991e+00
1.796000000000000041e+00
1.889999999999999902e+00
1.493999999999999995e+00
1.665999999999999925e+00
1.685000000000000053e+00
1.693000000000000060e+00
1.913999999999999924e+00
1.901000000000000023e+00
1.596999999999999975e+00
1.778999999999999915e+00
1.935000000000000053e+00
1.491999999999999993e+00
1.631000000000000005e+00
1.620000000000000107e+00
1.437999999999999945e+00
1.891000000000000014e+00
1.778000000000000025e+00
1.481000000000000094e+00
1.818999999999999950e+00
1.770000000000000018e+00
1.717000000000000082e+00
1.862999999999999989e+00
1.457999999999999963e+00
2.052000000000000046e+00
1.473999999999999977e+00
1.499000000000000110e+00
1.739999999999999991e+00
1.594000000000000083e+00
1.824000000000000066e+00
1.544999999999999929e+00
2.126999999999999780e+00
1.709999999999999964e+00
1.790000000000000036e+00
2.048000000000000043e+00
1.675000000000000044e+00
1.919999999999999929e+00
1.969000000000000083e+00
1.735000000000000098e+00
1.580000000000000071e+00
1.556000000000000050e+00
2.427999999999999936e+00
1.663000000000000034e+00
1.721000000000000085e+00
1.891999999999999904e+00
2.092000000000000082e+00
1.832999999999999963e+00
1.766000000000000014e+00
1.846000000000000085e+00
1.810000000000000053e+00
1.885999999999999899e+00
1.645000000000000018e+00
1.733999999999999986e+00
1.885999999999999899e+00
1.959000000000000075e+00
1.756999999999999895e+00
1.836000000000000076e+00
1.879999999999999893e+00
1.768999999999999906e+00
1.620000000000000107e+00
1.570999999999999952e+00
2.115000000000000213e+00
1.925999999999999934e+00
1.747000000000000108e+00
1.925999999999999934e+00
1.671999999999999931e+00
1.651000000000000023e+00
1.796000000000000041e+00
1.743999999999999995e+00
1.723999999999999977e+00
1.850999999999999979e+00
1.576999999999999957e+00
1.631999999999999895e+00
1.798999999999999932e+00
1.675000000000000044e+00
1.842999999999999972e+00
2.015000000000000124e+00
1.818999999999999950e+00
1.669000000000000039e+00
1.788000000000000034e+00
1.949000000000000066e+00
1.727000000000000091e+00
1.850000000000000089e+00
1.614999999999999991e+00
1.955999999999999961e+00
1.941000000000000059e+00
2.196000000000000174e+00
1.453000000000000069e+00
1.915000000000000036e+00
1.836000000000000076e+00
1.493000000000000105e+00
1.818000000000000060e+00
1.570000000000000062e+00
1.772000000000000020e+00
2.023000000000000131e+00
1.943000000000000060e+00
1.743000000000000105e+00
1.826999999999999957e+00
1.671999999999999931e+00
2.115000000000000213e+00
1.935999999999999943e+00
1.754999999999999893e+00
1.747999999999999998e+00
1.721999999999999975e+00
1.679000000000000048e+00
2.371999999999999886e+00
1.842999999999999972e+00
1.739999999999999991e+00
1.786999999999999922e+00
1.995999999999999996e+00
1.848999999999999977e+00
1.526000000000000023e+00
1.743999999999999995e+00
2.262999999999999901e+00
1.901000000000000023e+00
1.624000000000000110e+00
1.774000000000000021e+00
1.544000000000000039e+00
1.622999999999999998e+00
2.314999999999999947e+00
1.618000000000000105e+00
1.780999999999999917e+00
2.059000000000000163e+00
1.870000000000000107e+00
1.471000000000000085e+00
1.933000000000000052e+00
1.885999999999999899e+00
1.875999999999999890e+00
1.846999999999999975e+00
1.927000000000000046e+00
1.834999999999999964e+00
1.395999999999999908e+00
1.629999999999999893e+00
1.572000000000000064e+00
1.455000000000000071e+00
2.036000000000000032e+00
1.516000000000000014e+00
2.141000000000000014e+00
2.128000000000000114e+00
1.778999999999999915e+00
1.493999999999999995e+00
2.567000000000000171e+00
1.923999999999999932e+00
1.554999999999999938e+00
2.052999999999999936e+00
1.749000000000000110e+00
1.741000000000000103e+00
1.749000000000000110e+00
1.979999999999999982e+00
1.955999999999999961e+00
1.713999999999999968e+00
1.891999999999999904e+00
1.983000000000000096e+00
1.715999999999999970e+00
1.701000000000000068e+00
1.348000000000000087e+00
2.079000000000000181e+00
1.663000000000000034e+00
1.512000000000000011e+00
2.020999999999999908e+00
1.792000000000000037e+00
1.451000000000000068e+00
2.011000000000000121e+00
2.213999999999999968e+00
1.840000000000000080e+00
1.705999999999999961e+00
1.850999999999999979e+00
1.965000000000000080e+00
1.479999999999999982e+00
1.427000000000000046e+00
2.043000000000000149e+00
1.816000000000000059e+00
1.858000000000000096e+00
1.891999999999999904e+00
1.729999999999999982e+00
1.705999999999999961e+00
1.637000000000000011e+00
1.794999999999999929e+00
1.675000000000000044e+00
2.138999999999999790e+00
2.092999999999999972e+00
1.921000000000000041e+00
2.020999999999999908e+00
1.854000000000000092e+00
1.405000000000000027e+00
1.739999999999999991e+00
1.802999999999999936e+00
1.689999999999999947e+00
1.669999999999999929e+00
1.762000000000000011e+00
1.899999999999999911e+00
1.554000000000000048e+00
1.822000000000000064e+00
1.645999999999999908e+00
1.649000000000000021e+00
1.586000000000000076e+00
2.105999999999999872e+00
1.800000000000000044e+00
1.669000000000000039e+00
1.582000000000000073e+00
1.750000000000000000e+00
1.691000000000000059e+00
1.766000000000000014e+00
1.566999999999999948e+00
2.032999999999999918e+00
2.063000000000000167e+00
1.870999999999999996e+00
1.713000000000000078e+00
1.917000000000000037e+00
1.689999999999999947e+00
1.566999999999999948e+00
2.012999999999999901e+00
1.649000000000000021e+00
2.226999999999999869e+00
1.733999999999999986e+00
1.925999999999999934e+00
1.629999999999999893e+00
