-5.032979737961928990e-01
-5.795736365442233015e-03
-1.433452784453045359e+00
1.205087185664332150e+00
9.495927704687939785e-01
3.723837800562749267e-01
-4.002466450640488893e-01
-1.555825507746582348e+00
6.124277157415884965e-01
-1.866586280902881589e-01
1.244997885740076748e+00
-2.472464455144134376e+00
-1.364754611388098449e-01
-7.373880206746969979e-01
1.700053182085599301e+00
-1.728673372051252599e-01
1.639429915312221597e+00
1.851161178156151832e-01
-7.387749033691066725e-01
2.162312194583086988e+00
-2.927914673912151988e-01
-4.651606661826044875e-01
2.106179578483257653e-01
-5.512024926546332804e-01
3.226343698972120033e-02
8.885855538392646302e-01
3.171609972455893267e+00
-1.438200853340989349e+00
1.429270656932750405e-01
-3.467464755207544935e-01
6.727302114951447809e-01
6.785679051976829523e-01
-9.401749926515277078e-01
-3.250808288455327433e-01
6.463883773383266584e-02
-7.016044389023268213e-01
8.609131355728478763e-01
-4.724161846155533473e-01
-2.489557432200228126e-01
-2.306256552546623040e-01
-1.872204077327501270e+00
-7.172386501085840083e-01
1.577522792347117786e+00
4.496967442723664304e-02
-6.313858077752745324e-01
-9.820802433192044045e-01
-6.355981986464930289e-01
-6.436766116524582360e-02
-1.280677900901407540e+00
-1.322792398413136672e+00
2.239539109789733029e+00
3.763383931917613889e+00
-1.441505782821279336e-01
3.989816076951768320e+00
2.633064007466047809e-03
2.092586241132863734e+00
1.887565877542683179e-01
-1.711660628474266366e+00
1.178168028614163809e+00
3.712820537993007930e-01
-6.664543865595637384e-02
-4.969096023087044567e-01
-5.882256404134381667e-01
-3.452082811196193757e-01
6.904029564429096932e-02
2.626187214270317982e-01
-2.533487159708671180e-02
1.126473685363362121e+00
-5.970559022485073530e-01
1.508348648309546736e+00
-6.338155132984368834e-02
1.703045845630809740e+00
-4.912458959818679638e-01
4.674306194305986595e-01
5.198470568341284626e-01
6.762162929273772827e-01
-7.807203330524986606e-01
-1.929961481076117313e-01
-3.312641073328475017e-01
1.010860886563509364e+00
4.344130273504521189e-01
5.921339439230127732e-01
1.513604528715762065e-01
1.011104086683462411e+00
1.122145791059991460e+00
-1.457694513432748584e+00
-3.858328259666716775e-01
-1.060455474315037325e-02
8.252945987105785308e-01
8.795525930956824556e-01
7.911687761350210124e-01
2.790738913670351984e-01
2.118759831523318926e+00
3.000212052864384762e-02
-1.962932186558200287e-01
3.033685545006741813e-01
-1.859480333131775964e+00
6.179449096015169340e-01
-1.202539855901670340e-01
6.436984747486012015e-01
-1.459421781190183287e-01
-6.262283909805422821e-01
-8.307022989687413705e-01
-5.368835008056996871e-01
8.833365868557743195e-01
1.807398378347959911e+00
1.447701045183618751e+00
-8.872512263292908763e-01
1.256139193407521670e-01
-1.637796071983211421e+00
-7.257300945555017480e-01
-1.884474173184056550e-02
-9.154286777205403736e-01
4.541848403990000893e-01
-8.746946436353454368e-01
-2.010422237108032972e-01
5.757040769902345145e-01
5.065905568669260700e-02
-1.690482671279871063e+00
9.301457525805121307e-01
1.743296489841864028e-01
1.326460165644504086e-01
7.310405233753368426e-02
-2.880104936067843235e-01
-6.165124972775788414e-01
5.210678717874520638e-01
-1.484890115698604962e-01
-6.971269708095370055e-01
-3.149624717572215848e-01
-5.867989855314001968e-01
5.401716105681358959e-01
1.847454926530336383e+00
4.094016173655541935e-01
-4.192062464063909810e-01
-1.549416963142705272e+00
9.258984297448068501e-01
-1.029561670136446061e+00
1.099232007262614053e+00
-1.036926188161924944e+00
-1.214339002444995597e+00
-1.075017056232630441e+00
-3.111889117775212821e-01
-8.481745301293485140e-01
1.162278473143026236e+00
1.830153064621624637e+00
9.299799705083228174e-01
9.074275485651281947e-01
7.121465342712018920e-01
2.740150044017059194e+00
1.196164996646903733e-01
-2.058721383416173278e+00
4.271742379296302600e-02
2.347614973933306870e-01
3.924153970734105989e+00
-7.022389242024013045e-01
1.261931127905271843e+00
7.462901714874782266e-01
-2.405663109726927928e-01
-7.653365963420466489e-01
-1.159611538796073038e+00
2.537325473334065329e+00
-2.246476312223535943e-01
-1.066310654824451642e+00
7.675000379245831006e-01
5.494468467174845605e-01
3.904375206849592939e+00
9.902756464728385000e-01
1.457914939739015869e+00
2.906961401169168013e+00
5.273879163529264780e-01
1.853087322810021753e+00
1.205906371972556235e+00
3.156965244683981320e-01
2.037991713531409843e+00
2.881991853991156538e-01
-1.174291071191726932e+00
-6.055930943853001791e-01
1.748076474617732190e+00
8.014984898548503933e-01
-1.991133763575239080e-01
-7.206881440798341698e-01
1.902871028627919792e+00
1.240387996776189716e+00
7.065368726606172656e-01
1.780169981090725440e+00
1.918432170198136263e-02
-1.063980059321885552e+00
1.805773107472180339e+00
-6.139325519712724999e-01
1.078757998189339151e+00
-2.742458848444677411e-02
-1.626249389112252031e+00
-4.152406648240872244e-01
-6.816850399294022145e-01
-8.593748354439670889e-01
-4.529892927960357113e-02
1.138625124145387302e+00
1.160405453592143088e+00
-6.472077975057839716e-02
1.218657106515204196e-02
-1.247003098627683437e+00
-4.350535904346278931e-02
-1.530820696407902082e+00
-2.050740242940256031e-01
1.200830149106791866e+00
-5.966534016953854991e-01
2.101400878088361956e+00
-3.648061155459972893e-01
-9.185487165522007169e-01
-7.226634101327442661e-01
-4.990031428312223793e-01
1.303522526235531220e+00
-1.015547538061050831e-01
-1.539458357886304696e-01
3.068388925463818140e+00
2.919216457972132250e+00
1.057688242580662852e+00
-9.018714495479992488e-01
-6.180554052426889822e-02
3.500948326653863241e-01
6.124656566756129239e-01
1.491922290374035898e-01
-8.354999711206834156e-01
-8.719719979487401407e-01
1.994146177300204145e-02
-5.098437426252020455e-01
2.426658021600620607e+00
1.729041147416542135e+00
-1.228197132990771490e+00
1.305327794112791651e+00
1.052953561193650245e+00
-1.348218617047444168e+00
2.123604005371757808e-01
1.286501670634034866e-01
-2.173424223730727523e+00
6.919967048284547673e-01
-3.162991436307583393e-01
-1.572696528158661566e+00
-3.830351869819711985e-01
-9.172264159007034734e-02
-3.844701587083351746e-01
1.152625622088825630e-01
-1.429122349296225725e+00
1.752268646942070740e+00
-1.537828895209499835e+00
-8.580882857574793077e-01
-6.177900457541042334e-01
-6.946547959061759592e-01
1.035336667317800829e+00
-1.255061718117467473e+00
3.614886021998549470e+00
-2.671727957079503279e-01
6.083559879265032500e-01
1.825716595161326783e+00
-9.371352339477461157e-01
1.710946027118049217e+00
1.292876026516009080e+00
-1.042916610723617632e+00
-1.223298643252392237e+00
-1.332594042707754500e+00
3.088113410078428434e+00
3.198886593298404524e-01
2.148013172024097750e-01
4.685253283765775656e-01
2.663317340123288357e+00
2.173642069856577819e-01
-4.743512414244057673e-01
-2.032922833745157490e-02
-1.918594400918157139e-01
1.853143199837979094e-01
-8.482274996688661250e-01
4.029009394298006530e-01
2.165921141094399038e-01
7.564297612693092754e-01
3.613820794603271880e-01
7.287762995140433242e-01
-5.545709989858456368e-02
-3.655861945786216816e-01
-5.410655121424688963e-01
-1.494485342574580988e+00
2.233697070374766280e+00
8.827384097171945276e-01
-1.117152902185479107e-01
2.976355554601246012e-01
-5.506293641871407019e-01
-9.699700237425304961e-01
9.631480886143046760e-01
-3.787191331666327487e-01
-4.139019887397917818e-01
8.973728694678129170e-01
-3.710864566242753071e-01
-1.018791094053027146e+00
-4.639545085885575793e-01
-9.569672350640530123e-01
7.920871800742952384e-01
2.755552219844206174e+00
8.223108239779712836e-01
-1.404453451205515568e+00
8.838778550829473613e-02
2.131468356206066783e+00
-5.523979513815663323e-01
1.344123326466021562e-01
-1.110390812100034319e+00
5.986901841655560830e-01
3.835674937501805104e-01
2.810825476115894617e+00
-2.047338845476917690e+00
1.847976958064103892e+00
3.599790831711038863e-01
-1.412825259720300819e+00
-1.918708987650883102e-01
-8.508217932897533808e-01
4.163275336837228280e-01
2.776479916415437454e+00
1.896465982799953043e-01
-6.499860079357934195e-01
1.824362350452774506e-01
-3.567509952505599213e-01
1.223025391321430622e+00
4.742064980420757081e-01
1.176477650964204313e+00
4.944229866441810506e-01
-3.024358715780268159e-01
-6.684347663663615657e-01
4.123971995314199113e+00
-1.655073955747384251e-01
-2.029398268042272024e-01
-2.978923660341073129e-02
1.979730428717219937e+00
1.284547580631703934e+00
-5.933179672687185491e-01
-1.879095174082006936e-01
1.885207787862486439e+00
-2.035477780216609842e-02
-5.238757412376935374e-01
3.034072952769888420e-01
-5.526659216072341563e-01
-5.311900867014722749e-01
3.682563658543577922e+00
-1.125128596948748783e+00
-5.424180635076870883e-04
8.091340003383317159e-01
2.086185297740008049e-01
-1.601939428863003778e+00
4.743005909168297451e-01
1.910625632720874822e-01
1.022176872362161593e+00
-2.093028876201582511e-01
2.082328636442945857e+00
1.335314597063616202e-02
-1.862459569924363345e+00
-6.306134907064852024e-01
-8.875404391780831181e-01
-1.637854639624015229e+00
9.893789833042707649e-01
-1.172922402121791885e+00
1.455758980934785063e+00
1.613387337221788620e+00
5.269125025858679701e-01
-1.368914055246242434e+00
4.013855220062792384e+00
1.807443227803737118e+00
-9.502264030990865695e-01
7.576173626008052553e-01
-2.315852721524303548e-01
2.386406570481138245e-01
-1.724244994490499727e-01
6.836224980983923727e-01
6.224862930212842205e-01
-2.418130787074702637e-01
2.166601651117976840e-02
6.167018999127960033e-01
2.425896571827580450e-01
-8.155422517800371418e-01
-2.528453662092644993e+00
1.197444308237687771e+00
-5.496555777613332250e-01
-1.370766856201210082e+00
1.643244694145497675e+00
-7.473957412307234982e-01
-1.293263186469726600e+00
2.612087731612988684e+00
3.789351584604142342e+00
-1.154359768147524279e-01
-7.560859485948164815e-01
-2.525836412246614815e-01
2.351261498530790861e-01
-1.435311999141601902e+00
-1.937765697515598351e+00
6.771142753356166333e-01
-2.562571740763105455e-01
4.694837717461112780e-01
-5.823374445790517433e-03
3.093867867258316973e-01
-5.818124807521654063e-01
-3.993824380389566775e-01
-3.035083528117422103e-01
-5.749775879747744123e-02
2.776197207955002355e+00
9.817836805954421875e-01
9.260684172548314663e-01
9.827165984124732745e-01
1.279037036898220681e+00
-1.878064778302624749e+00
-5.922604949167518118e-01
1.592662555072384967e+00
-8.471478728563376359e-01
-7.078831895601300772e-01
-5.573189217722478855e-02
-1.394232891074413949e-01
-1.097295669101245430e+00
-3.575484262824091819e-01
-8.433309215419545479e-01
-5.203213778125292954e-01
-2.141224743167864097e-01
1.073324015257740127e+00
6.415019971030097579e-02
-1.425665040881976653e+00
-2.202513576873601220e-01
-3.687315723170394577e-01
-7.192600410819089962e-01
-1.981582642995319277e-01
-1.532537467627575145e+00
2.096996484170741137e+00
1.234455442028513206e+00
-3.054098085531651297e-01
6.804998816696965491e-01
1.325074719965796399e+00
-8.672304295599736479e-01
-1.246741992815791233e+00
9.294008836092264580e-01
-5.161885086898477387e-02
3.019571333380993927e+00
-6.976486940378170409e-01
5.526866131587928610e-01
-9.574913648490418483e-01
