1.919000000000000039e+00
2.136000000000000121e+00
2.241000000000000103e+00
1.852999999999999980e+00
2.254000000000000004e+00
2.024999999999999911e+00
2.108000000000000096e+00
2.403999999999999915e+00
2.033999999999999808e+00
1.826999999999999957e+00
2.138999999999999790e+00
2.108999999999999986e+00
2.138999999999999790e+00
1.921999999999999931e+00
2.528000000000000025e+00
2.076999999999999957e+00
2.097999999999999865e+00
2.616000000000000103e+00
1.701000000000000068e+00
2.112000000000000099e+00
1.764999999999999902e+00
2.173000000000000043e+00
2.845000000000000195e+00
2.338999999999999968e+00
2.138999999999999790e+00
1.927999999999999936e+00
2.126999999999999780e+00
2.709999999999999964e+00
1.814999999999999947e+00
2.802000000000000046e+00
2.193000000000000060e+00
1.889999999999999902e+00
2.205000000000000071e+00
2.802000000000000046e+00
2.463999999999999968e+00
2.266999999999999904e+00
2.129000000000000004e+00
2.232000000000000206e+00
2.165000000000000036e+00
2.214999999999999858e+00
1.885999999999999899e+00
2.111000000000000210e+00
1.802000000000000046e+00
2.463999999999999968e+00
2.426000000000000156e+00
2.241999999999999993e+00
2.588999999999999968e+00
2.168000000000000149e+00
2.133999999999999897e+00
2.047000000000000153e+00
1.991000000000000103e+00
2.330999999999999961e+00
2.080999999999999961e+00
4.044999999999999929e+00
2.197000000000000064e+00
2.048999999999999932e+00
2.060000000000000053e+00
2.230999999999999872e+00
1.705000000000000071e+00
1.854999999999999982e+00
2.499000000000000110e+00
2.529999999999999805e+00
2.367999999999999883e+00
1.969000000000000083e+00
2.178999999999999826e+00
2.335999999999999854e+00
2.164000000000000146e+00
2.137999999999999901e+00
1.955000000000000071e+00
2.224000000000000199e+00
1.957000000000000073e+00
1.862999999999999989e+00
2.111000000000000210e+00
1.989000000000000101e+00
2.023000000000000131e+00
2.323999999999999844e+00
2.451000000000000068e+00
2.205999999999999961e+00
1.756999999999999895e+00
1.875999999999999890e+00
1.933000000000000052e+00
2.073999999999999844e+00
2.346999999999999975e+00
1.989000000000000101e+00
2.545999999999999819e+00
1.834000000000000075e+00
2.387000000000000011e+00
2.117999999999999883e+00
2.149999999999999911e+00
2.057999999999999829e+00
2.222999999999999865e+00
1.830000000000000071e+00
1.977000000000000091e+00
2.109999999999999876e+00
2.103000000000000203e+00
1.584999999999999964e+00
2.145999999999999908e+00
1.879999999999999893e+00
2.137000000000000011e+00
1.790999999999999925e+00
2.134999999999999787e+00
1.965999999999999970e+00
1.919000000000000039e+00
2.307999999999999829e+00
2.079000000000000181e+00
2.696000000000000174e+00
2.466000000000000192e+00
2.120999999999999996e+00
1.826999999999999957e+00
1.860999999999999988e+00
2.383999999999999897e+00
2.137000000000000011e+00
1.881999999999999895e+00
2.004000000000000004e+00
1.870999999999999996e+00
1.792000000000000037e+00
2.498000000000000220e+00
2.115000000000000213e+00
1.760000000000000009e+00
2.621999999999999886e+00
2.128000000000000114e+00
2.540000000000000036e+00
2.049999999999999822e+00
2.708000000000000185e+00
2.089999999999999858e+00
2.067000000000000171e+00
1.739000000000000101e+00
2.330000000000000071e+00
2.358999999999999986e+00
2.326000000000000068e+00
2.085999999999999854e+00
2.427000000000000046e+00
2.121999999999999886e+00
1.921000000000000041e+00
2.108999999999999986e+00
2.136000000000000121e+00
2.371999999999999886e+00
2.021999999999999797e+00
1.983999999999999986e+00
2.025999999999999801e+00
2.258000000000000007e+00
2.085999999999999854e+00
1.879999999999999893e+00
1.915999999999999925e+00
2.125000000000000000e+00
2.254000000000000004e+00
1.752000000000000002e+00
2.027000000000000135e+00
2.003000000000000114e+00
2.087000000000000188e+00
2.521999999999999797e+00
2.185999999999999943e+00
1.895000000000000018e+00
2.166999999999999815e+00
2.048999999999999932e+00
2.479000000000000092e+00
1.955999999999999961e+00
2.015000000000000124e+00
2.080000000000000071e+00
1.836999999999999966e+00
2.055000000000000160e+00
2.012000000000000011e+00
2.962000000000000188e+00
2.259999999999999787e+00
2.015000000000000124e+00
2.166999999999999815e+00
2.419999999999999929e+00
2.341000000000000192e+00
2.154999999999999805e+00
2.525999999999999801e+00
1.957999999999999963e+00
2.637999999999999901e+00
2.206999999999999851e+00
1.917999999999999927e+00
2.166999999999999815e+00
1.901000000000000023e+00
2.128000000000000114e+00
2.278999999999999915e+00
2.149999999999999911e+00
2.329000000000000181e+00
2.325000000000000178e+00
2.305000000000000160e+00
2.265000000000000124e+00
2.025999999999999801e+00
1.959999999999999964e+00
1.969000000000000083e+00
2.298000000000000043e+00
1.889999999999999902e+00
2.588999999999999968e+00
1.911999999999999922e+00
1.931999999999999940e+00
1.977000000000000091e+00
2.630999999999999783e+00
2.121999999999999886e+00
1.790999999999999925e+00
2.460999999999999854e+00
2.476999999999999869e+00
2.572000000000000064e+00
2.475999999999999979e+00
1.989000000000000101e+00
2.584999999999999964e+00
2.568999999999999950e+00
2.017999999999999794e+00
1.971999999999999975e+00
2.120999999999999996e+00
2.468999999999999861e+00
2.081999999999999851e+00
2.186999999999999833e+00
1.903000000000000025e+00
2.044000000000000039e+00
2.258000000000000007e+00
2.064999999999999947e+00
2.193000000000000060e+00
2.126999999999999780e+00
2.294000000000000039e+00
1.907999999999999918e+00
1.987999999999999989e+00
2.576999999999999957e+00
2.580999999999999961e+00
2.146999999999999797e+00
2.132000000000000117e+00
2.156000000000000139e+00
2.146999999999999797e+00
2.192000000000000171e+00
2.192000000000000171e+00
2.237000000000000099e+00
2.093999999999999861e+00
2.255999999999999783e+00
1.792000000000000037e+00
2.158999999999999808e+00
2.230999999999999872e+00
2.303999999999999826e+00
1.953000000000000069e+00
1.899000000000000021e+00
2.350000000000000089e+00
2.133999999999999897e+00
1.993999999999999995e+00
2.254999999999999893e+00
2.044999999999999929e+00
2.267999999999999794e+00
2.166999999999999815e+00
2.017999999999999794e+00
2.395999999999999908e+00
2.354999999999999982e+00
2.168000000000000149e+00
2.056000000000000050e+00
2.213000000000000078e+00
1.850000000000000089e+00
2.173999999999999932e+00
2.185000000000000053e+00
2.140000000000000124e+00
2.036999999999999922e+00
2.646999999999999797e+00
1.933000000000000052e+00
2.251999999999999780e+00
2.338000000000000078e+00
2.177000000000000046e+00
2.962000000000000188e+00
2.084000000000000075e+00
1.889999999999999902e+00
2.294000000000000039e+00
2.194999999999999840e+00
1.838999999999999968e+00
2.007000000000000117e+00
2.172000000000000153e+00
2.396999999999999797e+00
2.313000000000000167e+00
2.568999999999999950e+00
2.342000000000000082e+00
2.845000000000000195e+00
2.120000000000000107e+00
2.164000000000000146e+00
2.758999999999999897e+00
2.205000000000000071e+00
2.701999999999999957e+00
2.310999999999999943e+00
2.052000000000000046e+00
2.188000000000000167e+00
2.011000000000000121e+00
2.790000000000000036e+00
1.887999999999999901e+00
2.117999999999999883e+00
2.039000000000000146e+00
2.104000000000000092e+00
2.234999999999999876e+00
1.735999999999999988e+00
2.134999999999999787e+00
1.883999999999999897e+00
1.850000000000000089e+00
2.170999999999999819e+00
2.431000000000000050e+00
2.387000000000000011e+00
1.735000000000000098e+00
2.251999999999999780e+00
1.985000000000000098e+00
2.087000000000000188e+00
2.357000000000000206e+00
2.505999999999999783e+00
2.209000000000000075e+00
2.036999999999999922e+00
1.723999999999999977e+00
2.266999999999999904e+00
2.475999999999999979e+00
2.379999999999999893e+00
2.467000000000000082e+00
2.201000000000000068e+00
2.145000000000000018e+00
2.228000000000000203e+00
2.238999999999999879e+00
2.049999999999999822e+00
2.349000000000000199e+00
2.204000000000000181e+00
2.218999999999999861e+00
2.334000000000000075e+00
2.048999999999999932e+00
2.209999999999999964e+00
1.858000000000000096e+00
1.953999999999999959e+00
2.060999999999999943e+00
2.411999999999999922e+00
2.044000000000000039e+00
2.005999999999999783e+00
1.917000000000000037e+00
2.338000000000000078e+00
2.092999999999999972e+00
2.295999999999999819e+00
2.447000000000000064e+00
2.672000000000000153e+00
1.816999999999999948e+00
2.059000000000000163e+00
2.225999999999999979e+00
1.971000000000000085e+00
1.911000000000000032e+00
1.731000000000000094e+00
2.541999999999999815e+00
2.136000000000000121e+00
2.311999999999999833e+00
2.221000000000000085e+00
2.060999999999999943e+00
2.048000000000000043e+00
2.146999999999999797e+00
2.222999999999999865e+00
1.923999999999999932e+00
2.181000000000000050e+00
2.092000000000000082e+00
2.758999999999999897e+00
2.339999999999999858e+00
1.993999999999999995e+00
2.206999999999999851e+00
2.024999999999999911e+00
1.812999999999999945e+00
2.140000000000000124e+00
2.261000000000000121e+00
1.957999999999999963e+00
2.310000000000000053e+00
2.322999999999999954e+00
2.032999999999999918e+00
2.557999999999999829e+00
2.484999999999999876e+00
2.161000000000000032e+00
4.044999999999999929e+00
2.024999999999999911e+00
2.197999999999999954e+00
1.895000000000000018e+00
1.953000000000000069e+00
2.366999999999999993e+00
2.028000000000000025e+00
1.987000000000000099e+00
2.379999999999999893e+00
2.021999999999999797e+00
1.975999999999999979e+00
2.529999999999999805e+00
1.939000000000000057e+00
2.028000000000000025e+00
2.460999999999999854e+00
2.185000000000000053e+00
1.965000000000000080e+00
2.028000000000000025e+00
2.468999999999999861e+00
2.383999999999999897e+00
2.173000000000000043e+00
2.188000000000000167e+00
1.895999999999999908e+00
2.373000000000000220e+00
1.945000000000000062e+00
1.883000000000000007e+00
2.137000000000000011e+00
1.917000000000000037e+00
2.007000000000000117e+00
2.633999999999999897e+00
1.870000000000000107e+00
2.116999999999999993e+00
1.991000000000000103e+00
1.705999999999999961e+00
2.290999999999999925e+00
2.019000000000000128e+00
2.261000000000000121e+00
2.116000000000000103e+00
2.263999999999999790e+00
2.173999999999999932e+00
2.145000000000000018e+00
2.185999999999999943e+00
2.153999999999999915e+00
2.331999999999999851e+00
2.213000000000000078e+00
1.933999999999999941e+00
2.672000000000000153e+00
2.338999999999999968e+00
2.115000000000000213e+00
2.638999999999999790e+00
2.257000000000000117e+00
2.141000000000000014e+00
1.901000000000000023e+00
2.108000000000000096e+00
2.149000000000000021e+00
3.040000000000000036e+00
2.218999999999999861e+00
2.505999999999999783e+00
2.501999999999999780e+00
2.039000000000000146e+00
2.168000000000000149e+00
1.963999999999999968e+00
2.494000000000000217e+00
1.689999999999999947e+00
2.759999999999999787e+00
2.326000000000000068e+00
2.029999999999999805e+00
2.107000000000000206e+00
2.672000000000000153e+00
2.225000000000000089e+00
2.334999999999999964e+00
2.398000000000000131e+00
2.543000000000000149e+00
2.342000000000000082e+00
2.775999999999999801e+00
2.170999999999999819e+00
