2.257000000000000117e+00
1.941000000000000059e+00
1.971999999999999975e+00
2.213000000000000078e+00
1.961000000000000076e+00
2.142999999999999794e+00
2.099000000000000199e+00
2.358000000000000096e+00
2.009999999999999787e+00
2.258000000000000007e+00
2.472999999999999865e+00
2.165999999999999925e+00
1.963999999999999968e+00
1.834000000000000075e+00
2.108000000000000096e+00
2.240000000000000213e+00
2.978000000000000203e+00
2.134999999999999787e+00
1.941999999999999948e+00
2.088999999999999968e+00
2.351999999999999869e+00
2.301000000000000156e+00
2.482000000000000206e+00
1.687000000000000055e+00
2.273000000000000131e+00
1.891000000000000014e+00
2.048999999999999932e+00
2.009999999999999787e+00
2.310000000000000053e+00
2.295999999999999819e+00
2.370999999999999996e+00
2.064000000000000057e+00
2.499000000000000110e+00
1.874000000000000110e+00
2.064000000000000057e+00
2.224000000000000199e+00
2.198999999999999844e+00
2.193000000000000060e+00
2.176000000000000156e+00
2.229000000000000092e+00
1.977000000000000091e+00
2.325000000000000178e+00
2.540000000000000036e+00
2.120000000000000107e+00
1.921999999999999931e+00
2.326000000000000068e+00
2.052999999999999936e+00
2.052000000000000046e+00
2.557999999999999829e+00
2.068999999999999950e+00
2.076000000000000068e+00
2.392999999999999794e+00
1.931000000000000050e+00
1.887000000000000011e+00
3.040000000000000036e+00
2.168000000000000149e+00
2.100999999999999979e+00
2.350999999999999979e+00
2.426000000000000156e+00
2.140000000000000124e+00
2.225000000000000089e+00
2.116999999999999993e+00
2.116000000000000103e+00
2.322999999999999954e+00
2.107000000000000206e+00
2.088999999999999968e+00
1.850000000000000089e+00
1.774000000000000021e+00
2.137000000000000011e+00
2.214999999999999858e+00
2.244000000000000217e+00
1.947999999999999954e+00
2.394000000000000128e+00
2.217999999999999972e+00
2.073999999999999844e+00
2.370999999999999996e+00
2.307999999999999829e+00
2.911999999999999922e+00
2.250000000000000000e+00
2.045999999999999819e+00
2.265000000000000124e+00
2.221999999999999975e+00
2.088000000000000078e+00
1.864999999999999991e+00
2.158999999999999808e+00
2.709999999999999964e+00
2.451000000000000068e+00
2.152000000000000135e+00
2.391000000000000014e+00
1.727999999999999980e+00
1.983999999999999986e+00
2.182999999999999829e+00
2.125999999999999890e+00
2.311999999999999833e+00
2.234999999999999876e+00
2.029999999999999805e+00
2.245999999999999996e+00
1.987000000000000099e+00
2.181000000000000050e+00
2.283999999999999808e+00
1.991000000000000103e+00
2.476999999999999869e+00
2.365000000000000213e+00
2.056999999999999940e+00
2.588000000000000078e+00
2.491000000000000103e+00
1.985999999999999988e+00
2.379999999999999893e+00
2.133000000000000007e+00
2.116000000000000103e+00
