2.511000000000000121e+00
2.313000000000000167e+00
2.700000000000000178e+00
2.641999999999999904e+00
2.517999999999999794e+00
2.443000000000000060e+00
2.854999999999999982e+00
2.669999999999999929e+00
2.919000000000000039e+00
2.508000000000000007e+00
2.423000000000000043e+00
2.652000000000000135e+00
2.270000000000000018e+00
2.593999999999999861e+00
2.351999999999999869e+00
2.561999999999999833e+00
3.173000000000000043e+00
2.539000000000000146e+00
2.521999999999999797e+00
2.545999999999999819e+00
2.612000000000000099e+00
2.269000000000000128e+00
2.583000000000000185e+00
2.568999999999999950e+00
2.509999999999999787e+00
2.794999999999999929e+00
2.838999999999999968e+00
2.666999999999999815e+00
2.480999999999999872e+00
2.539000000000000146e+00
2.754999999999999893e+00
2.498000000000000220e+00
2.922000000000000153e+00
2.451000000000000068e+00
2.512000000000000011e+00
2.483999999999999986e+00
2.450000000000000178e+00
2.575000000000000178e+00
2.588000000000000078e+00
2.789000000000000146e+00
2.427000000000000046e+00
2.803999999999999826e+00
2.976999999999999869e+00
2.680000000000000160e+00
2.498000000000000220e+00
2.943999999999999950e+00
2.395000000000000018e+00
2.537999999999999812e+00
2.741999999999999993e+00
2.450000000000000178e+00
2.533999999999999808e+00
2.560999999999999943e+00
2.669000000000000039e+00
2.665000000000000036e+00
2.986000000000000210e+00
2.714999999999999858e+00
2.587000000000000188e+00
2.709000000000000075e+00
2.773000000000000131e+00
2.665999999999999925e+00
2.548000000000000043e+00
2.668000000000000149e+00
2.556000000000000050e+00
2.709000000000000075e+00
2.388999999999999790e+00
2.697999999999999954e+00
2.785000000000000142e+00
2.142999999999999794e+00
2.418000000000000149e+00
2.498000000000000220e+00
2.612000000000000099e+00
2.467000000000000082e+00
2.605999999999999872e+00
2.533999999999999808e+00
2.545999999999999819e+00
2.362999999999999989e+00
2.323999999999999844e+00
2.475999999999999979e+00
2.423000000000000043e+00
2.281000000000000139e+00
2.623000000000000220e+00
2.463999999999999968e+00
2.713999999999999968e+00
2.488999999999999879e+00
2.633999999999999897e+00
2.920999999999999819e+00
3.052999999999999936e+00
2.613999999999999879e+00
2.536000000000000032e+00
2.427000000000000046e+00
2.361000000000000210e+00
2.422000000000000153e+00
2.625999999999999890e+00
2.350999999999999979e+00
2.666999999999999815e+00
2.411999999999999922e+00
2.599000000000000199e+00
2.343999999999999861e+00
2.645000000000000018e+00
2.633000000000000007e+00
2.519000000000000128e+00
3.177000000000000046e+00
2.443000000000000060e+00
2.705999999999999961e+00
2.670999999999999819e+00
2.604999999999999982e+00
2.623000000000000220e+00
2.294999999999999929e+00
2.342999999999999972e+00
2.415999999999999925e+00
