2.431999999999999940e+00
2.725000000000000089e+00
3.224000000000000199e+00
2.507000000000000117e+00
2.303999999999999826e+00
2.850000000000000089e+00
2.176000000000000156e+00
2.513999999999999790e+00
2.404999999999999805e+00
2.403000000000000025e+00
2.310000000000000053e+00
2.282000000000000028e+00
2.440999999999999837e+00
2.307999999999999829e+00
2.254000000000000004e+00
2.376999999999999780e+00
2.383000000000000007e+00
2.275999999999999801e+00
2.132000000000000117e+00
2.121999999999999886e+00
2.652000000000000135e+00
2.003000000000000114e+00
2.391000000000000014e+00
2.386000000000000121e+00
2.592999999999999972e+00
2.575000000000000178e+00
2.225000000000000089e+00
2.821000000000000174e+00
2.382000000000000117e+00
2.818999999999999950e+00
2.128000000000000114e+00
2.540999999999999925e+00
2.342999999999999972e+00
2.818999999999999950e+00
2.661000000000000032e+00
2.616999999999999993e+00
2.721999999999999975e+00
2.923000000000000043e+00
2.886000000000000121e+00
2.846000000000000085e+00
2.056999999999999940e+00
2.428999999999999826e+00
2.249000000000000110e+00
2.661000000000000032e+00
2.661999999999999922e+00
2.331999999999999851e+00
2.826000000000000068e+00
2.596999999999999975e+00
2.387000000000000011e+00
2.295999999999999819e+00
2.088999999999999968e+00
2.630999999999999783e+00
2.229000000000000092e+00
1.810999999999999943e+00
2.154999999999999805e+00
2.766000000000000014e+00
2.709999999999999964e+00
2.521999999999999797e+00
2.462000000000000188e+00
2.250000000000000000e+00
2.240000000000000213e+00
2.601999999999999869e+00
2.220000000000000195e+00
2.238999999999999879e+00
2.382000000000000117e+00
2.347999999999999865e+00
2.277000000000000135e+00
2.181000000000000050e+00
3.051000000000000156e+00
2.572999999999999954e+00
2.608999999999999986e+00
2.471999999999999975e+00
2.608999999999999986e+00
2.557999999999999829e+00
2.379000000000000004e+00
2.960999999999999854e+00
3.362999999999999989e+00
2.710999999999999854e+00
2.326000000000000068e+00
2.408999999999999808e+00
2.722999999999999865e+00
2.517999999999999794e+00
2.024000000000000021e+00
2.077999999999999847e+00
2.080999999999999961e+00
2.439999999999999947e+00
2.519000000000000128e+00
2.990000000000000213e+00
3.287999999999999812e+00
2.931999999999999940e+00
2.600999999999999979e+00
2.172000000000000153e+00
2.217000000000000082e+00
2.287999999999999812e+00
1.812000000000000055e+00
2.241999999999999993e+00
2.616000000000000103e+00
2.706999999999999851e+00
2.633000000000000007e+00
2.701999999999999957e+00
2.500999999999999890e+00
2.693000000000000060e+00
2.378000000000000114e+00
2.197999999999999954e+00
2.261000000000000121e+00
2.745999999999999996e+00
2.390000000000000124e+00
2.248000000000000220e+00
2.533999999999999808e+00
2.732000000000000206e+00
2.729000000000000092e+00
2.753000000000000114e+00
2.353000000000000203e+00
2.383999999999999897e+00
2.161999999999999922e+00
2.838000000000000078e+00
2.330999999999999961e+00
2.983000000000000096e+00
2.511000000000000121e+00
2.157000000000000028e+00
2.178999999999999826e+00
2.757000000000000117e+00
2.487999999999999989e+00
2.314000000000000057e+00
2.553999999999999826e+00
2.471999999999999975e+00
1.987999999999999989e+00
2.642999999999999794e+00
2.392999999999999794e+00
2.903000000000000025e+00
2.250000000000000000e+00
2.495000000000000107e+00
2.420999999999999819e+00
2.547000000000000153e+00
2.438000000000000167e+00
2.121999999999999886e+00
2.560000000000000053e+00
2.867999999999999883e+00
2.100000000000000089e+00
2.156000000000000139e+00
2.601999999999999869e+00
2.551000000000000156e+00
1.929000000000000048e+00
2.345000000000000195e+00
2.056999999999999940e+00
2.303999999999999826e+00
2.193000000000000060e+00
2.330000000000000071e+00
2.101999999999999869e+00
2.736000000000000210e+00
2.275999999999999801e+00
1.800000000000000044e+00
2.160000000000000142e+00
2.666999999999999815e+00
2.201000000000000068e+00
2.265000000000000124e+00
2.407000000000000028e+00
2.458000000000000185e+00
2.193000000000000060e+00
2.599000000000000199e+00
2.657999999999999918e+00
2.217999999999999972e+00
2.410000000000000142e+00
2.500000000000000000e+00
2.665999999999999925e+00
2.666999999999999815e+00
2.305000000000000160e+00
2.620000000000000107e+00
2.621999999999999886e+00
2.544999999999999929e+00
2.290000000000000036e+00
2.767999999999999794e+00
2.935999999999999943e+00
2.099000000000000199e+00
2.459999999999999964e+00
2.137000000000000011e+00
2.525999999999999801e+00
2.444999999999999840e+00
3.287999999999999812e+00
2.375000000000000000e+00
2.749000000000000110e+00
2.334999999999999964e+00
2.630999999999999783e+00
2.386000000000000121e+00
2.317000000000000171e+00
2.387000000000000011e+00
2.362999999999999989e+00
2.499000000000000110e+00
2.826000000000000068e+00
2.462000000000000188e+00
2.754999999999999893e+00
2.621999999999999886e+00
2.378000000000000114e+00
2.366999999999999993e+00
2.737999999999999989e+00
2.452999999999999847e+00
2.577999999999999847e+00
2.879000000000000004e+00
3.177000000000000046e+00
1.997999999999999998e+00
2.544999999999999929e+00
2.354999999999999982e+00
2.448999999999999844e+00
1.733000000000000096e+00
2.468999999999999861e+00
2.876999999999999780e+00
2.544999999999999929e+00
2.278999999999999915e+00
2.517999999999999794e+00
2.443000000000000060e+00
2.822000000000000064e+00
2.241000000000000103e+00
1.949000000000000066e+00
2.628000000000000114e+00
2.484999999999999876e+00
2.287999999999999812e+00
2.365000000000000213e+00
2.434000000000000163e+00
2.670999999999999819e+00
2.551000000000000156e+00
2.676000000000000156e+00
2.665000000000000036e+00
2.694999999999999840e+00
2.395000000000000018e+00
2.345000000000000195e+00
2.740000000000000213e+00
2.329000000000000181e+00
1.856999999999999984e+00
3.198999999999999844e+00
2.596999999999999975e+00
2.802999999999999936e+00
2.702999999999999847e+00
2.629000000000000004e+00
2.262000000000000011e+00
2.059000000000000163e+00
2.536000000000000032e+00
2.678999999999999826e+00
2.576000000000000068e+00
2.404999999999999805e+00
2.721999999999999975e+00
2.608999999999999986e+00
2.668000000000000149e+00
2.504999999999999893e+00
2.617999999999999883e+00
1.977999999999999980e+00
2.678999999999999826e+00
2.611000000000000210e+00
2.576000000000000068e+00
2.513999999999999790e+00
2.541999999999999815e+00
2.504000000000000004e+00
2.693000000000000060e+00
2.805000000000000160e+00
2.430000000000000160e+00
2.427000000000000046e+00
2.092999999999999972e+00
1.991000000000000103e+00
2.410000000000000142e+00
2.418000000000000149e+00
1.967000000000000082e+00
2.484999999999999876e+00
2.509999999999999787e+00
2.454000000000000181e+00
2.414000000000000146e+00
2.641000000000000014e+00
2.101999999999999869e+00
2.657999999999999918e+00
2.354999999999999982e+00
2.630999999999999783e+00
2.391000000000000014e+00
2.568000000000000060e+00
2.407999999999999918e+00
2.995000000000000107e+00
2.509999999999999787e+00
2.527000000000000135e+00
2.291999999999999815e+00
2.471999999999999975e+00
2.399999999999999911e+00
2.462000000000000188e+00
2.427999999999999936e+00
2.366999999999999993e+00
2.653000000000000025e+00
2.399999999999999911e+00
1.997999999999999998e+00
2.955000000000000071e+00
1.973999999999999977e+00
2.579000000000000181e+00
2.442000000000000171e+00
2.895999999999999908e+00
2.713999999999999968e+00
1.967000000000000082e+00
2.379999999999999893e+00
2.310000000000000053e+00
2.427000000000000046e+00
1.858000000000000096e+00
2.266000000000000014e+00
2.374000000000000110e+00
2.771999999999999797e+00
2.388999999999999790e+00
2.396999999999999797e+00
2.335999999999999854e+00
2.189000000000000057e+00
2.490000000000000213e+00
3.138999999999999790e+00
1.856000000000000094e+00
2.375999999999999890e+00
2.266000000000000014e+00
2.717999999999999972e+00
2.341000000000000192e+00
2.318999999999999950e+00
2.509999999999999787e+00
2.552999999999999936e+00
2.395000000000000018e+00
2.471000000000000085e+00
2.302999999999999936e+00
2.331999999999999851e+00
2.005999999999999783e+00
2.645000000000000018e+00
2.673000000000000043e+00
2.565999999999999837e+00
2.519000000000000128e+00
2.330000000000000071e+00
2.177999999999999936e+00
2.535000000000000142e+00
2.649000000000000021e+00
2.189000000000000057e+00
2.490000000000000213e+00
2.294999999999999929e+00
2.165000000000000036e+00
2.189000000000000057e+00
2.548000000000000043e+00
2.141999999999999904e+00
2.290000000000000036e+00
2.043000000000000149e+00
2.503000000000000114e+00
1.866000000000000103e+00
2.576999999999999957e+00
2.504000000000000004e+00
2.778000000000000025e+00
2.615000000000000213e+00
2.279999999999999805e+00
2.600999999999999979e+00
2.759999999999999787e+00
2.120999999999999996e+00
2.737999999999999989e+00
2.995000000000000107e+00
2.153000000000000025e+00
2.451000000000000068e+00
2.370999999999999996e+00
2.628000000000000114e+00
2.681999999999999940e+00
2.181999999999999940e+00
2.721999999999999975e+00
2.214999999999999858e+00
2.475999999999999979e+00
2.487000000000000099e+00
2.282000000000000028e+00
2.730999999999999872e+00
2.459000000000000075e+00
2.415000000000000036e+00
1.810999999999999943e+00
2.576000000000000068e+00
2.596999999999999975e+00
2.624000000000000110e+00
1.967999999999999972e+00
2.649000000000000021e+00
2.216000000000000192e+00
2.420999999999999819e+00
3.138999999999999790e+00
2.134999999999999787e+00
2.378000000000000114e+00
1.949999999999999956e+00
2.664000000000000146e+00
2.121999999999999886e+00
2.787999999999999812e+00
2.603000000000000203e+00
2.782999999999999918e+00
2.217999999999999972e+00
2.366000000000000103e+00
2.729000000000000092e+00
2.716000000000000192e+00
2.629999999999999893e+00
1.893000000000000016e+00
2.326000000000000068e+00
2.628000000000000114e+00
2.383999999999999897e+00
2.267999999999999794e+00
1.907999999999999918e+00
2.309000000000000163e+00
2.251999999999999780e+00
3.015000000000000124e+00
2.169000000000000039e+00
1.923999999999999932e+00
2.369000000000000217e+00
2.226999999999999869e+00
2.556000000000000050e+00
3.095000000000000195e+00
2.088000000000000078e+00
2.418000000000000149e+00
3.178999999999999826e+00
2.636000000000000121e+00
3.069999999999999840e+00
2.395999999999999908e+00
2.822000000000000064e+00
2.611000000000000210e+00
2.548000000000000043e+00
2.692000000000000171e+00
2.275999999999999801e+00
2.354000000000000092e+00
2.427999999999999936e+00
2.543000000000000149e+00
2.295999999999999819e+00
2.335999999999999854e+00
2.081999999999999851e+00
2.289000000000000146e+00
3.142999999999999794e+00
2.201000000000000068e+00
2.771999999999999797e+00
2.690999999999999837e+00
1.766999999999999904e+00
2.290000000000000036e+00
1.963999999999999968e+00
3.108999999999999986e+00
2.471999999999999975e+00
2.896999999999999797e+00
2.370000000000000107e+00
2.378000000000000114e+00
2.656000000000000139e+00
2.692000000000000171e+00
1.955000000000000071e+00
2.048999999999999932e+00
2.358000000000000096e+00
2.451999999999999957e+00
2.273000000000000131e+00
2.282000000000000028e+00
2.009999999999999787e+00
