3.624500000000000000e+03
3.883800000000000182e+03
3.604199999999999818e+03
4.098300000000000182e+03
4.477199999999999818e+03
2.799199999999999818e+03
3.774199999999999818e+03
3.282599999999999909e+03
3.218500000000000000e+03
3.752699999999999818e+03
2.904199999999999818e+03
4.162800000000000182e+03
2.643699999999999818e+03
3.257800000000000182e+03
3.709699999999999818e+03
3.769900000000000091e+03
4.162300000000000182e+03
3.487500000000000000e+03
3.694800000000000182e+03
3.560300000000000182e+03
3.516099999999999909e+03
3.226300000000000182e+03
4.832899999999999636e+03
3.461099999999999909e+03
3.016800000000000182e+03
3.393400000000000091e+03
4.175100000000000364e+03
3.233599999999999909e+03
4.315800000000000182e+03
3.699599999999999909e+03
3.254900000000000091e+03
3.117400000000000091e+03
3.652800000000000182e+03
3.610300000000000182e+03
3.835800000000000182e+03
3.896300000000000182e+03
3.704000000000000000e+03
3.454599999999999909e+03
3.632699999999999818e+03
4.207899999999999636e+03
3.802300000000000182e+03
2.945599999999999909e+03
4.228899999999999636e+03
3.883400000000000091e+03
2.530900000000000091e+03
4.505800000000000182e+03
3.909500000000000000e+03
4.294399999999999636e+03
4.244300000000000182e+03
3.640599999999999909e+03
3.022900000000000091e+03
3.414300000000000182e+03
3.964500000000000000e+03
3.747199999999999818e+03
3.787800000000000182e+03
3.640199999999999818e+03
3.667199999999999818e+03
2.889000000000000000e+03
3.810699999999999818e+03
3.068599999999999909e+03
3.431699999999999818e+03
3.720099999999999909e+03
3.765699999999999818e+03
3.930900000000000091e+03
2.908099999999999909e+03
3.799099999999999909e+03
3.412699999999999818e+03
3.885599999999999909e+03
3.068400000000000091e+03
3.831900000000000091e+03
2.774199999999999818e+03
3.489599999999999909e+03
3.877800000000000182e+03
3.199800000000000182e+03
3.492599999999999909e+03
3.799699999999999818e+03
3.089599999999999909e+03
2.253599999999999909e+03
3.412300000000000182e+03
4.593500000000000000e+03
3.791199999999999818e+03
2.629599999999999909e+03
3.594000000000000000e+03
3.978900000000000091e+03
3.742500000000000000e+03
3.335599999999999909e+03
3.000400000000000091e+03
2.817400000000000091e+03
3.920699999999999818e+03
3.656199999999999818e+03
4.784100000000000364e+03
4.165300000000000182e+03
2.968300000000000182e+03
3.940800000000000182e+03
4.658000000000000000e+03
3.091000000000000000e+03
3.433300000000000182e+03
3.408699999999999818e+03
3.722300000000000182e+03
3.749400000000000091e+03
4.114899999999999636e+03
3.639599999999999909e+03
3.684199999999999818e+03
3.016500000000000000e+03
3.278900000000000091e+03
4.536699999999999818e+03
4.178699999999999818e+03
4.430399999999999636e+03
3.014099999999999909e+03
3.427699999999999818e+03
