4.568999999999999773e+02
1.064000000000000000e+03
7.931000000000000227e+02
1.691500000000000000e+03
7.466000000000000227e+02
9.631000000000000227e+02
1.088799999999999955e+03
8.450000000000000000e+02
8.977999999999999545e+02
9.662000000000000455e+02
8.207999999999999545e+02
1.340500000000000000e+03
1.377700000000000045e+03
8.438999999999999773e+02
1.155700000000000045e+03
9.687000000000000455e+02
7.328999999999999773e+02
9.581000000000000227e+02
1.101500000000000000e+03
1.016200000000000045e+03
8.771000000000000227e+02
1.166900000000000091e+03
1.267000000000000000e+03
1.070099999999999909e+03
1.157500000000000000e+03
1.260500000000000000e+03
1.036000000000000000e+03
7.225000000000000000e+02
1.076200000000000045e+03
1.280500000000000000e+03
1.218200000000000045e+03
8.682999999999999545e+02
4.371999999999999886e+02
8.175000000000000000e+02
9.901000000000000227e+02
8.352000000000000455e+02
9.991000000000000227e+02
6.838999999999999773e+02
1.005399999999999977e+03
8.132000000000000455e+02
1.151900000000000091e+03
5.643999999999999773e+02
1.382700000000000045e+03
1.208799999999999955e+03
8.676000000000000227e+02
7.268999999999999773e+02
1.141700000000000045e+03
1.027599999999999909e+03
1.031700000000000045e+03
8.317000000000000455e+02
1.074099999999999909e+03
8.071000000000000227e+02
1.122099999999999909e+03
1.054000000000000000e+03
6.866000000000000227e+02
1.183400000000000091e+03
1.316599999999999909e+03
7.732000000000000455e+02
1.171400000000000091e+03
8.010000000000000000e+02
7.271000000000000227e+02
1.068099999999999909e+03
1.047200000000000045e+03
1.020700000000000045e+03
9.071000000000000227e+02
1.146799999999999955e+03
1.216900000000000091e+03
1.064099999999999909e+03
8.142000000000000455e+02
8.822000000000000455e+02
1.069599999999999909e+03
1.373799999999999955e+03
1.058900000000000091e+03
9.722999999999999545e+02
1.079700000000000045e+03
1.551900000000000091e+03
1.399000000000000000e+03
8.807999999999999545e+02
1.119700000000000045e+03
8.536000000000000227e+02
1.144099999999999909e+03
6.702999999999999545e+02
1.043299999999999955e+03
1.084900000000000091e+03
1.006399999999999977e+03
6.308999999999999773e+02
9.197999999999999545e+02
1.261099999999999909e+03
7.741000000000000227e+02
1.170299999999999955e+03
9.716000000000000227e+02
9.712999999999999545e+02
8.112999999999999545e+02
7.223999999999999773e+02
9.355000000000000000e+02
9.687999999999999545e+02
1.043500000000000000e+03
1.303299999999999955e+03
9.165000000000000000e+02
8.787999999999999545e+02
1.274900000000000091e+03
1.048799999999999955e+03
6.707000000000000455e+02
8.962000000000000455e+02
1.078599999999999909e+03
7.835000000000000000e+02
9.385000000000000000e+02
9.923999999999999773e+02
7.871000000000000227e+02
1.050400000000000091e+03
