7.977000000000000455e+02
9.285000000000000000e+02
1.016399999999999977e+03
9.475000000000000000e+02
9.507999999999999545e+02
7.323999999999999773e+02
1.130599999999999909e+03
1.135900000000000091e+03
1.289000000000000000e+03
9.357000000000000455e+02
1.417400000000000091e+03
9.477999999999999545e+02
5.806000000000000227e+02
1.139799999999999955e+03
9.352999999999999545e+02
9.678999999999999773e+02
7.040000000000000000e+02
7.257999999999999545e+02
8.732000000000000455e+02
1.230200000000000045e+03
7.368999999999999773e+02
9.661000000000000227e+02
1.092799999999999955e+03
6.388999999999999773e+02
1.308799999999999955e+03
1.159200000000000045e+03
6.412999999999999545e+02
6.308999999999999773e+02
9.597999999999999545e+02
1.269599999999999909e+03
1.152799999999999955e+03
1.175900000000000091e+03
1.127500000000000000e+03
1.269599999999999909e+03
6.357000000000000455e+02
1.017000000000000000e+03
1.122299999999999955e+03
9.026000000000000227e+02
7.401000000000000227e+02
8.066000000000000227e+02
9.222000000000000455e+02
7.938999999999999773e+02
1.216000000000000000e+03
6.357000000000000455e+02
1.297500000000000000e+03
1.326900000000000091e+03
9.578999999999999773e+02
7.631000000000000227e+02
8.122999999999999545e+02
6.247999999999999545e+02
9.752999999999999545e+02
9.522000000000000455e+02
7.956000000000000227e+02
1.092400000000000091e+03
1.064500000000000000e+03
8.663999999999999773e+02
8.256000000000000227e+02
9.062999999999999545e+02
9.207999999999999545e+02
8.706000000000000227e+02
8.762999999999999545e+02
9.072000000000000455e+02
7.857999999999999545e+02
9.821000000000000227e+02
1.277500000000000000e+03
8.500000000000000000e+02
6.793999999999999773e+02
1.303500000000000000e+03
1.104299999999999955e+03
7.472000000000000455e+02
9.037999999999999545e+02
1.020200000000000045e+03
1.180000000000000000e+03
9.365000000000000000e+02
9.127000000000000455e+02
1.044200000000000045e+03
9.197999999999999545e+02
1.222700000000000045e+03
1.020299999999999955e+03
1.214200000000000045e+03
1.431500000000000000e+03
7.642000000000000455e+02
9.421000000000000227e+02
7.412000000000000455e+02
8.412999999999999545e+02
8.438999999999999773e+02
1.093799999999999955e+03
1.016899999999999977e+03
6.760000000000000000e+02
8.900000000000000000e+02
5.523999999999999773e+02
1.406200000000000045e+03
9.500000000000000000e+02
9.665000000000000000e+02
7.028999999999999773e+02
7.381000000000000227e+02
7.733999999999999773e+02
6.711000000000000227e+02
9.482000000000000455e+02
1.010600000000000023e+03
9.737000000000000455e+02
1.146000000000000000e+03
9.291000000000000227e+02
3.664199999999999818e+03
1.075200000000000045e+03
6.297999999999999545e+02
1.168700000000000045e+03
1.271299999999999955e+03
7.928999999999999773e+02
1.325799999999999955e+03
5.828999999999999773e+02
1.423900000000000091e+03
7.832999999999999545e+02
7.675000000000000000e+02
8.583999999999999773e+02
9.297000000000000455e+02
8.997000000000000455e+02
9.397999999999999545e+02
8.632999999999999545e+02
8.366000000000000227e+02
1.004600000000000023e+03
1.382700000000000045e+03
7.811000000000000227e+02
9.002999999999999545e+02
1.332000000000000000e+03
1.386799999999999955e+03
1.140599999999999909e+03
6.826000000000000227e+02
6.440000000000000000e+02
7.268999999999999773e+02
9.547999999999999545e+02
8.890000000000000000e+02
1.032799999999999955e+03
1.030799999999999955e+03
1.636000000000000000e+03
6.936000000000000227e+02
1.173799999999999955e+03
1.133799999999999955e+03
9.160000000000000000e+02
1.214799999999999955e+03
1.207400000000000091e+03
9.247999999999999545e+02
9.613999999999999773e+02
9.995000000000000000e+02
1.037400000000000091e+03
9.507999999999999545e+02
1.249700000000000045e+03
9.742999999999999545e+02
9.156000000000000227e+02
1.039200000000000045e+03
1.019200000000000045e+03
8.968999999999999773e+02
9.112999999999999545e+02
1.454000000000000000e+03
6.917999999999999545e+02
8.226000000000000227e+02
1.242700000000000045e+03
9.431000000000000227e+02
8.182999999999999545e+02
1.300299999999999955e+03
8.493999999999999773e+02
9.802999999999999545e+02
9.581000000000000227e+02
9.261000000000000227e+02
9.970000000000000000e+02
1.454000000000000000e+03
1.133700000000000045e+03
9.320000000000000000e+02
8.371000000000000227e+02
1.012600000000000023e+03
9.082000000000000455e+02
9.445000000000000000e+02
7.487999999999999545e+02
8.672999999999999545e+02
1.090000000000000000e+03
9.316000000000000227e+02
9.890000000000000000e+02
8.587000000000000455e+02
6.760000000000000000e+02
1.030200000000000045e+03
5.643999999999999773e+02
1.085000000000000000e+03
1.144099999999999909e+03
9.906000000000000227e+02
1.023200000000000045e+03
7.380000000000000000e+02
9.837000000000000455e+02
1.144200000000000045e+03
9.578999999999999773e+02
9.402000000000000455e+02
6.115000000000000000e+02
1.311000000000000000e+03
8.151000000000000227e+02
7.327000000000000455e+02
1.147900000000000091e+03
6.218999999999999773e+02
1.182099999999999909e+03
1.133799999999999955e+03
8.165000000000000000e+02
6.500000000000000000e+02
9.761000000000000227e+02
6.047000000000000455e+02
9.553999999999999773e+02
8.242000000000000455e+02
1.193099999999999909e+03
1.160200000000000045e+03
1.007700000000000045e+03
1.061799999999999955e+03
1.015299999999999955e+03
8.568999999999999773e+02
1.177299999999999955e+03
4.926999999999999886e+02
9.490000000000000000e+02
9.465000000000000000e+02
1.190900000000000091e+03
1.519099999999999909e+03
1.335500000000000000e+03
1.403000000000000000e+03
7.777999999999999545e+02
1.223000000000000000e+03
1.213299999999999955e+03
8.442000000000000455e+02
9.936000000000000227e+02
8.820000000000000000e+02
8.612999999999999545e+02
7.260000000000000000e+02
1.273200000000000045e+03
1.233700000000000045e+03
7.943999999999999773e+02
1.084900000000000091e+03
9.022999999999999545e+02
6.551000000000000227e+02
1.257200000000000045e+03
1.441700000000000045e+03
1.036099999999999909e+03
9.727999999999999545e+02
6.081000000000000227e+02
1.177900000000000091e+03
1.283799999999999955e+03
1.102599999999999909e+03
7.502999999999999545e+02
8.977999999999999545e+02
1.214299999999999955e+03
9.287999999999999545e+02
1.347299999999999955e+03
1.097900000000000091e+03
1.025500000000000000e+03
8.155000000000000000e+02
1.255299999999999955e+03
9.595000000000000000e+02
6.477000000000000455e+02
1.178799999999999955e+03
8.257000000000000455e+02
1.197799999999999955e+03
1.274700000000000045e+03
9.888999999999999773e+02
6.808999999999999773e+02
9.581000000000000227e+02
9.652000000000000455e+02
8.555000000000000000e+02
1.190900000000000091e+03
8.281000000000000227e+02
9.250000000000000000e+02
7.722000000000000455e+02
1.423000000000000000e+03
9.040000000000000000e+02
1.164900000000000091e+03
6.047000000000000455e+02
1.151500000000000000e+03
1.092799999999999955e+03
6.785000000000000000e+02
1.030500000000000000e+03
1.384500000000000000e+03
1.043599999999999909e+03
1.125500000000000000e+03
7.226000000000000227e+02
9.987999999999999545e+02
8.165000000000000000e+02
8.248999999999999773e+02
6.397000000000000455e+02
9.013999999999999773e+02
9.888999999999999773e+02
1.077700000000000045e+03
8.931000000000000227e+02
1.227099999999999909e+03
7.042999999999999545e+02
1.128200000000000045e+03
1.139599999999999909e+03
1.151099999999999909e+03
7.978999999999999773e+02
2.017599999999999909e+03
6.360000000000000000e+02
6.907000000000000455e+02
1.274700000000000045e+03
9.278999999999999773e+02
1.045700000000000045e+03
9.006000000000000227e+02
7.846000000000000227e+02
1.263400000000000091e+03
1.198400000000000091e+03
7.640000000000000000e+02
1.335099999999999909e+03
8.878999999999999773e+02
7.627000000000000455e+02
9.273999999999999773e+02
9.371000000000000227e+02
1.015000000000000000e+03
7.556000000000000227e+02
8.412999999999999545e+02
9.880000000000000000e+02
9.860000000000000000e+02
1.017399999999999977e+03
6.731000000000000227e+02
1.317700000000000045e+03
1.055900000000000091e+03
1.155500000000000000e+03
9.460000000000000000e+02
1.357299999999999955e+03
1.177500000000000000e+03
1.047500000000000000e+03
9.862999999999999545e+02
7.996000000000000227e+02
8.901000000000000227e+02
1.022399999999999977e+03
1.298900000000000091e+03
8.422999999999999545e+02
7.537000000000000455e+02
9.956000000000000227e+02
1.041700000000000045e+03
8.750000000000000000e+02
1.068799999999999955e+03
7.212000000000000455e+02
1.034299999999999955e+03
1.128599999999999909e+03
1.055000000000000000e+03
1.269000000000000000e+03
7.897000000000000455e+02
6.938999999999999773e+02
9.947000000000000455e+02
8.463999999999999773e+02
9.912000000000000455e+02
5.523999999999999773e+02
1.037799999999999955e+03
1.137400000000000091e+03
6.093999999999999773e+02
1.384500000000000000e+03
1.393000000000000000e+03
1.340400000000000091e+03
1.070400000000000091e+03
8.901000000000000227e+02
1.106900000000000091e+03
1.344000000000000000e+03
9.932999999999999545e+02
1.118400000000000091e+03
9.337000000000000455e+02
1.227299999999999955e+03
1.063400000000000091e+03
1.031700000000000045e+03
1.007500000000000000e+03
6.271000000000000227e+02
1.092400000000000091e+03
1.180299999999999955e+03
1.159799999999999955e+03
1.010299999999999955e+03
9.762000000000000455e+02
1.037599999999999909e+03
8.510000000000000000e+02
8.291000000000000227e+02
7.627000000000000455e+02
8.862999999999999545e+02
1.000600000000000023e+03
7.878999999999999773e+02
1.020600000000000023e+03
1.061000000000000000e+03
8.017999999999999545e+02
1.290400000000000091e+03
1.116400000000000091e+03
7.587000000000000455e+02
8.913999999999999773e+02
5.828999999999999773e+02
1.194700000000000045e+03
8.641000000000000227e+02
1.108000000000000000e+03
7.432000000000000455e+02
8.085000000000000000e+02
9.302999999999999545e+02
9.473999999999999773e+02
6.506000000000000227e+02
1.084700000000000045e+03
9.562000000000000455e+02
9.605000000000000000e+02
9.837000000000000455e+02
7.127000000000000455e+02
9.853999999999999773e+02
9.430000000000000000e+02
9.457999999999999545e+02
7.987000000000000455e+02
7.003999999999999773e+02
7.733999999999999773e+02
9.362000000000000455e+02
7.631000000000000227e+02
1.030200000000000045e+03
7.210000000000000000e+02
8.490000000000000000e+02
1.025500000000000000e+03
1.254200000000000045e+03
8.587000000000000455e+02
1.009899999999999977e+03
1.013299999999999955e+03
7.086000000000000227e+02
1.336799999999999955e+03
1.050500000000000000e+03
1.000799999999999955e+03
9.647999999999999545e+02
1.020500000000000000e+03
6.866000000000000227e+02
1.092400000000000091e+03
7.846000000000000227e+02
1.074700000000000045e+03
8.518999999999999773e+02
8.683999999999999773e+02
1.211000000000000000e+03
7.107999999999999545e+02
1.511799999999999955e+03
7.812000000000000455e+02
7.987000000000000455e+02
1.147700000000000045e+03
1.088400000000000091e+03
8.587000000000000455e+02
1.367299999999999955e+03
1.113299999999999955e+03
1.961700000000000045e+03
9.528999999999999773e+02
1.063000000000000000e+03
1.189299999999999955e+03
7.440000000000000000e+02
