4.394292041890610179e+00
4.291738672784979336e+00
4.017811680968716992e+00
4.474496595656755282e+00
4.198005685686574395e+00
4.297355807341584288e+00
4.291863138823352131e+00
4.441431574374730573e+00
4.425002292737048037e+00
4.304444827156345355e+00
4.254242933571695140e+00
4.291738672784979336e+00
4.291071829211750455e+00
4.546903832829557679e+00
4.550250380603979572e+00
4.551780880970226484e+00
4.552128569137005698e+00
4.271878323357337415e+00
4.461583240180666543e+00
4.779654500239468362e+00
4.308686101031729443e+00
4.271878323357337415e+00
4.196067174973800995e+00
4.262457732499828289e+00
4.409601592087228461e+00
4.552941405092357563e+00
4.466510651521650388e+00
4.024026265720146434e+00
4.554384228330161655e+00
4.017811680968716992e+00
4.830237423036708222e+00
4.463443305916820592e+00
4.297355807341584288e+00
4.039761156206103543e+00
4.037859764031964005e+00
4.254242933571695140e+00
4.461583240180666543e+00
4.179877505334022025e+00
4.177767136654005675e+00
4.284353928570921788e+00
4.418814126404384091e+00
4.301377481551515558e+00
4.779654500239468362e+00
4.017811680968716992e+00
4.550668106446923211e+00
4.387277432826846457e+00
4.179877505334022025e+00
4.463443305916820592e+00
4.286047383316314630e+00
4.466510651521650388e+00
4.297355807341584288e+00
4.301377481551515558e+00
4.393656982151100898e+00
4.030068115314622723e+00
4.286047383316314630e+00
4.291863138823352131e+00
4.260825033617401836e+00
4.277816547453394236e+00
4.409601592087228461e+00
4.541854171056145084e+00
4.552723762326725598e+00
4.452325956747725577e+00
4.550125980408330051e+00
4.424523556865133322e+00
4.434727096456319906e+00
4.258964967881247787e+00
4.541528665825264710e+00
4.302784545328607102e+00
4.453804497150284369e+00
4.425002292737048037e+00
4.304444827156345355e+00
4.299517415815361510e+00
4.537748327559374850e+00
4.381346129288460567e+00
4.377526693195695096e+00
4.354872416814133729e+00
4.186092090085451467e+00
4.443372002681329036e+00
4.434727096456319906e+00
4.414092092094831443e+00
4.409601592087228461e+00
4.273487888124803291e+00
4.390763892951193625e+00
4.305055315605089916e+00
4.427098769245440657e+00
4.198005685686574395e+00
4.024026265720146434e+00
4.430988085279773614e+00
4.207421068529724195e+00
4.585807362110672969e+00
4.030068115314622723e+00
4.524993702791086925e+00
4.359547860119023177e+00
4.266264157904169352e+00
4.364011045641842834e+00
4.405259921027119496e+00
4.304444827156345355e+00
4.297355807341584288e+00
4.290780716810047579e+00
4.439645884197541470e+00
4.301377481551515558e+00
4.704918043031338648e+00
4.291503926340810793e+00
4.554627499346241670e+00
4.373426918897353133e+00
4.002624453111798708e+00
4.461583240180666543e+00
4.296304067512881630e+00
4.251186224850865614e+00
4.297355807341584288e+00
4.039761156206103543e+00
4.449751066963265167e+00
4.303010180433942011e+00
4.381258402137096830e+00
4.301377481551515558e+00
4.175637185316679378e+00
4.256803359407470566e+00
4.425002292737048037e+00
4.310971369793729302e+00
4.378877748054848418e+00
4.393639118920884989e+00
4.173487553856520371e+00
4.263892379222231632e+00
4.550521797507372845e+00
4.554279495899650421e+00
4.590048635986057057e+00
4.562310559098605722e+00
4.279978155927171457e+00
4.301377481551515558e+00
4.179877505334022025e+00
4.471558717758822965e+00
4.446836150736185544e+00
4.557235050989539182e+00
4.297355807341584288e+00
4.470751925397034476e+00
4.292224783188881787e+00
4.297355807341584288e+00
4.409601592087228461e+00
4.282516613742973988e+00
4.299517415815361510e+00
4.268943497926514397e+00
4.497447991456808403e+00
4.268940445459405097e+00
4.392300472225206143e+00
4.546852682523007338e+00
4.177767136654005675e+00
4.243194096661814463e+00
4.553425499494198725e+00
4.426113316427305655e+00
4.587068117102353071e+00
4.280752962732487177e+00
4.456861205871113008e+00
4.372988925342816025e+00
4.203709959674514884e+00
4.293921449407152480e+00
4.605803038667949600e+00
4.583312805346633212e+00
4.551145919874200807e+00
4.292740921046220848e+00
4.463443305916820592e+00
4.459421631706888434e+00
4.305705582148025456e+00
4.009252320442700857e+00
4.254242933571695140e+00
4.456861205871113008e+00
4.184039884584223046e+00
4.542236476633945585e+00
4.589164593610744802e+00
4.585807362110672969e+00
4.584372715388269626e+00
4.552384905734002452e+00
4.019902564456949712e+00
4.463443305916820592e+00
4.465076004799247045e+00
4.449650891802877872e+00
4.552384905734002452e+00
4.539500583500037045e+00
4.380551974768990497e+00
4.184039884584223046e+00
4.177767136654005675e+00
4.034001350608496850e+00
4.286849357962685403e+00
4.194109958793426962e+00
4.254242933571695140e+00
4.416308757936999285e+00
4.310246596171085187e+00
4.416652517930606869e+00
4.704918043031338648e+00
4.201826980571408576e+00
4.469867883021722221e+00
4.395139000561750997e+00
4.303010180433942011e+00
4.535879566860247181e+00
4.256803359407470566e+00
4.267249610722304354e+00
4.169128860705614947e+00
4.756441242909819955e+00
4.243194096661814463e+00
4.414092092094831443e+00
4.303010180433942011e+00
4.269712235688003510e+00
4.164690277477103741e+00
4.386486716779574913e+00
4.394310938828322577e+00
4.286958323084121503e+00
4.547284692750324098e+00
4.425958203587536666e+00
4.303010180433942011e+00
4.409601592087228461e+00
4.297355807341584288e+00
4.453354134178102441e+00
4.294795381505808862e+00
4.541692362185431264e+00
4.271878323357337415e+00
4.019902564456949712e+00
4.745378629711938245e+00
4.461583240180666543e+00
4.530136297731642614e+00
4.013571360951374345e+00
4.552641922956515153e+00
4.585807362110672969e+00
4.391081574443767899e+00
4.817089615927082846e+00
4.271171054022257607e+00
4.303010180433942011e+00
4.294005246163806966e+00
4.461583240180666543e+00
4.830237423036708222e+00
4.254242933571695140e+00
4.459421631706888434e+00
4.425002292737048037e+00
4.309492893393518820e+00
4.465076004799247045e+00
4.465076004799247045e+00
4.278723590857053338e+00
4.286739040490811448e+00
4.390340866920168672e+00
4.297355807341584288e+00
4.247535767721924316e+00
4.418814126404384091e+00
4.290853832206080298e+00
4.413252049216170647e+00
4.589164593610744802e+00
4.284211490400124944e+00
4.562310559098605722e+00
4.456861205871113008e+00
4.175637185316679378e+00
4.301377481551515558e+00
4.294795381505808862e+00
4.385394313691237222e+00
4.297355807341584288e+00
4.554484729831155043e+00
4.589164593610744802e+00
4.425002292737048037e+00
4.205574623172113391e+00
4.695785312102777276e+00
4.297106569950032373e+00
4.034001350608496850e+00
4.355140731456161873e+00
4.296414456581824304e+00
4.039761156206103543e+00
4.450154040021342183e+00
4.294795381505808862e+00
4.553572900834071291e+00
4.590855428347845546e+00
4.276071924389983181e+00
4.177767136654005675e+00
4.190139020167779726e+00
4.389415976638304961e+00
4.169128860705614947e+00
4.289146841143539390e+00
4.303010180433942011e+00
4.201826980571408576e+00
4.554348437456513743e+00
4.585807362110672969e+00
4.438911517637119886e+00
4.263892379222231632e+00
4.388215545473346246e+00
4.297355807341584288e+00
4.192133939679926868e+00
4.288537560277783989e+00
4.282516613742973988e+00
4.555674340230596364e+00
4.390636663837873321e+00
4.431006269824709243e+00
4.263892379222231632e+00
4.745378629711938245e+00
4.409601592087228461e+00
4.481843025207839837e+00
4.446971391633460335e+00
4.779654500239468362e+00
4.279777164093676589e+00
4.247535767721924316e+00
4.186092090085451467e+00
4.594375418544515810e+00
4.306816605838283074e+00
4.591609131125412802e+00
4.026059278426157739e+00
4.293756080554148369e+00
4.301377481551515558e+00
4.384990485288826179e+00
4.427218958579216768e+00
4.281124234335270451e+00
4.184039884584223046e+00
4.394066940432654000e+00
4.288976985803296671e+00
4.416652517930606869e+00
4.301377481551515558e+00
4.289395890803962885e+00
4.572622188917072172e+00
4.173487553856520371e+00
4.447870741213818313e+00
4.449751066963265167e+00
4.303010180433942011e+00
4.327614618093195809e+00
4.256803359407470566e+00
4.550888511637594114e+00
4.552384905734002452e+00
4.421030792246552821e+00
4.424523556865133322e+00
4.465076004799247045e+00
4.301377481551515558e+00
4.538585856840571253e+00
4.418814126404384091e+00
4.420674192140538139e+00
4.270418921859615580e+00
4.427098769245440657e+00
4.282011092471004865e+00
4.589164593610744802e+00
4.299517415815361510e+00
4.463443305916820592e+00
4.426113316427305655e+00
4.421030792246552821e+00
4.254242933571695140e+00
4.447992747264655655e+00
4.562310559098605722e+00
4.453804497150284369e+00
4.447870741213818313e+00
4.418814126404384091e+00
4.258964967881247787e+00
4.551655966065733416e+00
4.047183568847567692e+00
4.425958203587536666e+00
4.301377481551515558e+00
4.192133939679926868e+00
4.175637185316679378e+00
4.605803038667949600e+00
4.260825033617401836e+00
4.312430771291451137e+00
4.416308757936999285e+00
4.271878323357337415e+00
4.545992682236411397e+00
4.538028192816230266e+00
4.307802058656418076e+00
4.533857731412430425e+00
4.309492893393518820e+00
4.534975076175024711e+00
4.184039884584223046e+00
4.588179140792610688e+00
4.306816605838283074e+00
4.052560793505462833e+00
4.745378629711938245e+00
4.304444827156345355e+00
4.032044134428121929e+00
4.433944147722641560e+00
4.451543299471141246e+00
4.292007335620600550e+00
4.428329982269474385e+00
4.207421068529724195e+00
4.555909062528830766e+00
4.268133653097615721e+00
4.413252049216170647e+00
4.301377481551515558e+00
4.256803359407470566e+00
4.295669313454702376e+00
4.539519073368608382e+00
4.534446064705938362e+00
4.294795381505808862e+00
4.296414456581824304e+00
4.017811680968716992e+00
4.547654866438574750e+00
4.297355807341584288e+00
4.714450730099307485e+00
4.380705087237345197e+00
4.263892379222231632e+00
4.247535767721924316e+00
4.251186224850865614e+00
4.309492893393518820e+00
4.299517415815361510e+00
4.009252320442700857e+00
4.275513035382917160e+00
4.286166322259835404e+00
4.263892379222231632e+00
4.297355807341584288e+00
4.277339486571936966e+00
4.452325956747725577e+00
4.190139020167779726e+00
4.303010180433942011e+00
4.438400212194149930e+00
4.017811680968716992e+00
4.290107848093842158e+00
4.190139020167779726e+00
4.294795381505808862e+00
4.440343480005676469e+00
4.201826980571408576e+00
4.467771406513330490e+00
4.214626617870766978e+00
4.420674192140538139e+00
4.299382572624429244e+00
4.021974060218918012e+00
4.413252049216170647e+00
4.251186224850865614e+00
4.389800080780241309e+00
4.552366375467681969e+00
4.456861205871113008e+00
4.032044134428121929e+00
4.549559629725645316e+00
4.002624453111798708e+00
4.459421631706888434e+00
4.405259921027119496e+00
4.270815937923477357e+00
4.428329982269474385e+00
4.173487553856520371e+00
4.617588675874164217e+00
4.194109958793426962e+00
4.019902564456949712e+00
4.445812368961233219e+00
4.446277314765429978e+00
4.196067174973800995e+00
4.365827289044172055e+00
4.544083079085226906e+00
4.687059527156391958e+00
4.416652517930606869e+00
4.254242933571695140e+00
4.543004926861790693e+00
4.287483709049752179e+00
