1.585299999999999955e+03
1.557299999999999955e+03
1.509799999999999955e+03
1.840400000000000091e+03
1.552200000000000045e+03
1.623299999999999955e+03
1.642000000000000000e+03
1.571799999999999955e+03
1.755000000000000000e+03
1.565700000000000045e+03
1.338500000000000000e+03
1.715700000000000045e+03
1.205000000000000000e+03
1.631799999999999955e+03
1.782200000000000045e+03
1.676200000000000045e+03
1.691700000000000045e+03
1.585099999999999909e+03
1.613299999999999955e+03
1.698299999999999955e+03
1.747599999999999909e+03
1.354299999999999955e+03
2.016400000000000091e+03
1.427299999999999955e+03
1.572299999999999955e+03
1.572000000000000000e+03
1.942599999999999909e+03
1.474400000000000091e+03
1.491700000000000045e+03
1.925200000000000045e+03
1.474799999999999955e+03
1.496900000000000091e+03
1.752000000000000000e+03
1.817900000000000091e+03
1.955200000000000045e+03
1.472700000000000045e+03
1.491200000000000045e+03
1.781599999999999909e+03
2.052800000000000182e+03
1.907799999999999955e+03
1.562799999999999955e+03
1.469400000000000091e+03
1.543799999999999955e+03
1.875000000000000000e+03
1.453700000000000045e+03
1.841099999999999909e+03
1.891700000000000045e+03
1.675599999999999909e+03
1.439500000000000000e+03
1.812200000000000045e+03
1.883200000000000045e+03
1.725400000000000091e+03
2.069199999999999818e+03
1.846799999999999955e+03
1.391099999999999909e+03
1.826799999999999955e+03
1.819500000000000000e+03
1.822000000000000000e+03
1.599400000000000091e+03
5.653999999999999773e+02
1.555400000000000091e+03
1.753099999999999909e+03
1.442099999999999909e+03
1.982799999999999955e+03
1.445799999999999955e+03
1.556900000000000091e+03
1.837799999999999955e+03
1.633299999999999955e+03
1.682400000000000091e+03
1.695099999999999909e+03
1.438900000000000091e+03
1.391099999999999909e+03
1.925299999999999955e+03
1.442900000000000091e+03
1.553200000000000045e+03
1.840099999999999909e+03
1.232700000000000045e+03
1.171299999999999955e+03
1.820000000000000000e+03
1.972900000000000091e+03
1.643799999999999955e+03
1.436000000000000000e+03
1.644400000000000091e+03
1.873000000000000000e+03
1.700700000000000045e+03
1.344799999999999955e+03
1.305299999999999955e+03
1.360900000000000091e+03
1.484599999999999909e+03
1.527400000000000091e+03
2.126000000000000000e+03
2.176900000000000091e+03
1.460799999999999955e+03
1.973400000000000091e+03
1.921200000000000045e+03
1.493400000000000091e+03
1.585099999999999909e+03
1.752700000000000045e+03
1.547500000000000000e+03
1.810599999999999909e+03
2.035900000000000091e+03
1.627700000000000045e+03
1.705599999999999909e+03
1.474799999999999955e+03
1.776000000000000000e+03
1.717400000000000091e+03
1.897700000000000045e+03
1.963099999999999909e+03
1.504799999999999955e+03
1.509700000000000045e+03
