1.847299999999999955e+03
1.505000000000000000e+03
1.572700000000000045e+03
1.686000000000000000e+03
1.388200000000000045e+03
1.331599999999999909e+03
1.603799999999999955e+03
2.130900000000000091e+03
1.661400000000000091e+03
1.702099999999999909e+03
1.595500000000000000e+03
1.550700000000000045e+03
1.525799999999999955e+03
1.851799999999999955e+03
1.848200000000000045e+03
1.908900000000000091e+03
2.114900000000000091e+03
1.444799999999999955e+03
1.700799999999999955e+03
1.675299999999999955e+03
1.691900000000000091e+03
1.579599999999999909e+03
1.446200000000000045e+03
1.479099999999999909e+03
1.723500000000000000e+03
1.861000000000000000e+03
1.709799999999999955e+03
1.344799999999999955e+03
2.073300000000000182e+03
1.782599999999999909e+03
1.029799999999999955e+03
1.877900000000000091e+03
1.790000000000000000e+03
1.782599999999999909e+03
1.543099999999999909e+03
1.469099999999999909e+03
1.682799999999999955e+03
1.571799999999999955e+03
1.769200000000000045e+03
1.412900000000000091e+03
1.614299999999999955e+03
1.539700000000000045e+03
1.477000000000000000e+03
1.543099999999999909e+03
2.042500000000000000e+03
1.650599999999999909e+03
1.748700000000000045e+03
1.801900000000000091e+03
1.449599999999999909e+03
1.886900000000000091e+03
1.361299999999999955e+03
1.645500000000000000e+03
1.810400000000000091e+03
1.047900000000000091e+03
1.579200000000000045e+03
1.388500000000000000e+03
1.617599999999999909e+03
1.499000000000000000e+03
1.661200000000000045e+03
1.633500000000000000e+03
1.950500000000000000e+03
2.145400000000000091e+03
1.810000000000000000e+03
1.694299999999999955e+03
1.946299999999999955e+03
1.467000000000000000e+03
2.046299999999999955e+03
1.559799999999999955e+03
1.685700000000000045e+03
1.819700000000000045e+03
1.516299999999999955e+03
1.654099999999999909e+03
1.760500000000000000e+03
1.740099999999999909e+03
1.795099999999999909e+03
1.770799999999999955e+03
1.305299999999999955e+03
2.270099999999999909e+03
1.934500000000000000e+03
1.865599999999999909e+03
1.665400000000000091e+03
1.757500000000000000e+03
2.015299999999999955e+03
1.749099999999999909e+03
1.707200000000000045e+03
1.631799999999999955e+03
1.185099999999999909e+03
1.922799999999999955e+03
1.483799999999999955e+03
1.738799999999999955e+03
1.614200000000000045e+03
1.554900000000000091e+03
1.495700000000000045e+03
1.482099999999999909e+03
1.708400000000000091e+03
1.669599999999999909e+03
1.654599999999999909e+03
1.610799999999999955e+03
1.444599999999999909e+03
2.003799999999999955e+03
1.825000000000000000e+03
1.520500000000000000e+03
1.572900000000000091e+03
1.958299999999999955e+03
1.775599999999999909e+03
1.619400000000000091e+03
1.449400000000000091e+03
1.586200000000000045e+03
1.475099999999999909e+03
1.521799999999999955e+03
1.695700000000000045e+03
1.704200000000000045e+03
1.462000000000000000e+03
1.702900000000000091e+03
1.621900000000000091e+03
1.469000000000000000e+03
1.607400000000000091e+03
1.829099999999999909e+03
1.549200000000000045e+03
1.712599999999999909e+03
1.804200000000000045e+03
1.543799999999999955e+03
1.623200000000000045e+03
1.683099999999999909e+03
1.437099999999999909e+03
1.756000000000000000e+03
1.324299999999999955e+03
1.376200000000000045e+03
1.633599999999999909e+03
1.841099999999999909e+03
1.553099999999999909e+03
1.735299999999999955e+03
1.485700000000000045e+03
1.313400000000000091e+03
1.890599999999999909e+03
1.360200000000000045e+03
1.419500000000000000e+03
1.729200000000000045e+03
1.450700000000000045e+03
1.650799999999999955e+03
1.741200000000000045e+03
1.854200000000000045e+03
1.246500000000000000e+03
1.556000000000000000e+03
2.067599999999999909e+03
1.388200000000000045e+03
1.808599999999999909e+03
2.057699999999999818e+03
1.214000000000000000e+03
1.729500000000000000e+03
1.646900000000000091e+03
1.574599999999999909e+03
1.633299999999999955e+03
1.548500000000000000e+03
1.555500000000000000e+03
1.550000000000000000e+03
1.325000000000000000e+03
1.830099999999999909e+03
1.558000000000000000e+03
1.589000000000000000e+03
1.627200000000000045e+03
1.506599999999999909e+03
1.409299999999999955e+03
1.432599999999999909e+03
1.725900000000000091e+03
1.548500000000000000e+03
2.582000000000000000e+03
1.558799999999999955e+03
1.877299999999999955e+03
1.801799999999999955e+03
1.655799999999999955e+03
1.350799999999999955e+03
2.061400000000000091e+03
1.700299999999999955e+03
1.797500000000000000e+03
1.344400000000000091e+03
2.038700000000000045e+03
1.531299999999999955e+03
1.483799999999999955e+03
1.582599999999999909e+03
1.469400000000000091e+03
1.815000000000000000e+03
1.643799999999999955e+03
1.584099999999999909e+03
1.907099999999999909e+03
1.396700000000000045e+03
1.674599999999999909e+03
1.681099999999999909e+03
1.748700000000000045e+03
1.658500000000000000e+03
1.749900000000000091e+03
1.676099999999999909e+03
1.714900000000000091e+03
1.383000000000000000e+03
1.785000000000000000e+03
1.836700000000000045e+03
1.190900000000000091e+03
1.508799999999999955e+03
1.574099999999999909e+03
1.552099999999999909e+03
1.620299999999999955e+03
1.770500000000000000e+03
1.994200000000000045e+03
1.709700000000000045e+03
1.712900000000000091e+03
1.915400000000000091e+03
1.724099999999999909e+03
1.713400000000000091e+03
1.691799999999999955e+03
1.775099999999999909e+03
1.681200000000000045e+03
1.453799999999999955e+03
1.956700000000000045e+03
1.639700000000000045e+03
1.662599999999999909e+03
1.311700000000000045e+03
1.613099999999999909e+03
1.574200000000000045e+03
1.417000000000000000e+03
1.896400000000000091e+03
1.533200000000000045e+03
1.731200000000000045e+03
1.737400000000000091e+03
1.830500000000000000e+03
2.053000000000000000e+03
1.846700000000000045e+03
1.752000000000000000e+03
1.344400000000000091e+03
1.614599999999999909e+03
1.836599999999999909e+03
1.690299999999999955e+03
1.544599999999999909e+03
1.921700000000000045e+03
1.867599999999999909e+03
1.884599999999999909e+03
1.504900000000000091e+03
1.978500000000000000e+03
1.262599999999999909e+03
1.591900000000000091e+03
1.790500000000000000e+03
1.392599999999999909e+03
2.004500000000000000e+03
1.778799999999999955e+03
1.680400000000000091e+03
1.367900000000000091e+03
1.653500000000000000e+03
1.488799999999999955e+03
1.394599999999999909e+03
1.830099999999999909e+03
1.761299999999999955e+03
1.473400000000000091e+03
1.699799999999999955e+03
1.750200000000000045e+03
1.582500000000000000e+03
1.514299999999999955e+03
1.792500000000000000e+03
1.428700000000000045e+03
1.409299999999999955e+03
1.387900000000000091e+03
1.870799999999999955e+03
1.662599999999999909e+03
2.020799999999999955e+03
1.262900000000000091e+03
1.663000000000000000e+03
1.753299999999999955e+03
1.401000000000000000e+03
1.751099999999999909e+03
1.770500000000000000e+03
1.507200000000000045e+03
1.446200000000000045e+03
1.711099999999999909e+03
1.753000000000000000e+03
1.187099999999999909e+03
1.922700000000000045e+03
2.068300000000000182e+03
1.705500000000000000e+03
1.676799999999999955e+03
1.617900000000000091e+03
1.607000000000000000e+03
1.433500000000000000e+03
1.556900000000000091e+03
1.832700000000000045e+03
1.723500000000000000e+03
1.957500000000000000e+03
1.718700000000000045e+03
1.785900000000000091e+03
1.607099999999999909e+03
1.556200000000000045e+03
1.422900000000000091e+03
1.534000000000000000e+03
1.108500000000000000e+03
1.536500000000000000e+03
1.791799999999999955e+03
1.514299999999999955e+03
1.407200000000000045e+03
1.466500000000000000e+03
1.702700000000000045e+03
1.532099999999999909e+03
1.515799999999999955e+03
1.534500000000000000e+03
1.882400000000000091e+03
1.480299999999999955e+03
1.653500000000000000e+03
1.474900000000000091e+03
1.547400000000000091e+03
1.465400000000000091e+03
1.562000000000000000e+03
1.833900000000000091e+03
1.521099999999999909e+03
1.522400000000000091e+03
1.592400000000000091e+03
1.860299999999999955e+03
1.909000000000000000e+03
1.535700000000000045e+03
1.183500000000000000e+03
1.740200000000000045e+03
1.893599999999999909e+03
1.212900000000000091e+03
1.963500000000000000e+03
2.291199999999999818e+03
1.791799999999999955e+03
1.535400000000000091e+03
1.439400000000000091e+03
1.538900000000000091e+03
1.669200000000000045e+03
1.406000000000000000e+03
1.630900000000000091e+03
1.545299999999999955e+03
1.963299999999999955e+03
1.553599999999999909e+03
1.478400000000000091e+03
1.631700000000000045e+03
1.983900000000000091e+03
1.688000000000000000e+03
1.704900000000000091e+03
1.421700000000000045e+03
2.007200000000000045e+03
1.548799999999999955e+03
1.557200000000000045e+03
1.469000000000000000e+03
1.841900000000000091e+03
1.614200000000000045e+03
1.599200000000000045e+03
1.643900000000000091e+03
1.418299999999999955e+03
1.187099999999999909e+03
1.075900000000000091e+03
1.946000000000000000e+03
1.428400000000000091e+03
1.957799999999999955e+03
1.592799999999999955e+03
1.761700000000000045e+03
1.693799999999999955e+03
1.582599999999999909e+03
1.528099999999999909e+03
1.526599999999999909e+03
2.045000000000000000e+03
1.439500000000000000e+03
1.656799999999999955e+03
1.673799999999999955e+03
1.047900000000000091e+03
2.272400000000000091e+03
2.033299999999999955e+03
1.637500000000000000e+03
1.778599999999999909e+03
1.905799999999999955e+03
1.646599999999999909e+03
2.272000000000000000e+03
1.474900000000000091e+03
1.859200000000000045e+03
1.681900000000000091e+03
1.838900000000000091e+03
1.793799999999999955e+03
1.465299999999999955e+03
1.502099999999999909e+03
1.965299999999999955e+03
1.935700000000000045e+03
1.345299999999999955e+03
1.507500000000000000e+03
1.695700000000000045e+03
1.805799999999999955e+03
1.722099999999999909e+03
1.301400000000000091e+03
1.976299999999999955e+03
1.735400000000000091e+03
1.773799999999999955e+03
1.670799999999999955e+03
1.495099999999999909e+03
1.430799999999999955e+03
1.648099999999999909e+03
1.471000000000000000e+03
1.789400000000000091e+03
1.618200000000000045e+03
1.588500000000000000e+03
1.783799999999999955e+03
1.966700000000000045e+03
1.662700000000000045e+03
1.609400000000000091e+03
1.731000000000000000e+03
1.488900000000000091e+03
1.503400000000000091e+03
2.127099999999999909e+03
1.529599999999999909e+03
1.837299999999999955e+03
1.488799999999999955e+03
2.006700000000000045e+03
1.759200000000000045e+03
1.849299999999999955e+03
1.286099999999999909e+03
1.689000000000000000e+03
1.854099999999999909e+03
1.614599999999999909e+03
1.746299999999999955e+03
2.155000000000000000e+03
1.200400000000000091e+03
1.391099999999999909e+03
1.780900000000000091e+03
1.532099999999999909e+03
1.673400000000000091e+03
1.686299999999999955e+03
1.622799999999999955e+03
1.783700000000000045e+03
1.808599999999999909e+03
1.254799999999999955e+03
1.786700000000000045e+03
1.771000000000000000e+03
1.588900000000000091e+03
1.766599999999999909e+03
1.759200000000000045e+03
1.517099999999999909e+03
1.665299999999999955e+03
1.502099999999999909e+03
1.759700000000000045e+03
1.453200000000000045e+03
1.556200000000000045e+03
1.535200000000000045e+03
