2.612999999999999989e+00
2.673000000000000043e+00
2.529999999999999805e+00
2.519000000000000128e+00
2.595000000000000195e+00
2.317000000000000171e+00
2.956999999999999851e+00
2.423000000000000043e+00
2.990000000000000213e+00
2.424999999999999822e+00
2.226999999999999869e+00
2.688000000000000167e+00
2.157000000000000028e+00
2.551000000000000156e+00
2.472999999999999865e+00
2.504999999999999893e+00
2.936999999999999833e+00
2.423000000000000043e+00
2.737000000000000099e+00
2.887999999999999901e+00
2.533999999999999808e+00
1.943000000000000060e+00
2.653999999999999915e+00
2.471000000000000085e+00
2.156000000000000139e+00
2.555000000000000160e+00
2.329000000000000181e+00
2.568000000000000060e+00
2.701000000000000068e+00
2.738999999999999879e+00
2.625999999999999890e+00
2.644000000000000128e+00
2.894000000000000128e+00
2.713000000000000078e+00
2.553999999999999826e+00
2.553999999999999826e+00
2.686999999999999833e+00
2.592000000000000082e+00
2.516000000000000014e+00
2.649999999999999911e+00
2.537999999999999812e+00
3.001999999999999780e+00
2.900999999999999801e+00
2.620999999999999996e+00
2.443999999999999950e+00
2.999000000000000110e+00
2.607000000000000206e+00
2.778000000000000025e+00
2.803999999999999826e+00
2.523000000000000131e+00
2.402000000000000135e+00
2.798000000000000043e+00
2.504000000000000004e+00
2.533999999999999808e+00
3.112000000000000099e+00
2.596000000000000085e+00
2.408999999999999808e+00
2.786000000000000032e+00
2.693999999999999950e+00
2.724000000000000199e+00
2.512999999999999901e+00
2.343999999999999861e+00
2.443999999999999950e+00
2.611000000000000210e+00
2.642999999999999794e+00
2.583000000000000185e+00
2.548999999999999932e+00
2.745000000000000107e+00
2.467999999999999972e+00
2.492999999999999883e+00
2.172000000000000153e+00
2.512999999999999901e+00
2.673000000000000043e+00
2.552000000000000046e+00
2.553999999999999826e+00
2.596000000000000085e+00
1.889999999999999902e+00
2.051000000000000156e+00
2.419000000000000039e+00
2.532999999999999918e+00
3.025999999999999801e+00
2.612000000000000099e+00
2.814000000000000057e+00
2.589999999999999858e+00
2.480999999999999872e+00
2.846000000000000085e+00
3.153000000000000025e+00
2.234999999999999876e+00
2.504999999999999893e+00
2.447000000000000064e+00
2.511000000000000121e+00
2.547000000000000153e+00
2.380999999999999783e+00
2.584000000000000075e+00
2.491000000000000103e+00
2.474000000000000199e+00
2.346000000000000085e+00
2.153999999999999915e+00
2.443999999999999950e+00
2.676000000000000156e+00
2.636000000000000121e+00
2.879999999999999893e+00
2.548999999999999932e+00
2.612000000000000099e+00
2.456999999999999851e+00
2.806000000000000050e+00
2.505999999999999783e+00
2.520000000000000018e+00
2.536999999999999922e+00
2.374000000000000110e+00
