2.516999999999999904e+00
2.653999999999999915e+00
2.749000000000000110e+00
2.334999999999999964e+00
2.689999999999999947e+00
2.420999999999999819e+00
2.641000000000000014e+00
2.467999999999999972e+00
2.588000000000000078e+00
2.632000000000000117e+00
2.560000000000000053e+00
2.470000000000000195e+00
2.646999999999999797e+00
2.686999999999999833e+00
2.399999999999999911e+00
2.782999999999999918e+00
2.560000000000000053e+00
2.674999999999999822e+00
2.529999999999999805e+00
1.977999999999999980e+00
2.459000000000000075e+00
2.479999999999999982e+00
3.092000000000000082e+00
2.717000000000000082e+00
2.633000000000000007e+00
2.321000000000000174e+00
2.450000000000000178e+00
2.846000000000000085e+00
2.619000000000000217e+00
2.749000000000000110e+00
2.096999999999999975e+00
2.384999999999999787e+00
2.609999999999999876e+00
2.749000000000000110e+00
2.940999999999999837e+00
2.553999999999999826e+00
2.629000000000000004e+00
2.769000000000000128e+00
2.862999999999999989e+00
2.665999999999999925e+00
2.584999999999999964e+00
2.494000000000000217e+00
1.881999999999999895e+00
2.940999999999999837e+00
2.572000000000000064e+00
2.499000000000000110e+00
3.119000000000000217e+00
2.589999999999999858e+00
2.807999999999999829e+00
2.540999999999999925e+00
2.358000000000000096e+00
2.581999999999999851e+00
2.714999999999999858e+00
2.702999999999999847e+00
2.508000000000000007e+00
2.254999999999999893e+00
2.809000000000000163e+00
2.495999999999999996e+00
2.702999999999999847e+00
2.442000000000000171e+00
2.677999999999999936e+00
2.670999999999999819e+00
2.657999999999999918e+00
2.512999999999999901e+00
2.632000000000000117e+00
2.508000000000000007e+00
2.713000000000000078e+00
2.314999999999999947e+00
2.572000000000000064e+00
2.571000000000000174e+00
2.677000000000000046e+00
2.682999999999999829e+00
2.330999999999999961e+00
2.656000000000000139e+00
2.629999999999999893e+00
2.657000000000000028e+00
3.153000000000000025e+00
2.596000000000000085e+00
2.444999999999999840e+00
2.907000000000000028e+00
2.763999999999999790e+00
2.596000000000000085e+00
2.609999999999999876e+00
2.327999999999999847e+00
2.757000000000000117e+00
2.551000000000000156e+00
2.499000000000000110e+00
2.379000000000000004e+00
3.072000000000000064e+00
2.770999999999999908e+00
2.992999999999999883e+00
2.301000000000000156e+00
2.560999999999999943e+00
2.355999999999999872e+00
2.619000000000000217e+00
2.451000000000000068e+00
2.604999999999999982e+00
2.407000000000000028e+00
2.549999999999999822e+00
2.656000000000000139e+00
2.516999999999999904e+00
2.116999999999999993e+00
2.370000000000000107e+00
2.676000000000000156e+00
2.702999999999999847e+00
3.023000000000000131e+00
2.561999999999999833e+00
2.467000000000000082e+00
2.399999999999999911e+00
2.552999999999999936e+00
3.298999999999999932e+00
2.349000000000000199e+00
2.484999999999999876e+00
2.448999999999999844e+00
2.400999999999999801e+00
2.911999999999999922e+00
2.685999999999999943e+00
2.237999999999999989e+00
2.527000000000000135e+00
2.596999999999999975e+00
2.456999999999999851e+00
2.900999999999999801e+00
2.654999999999999805e+00
2.540999999999999925e+00
2.652000000000000135e+00
2.390000000000000124e+00
2.275999999999999801e+00
2.545999999999999819e+00
2.517999999999999794e+00
2.999000000000000110e+00
2.564000000000000057e+00
2.595000000000000195e+00
2.629000000000000004e+00
2.547000000000000153e+00
2.387999999999999901e+00
2.373000000000000220e+00
2.640000000000000124e+00
2.676000000000000156e+00
2.201000000000000068e+00
2.400999999999999801e+00
2.871999999999999886e+00
2.468999999999999861e+00
2.186999999999999833e+00
2.504000000000000004e+00
2.571000000000000174e+00
2.689999999999999947e+00
2.358000000000000096e+00
2.630999999999999783e+00
2.451999999999999957e+00
2.810999999999999943e+00
2.726999999999999869e+00
2.462000000000000188e+00
2.539000000000000146e+00
2.637000000000000011e+00
2.254000000000000004e+00
2.298000000000000043e+00
2.378000000000000114e+00
2.564999999999999947e+00
2.351999999999999869e+00
2.467999999999999972e+00
2.596999999999999975e+00
2.577999999999999847e+00
2.245999999999999996e+00
2.430000000000000160e+00
2.548000000000000043e+00
2.637000000000000011e+00
2.740000000000000213e+00
2.545999999999999819e+00
2.307999999999999829e+00
2.654999999999999805e+00
2.120999999999999996e+00
2.907000000000000028e+00
2.608999999999999986e+00
2.628000000000000114e+00
2.423000000000000043e+00
2.011000000000000121e+00
2.392999999999999794e+00
2.737000000000000099e+00
3.072000000000000064e+00
2.479999999999999982e+00
3.001999999999999780e+00
2.349000000000000199e+00
3.025999999999999801e+00
2.369000000000000217e+00
2.535000000000000142e+00
2.520000000000000018e+00
2.298999999999999932e+00
2.371999999999999886e+00
3.119000000000000217e+00
2.342000000000000082e+00
2.370999999999999996e+00
2.478000000000000203e+00
2.665000000000000036e+00
2.572999999999999954e+00
2.451000000000000068e+00
2.688000000000000167e+00
2.250999999999999890e+00
2.638999999999999790e+00
2.609999999999999876e+00
2.625000000000000000e+00
2.641999999999999904e+00
2.867999999999999883e+00
2.426000000000000156e+00
2.592999999999999972e+00
2.483999999999999986e+00
2.766000000000000014e+00
2.640000000000000124e+00
2.568999999999999950e+00
2.837000000000000188e+00
2.556000000000000050e+00
2.620000000000000107e+00
2.571000000000000174e+00
2.713999999999999968e+00
2.379999999999999893e+00
2.742999999999999883e+00
2.245999999999999996e+00
2.552999999999999936e+00
2.759999999999999787e+00
2.669000000000000039e+00
2.455000000000000071e+00
2.738999999999999879e+00
2.374000000000000110e+00
2.262000000000000011e+00
2.496999999999999886e+00
2.523000000000000131e+00
2.529999999999999805e+00
2.688000000000000167e+00
2.188000000000000167e+00
2.551000000000000156e+00
2.633999999999999897e+00
2.596000000000000085e+00
2.577999999999999847e+00
2.512000000000000011e+00
2.383999999999999897e+00
2.466000000000000192e+00
2.596999999999999975e+00
2.354000000000000092e+00
2.544999999999999929e+00
2.874000000000000110e+00
2.564999999999999947e+00
2.505999999999999783e+00
2.834000000000000075e+00
2.503000000000000114e+00
2.664000000000000146e+00
1.939000000000000057e+00
2.693000000000000060e+00
2.818000000000000060e+00
2.335999999999999854e+00
2.475999999999999979e+00
2.399999999999999911e+00
2.657999999999999918e+00
2.325000000000000178e+00
2.527000000000000135e+00
2.515000000000000124e+00
2.911000000000000032e+00
2.341000000000000192e+00
2.552999999999999936e+00
2.245999999999999996e+00
2.700000000000000178e+00
2.403000000000000025e+00
2.742999999999999883e+00
2.509999999999999787e+00
2.632000000000000117e+00
2.387000000000000011e+00
2.537999999999999812e+00
2.633000000000000007e+00
2.915999999999999925e+00
2.867999999999999883e+00
2.592000000000000082e+00
3.092000000000000082e+00
2.611000000000000210e+00
2.521999999999999797e+00
2.608000000000000096e+00
2.717000000000000082e+00
2.943000000000000060e+00
2.761000000000000121e+00
2.472999999999999865e+00
2.697999999999999954e+00
2.942000000000000171e+00
2.964999999999999858e+00
2.354999999999999982e+00
2.334000000000000075e+00
2.670999999999999819e+00
2.407000000000000028e+00
2.411000000000000032e+00
2.596000000000000085e+00
2.373000000000000220e+00
2.766999999999999904e+00
2.551000000000000156e+00
2.654999999999999805e+00
2.076999999999999957e+00
2.435000000000000053e+00
2.416999999999999815e+00
2.911000000000000032e+00
2.149999999999999911e+00
2.552999999999999936e+00
2.156000000000000139e+00
2.789000000000000146e+00
2.394000000000000128e+00
2.636000000000000121e+00
2.906000000000000139e+00
2.580000000000000071e+00
2.501999999999999780e+00
2.629999999999999893e+00
2.525999999999999801e+00
2.459999999999999964e+00
2.464999999999999858e+00
2.545999999999999819e+00
2.451000000000000068e+00
2.134999999999999787e+00
2.729000000000000092e+00
2.531000000000000139e+00
2.561999999999999833e+00
2.725000000000000089e+00
2.580999999999999961e+00
2.458000000000000185e+00
2.547000000000000153e+00
2.157999999999999918e+00
2.423000000000000043e+00
2.822000000000000064e+00
2.431999999999999940e+00
2.657000000000000028e+00
2.341000000000000192e+00
2.490000000000000213e+00
2.380999999999999783e+00
2.427000000000000046e+00
2.641000000000000014e+00
2.564999999999999947e+00
2.479000000000000092e+00
2.580000000000000071e+00
2.515000000000000124e+00
2.508999999999999897e+00
2.714999999999999858e+00
2.612000000000000099e+00
2.540999999999999925e+00
2.415999999999999925e+00
2.722999999999999865e+00
2.544000000000000039e+00
2.665000000000000036e+00
2.512000000000000011e+00
2.508000000000000007e+00
2.992999999999999883e+00
2.460999999999999854e+00
2.400999999999999801e+00
2.822000000000000064e+00
2.608000000000000096e+00
2.093999999999999861e+00
2.452999999999999847e+00
2.342999999999999972e+00
2.587000000000000188e+00
2.365000000000000213e+00
2.718999999999999861e+00
2.810999999999999943e+00
2.496999999999999886e+00
2.306999999999999940e+00
2.471999999999999975e+00
2.669000000000000039e+00
2.803999999999999826e+00
2.349000000000000199e+00
2.376999999999999780e+00
2.702999999999999847e+00
2.367999999999999883e+00
2.391999999999999904e+00
2.753000000000000114e+00
2.557999999999999829e+00
2.446000000000000174e+00
2.395999999999999908e+00
2.577999999999999847e+00
2.629999999999999893e+00
2.338999999999999968e+00
2.438000000000000167e+00
2.567000000000000171e+00
2.572000000000000064e+00
2.548999999999999932e+00
2.677999999999999936e+00
2.507000000000000117e+00
2.645999999999999908e+00
2.512000000000000011e+00
2.527000000000000135e+00
3.298999999999999932e+00
2.684000000000000163e+00
2.632000000000000117e+00
2.201000000000000068e+00
2.551000000000000156e+00
2.450000000000000178e+00
2.516999999999999904e+00
2.591000000000000192e+00
2.496999999999999886e+00
2.504000000000000004e+00
2.745000000000000107e+00
2.537999999999999812e+00
2.422000000000000153e+00
2.386000000000000121e+00
2.567000000000000171e+00
2.595000000000000195e+00
2.475999999999999979e+00
2.799999999999999822e+00
2.575000000000000178e+00
2.543000000000000149e+00
2.858999999999999986e+00
2.277000000000000135e+00
2.560999999999999943e+00
2.556999999999999940e+00
2.638999999999999790e+00
2.818000000000000060e+00
2.463000000000000078e+00
3.080999999999999961e+00
2.137999999999999901e+00
2.370000000000000107e+00
2.790999999999999925e+00
2.499000000000000110e+00
2.751999999999999780e+00
2.657000000000000028e+00
2.664000000000000146e+00
2.612000000000000099e+00
3.112000000000000099e+00
2.402000000000000135e+00
2.789000000000000146e+00
2.701000000000000068e+00
2.556000000000000050e+00
2.520999999999999908e+00
2.492999999999999883e+00
2.995999999999999996e+00
2.141999999999999904e+00
2.955000000000000071e+00
2.778000000000000025e+00
2.475999999999999979e+00
2.717000000000000082e+00
3.080999999999999961e+00
2.660000000000000142e+00
2.547000000000000153e+00
2.116000000000000103e+00
2.548999999999999932e+00
2.395999999999999908e+00
2.412999999999999812e+00
2.624000000000000110e+00
