1.456977567243599658e+01
1.525634148157634229e+01
1.840586341265722581e+01
1.410302250377118405e+01
1.829987958714091079e+01
1.503944656036079763e+01
1.447730222193329297e+01
1.539850994767472336e+01
1.402308260072374146e+01
1.466183878314377864e+01
1.502144180761782444e+01
1.525634148157634229e+01
1.454483342510516408e+01
1.523246965286093690e+01
1.505690910270528349e+01
1.496643235550014417e+01
1.494478076293643731e+01
1.391032198056053737e+01
1.500695203481271811e+01
1.187445355462902619e+01
1.434999908886122988e+01
1.391032198056053737e+01
1.831901314350868759e+01
1.462561799986568545e+01
1.531702942856590788e+01
1.489235826902878124e+01
1.473054809467839554e+01
1.834700749381585183e+01
1.479226796102721408e+01
1.840586341265722581e+01
1.158488457177756636e+01
1.491039130866431073e+01
1.503944656036079763e+01
1.819310922381933793e+01
1.821210545268188241e+01
1.502144180761782444e+01
1.500695203481271811e+01
1.847457272419184449e+01
1.849433115371734715e+01
1.505813341644073056e+01
1.438314368969551538e+01
1.484168199712969383e+01
1.187445355462902619e+01
1.840586341265722581e+01
1.503294256614290880e+01
1.503856952514396994e+01
1.847457272419184449e+01
1.491039130866431073e+01
1.494805828415458393e+01
1.473054809467839554e+01
1.503944656036079763e+01
1.484168199712969383e+01
1.462147379196648878e+01
1.828877770256569946e+01
1.494805828415458393e+01
1.447730222193329297e+01
1.471769078545366405e+01
1.540113720419308763e+01
1.531702942856590788e+01
1.544648322421753761e+01
1.490665402454668254e+01
1.468456391252333049e+01
1.506394896088836077e+01
1.469432731140030235e+01
1.392388516597173975e+01
1.481425151160206966e+01
1.545854588161575727e+01
1.399787865021121824e+01
1.532505079311095741e+01
1.402308260072374146e+01
1.466183878314377864e+01
1.493824272327809943e+01
1.558726810753325509e+01
1.531746010555339588e+01
1.545818932381740751e+01
1.602397389108252312e+01
1.841571680535047051e+01
1.530057101389533436e+01
1.392388516597173975e+01
1.459033398571127016e+01
1.531702942856590788e+01
1.557306917967776450e+01
1.483100959183371259e+01
1.395116524558689086e+01
1.386735183121202830e+01
1.829987958714091079e+01
1.834700749381585183e+01
1.353677186567182211e+01
1.820524001932251679e+01
1.417544906109581149e+01
1.828877770256569946e+01
1.234052083150719348e+01
1.592880466513950211e+01
1.437445747572376042e+01
1.583034854051901164e+01
1.543820004204444984e+01
1.466183878314377864e+01
1.503944656036079763e+01
1.457024227331500121e+01
1.548022764384301020e+01
1.484168199712969383e+01
1.230246062618780911e+01
1.450758165372831598e+01
1.477440768545297622e+01
1.558719328008557881e+01
1.854564997011365435e+01
1.500695203481271811e+01
1.419766873837537524e+01
1.513235026990031251e+01
1.503944656036079763e+01
1.819310922381933793e+01
1.489801188715571989e+01
1.474960921154171523e+01
1.532097732515611810e+01
1.484168199712969383e+01
1.851415971050120390e+01
1.491545534868476786e+01
1.402308260072374146e+01
1.415202926479623180e+01
1.541108718550758994e+01
1.462289807165486444e+01
1.853405853392491309e+01
1.453784757146774886e+01
1.504139533849727250e+01
1.479986537231089549e+01
1.386360936681326272e+01
1.212057852479716225e+01
1.529993336711038943e+01
1.484168199712969383e+01
1.847457272419184449e+01
1.434961359350469756e+01
1.510082756398937143e+01
1.456403918574098633e+01
1.503944656036079763e+01
1.441870840039584678e+01
1.444769186253222060e+01
1.503944656036079763e+01
1.531702942856590788e+01
1.516601514289569508e+01
1.493824272327809943e+01
1.572217325313560821e+01
1.643107237842774637e+01
1.415691307029404911e+01
1.472486332518448293e+01
1.523493243425301280e+01
1.849433115371734715e+01
1.536949073050983294e+01
1.485983825947996628e+01
1.394334965381720615e+01
1.409179191225836014e+01
1.526075974493962306e+01
1.521414233082847112e+01
1.559994162614651003e+01
1.824289076117177544e+01
1.432475586327720940e+01
1.187265330501765170e+01
1.200041000667376245e+01
1.500487936916094966e+01
1.440731640051672535e+01
1.491039130866431073e+01
1.510815587189541453e+01
1.457818163430632552e+01
1.848531845183535793e+01
1.502144180761782444e+01
1.521414233082847112e+01
1.843526568938990806e+01
1.543208657428378139e+01
1.393606114274664698e+01
1.417544906109581149e+01
1.426321948949374807e+01
1.217800235730451419e+01
1.838617497100857889e+01
1.491039130866431073e+01
1.481831852307633213e+01
1.490566571096564807e+01
1.217800235730451419e+01
1.553001040785819953e+01
1.534876196119472169e+01
1.843526568938990806e+01
1.849433115371734715e+01
1.825030383197406891e+01
1.489157370673127723e+01
1.833821557270132274e+01
1.502144180761782444e+01
1.509015111915244134e+01
1.421497736649160082e+01
1.448434752677821358e+01
1.230246062618780911e+01
1.826181853535395305e+01
1.449116017632923104e+01
1.449794268334119529e+01
1.474960921154171523e+01
1.564449531062355625e+01
1.491545534868476786e+01
1.429845965311858258e+01
1.857406753821788925e+01
1.200622651877599800e+01
1.536949073050983294e+01
1.459033398571127016e+01
1.474960921154171523e+01
1.569867127979203225e+01
1.861435928164827303e+01
1.508077374818187444e+01
1.456820665433399498e+01
1.488365842422025231e+01
1.521392028086714099e+01
1.460655688300236577e+01
1.474960921154171523e+01
1.531702942856590788e+01
1.503944656036079763e+01
1.459478961112578155e+01
1.514543301929385422e+01
1.545250159450120186e+01
1.391032198056053737e+01
1.838617497100857889e+01
1.206911931820838113e+01
1.500695203481271811e+01
1.580125830349145843e+01
1.844545039896658523e+01
1.491197934937563829e+01
1.417544906109581149e+01
1.480993514199695760e+01
1.166071484158054083e+01
1.565228529228062548e+01
1.474960921154171523e+01
1.431943214875749248e+01
1.500695203481271811e+01
1.158488457177756636e+01
1.502144180761782444e+01
1.510815587189541453e+01
1.402308260072374146e+01
1.428090428197007888e+01
1.481831852307633213e+01
1.481831852307633213e+01
1.536008956010191362e+01
1.489952709679583087e+01
1.485842757659937696e+01
1.503944656036079763e+01
1.524832011703128920e+01
1.438314368969551538e+01
1.456384613536631356e+01
1.520105958143492764e+01
1.393606114274664698e+01
1.506688866387812986e+01
1.212057852479716225e+01
1.521414233082847112e+01
1.851415971050120390e+01
1.484168199712969383e+01
1.514543301929385422e+01
1.513654005367753363e+01
1.503944656036079763e+01
1.478492576777785494e+01
1.393606114274664698e+01
1.402308260072374146e+01
1.822403130228846280e+01
1.235660876528597996e+01
1.416410765978026554e+01
1.825030383197406891e+01
1.601870166521012706e+01
1.419282501862004686e+01
1.819310922381933793e+01
1.544102064024193766e+01
1.514543301929385422e+01
1.484973053473076909e+01
1.379451455992211351e+01
1.547481725695274690e+01
1.849433115371734715e+01
1.837682760708717566e+01
1.491600301458883671e+01
1.857406753821788925e+01
1.471168973269351987e+01
1.474960921154171523e+01
1.826181853535395305e+01
1.479487043012566971e+01
1.417544906109581149e+01
1.551165937931493666e+01
1.453784757146774886e+01
1.498643926545720717e+01
1.503944656036079763e+01
1.835748701410031458e+01
1.476204224397849352e+01
1.516601514289569508e+01
1.469404355345642088e+01
1.483933164191250142e+01
1.422562238182866778e+01
1.453784757146774886e+01
1.206911931820838113e+01
1.531702942856590788e+01
1.665903039586320489e+01
1.509223873851068554e+01
1.187445355462902619e+01
1.530984250520811862e+01
1.524832011703128920e+01
1.841571680535047051e+01
1.193751720724137932e+01
1.449844868739979020e+01
1.372858764444363366e+01
1.832752817950877500e+01
1.433546845479355625e+01
1.484168199712969383e+01
1.515637900714985875e+01
1.452289973416491442e+01
1.524144874064533539e+01
1.843526568938990806e+01
1.458833284351982407e+01
1.472590547987267229e+01
1.448434752677821358e+01
1.484168199712969383e+01
1.469061741190888526e+01
1.206140576022296784e+01
1.853405853392491309e+01
1.503325809008957847e+01
1.489801188715571989e+01
1.474960921154171523e+01
1.647940238997453122e+01
1.491545534868476786e+01
1.502008633085375777e+01
1.217800235730451419e+01
1.488296082313668833e+01
1.469432731140030235e+01
1.481831852307633213e+01
1.484168199712969383e+01
1.556037176753760498e+01
1.438314368969551538e+01
1.428658296354710977e+01
1.402803805312020202e+01
1.386735183121202830e+01
1.519396636761719144e+01
1.393606114274664698e+01
1.493824272327809943e+01
1.491039130866431073e+01
1.394334965381720615e+01
1.488296082313668833e+01
1.502144180761782444e+01
1.502499303280210441e+01
1.212057852479716225e+01
1.532505079311095741e+01
1.503325809008957847e+01
1.438314368969551538e+01
1.481425151160206966e+01
1.497410511414227230e+01
1.811780746135782039e+01
1.460655688300236577e+01
1.484168199712969383e+01
1.835748701410031458e+01
1.851415971050120390e+01
1.187265330501765170e+01
1.471769078545366405e+01
1.403431319223656715e+01
1.509015111915244134e+01
1.391032198056053737e+01
1.527534615854935751e+01
1.557837218717708971e+01
1.442245086479461236e+01
1.570263110401790740e+01
1.428090428197007888e+01
1.567095124312560905e+01
1.843526568938990806e+01
1.401205896535182482e+01
1.449844868739979020e+01
1.806204454746780996e+01
1.206911931820838113e+01
1.466183878314377864e+01
1.826950626116670406e+01
1.397903129209515427e+01
1.475236887353386628e+01
1.446537911302899637e+01
1.444316678725837910e+01
1.820524001932251679e+01
1.467523334438398841e+01
1.422600787718520010e+01
1.520105958143492764e+01
1.484168199712969383e+01
1.491545534868476786e+01
1.422709322266381449e+01
1.552938547689265647e+01
1.568608288596884215e+01
1.514543301929385422e+01
1.419282501862004686e+01
1.840586341265722581e+01
1.519553223274481191e+01
1.503944656036079763e+01
1.224671166883913109e+01
1.534281939530356453e+01
1.453784757146774886e+01
1.524832011703128920e+01
1.513235026990031251e+01
1.428090428197007888e+01
1.493824272327809943e+01
1.848531845183535793e+01
1.370231618513779281e+01
1.493987227813861551e+01
1.453784757146774886e+01
1.503944656036079763e+01
1.542194742602369928e+01
1.468456391252333049e+01
1.837682760708717566e+01
1.474960921154171523e+01
1.553285555604955448e+01
1.840586341265722581e+01
1.462916216187780627e+01
1.837682760708717566e+01
1.514543301929385422e+01
1.544922759877110607e+01
1.826181853535395305e+01
1.464689094584094420e+01
1.813075385900242864e+01
1.428658296354710977e+01
1.408565750278927808e+01
1.836655637785528938e+01
1.520105958143492764e+01
1.513235026990031251e+01
1.489246886778691881e+01
1.492971287466638586e+01
1.521414233082847112e+01
1.826950626116670406e+01
1.509546218001487716e+01
1.854564997011365435e+01
1.510815587189541453e+01
1.543820004204444984e+01
1.566380489271525533e+01
1.444316678725837910e+01
1.853405853392491309e+01
1.180574424309440928e+01
1.833821557270132274e+01
1.838617497100857889e+01
1.556219125372047962e+01
1.513559797541274676e+01
1.831901314350868404e+01
1.578769046201308868e+01
1.535874991231460740e+01
1.240923014304180860e+01
1.448434752677821358e+01
1.502144180761782444e+01
1.540236201692911244e+01
1.484464700725108166e+01
