5.980833268044170870e-02
7.157771831232644377e-01
-9.638431290754440051e-01
-1.134938385833525132e+00
-1.268369475830432025e+00
-1.303638934300688001e+00
1.138594485454669236e+00
-1.013192884846438879e+00
4.847650548348285127e-01
1.105509130110510441e+00
2.450089103813199443e-02
-1.066672385351006058e+00
1.130731319720076566e+00
7.843397883470705212e-01
-1.111505673440144504e+00
1.699185550169990622e+00
8.206927447711868939e-02
1.680041232359032799e+00
-2.408341428988387822e-01
-6.952657020750047101e-01
-2.436276758627924921e-01
2.948572346716533676e-01
1.370374286603814440e+00
1.454558210475546565e+00
3.252709903763474908e-01
-1.516449286283262365e+00
-7.171677218175976920e-01
-3.018817473741253754e-01
6.187556470617003868e-01
-9.638431290754440051e-01
-2.311315286477620690e-01
-1.504390071063147483e+00
5.027296700384434880e-01
-8.283469565569284709e-01
4.109916573170335208e-01
-1.787251687655857027e-02
7.230461445426850098e-01
-8.801473399457863112e-01
-2.846270073433956882e-01
8.543654751105043132e-01
3.395365918976201991e-01
-4.156019064704275512e-01
-9.711901473106014926e-01
2.875935605977295584e-01
1.013166959077603929e-01
-4.174488835210141136e-01
1.458991662392989497e+00
4.388078599316455608e-01
2.135723820862106326e+00
1.475024669804779476e-01
-1.883438706226484571e+00
4.310189757368344532e-01
1.449085097798882504e+00
-1.179837731921987043e+00
-3.219445170162691383e-01
-1.837506032559383495e+00
2.073659023430844961e+00
-7.972735927892361518e-01
8.353220340535327804e-01
-1.117376166331834897e+00
9.624395183109319962e-01
1.209829240456990584e+00
6.981795895177846933e-01
-6.131556826534755728e-02
1.357853233056835807e+00
-1.856605968340656054e-01
8.068169600297964150e-01
-9.942292322599828314e-01
-1.604519354372477558e-01
4.242744189906698660e-01
1.552976115055498374e+00
1.330474847116316583e+00
-1.971184123150068634e+00
4.935630709441725661e-01
1.991266199307353824e-01
-2.872665620423931268e-02
1.734524821355986068e+00
8.111776327810411857e-02
4.431179921883213191e-02
1.461688888966034661e+00
1.287794416772560124e+00
-1.482044266611250438e-01
5.248298221051218571e-01
-8.585052199990717003e-01
1.160152583456010689e+00
-2.121235014889637061e+00
-2.461716603875774290e+00
-5.670067262016847270e-02
1.304577508566031607e+00
1.097448170026717351e+00
7.117244256274388725e-01
1.319277872399972629e-01
-6.484296582620070470e-01
-8.919671806739929432e-01
-1.593624792877197105e-01
-1.044886704072958583e+00
8.397116018769378298e-01
-1.433455113606532549e+00
3.277515141664517073e-01
4.171509236329385972e-01
-1.964125114645608183e-01
-4.379263803917682885e-01
-1.012563687929324718e+00
1.046896049380458216e+00
6.364030755553353735e-01
7.518453064720248546e-01
6.774440852257514190e-02
-1.037583371338075301e-02
-1.163057527295276561e+00
-5.255281608197560211e-02
2.919941287492497928e+00
-1.498747397021180872e+00
-4.068366703007376128e-01
-9.752546749366741707e-01
-1.286734080976017935e+00
2.563283626308356794e-02
1.010269915980562816e+00
-7.007504142880012221e-01
6.044229083398418023e-01
-3.415340819572027214e-03
-3.969595944689603972e-01
-5.987546189410826447e-02
1.066067556573573549e+00
-1.248572543194714918e-01
8.523804677408034491e-01
-1.418783923054685037e-01
1.326513195060562700e-01
-3.180927967297004222e-01
-1.868489649538343511e-01
6.340211382902367632e-01
7.591625876131152806e-01
2.411619104497062793e-01
8.621182696739306817e-01
-1.104782375014882745e-01
-9.741283840760726065e-01
-9.395624249209068024e-01
7.985992936440223788e-01
6.374223678605704935e-01
-2.805636774448385662e+00
-1.385454022395701923e+00
2.034785498366549206e+00
-1.669522742264097470e+00
-1.823466081063303657e+00
-1.474080376221163224e-01
-5.721178680054835736e-02
-1.392209307869707979e+00
-1.621324728426742690e+00
6.548769681277395449e-01
3.888090006778493340e-02
1.279528764518838235e+00
1.188935374673099288e+00
-1.098883061854833976e+00
-5.576446847340482682e-01
-1.561191661788236207e+00
-1.716388025033577902e+00
2.969314600930608172e-01
5.139897269363665755e-01
7.253991565901446448e-02
-1.063346947101838857e+00
-7.318415739198944614e-01
3.050469638024129737e-01
6.614608361726150854e-01
-3.992522065513297580e+00
-8.771359095935138406e-01
-2.794331455256058305e-01
-1.683708950892906397e+00
1.027407093312449948e+00
3.683655196359832407e-01
-5.307455211279671348e-01
6.362934522041471253e-01
-3.791090226581998457e-01
7.401002072996638870e-02
6.248512940467008114e-01
9.060257283638871728e-01
-9.452016951339938799e-01
-7.115112976106843234e-01
-1.513465160690915745e+00
1.067486560941681928e+00
1.158081695508799136e+00
-2.667806725577848148e+00
7.971847890177797824e-01
-1.493329314187787249e+00
9.044069437493655883e-01
-1.288239012961158059e+00
-2.028543527560723592e-01
4.730050217724700024e-01
-6.756268396709596002e-01
3.810417422571231172e-01
1.594487834911507251e+00
-1.468347755365035923e+00
-8.879583527861176773e-01
-4.730756842397316198e-01
3.141499049762969675e-01
1.956655896658116012e-01
-1.942217722482157960e-01
-1.455497667620422542e+00
9.457837544051092560e-02
3.294482096344366617e-01
3.515355560038068705e-01
9.466720336785569012e-01
1.189009318058122655e-01
-3.283058124788042487e-01
-9.526879091250030074e-01
5.997060314978172046e-01
-4.554928809523641764e-01
1.385640134371123322e+00
9.061062243522387538e-01
3.987233787655177220e-01
1.839003072150053875e+00
-2.355250739116801842e-02
8.689783931549225349e-01
1.346825041809241938e-02
8.187569623723804924e-01
-3.853711311688077790e-01
-9.894080256980616328e-01
5.499832704956660739e-02
-1.933167342365888983e-02
9.003358407628533344e-01
-1.492059451255651314e+00
-6.274180330518851489e-01
9.779357121676782727e-01
-1.101683037168203816e+00
2.591451855811822136e-01
-1.000804676454747133e+00
-4.485766514999493110e-02
3.803435515778578191e-01
1.310374161309414198e+00
5.131614680742079687e-02
-3.903178148821815491e-02
6.689807117687294191e-01
5.133326638166721967e-01
9.653856716479497502e-01
-2.203023954817071306e-01
-1.419447470469161088e+00
-9.963714130327193663e-01
4.266715018333589460e-01
-1.271922250352802042e+00
-1.297644222967693495e-01
2.173688843553564620e+00
2.684625074322415927e-01
-1.430495499540827310e-02
1.902698880854465369e+00
2.177672926675355281e-01
8.305795134077558206e-01
-9.005380897436807697e-01
1.148764531328899663e+00
-5.902302968866056654e-01
-1.881065539904078543e+00
-8.966507644542139888e-01
-1.171194957291581185e+00
9.773136070049123214e-01
-1.409485228642558319e+00
3.015893862596038533e-01
2.270902808715858368e-01
2.037763468839744185e-01
2.576048017804135615e-01
6.933870499783303387e-01
-3.842848953782640464e+00
2.907998865085666962e-01
-4.979147196145146115e-01
-8.664507766236269060e-01
-8.760196297337453641e-01
6.111011387056054511e-01
-1.044037014426250076e+00
3.930915122650085469e-01
2.339671864077989549e-01
6.479679186259384993e-02
-1.770296710747634450e-01
3.318420611981431345e-01
1.207938498825006812e+00
6.977316602317099603e-01
-5.443518472304268579e-02
-1.751286023485986831e+00
1.333940263418525340e+00
1.757205985960360817e+00
1.262954768934809291e+00
-2.217929120291452227e-01
1.049796404352410839e+00
3.914090381253713335e+00
4.791803376336280507e-01
-1.339393940274665296e+00
-1.836236324080462001e+00
1.070490494766460854e+00
-9.009784640624100005e-01
-4.120353718784553476e-01
6.412144083653429361e-01
4.715726408628441169e-01
1.310238488489068764e+00
-1.266693167718366819e+00
7.354774841339282165e-01
-4.002149427113563807e-01
-1.193327572602481235e+00
-1.134727196541645222e+00
8.169813007397032367e-02
-1.994593557868886147e-01
5.005424272657377216e-01
-8.499801656713823483e-01
-6.583663900892150478e-01
-6.863265054308724800e-01
9.611931740688097747e-01
2.500285227666881660e+00
5.383689926319928931e-01
-6.159093317863928441e-01
-1.726816657546372591e+00
1.090782561194475614e-01
-5.091492869117196785e-01
-1.186054346948967469e-01
8.206409607122788774e-02
-5.490140996076083857e-01
-2.923067271456306071e-01
-1.172260943383493625e+00
-2.124781181405692720e-01
1.474428249413434200e-01
1.946675972317801540e+00
-9.187208804316789879e-01
-6.067576472447379077e-01
-6.648841608677448500e-02
-2.643846768555669913e-01
-8.213443941986678931e-01
2.189643948476159618e+00
-9.751792874424848323e-01
1.169548427236903443e+00
-1.884662633735895820e+00
5.562824169690470076e-03
-3.301510202017228224e-01
-1.560897172213331630e-01
7.334188829323005088e-01
-7.768573498945283151e-02
1.345345707700411619e-01
3.128181353139217191e-01
-2.857769529367685801e-01
2.359443610305815564e-01
1.247720621710017408e+00
3.947955633644487650e-01
-1.263751879273983525e-01
5.971965917715003069e-01
1.338097735105256314e+00
-1.095416915720129614e-01
6.278815299768226721e-01
-1.577946574248569878e-01
-3.062803468087613723e-01
8.206097708456551176e-01
-3.556167586624905952e-01
-1.286734080976017935e+00
-4.645465743521994817e-01
-1.911993850617557555e+00
-3.478135335125442928e-01
-4.934268679531786383e-01
-9.922154941924774540e-01
1.648031884318856277e-01
-4.856240050986729839e-01
9.886249811996992154e-01
1.452628191623800413e+00
4.150966925640565963e-02
-2.216068720697201400e+00
-5.055675622678220543e-02
3.235823213091429951e-01
-6.304365385888225370e-01
-3.343956405059164139e-01
-1.156668819443180674e+00
-1.035438813777913358e+00
4.548538832674454691e-01
-1.185876894262847259e+00
-8.515651798968535413e-01
7.883893927138643232e-01
-6.395456086920561223e-01
-7.804765679540270895e-01
5.836652769281380770e-01
-1.580320844489140120e+00
-1.234474825369791473e+00
-2.289651089337242373e-01
-6.003186710882538191e-02
3.337255746824961400e-01
2.597703367017667811e-02
1.652429347392658787e+00
-7.294953101581406196e-01
1.444183839392300939e-01
-5.547315696626474724e-01
4.631978717085278863e-01
2.784445114973982172e+00
7.899679320651011860e-01
7.194575837583320199e-01
-1.548984374647942586e-01
-2.800957321538232181e-01
-3.797376497250175009e-01
-4.468908945094171581e-01
1.618157311304896095e-01
1.862214058181042575e-01
-4.192040555283120806e-01
-1.039854788932100149e+00
8.540418223717073376e-01
-9.816408895532714451e-01
-8.135039742832157472e-01
8.299625319800310597e-02
-2.907811037117248587e-02
-3.502299355147685533e-01
-6.190016131845452740e-01
4.570160727369684261e-01
-5.379123900596656238e-01
-2.544650879951240730e-01
-1.805026317794695467e+00
-2.109996738404714023e+00
-1.222366147897385041e-01
3.043613205739011951e-01
-4.295224697550349413e-01
-5.095379043988057521e-01
1.414148604650458774e+00
-1.114424053569057271e+00
-6.574913152262985561e-01
-6.703715903338089976e-01
-5.369403194532084145e-01
1.336035690144178112e+00
8.194199964503771083e-01
8.426214463019502388e-01
3.437747135412147492e-01
1.540816868628545722e+00
-1.126861054773085513e+00
-7.972810123172454633e-01
1.337605576307889566e+00
-3.148108853586867317e-01
-8.220355875330749296e-01
-1.290115462774302051e-02
5.758173683491000228e-01
-1.750848009146359907e-01
4.243464411443635398e-01
-7.662737091598095240e-01
-1.322728219852955522e+00
1.210888626467322426e+00
1.294252434187237011e+00
1.702810916225435678e-01
-3.203418034587927621e-01
-4.808955746403049125e-01
1.740823772567813565e-01
-1.107224398343587879e+00
-1.282270307221471395e+00
6.911550013722599362e-01
