2.998099999999999909e+03
6.498500000000000000e+03
4.583600000000000364e+03
2.310159999999999854e+04
8.557600000000000364e+03
8.620899999999999636e+03
1.196379999999999927e+04
3.467300000000000182e+03
3.989400000000000091e+03
7.742600000000000364e+03
5.320899999999999636e+03
8.558700000000000728e+03
1.232510000000000036e+04
3.554699999999999818e+03
8.648100000000000364e+03
7.531899999999999636e+03
3.315099999999999909e+03
5.396800000000000182e+03
6.814600000000000364e+03
4.581500000000000000e+03
4.775100000000000364e+03
6.825000000000000000e+03
8.232600000000000364e+03
9.700299999999999272e+03
2.125650000000000000e+04
1.529179999999999927e+04
6.427100000000000364e+03
5.207300000000000182e+03
1.003879999999999927e+04
6.431399999999999636e+03
3.522500000000000000e+03
3.181300000000000182e+03
2.338900000000000091e+03
4.573800000000000182e+03
6.266199999999999818e+03
3.455199999999999818e+03
9.090000000000000000e+03
4.603100000000000364e+03
4.645699999999999818e+03
4.744899999999999636e+03
1.753879999999999927e+04
1.761799999999999955e+03
1.277860000000000036e+04
7.421699999999999818e+03
4.547600000000000364e+03
5.251800000000000182e+03
9.105500000000000000e+03
5.881100000000000364e+03
6.196399999999999636e+03
4.746000000000000000e+03
1.527510000000000036e+04
4.050699999999999818e+03
6.595000000000000000e+03
6.451399999999999636e+03
5.963100000000000364e+03
3.792800000000000182e+03
9.227000000000000000e+03
3.099900000000000091e+03
6.715800000000000182e+03
3.694500000000000000e+03
6.485100000000000364e+03
5.194699999999999818e+03
6.077199999999999818e+03
9.698100000000000364e+03
2.974199999999999818e+03
7.215600000000000364e+03
1.092179999999999927e+04
4.632800000000000182e+03
3.294800000000000182e+03
1.197589999999999964e+04
1.436810000000000036e+04
8.878100000000000364e+03
6.059300000000000182e+03
4.021500000000000000e+03
6.914300000000000182e+03
1.118150000000000000e+04
1.402029999999999927e+04
1.326360000000000036e+04
1.017239999999999964e+04
1.013560000000000036e+04
8.373700000000000728e+03
3.110000000000000000e+03
5.505699999999999818e+03
5.148399999999999636e+03
7.451699999999999818e+03
4.405600000000000364e+03
3.530300000000000182e+03
1.649000000000000000e+04
3.456400000000000091e+03
1.249620000000000073e+04
4.828000000000000000e+03
7.563899999999999636e+03
4.584899999999999636e+03
6.003199999999999818e+03
4.627000000000000000e+03
4.523100000000000364e+03
7.993699999999999818e+03
9.285200000000000728e+03
6.915800000000000182e+03
3.588199999999999818e+03
6.389800000000000182e+03
4.350199999999999818e+03
5.393500000000000000e+03
2.482099999999999909e+03
1.155789999999999964e+04
4.051500000000000000e+03
7.616699999999999818e+03
3.836500000000000000e+03
3.297199999999999818e+03
7.327399999999999636e+03
