3.768099999999999909e+03
6.698000000000000000e+03
4.894600000000000364e+03
8.771899999999999636e+03
4.552800000000000182e+03
2.982099999999999909e+03
4.717100000000000364e+03
3.008659999999999854e+04
7.595100000000000364e+03
5.519899999999999636e+03
1.399150000000000000e+04
3.921699999999999818e+03
6.691600000000000364e+03
4.069000000000000000e+03
1.044029999999999927e+04
4.328899999999999636e+03
6.800100000000000364e+03
3.544699999999999818e+03
7.839300000000000182e+03
9.192299999999999272e+03
1.210079999999999927e+04
1.080739999999999964e+04
4.796899999999999636e+03
3.083400000000000091e+03
6.713699999999999818e+03
5.750399999999999636e+03
5.701500000000000000e+03
4.405600000000000364e+03
3.772199999999999818e+03
4.458300000000000182e+03
1.025429999999999927e+04
4.251600000000000364e+03
9.372200000000000728e+03
4.458300000000000182e+03
3.750800000000000182e+03
5.647399999999999636e+03
6.692500000000000000e+03
3.313199999999999818e+03
4.021800000000000182e+03
1.022129999999999927e+04
5.206800000000000182e+03
5.987600000000000364e+03
3.029390000000000146e+04
3.750800000000000182e+03
5.249600000000000364e+03
8.823100000000000364e+03
7.319399999999999636e+03
4.497600000000000364e+03
4.774600000000000364e+03
3.176400000000000091e+03
9.267100000000000364e+03
3.908300000000000182e+03
3.763400000000000091e+03
3.439599999999999909e+03
6.418399999999999636e+03
9.607500000000000000e+03
4.266100000000000364e+03
6.986199999999999818e+03
3.191300000000000182e+03
7.781600000000000364e+03
1.284739999999999964e+04
5.891600000000000364e+03
4.085400000000000091e+03
3.815500000000000000e+03
2.266570000000000073e+04
8.189000000000000000e+03
4.629399999999999636e+03
1.461289999999999964e+04
5.393800000000000182e+03
5.244800000000000182e+03
4.871600000000000364e+03
1.046929999999999927e+04
1.018600000000000000e+04
7.116500000000000000e+03
6.128699999999999818e+03
6.296100000000000364e+03
3.530300000000000182e+03
3.187640000000000146e+04
1.024060000000000036e+04
4.509100000000000364e+03
2.234959999999999854e+04
8.101500000000000000e+03
1.448739999999999964e+04
5.035800000000000182e+03
6.390500000000000000e+03
3.554699999999999818e+03
3.408500000000000000e+03
9.948000000000000000e+03
4.054900000000000091e+03
2.690099999999999909e+03
6.994899999999999636e+03
9.173500000000000000e+03
6.401199999999999818e+03
9.984700000000000728e+03
3.257300000000000182e+03
6.480000000000000000e+03
4.542899999999999636e+03
2.935900000000000091e+03
5.333600000000000364e+03
5.587300000000000182e+03
8.252899999999999636e+03
1.305289999999999964e+04
5.629500000000000000e+03
1.007510000000000036e+04
6.578100000000000364e+03
6.253300000000000182e+03
4.146199999999999818e+03
8.902899999999999636e+03
3.551400000000000091e+03
6.598000000000000000e+03
3.733900000000000091e+03
7.729100000000000364e+03
4.138100000000000364e+03
2.944400000000000091e+03
5.599300000000000182e+03
4.765300000000000182e+03
3.711800000000000182e+03
3.907500000000000000e+03
6.733100000000000364e+03
4.941100000000000364e+03
5.194000000000000000e+03
1.277860000000000036e+04
6.985500000000000000e+03
4.258100000000000364e+03
5.868800000000000182e+03
3.475530000000000291e+04
1.204779999999999927e+04
4.395800000000000182e+03
2.853800000000000182e+03
5.251800000000000182e+03
8.154800000000000182e+03
6.968000000000000000e+03
5.281699999999999818e+03
9.148899999999999636e+03
1.315789999999999964e+04
3.864199999999999818e+03
4.276800000000000182e+03
5.422000000000000000e+03
3.947300000000000182e+03
1.034939999999999964e+04
8.738700000000000728e+03
8.906399999999999636e+03
6.697100000000000364e+03
3.278400000000000091e+03
6.448399999999999636e+03
4.552800000000000182e+03
9.557500000000000000e+03
4.023599999999999909e+03
6.962300000000000182e+03
9.120100000000000364e+03
3.361800000000000182e+03
3.965900000000000091e+03
5.003600000000000364e+03
1.241160000000000036e+04
2.163099999999999909e+03
1.123379999999999927e+04
1.145479999999999927e+04
6.269800000000000182e+03
4.989600000000000364e+03
1.221400000000000000e+04
2.331020000000000073e+04
6.179600000000000364e+03
4.013900000000000091e+03
7.004699999999999818e+03
4.576699999999999818e+03
1.241160000000000036e+04
1.120310000000000036e+04
7.690800000000000182e+03
2.622500000000000000e+03
1.264079999999999927e+04
9.102500000000000000e+03
5.722800000000000182e+03
4.118800000000000182e+03
5.683000000000000000e+03
7.862899999999999636e+03
1.252000000000000000e+04
6.267300000000000182e+03
2.658500000000000000e+03
4.054900000000000091e+03
8.807600000000000364e+03
1.761799999999999955e+03
9.453899999999999636e+03
8.373700000000000728e+03
5.580000000000000000e+03
7.823000000000000000e+03
4.647899999999999636e+03
6.529100000000000364e+03
1.246929999999999927e+04
7.319399999999999636e+03
4.104800000000000182e+03
4.270699999999999818e+03
1.021160000000000036e+04
3.527500000000000000e+03
5.032000000000000000e+03
7.046500000000000000e+03
2.567300000000000182e+03
1.304989999999999964e+04
1.639959999999999854e+04
3.684199999999999818e+03
4.417500000000000000e+03
5.079300000000000182e+03
3.091300000000000182e+03
5.378600000000000364e+03
3.097900000000000091e+03
1.410570000000000073e+04
6.142600000000000364e+03
7.818300000000000182e+03
4.245600000000000364e+03
6.985500000000000000e+03
3.845599999999999909e+03
5.726600000000000364e+03
2.911699999999999818e+03
3.631599999999999909e+03
6.201600000000000364e+03
1.333070000000000073e+04
3.536100000000000000e+04
1.419810000000000036e+04
7.557000000000000000e+03
3.304599999999999909e+03
8.493500000000000000e+03
8.740399999999999636e+03
4.883100000000000364e+03
1.247089999999999964e+04
5.126399999999999636e+03
4.423300000000000182e+03
2.498900000000000091e+03
7.305100000000000364e+03
1.586129999999999927e+04
4.339500000000000000e+03
1.782270000000000073e+04
4.591199999999999818e+03
6.019899999999999636e+03
1.023510000000000036e+04
1.294339999999999964e+04
5.110100000000000364e+03
6.968000000000000000e+03
3.808099999999999909e+03
8.866500000000000000e+03
6.359800000000000182e+03
1.017260000000000036e+04
3.585000000000000000e+03
7.235300000000000182e+03
2.936900000000000091e+03
1.143860000000000036e+04
6.001500000000000000e+03
4.591899999999999636e+03
4.958800000000000182e+03
5.641399999999999636e+03
1.030279999999999927e+04
7.486199999999999818e+03
7.067600000000000364e+03
1.559810000000000036e+04
5.706000000000000000e+03
7.749600000000000364e+03
5.470199999999999818e+03
6.574800000000000182e+03
3.270000000000000000e+03
4.013900000000000091e+03
5.871500000000000000e+03
9.561600000000000364e+03
1.333070000000000073e+04
7.029100000000000364e+03
6.796800000000000182e+03
2.661800000000000182e+03
1.018250000000000000e+04
5.608600000000000364e+03
9.535799999999999272e+03
3.091300000000000182e+03
4.883199999999999818e+03
4.796899999999999636e+03
2.412800000000000182e+03
5.731000000000000000e+03
5.606600000000000364e+03
4.636199999999999818e+03
6.325000000000000000e+03
3.906900000000000091e+03
5.364100000000000364e+03
6.291300000000000182e+03
1.086310000000000036e+04
4.491399999999999636e+03
6.389399999999999636e+03
5.699399999999999636e+03
6.367300000000000182e+03
3.272000000000000000e+03
1.400270000000000073e+04
3.064000000000000000e+03
1.557660000000000036e+04
7.292500000000000000e+03
4.045000000000000000e+03
4.729199999999999818e+03
2.226029999999999927e+04
3.154199999999999818e+03
4.824300000000000182e+03
5.470199999999999818e+03
8.878299999999999272e+03
7.712699999999999818e+03
5.652300000000000182e+03
6.862199999999999818e+03
2.964629999999999927e+04
4.872500000000000000e+03
1.171720000000000073e+04
1.064339999999999964e+04
3.359099999999999909e+03
2.939800000000000182e+03
5.114800000000000182e+03
7.674000000000000000e+03
4.293600000000000364e+03
5.865600000000000364e+03
5.135800000000000182e+03
8.655299999999999272e+03
3.925500000000000000e+03
3.955800000000000182e+03
9.665700000000000728e+03
3.864900000000000091e+03
4.984500000000000000e+03
5.548300000000000182e+03
6.241199999999999818e+03
1.957909999999999854e+04
9.331299999999999272e+03
9.015899999999999636e+03
8.352700000000000728e+03
3.507300000000000182e+03
2.950400000000000091e+03
3.951500000000000000e+03
1.368120000000000073e+04
3.200599999999999909e+03
3.820599999999999909e+03
4.675500000000000000e+03
7.198199999999999818e+03
3.169500000000000000e+03
7.160000000000000000e+03
5.646100000000000364e+03
4.844100000000000364e+03
4.864899999999999636e+03
4.094199999999999818e+03
1.076310000000000036e+04
3.381099999999999909e+03
4.518699999999999818e+03
7.176500000000000000e+03
8.290399999999999636e+03
6.781300000000000182e+03
6.994899999999999636e+03
7.124199999999999818e+03
6.234500000000000000e+03
2.515099999999999909e+03
5.606600000000000364e+03
1.934750000000000000e+04
4.736899999999999636e+03
1.047139999999999964e+04
4.244500000000000000e+03
7.355899999999999636e+03
5.415500000000000000e+03
7.270399999999999636e+03
1.535870000000000073e+04
5.730800000000000182e+03
4.530399999999999636e+03
1.093139999999999964e+04
6.196399999999999636e+03
1.186739999999999964e+04
7.274300000000000182e+03
3.439599999999999909e+03
2.084140000000000146e+04
7.583800000000000182e+03
8.908700000000000728e+03
7.029399999999999636e+03
6.927000000000000000e+03
7.164100000000000364e+03
3.116599999999999909e+03
2.939800000000000182e+03
6.576399999999999636e+03
7.698199999999999818e+03
3.423400000000000091e+03
8.537100000000000364e+03
9.582100000000000364e+03
3.902000000000000000e+03
1.171560000000000036e+04
6.961600000000000364e+03
6.895399999999999636e+03
7.020899999999999636e+03
3.733900000000000091e+03
1.376460000000000036e+04
3.717500000000000000e+03
2.049300000000000000e+04
4.695899999999999636e+03
7.522899999999999636e+03
6.645100000000000364e+03
5.944000000000000000e+03
3.377699999999999818e+03
5.606699999999999818e+03
5.561800000000000182e+03
5.139899999999999636e+03
4.066500000000000000e+03
5.579100000000000364e+03
7.090399999999999636e+03
2.501800000000000182e+03
4.949300000000000182e+03
6.882199999999999818e+03
5.128699999999999818e+03
5.313699999999999818e+03
6.173100000000000364e+03
4.013699999999999818e+03
8.079300000000000182e+03
3.409599999999999909e+03
4.990000000000000000e+03
4.958800000000000182e+03
6.246100000000000364e+03
7.427800000000000182e+03
5.918199999999999818e+03
6.453199999999999818e+03
3.082500000000000000e+03
5.414600000000000364e+03
8.169899999999999636e+03
7.030300000000000182e+03
4.123600000000000364e+03
8.007399999999999636e+03
5.963100000000000364e+03
6.541399999999999636e+03
6.862199999999999818e+03
5.018300000000000182e+03
5.805300000000000182e+03
2.288699999999999818e+03
5.901500000000000000e+03
3.980500000000000000e+03
2.168240000000000146e+04
5.261199999999999818e+03
3.150199999999999818e+03
6.556899999999999636e+03
9.241000000000000000e+03
7.427800000000000182e+03
6.169199999999999818e+03
5.922600000000000364e+03
1.181739999999999964e+04
7.626399999999999636e+03
5.927000000000000000e+03
8.159899999999999636e+03
2.600800000000000182e+03
