1.169999999999999929e+01
5.670000000000000284e+01
2.439999999999999858e+01
7.299999999999999822e+00
1.919999999999999929e+01
2.510000000000000142e+01
2.410000000000000142e+01
6.220000000000000284e+01
1.700000000000000000e+01
2.610000000000000142e+01
4.289999999999999858e+01
1.900000000000000000e+01
2.210000000000000142e+01
2.660000000000000142e+01
5.789999999999999858e+01
3.439999999999999858e+01
2.810000000000000142e+01
1.710000000000000142e+01
6.010000000000000142e+01
1.480000000000000071e+01
1.369999999999999929e+01
2.739999999999999858e+01
3.089999999999999858e+01
3.750000000000000000e+01
1.610000000000000142e+01
2.630000000000000071e+01
1.309999999999999964e+01
4.200000000000000178e+00
6.800000000000000000e+01
2.289999999999999858e+01
1.180000000000000071e+01
3.739999999999999858e+01
3.019999999999999929e+01
2.289999999999999858e+01
2.569999999999999929e+01
4.170000000000000284e+01
3.450000000000000000e+01
3.529999999999999716e+01
3.030000000000000071e+01
0.000000000000000000e+00
4.700000000000000178e+00
3.320000000000000284e+01
6.509999999999999432e+01
2.569999999999999929e+01
3.589999999999999858e+01
4.029999999999999716e+01
1.269999999999999929e+01
4.010000000000000142e+01
2.130000000000000071e+01
5.220000000000000284e+01
9.699999999999999289e+00
2.389999999999999858e+01
2.469999999999999929e+01
2.000000000000000000e+00
2.660000000000000142e+01
3.889999999999999858e+01
1.350000000000000000e+01
1.050000000000000000e+01
3.429999999999999716e+01
3.389999999999999858e+01
3.660000000000000142e+01
3.720000000000000284e+01
3.550000000000000000e+01
2.860000000000000142e+01
2.960000000000000142e+01
1.760000000000000142e+01
3.710000000000000142e+01
3.850000000000000000e+01
4.479999999999999716e+01
3.019999999999999929e+01
2.389999999999999858e+01
1.330000000000000071e+01
3.310000000000000142e+01
3.810000000000000142e+01
3.150000000000000000e+01
1.750000000000000000e+01
3.950000000000000000e+01
1.619999999999999929e+01
5.870000000000000284e+01
0.000000000000000000e+00
4.689999999999999858e+01
2.289999999999999858e+01
4.720000000000000284e+01
1.480000000000000071e+01
3.250000000000000000e+01
1.610000000000000142e+01
3.069999999999999929e+01
4.879999999999999716e+01
1.019999999999999929e+01
3.000000000000000000e+00
1.119999999999999929e+01
3.260000000000000142e+01
1.280000000000000071e+01
2.519999999999999929e+01
8.099999999999999645e+00
5.489999999999999858e+01
3.329999999999999716e+01
7.400000000000000355e+00
3.679999999999999716e+01
2.910000000000000142e+01
3.160000000000000142e+01
4.789999999999999858e+01
2.950000000000000000e+01
2.139999999999999858e+01
2.619999999999999929e+01
2.160000000000000142e+01
6.629999999999999716e+01
1.700000000000000000e+01
1.290000000000000036e+01
1.180000000000000071e+01
3.820000000000000284e+01
2.169999999999999929e+01
3.350000000000000000e+01
3.110000000000000142e+01
2.189999999999999858e+01
3.050000000000000000e+01
1.810000000000000142e+01
1.750000000000000000e+01
6.220000000000000284e+01
7.900000000000000355e+00
1.630000000000000071e+01
3.010000000000000142e+01
4.200000000000000178e+00
2.510000000000000142e+01
3.320000000000000284e+01
2.830000000000000071e+01
2.880000000000000071e+01
1.989999999999999858e+01
1.490000000000000036e+01
5.379999999999999716e+01
6.959999999999999432e+01
2.269999999999999929e+01
1.150000000000000000e+02
4.160000000000000142e+01
4.579999999999999716e+01
2.319999999999999929e+01
2.539999999999999858e+01
5.089999999999999858e+01
2.339999999999999858e+01
3.629999999999999716e+01
7.099999999999999645e+00
5.799999999999999822e+00
4.229999999999999716e+01
3.720000000000000284e+01
4.650000000000000000e+01
1.919999999999999929e+01
0.000000000000000000e+00
1.885000000000000000e+02
4.420000000000000284e+01
2.469999999999999929e+01
2.700000000000000000e+01
3.579999999999999716e+01
5.360000000000000142e+01
2.230000000000000071e+01
4.270000000000000284e+01
1.404000000000000057e+02
8.859999999999999432e+01
5.389999999999999858e+01
3.200000000000000000e+01
3.870000000000000284e+01
1.010000000000000000e+02
1.730000000000000071e+01
2.710000000000000142e+01
9.079999999999999716e+01
1.950000000000000000e+01
2.230000000000000071e+01
3.510000000000000142e+01
3.339999999999999858e+01
4.229999999999999716e+01
2.530000000000000071e+01
3.400000000000000000e+01
5.200000000000000178e+00
9.400000000000000355e+00
4.500000000000000000e+01
1.769999999999999929e+01
2.680000000000000071e+01
3.229999999999999716e+01
4.529999999999999716e+01
1.019999999999999929e+01
2.619999999999999929e+01
3.420000000000000284e+01
2.550000000000000000e+01
3.100000000000000089e+00
1.869999999999999929e+01
6.790000000000000568e+01
2.860000000000000142e+01
7.870000000000000284e+01
3.229999999999999716e+01
1.269999999999999929e+01
2.939999999999999858e+01
1.660000000000000142e+01
8.000000000000000000e+00
3.039999999999999858e+01
3.339999999999999858e+01
6.420000000000000284e+01
1.559999999999999964e+01
2.589999999999999858e+01
4.599999999999999645e+00
1.769999999999999929e+01
4.400000000000000000e+01
3.860000000000000142e+01
2.500000000000000000e+01
4.400000000000000000e+01
2.939999999999999858e+01
3.069999999999999929e+01
2.580000000000000071e+01
2.300000000000000000e+01
2.869999999999999929e+01
1.300000000000000000e+01
1.830000000000000071e+01
3.189999999999999858e+01
3.620000000000000284e+01
2.980000000000000071e+01
4.579999999999999716e+01
6.500000000000000000e+00
5.670000000000000284e+01
3.660000000000000142e+01
2.810000000000000142e+01
5.279999999999999716e+01
5.900000000000000000e+01
3.879999999999999716e+01
8.240000000000000568e+01
9.459999999999999432e+01
1.919999999999999929e+01
3.470000000000000284e+01
5.010000000000000142e+01
3.500000000000000000e+01
4.710000000000000142e+01
3.060000000000000142e+01
2.610000000000000142e+01
4.200000000000000000e+01
1.669999999999999929e+01
8.659999999999999432e+01
4.220000000000000284e+01
2.299999999999999822e+00
3.939999999999999858e+01
2.010000000000000142e+01
1.910000000000000142e+01
2.369999999999999929e+01
5.350000000000000000e+01
1.630000000000000071e+01
1.050000000000000000e+01
7.809999999999999432e+01
5.829999999999999716e+01
2.160000000000000142e+01
1.669999999999999929e+01
3.100000000000000000e+01
2.289999999999999858e+01
7.550000000000000000e+01
4.360000000000000142e+01
8.320000000000000284e+01
4.970000000000000284e+01
3.320000000000000284e+01
3.920000000000000284e+01
3.389999999999999858e+01
2.469999999999999929e+01
2.739999999999999858e+01
2.710000000000000142e+01
2.350000000000000000e+01
2.600000000000000089e+00
6.500000000000000000e+00
4.639999999999999858e+01
5.989999999999999858e+01
5.429999999999999716e+01
2.430000000000000071e+01
2.660000000000000142e+01
3.979999999999999716e+01
2.500000000000000000e+01
1.780000000000000071e+01
3.089999999999999858e+01
3.069999999999999929e+01
2.110000000000000142e+01
0.000000000000000000e+00
1.180000000000000071e+01
3.820000000000000284e+01
5.139999999999999858e+01
4.839999999999999858e+01
2.880000000000000071e+01
1.619999999999999929e+01
1.950000000000000000e+01
8.379999999999999716e+01
2.289999999999999858e+01
1.580000000000000071e+01
2.410000000000000142e+01
6.300000000000000000e+01
6.189999999999999858e+01
7.220000000000000284e+01
3.030000000000000071e+01
4.429999999999999716e+01
3.010000000000000142e+01
3.329999999999999716e+01
3.189999999999999858e+01
2.089999999999999858e+01
3.389999999999999858e+01
3.239999999999999858e+01
2.589999999999999858e+01
8.300000000000000711e+00
2.210000000000000142e+01
4.320000000000000284e+01
5.160000000000000142e+01
4.729999999999999716e+01
1.350000000000000000e+01
3.089999999999999858e+01
2.950000000000000000e+01
5.160000000000000142e+01
1.240000000000000036e+01
4.020000000000000284e+01
4.400000000000000000e+01
1.069999999999999929e+01
4.700000000000000178e+00
5.299999999999999822e+00
0.000000000000000000e+00
6.270000000000000284e+01
2.860000000000000142e+01
3.010000000000000142e+01
1.719999999999999929e+01
2.550000000000000000e+01
1.680000000000000071e+01
2.710000000000000142e+01
2.869999999999999929e+01
4.389999999999999858e+01
5.089999999999999858e+01
3.729999999999999716e+01
1.819999999999999929e+01
3.879999999999999716e+01
5.250000000000000000e+01
2.219999999999999929e+01
1.600000000000000000e+01
3.229999999999999716e+01
2.160000000000000142e+01
6.779999999999999716e+01
3.080000000000000071e+01
4.110000000000000142e+01
3.139999999999999858e+01
3.450000000000000000e+01
2.600000000000000000e+01
1.300000000000000000e+01
3.030000000000000071e+01
2.600000000000000000e+01
1.590000000000000036e+01
3.920000000000000284e+01
1.119999999999999929e+01
3.750000000000000000e+01
3.639999999999999858e+01
1.750000000000000000e+01
0.000000000000000000e+00
9.900000000000000355e+00
6.650000000000000000e+01
1.286999999999999886e+02
2.430000000000000071e+01
9.699999999999999289e+00
4.979999999999999716e+01
3.579999999999999716e+01
2.769999999999999929e+01
0.000000000000000000e+00
2.380000000000000071e+01
6.609999999999999432e+01
3.450000000000000000e+01
3.779999999999999716e+01
8.450000000000000000e+01
2.000000000000000000e+00
4.829999999999999716e+01
2.289999999999999858e+01
5.099999999999999645e+00
2.369999999999999929e+01
5.500000000000000000e+00
9.099999999999999645e+00
1.280000000000000071e+01
2.950000000000000000e+01
0.000000000000000000e+00
4.939999999999999858e+01
1.319999999999999929e+01
8.800000000000000000e+01
4.629999999999999716e+01
4.160000000000000142e+01
5.529999999999999716e+01
3.069999999999999929e+01
1.559999999999999964e+01
2.489999999999999858e+01
3.820000000000000284e+01
0.000000000000000000e+00
3.760000000000000142e+01
4.579999999999999716e+01
4.710000000000000142e+01
2.700000000000000000e+01
4.339999999999999858e+01
3.100000000000000000e+01
2.180000000000000071e+01
1.730000000000000071e+01
1.839999999999999858e+01
0.000000000000000000e+00
3.770000000000000284e+01
2.139999999999999858e+01
5.150000000000000000e+01
4.510000000000000142e+01
7.629999999999999716e+01
2.569999999999999929e+01
3.820000000000000284e+01
2.239999999999999858e+01
3.379999999999999716e+01
5.810000000000000142e+01
3.350000000000000000e+01
8.099999999999999645e+00
4.689999999999999858e+01
3.100000000000000000e+01
3.810000000000000142e+01
9.440000000000000568e+01
1.869999999999999929e+01
8.699999999999999289e+00
8.500000000000000000e+00
1.669999999999999929e+01
1.340000000000000036e+01
5.360000000000000142e+01
2.530000000000000071e+01
1.459999999999999964e+01
1.960000000000000142e+01
2.430000000000000071e+01
2.210000000000000142e+01
3.970000000000000284e+01
7.140000000000000568e+01
2.460000000000000142e+01
2.539999999999999858e+01
1.769999999999999929e+01
7.770000000000000284e+01
5.660000000000000142e+01
1.383000000000000114e+02
2.250000000000000000e+01
3.229999999999999716e+01
9.440000000000000568e+01
2.610000000000000142e+01
1.639999999999999858e+01
2.669999999999999929e+01
8.000000000000000000e+00
1.180000000000000071e+01
3.810000000000000142e+01
1.730000000000000071e+01
