1.236951450795518381e+00
1.223591460082038340e+00
1.016123770333784870e+00
1.324922023407295590e+00
1.078217369409744997e+00
1.234985277424016648e+00
1.177323755651411119e+00
1.205420209349650440e+00
1.144711139774361675e+00
1.252406547237296275e+00
1.097233558063291703e+00
1.223591460082038340e+00
1.176310739430783903e+00
1.270361557594412938e+00
1.278649724422853184e+00
1.282513395159593950e+00
1.283392752208063259e+00
1.135905296173369772e+00
1.296841800813240297e+00
1.265379409081093920e+00
1.262689237843739987e+00
1.135905296173369772e+00
1.077612623721884155e+00
1.116537007790116220e+00
1.141911442447717695e+00
1.285446061875523682e+00
1.309180406376626138e+00
1.017865523082701174e+00
1.289053578405293443e+00
1.016123770333784870e+00
1.279557812481545431e+00
1.301448409485070234e+00
1.234985277424016648e+00
1.022662698456375141e+00
1.022051504919090803e+00
1.097233558063291703e+00
1.296841800813240297e+00
1.072897629473114733e+00
1.072324377681880936e+00
1.161066995926423040e+00
1.129196389691779823e+00
1.244674550345740371e+00
1.265379409081093920e+00
1.016123770333784870e+00
1.279702155469043090e+00
1.219598565214494945e+00
1.072897629473114733e+00
1.301448409485070234e+00
1.165340028260900551e+00
1.309180406376626138e+00
1.234985277424016648e+00
1.244674550345740371e+00
1.235505152481610303e+00
1.019639220378103062e+00
1.165340028260900551e+00
1.177323755651411119e+00
1.112431682251144416e+00
1.145040756302402540e+00
1.141911442447717695e+00
1.259323985350263131e+00
1.284896934610618935e+00
1.231747666512424066e+00
1.278336725653967498e+00
1.173310866929446084e+00
1.193066289216358156e+00
1.107825073579314479e+00
1.258685138848432583e+00
1.178097777191822182e+00
1.280365319221368203e+00
1.144711139774361675e+00
1.252406547237296275e+00
1.240067941673910434e+00
1.251816644702816506e+00
1.205724610755730231e+00
1.198273133855231487e+00
1.168378984189291092e+00
1.074639382222030815e+00
1.210174749725303256e+00
1.193066289216358156e+00
1.118604874175757047e+00
1.141911442447717695e+00
1.136042854546713388e+00
1.228390492534375378e+00
1.177913223498976869e+00
1.149824357724584578e+00
1.078217369409744997e+00
1.017865523082701174e+00
1.156692097725779744e+00
1.081288830817142443e+00
1.198308854394495526e+00
1.019639220378103062e+00
1.177566415672408828e+00
1.173271606584322280e+00
1.126093568700702763e+00
1.178415664975565269e+00
1.135424463371972781e+00
1.252406547237296275e+00
1.234985277424016648e+00
1.175864029099051855e+00
1.201282082539442575e+00
1.244674550345740371e+00
1.240650000406989140e+00
1.176901057763773295e+00
1.289652041039986541e+00
1.191362768272331119e+00
1.012191503662857484e+00
1.296841800813240297e+00
1.178864106916952093e+00
1.091348591987442385e+00
1.234985277424016648e+00
1.022662698456375141e+00
1.226155301501099748e+00
1.248779875884712176e+00
1.205540524772465760e+00
1.244674550345740371e+00
1.071754875573527332e+00
1.102742409329420692e+00
1.144711139774361675e+00
1.266753627138459182e+00
1.200783220801154849e+00
1.235463479489589345e+00
1.071189173220260304e+00
1.120163679142700319e+00
1.279333306990130037e+00
1.288794741455127069e+00
1.208591545000939460e+00
1.190647678120552833e+00
1.150123420552296327e+00
1.244674550345740371e+00
1.072897629473114733e+00
1.321118407698703034e+00
1.218893955928580741e+00
1.295573950996707469e+00
1.234985277424016648e+00
1.319463096983070072e+00
1.177687263801399986e+00
1.234985277424016648e+00
1.141911442447717695e+00
1.156431398092673479e+00
1.240067941673910434e+00
1.128070276008533712e+00
1.208556159467085722e+00
1.132101680464777216e+00
1.232235450135324983e+00
1.270239069745819016e+00
1.072324377681880936e+00
1.078650604232642918e+00
1.286664278129648009e+00
1.147464884813168107e+00
1.201484998913691538e+00
1.152025937713448744e+00
1.286250285297217522e+00
1.190679267432414701e+00
1.080050899949390963e+00
1.178672633032383787e+00
1.204971907008359544e+00
1.197729956583362121e+00
1.280908225023477565e+00
1.178103430762148074e+00
1.301448409485070234e+00
1.291759136563346511e+00
1.255582691756492286e+00
1.013853461554956148e+00
1.097233558063291703e+00
1.286250285297217522e+00
1.074055181815396054e+00
1.260084877446025597e+00
1.206598216863914219e+00
1.198308854394495526e+00
1.194682183041911427e+00
1.187213625139883710e+00
1.016700721735692037e+00
1.301448409485070234e+00
1.305553735024042039e+00
1.225913735465253840e+00
1.187213625139883710e+00
1.254880781241396903e+00
1.204081567618166426e+00
1.074055181815396054e+00
1.072324377681880936e+00
1.020838764582554292e+00
1.167339305445216802e+00
1.077011177067044745e+00
1.097233558063291703e+00
1.154007417202621566e+00
1.265689969206613030e+00
1.124113725441886036e+00
1.240650000406989140e+00
1.079436557595705004e+00
1.317469768846044831e+00
1.238740024175380761e+00
1.248779875884712176e+00
1.248748327151306903e+00
1.102742409329420692e+00
1.128453041612119234e+00
1.070069368067811499e+00
1.258114273792900084e+00
1.078650604232642918e+00
1.118604874175757047e+00
1.248779875884712176e+00
1.129330488062135096e+00
1.068965362802187569e+00
1.217624381091903185e+00
1.236993298805963759e+00
1.167608470529980069e+00
1.271279533572948539e+00
1.176937538282030182e+00
1.248779875884712176e+00
1.141911442447717695e+00
1.234985277424016648e+00
1.233391424474093112e+00
1.229476426157887659e+00
1.259005391171852617e+00
1.135905296173369772e+00
1.016700721735692037e+00
1.254503815722691984e+00
1.296841800813240297e+00
1.240365835393810734e+00
1.014981016434197469e+00
1.284690286162741168e+00
1.198308854394495526e+00
1.229191211670230377e+00
1.276104404293339378e+00
1.131815592544648030e+00
1.248779875884712176e+00
1.178696664554754303e+00
1.296841800813240297e+00
1.279557812481545431e+00
1.097233558063291703e+00
1.291759136563346511e+00
1.144711139774361675e+00
1.264344548559373171e+00
1.305553735024042039e+00
1.305553735024042039e+00
1.147127768487873123e+00
1.167066085129767616e+00
1.227322083720551626e+00
1.234985277424016648e+00
1.085137583308387832e+00
1.129196389691779823e+00
1.175979820613303861e+00
1.148122451126772248e+00
1.206598216863914219e+00
1.160706764253126133e+00
1.190647678120552833e+00
1.286250285297217522e+00
1.071754875573527332e+00
1.244674550345740371e+00
1.229476426157887659e+00
1.214931897688422247e+00
1.234985277424016648e+00
1.289301309792401096e+00
1.206598216863914219e+00
1.144711139774361675e+00
1.080668341047272385e+00
1.237427969349175649e+00
1.178797461702615568e+00
1.020838764582554292e+00
1.168647753282805901e+00
1.178857076054673048e+00
1.022662698456375141e+00
1.274154310542313651e+00
1.229476426157887659e+00
1.287034021927413230e+00
1.210246855716572423e+00
1.141226330756529350e+00
1.072324377681880936e+00
1.075818381145255964e+00
1.224983235555551220e+00
1.070069368067811499e+00
1.172744716722125879e+00
1.248779875884712176e+00
1.079436557595705004e+00
1.288965199519590987e+00
1.198308854394495526e+00
1.199659413333664215e+00
1.120163679142700319e+00
1.221953867582852293e+00
1.234985277424016648e+00
1.076413079517433147e+00
1.171386552432958084e+00
1.156431398092673479e+00
1.292165834761825449e+00
1.228069364808744401e+00
1.188875539604107079e+00
1.120163679142700319e+00
1.254503815722691984e+00
1.141911442447717695e+00
1.198199796774372716e+00
1.219235885255012031e+00
1.265379409081093920e+00
1.149635759600923235e+00
1.085137583308387832e+00
1.074639382222030815e+00
1.201340414653570221e+00
1.258336436795298718e+00
1.211592276363812504e+00
1.018453272883389937e+00
1.178619717407364709e+00
1.244674550345740371e+00
1.213953970324358034e+00
1.180113682801226194e+00
1.152947619296529558e+00
1.074055181815396054e+00
1.236447283129364250e+00
1.172373992563728429e+00
1.124113725441886036e+00
1.244674550345740371e+00
1.173275521971500535e+00
1.194159416503701054e+00
1.071189173220260304e+00
1.221504818158451577e+00
1.226155301501099748e+00
1.248779875884712176e+00
1.146376223448068776e+00
1.102742409329420692e+00
1.280258228652510377e+00
1.187213625139883710e+00
1.164598932718644342e+00
1.173310866929446084e+00
1.305553735024042039e+00
1.244674550345740371e+00
1.253257172723828416e+00
1.129196389691779823e+00
1.133802998363609760e+00
1.134510759043863226e+00
1.149824357724584578e+00
1.155162902845971340e+00
1.206598216863914219e+00
1.240067941673910434e+00
1.301448409485070234e+00
1.147464884813168107e+00
1.164598932718644342e+00
1.097233558063291703e+00
1.221811492904095964e+00
1.190647678120552833e+00
1.280365319221368203e+00
1.221504818158451577e+00
1.129196389691779823e+00
1.107825073579314479e+00
1.282197483417086614e+00
1.025138460047465117e+00
1.176937538282030182e+00
1.244674550345740371e+00
1.076413079517433147e+00
1.071754875573527332e+00
1.204971907008359544e+00
1.112431682251144416e+00
1.268148164267965727e+00
1.154007417202621566e+00
1.135905296173369772e+00
1.268210231386281528e+00
1.252293274699523229e+00
1.260695909706715190e+00
1.245632357746224494e+00
1.264344548559373171e+00
1.247329813581936175e+00
1.074055181815396054e+00
1.204238743952497970e+00
1.258336436795298718e+00
1.027026416033051337e+00
1.254503815722691984e+00
1.252406547237296275e+00
1.020237317927714660e+00
1.192679155312699635e+00
1.230219687106508086e+00
1.177476064788453680e+00
1.182867427840032626e+00
1.081288830817142443e+00
1.292710568690624395e+00
1.130446369749144031e+00
1.148122451126772248e+00
1.244674550345740371e+00
1.102742409329420692e+00
1.178886303323122497e+00
1.254914164451381042e+00
1.246518824771567724e+00
1.229476426157887659e+00
1.178857076054673048e+00
1.016123770333784870e+00
1.272181119824470796e+00
1.234985277424016648e+00
1.243987484279213573e+00
1.204394285257998520e+00
1.120163679142700319e+00
1.085137583308387832e+00
1.091348591987442385e+00
1.264344548559373171e+00
1.240067941673910434e+00
1.013853461554956148e+00
1.136550821379614939e+00
1.165638170634878179e+00
1.120163679142700319e+00
1.234985277424016648e+00
1.143971478699866928e+00
1.231747666512424066e+00
1.075818381145255964e+00
1.248779875884712176e+00
1.198557242502786169e+00
1.016123770333784870e+00
1.174693002697382527e+00
1.075818381145255964e+00
1.229476426157887659e+00
1.202866845563618448e+00
1.079436557595705004e+00
1.312356550895822149e+00
1.083800275172381422e+00
1.133802998363609760e+00
1.178510288200748324e+00
1.017281322676066413e+00
1.148122451126772248e+00
1.091348591987442385e+00
1.225954577843213933e+00
1.283994035572529890e+00
1.286250285297217522e+00
1.020237317927714660e+00
1.276914499543494008e+00
1.012191503662857484e+00
1.291759136563346511e+00
1.135424463371972781e+00
1.131198856557622090e+00
1.182867427840032626e+00
1.071189173220260304e+00
1.208605549941764057e+00
1.077011177067044745e+00
1.016700721735692037e+00
1.267667331466568736e+00
1.217480623392455996e+00
1.077612623721884155e+00
1.180666411650572067e+00
1.263928423335844986e+00
1.234340274811738691e+00
1.124113725441886036e+00
1.097233558063291703e+00
1.261649821509887248e+00
1.168894451950863056e+00
