-1.557252413945741321e+00
1.210981652425759725e+00
2.704924315664798962e-01
-2.950953180621471272e+00
-1.231441966590287040e-01
-4.831456625815844230e-01
-2.727514476276899358e-01
1.432219129347115372e+00
-5.927442312365354127e-01
-4.927809610132024010e-01
6.688874805942294222e-01
-9.310746491267030134e-01
-4.186631990747562426e-01
-4.669148245121401697e-01
8.588496758466641623e-01
-9.078655637863930483e-02
-4.309424058832911908e-01
-3.856658615569362181e-01
9.935793985289638197e-01
-1.227079600520550873e+00
-1.672310956418369354e+00
8.161244014195230545e-02
3.546412578188071762e-01
4.679259066741432993e-01
-4.580505654057972498e-01
-5.465109972450593601e-01
-1.965423434831385485e+00
-1.241935073854744997e+00
1.126577456404785460e+00
2.074024080526212233e-01
-1.572978599548937151e+00
-2.850028822534165715e-02
-1.344309680488545988e-01
1.906267181459399551e-01
3.074857957409994902e-01
6.367371078725492239e-01
-1.673012023072060761e-01
5.082306601114628952e-01
3.476880011022676076e-01
-5.430757462454680606e+00
-2.094401102276205684e+00
3.443540981233188594e-03
1.041263091905526794e+00
3.226934621028083594e-01
-6.559762927743526331e-03
4.382282472078238289e-01
-4.896940048872735485e-01
1.123176005542939754e-01
-4.325526062677985673e-01
6.275479055049183463e-01
-2.094887313535225726e+00
-6.191198050077451054e-01
-4.438496977476475425e-01
-1.754424220381739508e+00
-4.424373407648924533e-02
6.071574862521004201e-01
-5.438132617344189068e-01
-1.474927723991231510e+00
3.042815779678552102e-01
-2.133806650774899491e-02
5.468474131020871314e-03
2.763540187791285185e-01
-2.018128444189553478e-02
2.902625386042423372e-02
1.374814106780338288e-02
-2.852945682639181912e-01
1.354012619453806299e-01
5.837590353763666418e-01
4.399770151083978176e-01
2.299151984105161084e-01
-6.556132528316332975e-01
-1.614363056777059269e+00
-3.115405451219611585e-02
3.967095405168820643e-01
1.034624808448113276e-01
-7.008512312648959020e-01
6.262843964034564559e-01
-1.090556168135741633e+00
7.882728202900326497e-01
-4.330432346216776196e+00
6.550259457784785022e-01
-1.759217485326503849e-01
6.844110885008418688e-01
-1.090930468508358731e+00
3.228233826190867739e-01
-2.886581920822265390e-01
5.011186155893190275e-01
9.486970506098518774e-01
-7.017266878768544380e-01
-2.820595901064534949e+00
-4.631769854672375120e-01
2.243220450307503167e-01
-1.173047093343910774e+00
2.101888621914962604e-02
-1.812281843050933761e+00
8.573756965876592195e-01
-2.716145509038421155e-02
-2.506277035426343502e+00
5.073045207794311118e-01
-4.420178248205382937e-02
-9.275044211131616700e-02
6.052488836239802161e-01
9.041445898410485627e-02
-8.887607372501442615e-01
-1.701463664707404955e-01
1.600573910785934306e-01
1.213627981843223624e+00
-8.709450673720311453e-01
-5.300948001729739456e-01
-1.784930340445619379e+00
7.228603568004091651e-01
-6.744664334950633000e-01
1.690467612747071583e-03
5.262695676527050226e-02
-7.779835006626368843e-01
3.560249460674285160e-01
-2.453304579819937936e-01
-5.533720659075161974e-01
1.212032397557165186e+00
-1.935632245142402175e+00
-1.078592527002457668e+00
3.436881429539692667e-01
-1.524297424952807178e+00
-5.964594392707526227e-01
-1.764028079945009486e-01
-1.054980893434702555e-01
-1.251784460926636498e-02
-4.795668686287660742e-01
-1.447525085439562043e+00
9.827151936093021511e-01
1.209673094934953896e+00
-5.641153148003262841e-01
2.193655834383125391e+00
5.010226306727703083e-01
3.015246389855383846e-01
-3.408039190074603764e-01
-4.611284598999139672e-01
7.506398529255259300e-01
-2.301742772998674746e-01
2.015120676623265994e-01
-1.967737079266955735e+00
-2.356969726619763783e+00
5.622637026214364342e-01
2.475753638800213541e-01
4.872206558307588531e-01
-1.080256634688941536e-01
-2.921517598419815620e+00
3.385058996887907234e+00
8.192434852890601027e-01
-2.796392825283168793e-01
4.238976543987961476e-02
-4.406745011114003574e-02
1.071489439478537919e+00
1.722513211101900713e-02
7.826026661350857783e-01
2.757253344669174044e+00
1.860233205977496196e+00
7.150741501997996963e-01
2.345116562931819082e-01
4.027303821580394128e-02
2.236988154554918840e+00
-1.245072683473047226e+00
3.824140010501851372e-01
1.593575831135367604e+00
-1.181128278287797206e+00
3.260721099276703977e-02
3.467576340619787229e-02
1.536624593961746776e-01
5.584628714753604450e-01
-2.193335167195794577e-01
2.533452983079126919e-01
-1.079112845632329121e+00
-2.457303313669812361e+00
3.303735565774589267e-01
-1.016377769539387188e+00
-1.068901112717067226e-01
-8.473233871700186493e-02
7.090417568906629553e-01
-6.831686841380089081e-01
1.980233541326121838e-01
6.077931925788244705e-01
-1.283507033482225446e-01
-1.610897361627452229e+00
-1.996896853153425633e-01
1.069541256545135433e+00
-3.833083054541146506e-01
1.911473000995258742e+00
-2.459905132104099959e-02
-5.064696947939547611e-01
-5.751540408440011243e-01
-1.065084267734102141e+00
-2.454791199952670588e+00
-1.608224802616706750e-01
3.773238938980115198e-01
1.066122242603932513e+00
-2.968415609900271201e-01
-4.210189312647792392e-01
-1.348116661735207389e+00
-4.407429005382776377e-01
5.516005657122867722e-01
8.083021050623742099e-01
1.592905238580720195e-01
6.017902743710697999e-01
-1.682429027869961624e-01
2.052273968605568821e-01
-5.197438757695274081e-01
-2.035180319706394736e-01
-2.968642445434356292e-01
-6.545762805051044131e-01
-1.050475469805443485e+00
-2.019183153964368080e-02
2.460044850109458225e-01
-2.354707323576438749e-01
6.432212560891666930e-01
-9.059276313400282943e-01
8.396469676709371610e-01
-5.002870890083190025e-02
-2.560181209197802121e-01
1.109264064778010317e+00
8.700226110754464282e-01
4.196215340663824733e-01
1.754916370870579279e+00
1.694314543094627368e+00
-4.573924666559569530e-01
7.095090480573998382e-02
1.102135478580517747e+00
-1.388748334111424565e-01
4.324856930750271000e-01
2.979767001104466906e-01
-6.785171538036424144e-01
7.463529704239025842e-01
-1.347076865059847472e+00
1.795766227175255025e+00
1.973603191900643872e-01
-3.495553660853986777e+00
6.780025579599230356e-01
-7.316564931569433661e-01
-9.756371274246625758e-01
6.524786323269808619e-02
1.206233961738839344e+00
-9.266090143966576598e-01
-8.596442263006032203e-01
1.590382811747606873e+00
1.496498431817939512e+00
-4.318667329407167577e-01
-1.450467473191026535e+00
3.730584278489480488e-01
-6.971527411283295894e-01
1.830181960681088293e+00
5.964319471993163591e-01
2.033010541967920304e+00
5.309009421348753754e-01
1.443893407242264892e-01
6.354062107421639682e-01
4.448775704615095528e-01
-4.133761100496747276e-01
-5.175657968220763461e-02
3.644931315593046839e-01
-2.508122746679674053e-01
-3.496139907300140237e+00
-9.212231462657088921e-01
5.426417295425769449e-01
1.304141397919837964e+00
7.039755263969245114e-01
-3.359513422568622953e-01
6.431561473431610110e-02
6.405726092486976331e-01
1.417090321375951978e-01
-9.056400846585899167e-01
3.739935607294890274e-01
1.821041267005056585e-01
-8.641989735985178278e-01
-2.885363588054159933e+00
-1.756927826784917546e+00
3.948320501197568611e-01
1.060009754207324573e+00
7.481405081285491532e-01
-1.409514794956729100e-01
-1.260420740965047415e+00
-1.036790935472118869e-01
2.241845736834396252e+00
-2.677105341450164988e-01
-1.354737547419778920e+00
-4.526095011732356732e-01
8.857269143640406073e-01
1.042649567902824037e+00
1.267960076039929440e+00
1.714010424449593506e-01
6.929118944078973552e-01
-6.339643361187469184e-02
-6.968197931851587146e-02
3.568743747607021621e-01
-5.996123467709978810e-02
4.603449286915213268e-01
1.264090391516619893e-01
-5.351057944206003558e-01
-1.753022644704995914e+00
1.664043791896350766e-01
8.057621705824666858e-01
9.071635907172104218e-01
7.469415791833449170e-01
-7.197508264349589124e-01
2.831707669867410404e-01
3.153760410401373893e-01
8.148455875627971245e-01
-1.344242517685568350e+00
7.523688759569290285e-01
5.709768646759035837e-01
-1.573622601766990536e+00
-2.336115935712292924e+00
-1.204368249514287781e+00
-5.702847241463596895e+00
1.355946291286111105e+00
-3.034961150206433866e-01
2.389587231617154861e-01
-2.939326632063708478e-01
-5.749732424509422790e-01
-7.669010310024831911e-01
-4.382371360026385797e-03
3.267882092756044937e-02
2.789201399255405445e-01
8.778962419023877972e-01
1.667463587167072325e-01
-4.420336572287902333e-01
6.596353236223907457e-01
8.064710084481299113e-01
-2.410376753768377622e-01
-8.630507360358291580e-01
1.021010362710234876e-01
-7.810710917653271856e-01
1.242690991171895298e+00
2.495079347924101520e-01
4.452721641097209249e-01
3.254137717302850175e-01
1.782045437775572061e-01
-1.643288727552909556e-01
-1.841971080228622881e+00
-6.148147183130086429e-02
6.431946270478121341e-02
-3.811419192940519451e-01
1.353179497905667994e-01
-4.772853435476737682e-01
3.109163301988625561e-01
1.852551712645973125e-01
-2.063328371660514415e-01
-2.865656150818294723e+00
-1.514747142819830472e+00
1.151545865700667859e+00
2.968293132591601768e+00
-8.851335633194248875e-02
-8.962237488069179081e-01
6.203324566588095390e-01
1.000928184081950750e-01
-4.202752057598906354e-01
-5.247982497969107207e+00
-7.196418085345046567e-01
1.240771205213133443e+00
4.806225566204596622e-01
3.560696407177978418e-01
1.959789596362900399e+00
-1.773376149698605131e+00
5.675609354140702667e-01
-7.336461889522177815e-01
-1.102956266164895283e+00
-2.143035999145231907e-01
-2.779555111165746606e+00
-1.833501137600842323e+00
-7.749953625301606586e-01
2.968180373012919704e-01
-5.439377164297664713e+00
7.453054658989197723e-01
-6.569419079467019307e-01
2.121712658281079911e+00
7.419534738971305110e-01
7.304569364153317146e-01
8.687253634170116756e-01
-1.354787046247413196e-01
-1.298471218055690102e+00
-2.222737562082949814e-01
7.396360467070903777e-01
-5.355915474976311152e+00
2.958948626794035142e-01
5.185342057393410586e-01
7.781209715734261900e-01
1.073012387731529238e-01
7.135170370333132617e-01
3.270637110831302041e-01
-8.790678005277576812e-01
-1.171846228447218641e+00
1.478473868388808458e-03
-3.072027676692884679e+00
5.995268210351606397e-01
-1.276968797166497804e-01
9.487331274292083449e-01
1.046981316938535356e+00
1.758957352969679810e+00
1.695463007792842591e-01
2.626265761068225513e-01
-4.955631965530072902e-01
6.073118699698982770e-01
1.426314605876943364e+00
4.446534384100929160e-01
-2.344964154765322384e+00
8.600070315697304624e-01
3.533509906130829492e-01
-4.272124188579750487e-02
1.658775619328746842e+00
-4.218974617020425089e-01
-1.903862937282597256e+00
-6.905673958170615023e-01
-4.397994061506737551e-01
-4.957505068566850914e-01
9.280790139276421380e-01
-6.027441408291811520e-01
-1.677804463946994895e+00
4.534468988761831271e-02
-6.381050255137347138e-01
1.824690149741987899e-01
1.376709090671351110e-01
1.181233980963108499e+00
-2.905901498285719600e-02
-1.184920100788208613e-01
-1.822484955049291644e-01
1.573412483898830150e+00
1.032198524220046654e+00
2.362214147422321275e+00
-8.376577912247772373e-01
7.454448831292245781e-02
1.674650105183020266e+00
-1.328069410515303195e-01
-1.185328276226164990e+00
-2.877629179174737706e-01
-1.471352676859452036e+00
-6.249857787147581334e-01
1.693477347701106972e-01
-7.973442874162535166e-01
