2.796000000000000227e+02
6.043999999999999773e+02
3.603000000000000114e+02
5.502000000000000455e+02
4.268000000000000114e+02
2.923999999999999773e+02
3.183999999999999773e+02
7.402000000000000455e+02
5.352000000000000455e+02
3.036999999999999886e+02
7.355000000000000000e+02
4.708000000000000114e+02
4.738999999999999773e+02
3.903999999999999773e+02
6.931000000000000227e+02
4.613000000000000114e+02
3.646000000000000227e+02
4.456999999999999886e+02
4.335000000000000000e+02
7.071000000000000227e+02
5.217000000000000455e+02
6.362000000000000455e+02
2.738000000000000114e+02
2.966999999999999886e+02
4.983999999999999773e+02
4.143000000000000114e+02
4.408999999999999773e+02
3.963999999999999773e+02
2.064000000000000057e+02
6.046000000000000227e+02
4.188000000000000114e+02
3.993999999999999773e+02
8.241000000000000227e+02
6.046000000000000227e+02
2.810000000000000000e+02
3.633000000000000114e+02
4.223000000000000114e+02
3.561999999999999886e+02
3.960000000000000000e+02
4.166000000000000227e+02
3.065000000000000000e+02
2.871000000000000227e+02
1.351200000000000045e+03
2.810000000000000000e+02
5.337999999999999545e+02
7.346000000000000227e+02
4.395000000000000000e+02
4.321999999999999886e+02
3.256000000000000227e+02
4.471000000000000227e+02
4.720000000000000000e+02
4.376000000000000227e+02
3.638999999999999773e+02
1.814000000000000057e+02
5.028000000000000114e+02
7.066000000000000227e+02
3.286999999999999886e+02
5.368999999999999773e+02
2.520000000000000000e+02
4.158000000000000114e+02
7.902999999999999545e+02
2.941999999999999886e+02
4.641000000000000227e+02
2.720000000000000000e+02
8.542999999999999545e+02
3.073999999999999773e+02
3.951000000000000227e+02
7.527000000000000455e+02
4.566000000000000227e+02
3.763999999999999773e+02
4.248999999999999773e+02
5.658999999999999773e+02
5.371000000000000227e+02
5.041000000000000227e+02
3.656999999999999886e+02
6.456000000000000227e+02
2.880000000000000000e+02
1.150200000000000045e+03
6.320000000000000000e+02
2.865000000000000000e+02
7.217999999999999545e+02
3.545000000000000000e+02
7.787999999999999545e+02
3.848999999999999773e+02
5.078999999999999773e+02
2.998000000000000114e+02
2.393000000000000114e+02
6.696000000000000227e+02
2.121999999999999886e+02
2.923000000000000114e+02
2.126999999999999886e+02
7.088999999999999773e+02
4.633999999999999773e+02
8.397999999999999545e+02
3.288000000000000114e+02
5.173999999999999773e+02
3.681999999999999886e+02
2.710000000000000000e+02
3.761000000000000227e+02
2.775000000000000000e+02
6.183999999999999773e+02
8.472999999999999545e+02
3.116000000000000227e+02
6.457999999999999545e+02
5.725000000000000000e+02
3.378000000000000114e+02
5.131000000000000227e+02
4.551000000000000227e+02
4.021999999999999886e+02
4.038999999999999773e+02
4.518000000000000114e+02
6.062999999999999545e+02
4.006000000000000227e+02
2.783999999999999773e+02
4.986000000000000227e+02
5.006000000000000227e+02
2.681000000000000227e+02
2.798999999999999773e+02
5.497000000000000455e+02
4.141000000000000227e+02
4.226000000000000227e+02
7.777999999999999545e+02
3.775000000000000000e+02
4.176999999999999886e+02
4.100000000000000000e+02
1.035500000000000000e+03
5.332999999999999545e+02
4.848000000000000114e+02
3.093000000000000114e+02
3.495000000000000000e+02
3.623000000000000114e+02
2.815000000000000000e+02
3.461000000000000227e+02
7.663999999999999773e+02
9.767000000000000455e+02
2.445999999999999943e+02
3.568999999999999773e+02
4.098999999999999773e+02
3.580000000000000000e+02
7.912999999999999545e+02
5.583999999999999773e+02
2.581000000000000227e+02
3.276000000000000227e+02
2.971000000000000227e+02
3.248000000000000114e+02
4.268000000000000114e+02
3.241000000000000227e+02
4.566000000000000227e+02
4.123999999999999773e+02
5.917999999999999545e+02
2.611999999999999886e+02
4.566000000000000227e+02
5.155000000000000000e+02
8.603999999999999773e+02
1.698000000000000114e+02
5.096000000000000227e+02
7.972999999999999545e+02
5.371000000000000227e+02
3.126999999999999886e+02
6.276000000000000227e+02
9.765000000000000000e+02
5.125000000000000000e+02
2.545999999999999943e+02
4.611000000000000227e+02
5.195000000000000000e+02
8.603999999999999773e+02
4.100000000000000000e+02
4.293000000000000114e+02
3.295000000000000000e+02
3.946000000000000227e+02
5.806000000000000227e+02
3.418999999999999773e+02
2.605000000000000000e+02
5.292999999999999545e+02
6.457000000000000455e+02
6.086000000000000227e+02
4.888000000000000114e+02
2.831000000000000227e+02
2.121999999999999886e+02
4.208000000000000114e+02
2.459000000000000057e+02
3.833000000000000114e+02
4.756000000000000227e+02
5.701000000000000227e+02
5.295000000000000000e+02
3.781999999999999886e+02
6.116000000000000227e+02
6.278999999999999773e+02
4.395000000000000000e+02
5.630000000000000000e+02
4.671000000000000227e+02
5.480000000000000000e+02
3.578000000000000114e+02
4.613000000000000114e+02
5.666000000000000227e+02
3.541999999999999886e+02
7.997000000000000455e+02
6.115000000000000000e+02
2.444000000000000057e+02
4.888000000000000114e+02
4.028999999999999773e+02
3.931999999999999886e+02
4.516999999999999886e+02
2.310000000000000000e+02
7.296000000000000227e+02
4.361999999999999886e+02
7.617999999999999545e+02
2.690000000000000000e+02
4.643999999999999773e+02
2.948999999999999773e+02
3.883000000000000114e+02
3.298000000000000114e+02
3.353000000000000114e+02
3.893000000000000114e+02
4.056000000000000227e+02
1.021299999999999955e+03
6.780000000000000000e+02
3.260000000000000000e+02
3.243000000000000114e+02
5.011999999999999886e+02
4.828999999999999773e+02
4.201999999999999886e+02
8.595000000000000000e+02
2.943999999999999773e+02
5.053000000000000114e+02
2.901999999999999886e+02
6.202999999999999545e+02
8.630000000000000000e+02
4.061000000000000227e+02
5.686000000000000227e+02
2.911999999999999886e+02
4.631999999999999886e+02
8.098999999999999773e+02
7.216000000000000227e+02
3.575000000000000000e+02
5.105000000000000000e+02
2.486999999999999886e+02
5.685000000000000000e+02
4.310000000000000000e+02
5.211000000000000227e+02
3.743000000000000114e+02
3.803999999999999773e+02
3.393000000000000114e+02
2.430999999999999943e+02
5.187000000000000455e+02
4.711000000000000227e+02
5.427000000000000455e+02
2.791000000000000227e+02
3.315000000000000000e+02
4.071000000000000227e+02
4.935000000000000000e+02
9.335000000000000000e+02
4.171999999999999886e+02
3.671999999999999886e+02
4.441000000000000227e+02
5.832000000000000455e+02
3.220000000000000000e+02
2.545999999999999943e+02
4.481999999999999886e+02
5.167000000000000455e+02
4.056000000000000227e+02
4.168999999999999773e+02
6.940000000000000000e+02
3.001999999999999886e+02
5.843999999999999773e+02
4.746000000000000227e+02
5.337000000000000455e+02
3.931999999999999886e+02
4.738999999999999773e+02
2.738000000000000114e+02
1.775999999999999943e+02
4.830000000000000000e+02
4.735000000000000000e+02
5.727000000000000455e+02
4.636000000000000227e+02
3.673999999999999773e+02
4.956000000000000227e+02
3.053000000000000114e+02
5.695000000000000000e+02
3.866999999999999886e+02
4.371000000000000227e+02
4.573999999999999773e+02
5.331000000000000227e+02
2.216999999999999886e+02
8.983999999999999773e+02
3.078000000000000114e+02
7.837999999999999545e+02
5.825000000000000000e+02
3.323000000000000114e+02
2.795000000000000000e+02
1.317000000000000000e+03
2.733000000000000114e+02
4.046000000000000227e+02
4.441000000000000227e+02
3.901000000000000227e+02
4.716000000000000227e+02
2.926000000000000227e+02
4.208000000000000114e+02
8.013999999999999773e+02
5.051999999999999886e+02
3.860000000000000000e+02
5.420000000000000000e+02
3.090000000000000000e+02
3.921999999999999886e+02
4.680000000000000000e+02
4.426000000000000227e+02
3.061000000000000227e+02
4.053999999999999773e+02
2.998999999999999773e+02
8.802000000000000455e+02
4.671000000000000227e+02
2.563999999999999773e+02
4.618999999999999773e+02
3.381000000000000227e+02
4.263000000000000114e+02
5.505000000000000000e+02
3.403000000000000114e+02
8.491000000000000227e+02
4.773999999999999773e+02
3.483999999999999773e+02
3.856000000000000227e+02
3.585000000000000000e+02
2.661000000000000227e+02
2.953000000000000114e+02
2.195999999999999943e+02
5.350000000000000000e+02
1.746999999999999886e+02
2.170999999999999943e+02
4.731000000000000227e+02
2.816000000000000227e+02
6.711000000000000227e+02
3.453999999999999773e+02
3.568000000000000114e+02
4.573999999999999773e+02
3.838000000000000114e+02
6.378999999999999773e+02
3.868000000000000114e+02
3.651000000000000227e+02
3.413999999999999773e+02
4.588000000000000114e+02
4.001000000000000227e+02
2.126999999999999886e+02
5.677999999999999545e+02
5.876000000000000227e+02
2.950000000000000000e+02
4.735000000000000000e+02
9.993999999999999773e+02
4.173000000000000114e+02
5.587000000000000455e+02
1.628000000000000114e+02
4.065000000000000000e+02
3.898999999999999773e+02
5.185000000000000000e+02
7.412000000000000455e+02
6.931000000000000227e+02
5.241000000000000227e+02
5.333999999999999773e+02
4.561000000000000227e+02
2.911000000000000227e+02
4.265000000000000000e+02
1.814000000000000057e+02
5.347999999999999545e+02
6.426000000000000227e+02
5.287000000000000455e+02
5.918999999999999773e+02
6.107999999999999545e+02
4.975000000000000000e+02
2.045999999999999943e+02
3.921999999999999886e+02
3.453999999999999773e+02
3.996000000000000227e+02
3.315000000000000000e+02
4.676000000000000227e+02
5.631000000000000227e+02
3.771000000000000227e+02
8.028999999999999773e+02
4.846999999999999886e+02
2.875000000000000000e+02
2.951000000000000227e+02
4.518000000000000114e+02
5.902999999999999545e+02
3.973999999999999773e+02
8.753999999999999773e+02
4.251999999999999886e+02
4.306000000000000227e+02
6.245000000000000000e+02
6.317999999999999545e+02
4.616000000000000227e+02
6.011000000000000227e+02
4.218000000000000114e+02
3.578999999999999773e+02
2.094000000000000057e+02
3.178999999999999773e+02
4.178000000000000114e+02
2.923000000000000114e+02
2.730000000000000000e+02
5.497000000000000455e+02
2.540000000000000000e+02
2.890000000000000000e+02
6.353999999999999773e+02
3.233999999999999773e+02
3.248000000000000114e+02
3.906000000000000227e+02
4.063999999999999773e+02
5.427000000000000455e+02
3.863999999999999773e+02
8.083999999999999773e+02
3.803999999999999773e+02
5.511000000000000227e+02
3.153000000000000114e+02
3.688999999999999773e+02
6.452999999999999545e+02
5.456000000000000227e+02
4.146000000000000227e+02
5.522999999999999545e+02
2.438000000000000114e+02
5.216000000000000227e+02
4.208000000000000114e+02
4.245000000000000000e+02
3.231999999999999886e+02
2.691999999999999886e+02
5.435000000000000000e+02
3.188000000000000114e+02
8.647000000000000455e+02
4.156000000000000227e+02
3.491999999999999886e+02
3.520000000000000000e+02
6.777999999999999545e+02
8.083999999999999773e+02
4.546000000000000227e+02
4.106000000000000227e+02
5.091999999999999886e+02
3.576000000000000227e+02
4.810000000000000000e+02
6.902999999999999545e+02
2.534000000000000057e+02
