2.964112773784227439e+00
2.812803305749751459e+00
2.606778306882257201e+00
3.108052666787280316e+00
2.783575167272264839e+00
2.838515058893618548e+00
2.811113113221114901e+00
2.901574809754162043e+00
2.858075491601868912e+00
2.880662908931900912e+00
2.771049665901826664e+00
2.812803305749751459e+00
2.805794605565576916e+00
3.075893224978639040e+00
3.095783702912509927e+00
3.105431082682156507e+00
3.107675351247250362e+00
2.880527552530307567e+00
3.023030780324552858e+00
3.486906467584901748e+00
2.909991077409349813e+00
2.880527552530307567e+00
2.783046340599420798e+00
2.816592759376755239e+00
2.917033154988746713e+00
3.113005241158718572e+00
3.053303383592966380e+00
2.608010676306131259e+00
3.122772360733323982e+00
2.606778306882257201e+00
3.558082474732163991e+00
3.034045853480433763e+00
2.838515058893618548e+00
2.612040892621096955e+00
2.611479753258870939e+00
2.771049665901826664e+00
3.023030780324552858e+00
2.779418781543322670e+00
2.779043047356251517e+00
2.759113729512173485e+00
2.819431327039220392e+00
2.861405378819368295e+00
3.486906467584901748e+00
2.606778306882257201e+00
3.098381242367497013e+00
2.917586514489676208e+00
2.779418781543322670e+00
3.034045853480433763e+00
2.770255161061599747e+00
3.053303383592966380e+00
2.838515058893618548e+00
2.861405378819368295e+00
2.959547313156293491e+00
2.609397535558243497e+00
2.770255161061599747e+00
2.811113113221114901e+00
2.806520739223461014e+00
2.720538346172158839e+00
2.917033154988746713e+00
3.050568037899867857e+00
3.111566376720400928e+00
2.972702391112449050e+00
3.095014999779139853e+00
2.989233234037820708e+00
3.057479319307945698e+00
2.795505666067580108e+00
3.049137385093013464e+00
2.854607307310510933e+00
2.985443780410816927e+00
2.858075491601868912e+00
2.880662908931900912e+00
2.850390305663487389e+00
3.033985367303382308e+00
2.885091774024890920e+00
2.868419147066588959e+00
2.806517355191324725e+00
2.780651150967196727e+00
2.912863822022838889e+00
3.057479319307945698e+00
2.794975326873466948e+00
2.917033154988746713e+00
2.700135085832206183e+00
2.939625290065957852e+00
2.860935849221124982e+00
2.872667014311540701e+00
2.783575167272264839e+00
2.608010676306131259e+00
2.899981026481845081e+00
2.786459705053422109e+00
3.022344404968699383e+00
2.609397535558243497e+00
3.141223534857975341e+00
2.816082095100845173e+00
2.841780004788513558e+00
2.826387940935364274e+00
2.903267443358320765e+00
2.880662908931900912e+00
2.838515058893618548e+00
2.803762992470930193e+00
2.891949931497286741e+00
2.861405378819368295e+00
3.351560770911961473e+00
2.808740786820279833e+00
3.124459007237889718e+00
2.853397327752961843e+00
2.604527119811246738e+00
3.023030780324552858e+00
2.833580072296245866e+00
2.757918666153844178e+00
2.838515058893618548e+00
2.612040892621096955e+00
2.954189141371782235e+00
2.871477398972662520e+00
2.884673788783582271e+00
2.861405378819368295e+00
2.778685099746747156e+00
2.783630419297711267e+00
2.858075491601868912e+00
2.926234361653426763e+00
2.873979662990683970e+00
2.959419650490814124e+00
2.778345093975083557e+00
2.825778269335993631e+00
3.097468551630630618e+00
3.122049762810025442e+00
3.051672573446148284e+00
3.217647172491976182e+00
2.732413592942027680e+00
2.861405378819368295e+00
2.779418781543322670e+00
3.088472933995163316e+00
2.934445944830737396e+00
3.143104467445620998e+00
2.838515058893618548e+00
3.082631552070415282e+00
2.813419819360899687e+00
2.838515058893618548e+00
2.917033154988746713e+00
2.747568499320371949e+00
2.850390305663487389e+00
2.682666555240456052e+00
2.948612126840801650e+00
2.860947819738190567e+00
2.950008015167290498e+00
3.075605487019169804e+00
2.779043047356251517e+00
2.730626968697255297e+00
3.116237512172816970e+00
2.865705665760153842e+00
3.030715966262934824e+00
2.736931371493333209e+00
2.998574780158799413e+00
2.851934257227589864e+00
2.785258430098668025e+00
2.823019632598704476e+00
3.295323385247962644e+00
3.256687192513552542e+00
3.101384399454829133e+00
2.816556235561946675e+00
3.034045853480433763e+00
3.011155533554684016e+00
2.889034470226135909e+00
2.605382710640468780e+00
2.771049665901826664e+00
2.998574780158799413e+00
2.780222988609069024e+00
3.052276822860070737e+00
3.045307488972606169e+00
3.022344404968699383e+00
3.013158895009460991e+00
3.198199780707145390e+00
2.607171672386620731e+00
3.034045853480433763e+00
3.044117873633727989e+00
2.953483736028594819e+00
3.198199780707145390e+00
3.040693388302771805e+00
2.881372193240012258e+00
2.780222988609069024e+00
2.779043047356251517e+00
2.610405865938355330e+00
2.775720184518101874e+00
2.782533903161677369e+00
2.771049665901826664e+00
2.943690140562892132e+00
2.921222700239106018e+00
2.807556080269351551e+00
3.351560770911961473e+00
2.784681367282162423e+00
3.076266467596873166e+00
2.970245285875795727e+00
2.871477398972662520e+00
3.027350648889799878e+00
2.783630419297711267e+00
2.848741353339900417e+00
2.777719528986373199e+00
3.448741052644447525e+00
2.730626968697255297e+00
2.794975326873466948e+00
2.871477398972662520e+00
2.685390638501888194e+00
2.777167594472312206e+00
2.912830161912000282e+00
2.964249288067295485e+00
2.776472407653772123e+00
3.078054869086420897e+00
2.998418743997059099e+00
2.871477398972662520e+00
2.917033154988746713e+00
2.838515058893618548e+00
2.979922594716029050e+00
2.825934305497733945e+00
3.049854107751714505e+00
2.880527552530307567e+00
2.607171672386620731e+00
3.429327667174618011e+00
3.023030780324552858e+00
3.009646732585868012e+00
2.606044625085681687e+00
3.111027580928241054e+00
3.022344404968699383e+00
2.941734750072905857e+00
3.541156879245698885e+00
2.690803206476188869e+00
2.871477398972662520e+00
2.823442491577476066e+00
3.023030780324552858e+00
3.558082474732163991e+00
2.771049665901826664e+00
3.011155533554684016e+00
2.858075491601868912e+00
2.915832459334097848e+00
3.044117873633727989e+00
3.044117873633727989e+00
2.725381800250567643e+00
2.774960982880246618e+00
2.936845201989575660e+00
2.838515058893618548e+00
2.744392680327681244e+00
2.819431327039220392e+00
2.804276284190835966e+00
2.930559140814909647e+00
3.045307488972606169e+00
2.758199719909513625e+00
3.217647172491976182e+00
2.998574780158799413e+00
2.778685099746747156e+00
2.861405378819368295e+00
2.825934305497733945e+00
2.906421235320439056e+00
2.838515058893618548e+00
3.123467771539770954e+00
3.045307488972606169e+00
2.858075491601868912e+00
2.785851261109178800e+00
3.332538815167751967e+00
2.836616853639728042e+00
2.610405865938355330e+00
2.807036587194347899e+00
2.834009872543019171e+00
2.612040892621096955e+00
2.971917794584653993e+00
2.825934305497733945e+00
3.117230590627443565e+00
3.057513955370896319e+00
2.711796659004473309e+00
2.779043047356251517e+00
2.781558817032590447e+00
2.930876367456030085e+00
2.777719528986373199e+00
2.792014364687890104e+00
2.871477398972662520e+00
2.784681367282162423e+00
3.122525182627947871e+00
3.022344404968699383e+00
2.888222485694653230e+00
2.825778269335993631e+00
2.923335060848343936e+00
2.838515058893618548e+00
2.782038010219308966e+00
2.787618111735012949e+00
2.747568499320371949e+00
3.131841525606830157e+00
2.938785724447891212e+00
3.033588294399256036e+00
2.825778269335993631e+00
3.429327667174618011e+00
2.917033154988746713e+00
2.931275315673202986e+00
2.935326670871506671e+00
3.486906467584901748e+00
2.731262240981018330e+00
2.744392680327681244e+00
2.780651150967196727e+00
3.276100577983382056e+00
2.896664644384420839e+00
3.062904196275904933e+00
2.608456004200729872e+00
2.822171845132158907e+00
2.861405378819368295e+00
2.904114136807020685e+00
3.006790305291294541e+00
2.739135509549512015e+00
2.780222988609069024e+00
2.962489147068750661e+00
2.790785565966014570e+00
2.807556080269351551e+00
2.861405378819368295e+00
2.793818466483365626e+00
3.237172850221931242e+00
2.778345093975083557e+00
2.941267910976318234e+00
2.954189141371782235e+00
2.871477398972662520e+00
2.766736505371754529e+00
2.783630419297711267e+00
3.099762195651270869e+00
3.198199780707145390e+00
2.968146140728645577e+00
2.989233234037820708e+00
3.044117873633727989e+00
2.861405378819368295e+00
3.037128705208816726e+00
2.819431327039220392e+00
2.830446400195101297e+00
2.871349722057519482e+00
2.872667014311540701e+00
2.744477829075548492e+00
3.045307488972606169e+00
2.850390305663487389e+00
3.034045853480433763e+00
2.865705665760153842e+00
2.968146140728645577e+00
2.771049665901826664e+00
2.942085552846700480e+00
3.217647172491976182e+00
2.985443780410816927e+00
2.941267910976318234e+00
2.819431327039220392e+00
2.795505666067580108e+00
3.104629772855675984e+00
2.614443132010056736e+00
2.998418743997059099e+00
2.861405378819368295e+00
2.782038010219308966e+00
2.778685099746747156e+00
3.295323385247962644e+00
2.806520739223461014e+00
2.935412192126214848e+00
2.943690140562892132e+00
2.880527552530307567e+00
3.070862689699081827e+00
3.035023394878971548e+00
2.903625992935807698e+00
3.020697280362379278e+00
2.915832459334097848e+00
3.024311209786340715e+00
2.780222988609069024e+00
3.038346140421219310e+00
2.896664644384420839e+00
2.616406030301167362e+00
3.429327667174618011e+00
2.880662908931900912e+00
2.609893428500611456e+00
3.053168027191373035e+00
2.967050172979083023e+00
2.812043162177652267e+00
3.014420479449579027e+00
2.786459705053422109e+00
3.133521618700343847e+00
2.855106437813442533e+00
2.930559140814909647e+00
2.861405378819368295e+00
2.783630419297711267e+00
2.831022847332532066e+00
3.040766925792443232e+00
3.022581435513955750e+00
2.825934305497733945e+00
2.834009872543019171e+00
2.606778306882257201e+00
3.080187049524456544e+00
2.838515058893618548e+00
3.370840255368210858e+00
2.882078214728101440e+00
2.825778269335993631e+00
2.744392680327681244e+00
2.757918666153844178e+00
2.915832459334097848e+00
2.850390305663487389e+00
2.605382710640468780e+00
2.897532966865942416e+00
2.771057757504676200e+00
2.825778269335993631e+00
2.838515058893618548e+00
2.718073667694297590e+00
2.972702391112449050e+00
2.781558817032590447e+00
2.871477398972662520e+00
2.885705092933284810e+00
2.606778306882257201e+00
2.798967564106289885e+00
2.781558817032590447e+00
2.825934305497733945e+00
2.895615279046044765e+00
2.784681367282162423e+00
3.061674944887201821e+00
2.789046504962232831e+00
2.830446400195101297e+00
2.844379125118584373e+00
2.607582513948003111e+00
2.930559140814909647e+00
2.757918666153844178e+00
2.933337521913906176e+00
3.109222409920695984e+00
2.998574780158799413e+00
2.609893428500611456e+00
3.091542381856317245e+00
2.604527119811246738e+00
3.011155533554684016e+00
2.903267443358320765e+00
2.689454902451868357e+00
3.014420479449579027e+00
2.778345093975083557e+00
3.314265992923836279e+00
2.782533903161677369e+00
2.607171672386620731e+00
2.958152082954228046e+00
2.930840194570579094e+00
2.783046340599420798e+00
2.830974933476983146e+00
3.060989924008703067e+00
3.313864009519040810e+00
2.807556080269351551e+00
2.771049665901826664e+00
3.055807930815285012e+00
2.780131385452860648e+00
