-1.476870226905103500e+00
1.215006659155829061e+00
4.767173766934879042e-01
-1.096211032061794044e-01
3.123643777379204178e-01
-9.317344636651117007e-01
-5.766062278802208674e-01
1.455637207583682535e+00
4.917448688315662619e-01
-9.813667605770005631e-01
2.174411078074977688e+00
4.647577344599673754e-01
4.781625846551670889e-01
-9.841036743596767167e-01
6.483440875158619221e-01
-6.175024707852319050e-01
-1.281678519971517938e+00
7.513866218530303176e-02
-5.112022710080470489e-01
-4.710605306163862527e-01
4.260443325014378613e-01
1.245301773158525416e+00
-9.907335091466334953e-01
-8.946875512469583125e-01
2.909415229048216700e-01
-9.485363983196910542e-01
-5.691778837957957027e-01
7.596884039102790309e-01
-2.771403310192185110e+00
2.122609198380641882e+00
-1.786419143897788553e+00
-7.809641274023165769e-01
2.124653309344963770e+00
2.102383635910817894e+00
-2.589502941799536329e-01
-1.299983836461540421e-01
-5.855490386002427661e-01
-2.208114676326904668e-01
9.928590665491378309e-02
2.848190800830481262e-01
-5.330178651156148861e-01
-1.059253426545446741e+00
1.160278579002316013e+00
-2.408813444074238141e-01
-1.656654811872629030e-01
1.456196553401824856e+00
4.197615061653384161e-01
-5.584406470664068367e-01
-3.860541879120530373e-01
-5.291446991536060684e-01
3.818711707111857034e-01
8.325634377353764715e-02
-7.704928988117338839e-01
-1.411948710519961292e+00
7.589784133748532780e-01
1.612652036099711639e+00
-5.614976016740194087e-01
1.107230199697599504e+00
-1.735200484577684943e+00
-7.207618910438278181e-01
1.018496762474019546e+00
-1.304407275055892379e+00
-5.637894573803471365e-01
-1.802711409625687544e+00
1.617456074247654474e+00
-7.125857610713360879e-01
-8.578075296952676343e-01
1.662248007568200681e+00
-2.302899783726920502e-01
-2.350188271492143488e-01
-6.818706503295318688e-02
8.807013353148492874e-01
7.721355438312148267e-02
4.084427590314812506e-01
-4.394444899788658709e-01
1.432616802588607463e+00
-8.400536436874037616e-01
2.850337371557306820e+00
5.420091960800367259e-01
-5.968893944954605235e-01
1.546046675622777089e+00
5.989484257832699415e-02
1.569702619468804849e+00
-2.593405822900710644e-01
3.427255376567865386e-01
-7.376657723045587645e-01
-6.863367804804269001e-01
8.835108673277370928e-01
-1.690686898735045407e+00
-1.133122334056924529e+00
-1.004040959171519365e+00
4.064509709327315257e-01
4.042562045392082415e-01
2.383682897728468308e+00
-5.774266863835009200e-01
4.653920400798318702e-01
-4.670672454579897215e-01
-1.126174062324771130e+00
-1.305114884619241189e-01
-1.178836546765878124e+00
1.115505507672952312e+00
2.989538807624859129e-01
-6.221771473894545101e-01
3.252087912881733156e-01
8.989014874407377231e-01
2.949304792718825952e-01
-2.046076294031031612e-02
2.760313670341126846e-01
2.280786090563559632e-01
-6.297159951376327114e-02
1.149718735195851327e+00
6.847933496101679118e-01
-2.016725737417675024e-01
-1.210836268617235367e+00
4.622110313541233362e-01
8.366893905988209701e-01
-1.052034348504093497e+00
-7.988648485841975955e-01
5.261436403439262444e-01
-1.166191078725246077e-01
-3.575076646381813994e-01
2.345724144915700471e+00
-2.254623359906519076e-01
-8.714924494461042670e-01
-1.009207072310643660e+00
1.554354014661612382e+00
-4.225667896876802998e-01
7.829984837071022330e-01
-8.659972398170455721e-01
-2.770494514065762748e-01
-1.240956816145103003e+00
-1.284808530885837907e+00
-1.545315063203056116e+00
1.883416233044305388e+00
1.849793676219825489e+00
-1.217339642870702177e+00
-4.039784104457841418e-01
-3.256418441407440412e-01
-7.168829939296182674e-02
1.947419527608330814e+00
1.343906477691795498e+00
-1.623689178822747436e+00
-7.805737441131838095e-01
-1.272623388724175797e+00
-1.478482896812751690e+00
3.297825594134304872e-01
-3.105828026670658937e-01
-6.845628526244958989e-01
-7.180256103999357875e-02
2.761448443412870546e-01
-8.109284830260428123e-01
-2.764038896154104030e-01
5.899312630334788699e-01
2.688964988357288366e+00
-2.060293653760444599e+00
-7.158619946548072654e-01
3.917848648312939330e-01
-1.577463702577117655e-01
-6.392890910223785195e-01
5.553448866985344345e-01
2.100088209373911496e+00
4.466336981685301022e-01
-5.082710033741278943e-01
6.033850462878119769e-01
1.023413262458337386e-01
2.708317573087524188e+00
-7.659714621052408079e-01
-4.431006347912837540e-01
-9.076772464967772791e-01
-5.322527573541285806e-01
-1.883465723402857894e-01
3.201635422694439903e-01
-1.912502041575219414e+00
-1.722899784435405913e-03
8.722504721765539371e-01
-8.397557654011812700e-02
-2.242159762375921517e-01
-1.156840535921448643e+00
-1.666717484399260929e+00
2.858809087551968942e-01
-6.221222415620422108e-01
1.124999073924788824e-02
6.572945041965615465e-01
1.294312974745253753e+00
3.855859440380082215e-01
-5.359642437301136431e-01
9.119807431485503768e-01
-4.007937981886747769e-01
3.995359436955147059e-01
7.181125583354361352e-02
-1.102719305267456096e-01
7.090728798715711934e-01
-1.052531085804054634e+00
5.563755784311990027e-01
9.749415423389375945e-01
-2.309845590616612376e-01
-8.528843982634710941e-02
1.686316218040997628e+00
-8.843974915699219785e-01
3.683876624803288924e-01
4.399427628527748380e-01
8.488149041854503585e-02
-6.344546561496037552e-03
-1.950181643993833980e+00
1.824594457117061364e+00
-6.816983352593681822e-01
1.425903643948302157e+00
-1.260687614125626466e+00
6.457404761837487461e-02
-9.097250712272648698e-01
-6.293873202305471093e-01
-5.720182421274929707e-01
-1.304655514603822120e+00
-3.428871118792197192e-01
8.330759345164318042e-01
5.669189145792185025e-01
8.381330805194356914e-01
-1.238835259077337048e+00
1.702204306378877763e-01
-3.961335505696048087e-01
-1.414766836538174088e-01
-3.118526772348285681e-01
-1.443639423619348661e-01
-3.718007624761799912e-01
4.663095252186656436e-01
-8.447251898221074251e-01
5.574710906528722587e-01
-1.771426427251291680e-01
2.071669317559167167e-01
3.306374044075846563e-01
-7.259139101041334197e-01
5.568248485034923284e-02
1.344437611732469007e+00
9.645621526063680173e-01
-1.987272355046444065e-03
7.857978631734450214e-01
-1.674459963660454243e+00
9.363856024250023502e-01
4.937446752749925505e-01
5.317687235851747962e-01
-1.446046502251947530e-01
-6.053478219915851000e-01
-9.093898367028947494e-01
-1.049261101957543296e+00
-4.821997932492083638e-01
-1.857875831191184435e-01
1.100503448278396190e+00
-1.131650712835550854e+00
-5.583282309026478263e-01
-2.772863497429232105e-01
5.122873742584422851e-01
1.537454092383874427e+00
-5.012440309624310864e-01
-2.837337404996712609e-01
4.276658521825030812e-01
-5.172276083187408169e-01
-6.329032516858935642e-01
-5.275763688949619556e-01
3.402513835350772786e-01
6.245553205075116132e-01
8.143621837256578289e-01
-4.424228282936576440e-01
1.604961926971005814e+00
-1.828828296608561610e+00
1.807673032932886059e-01
7.926304890564436212e-01
1.044049706746625228e+00
6.800481598142933681e-02
6.870824770806838178e-02
-9.702611090012955852e-01
-1.861934521504037043e+00
3.333797884272801659e-01
6.349224784927911536e-01
-3.824575424750202568e-02
-2.267890767053796774e-01
-4.697754206217414907e-01
6.236987145521171172e-01
-1.109328580524649333e+00
9.417499540136679004e-01
1.554356828786257645e-02
3.188991650746237916e-01
5.737628227622216803e-01
-2.862229373553284439e-01
-1.960294332601409062e+00
1.897148970874777074e+00
-8.252862229063827604e-01
-8.421179408346302075e-02
8.050353761924182727e-01
-9.150895372929530591e-01
-1.304854979550939875e+00
1.090399539790505745e+00
-6.846661691045102804e-01
2.983315206831266830e-01
4.476513037734181633e-01
-1.218132282687403922e+00
1.751913298602618685e-01
-1.233489598389447828e+00
9.414937707786438237e-01
1.964146958754058536e+00
5.010945855968346185e-01
-4.164499643655758532e-01
2.197219276566606538e-01
-4.129614207196629083e-01
6.539215289538227727e-02
-7.768336149213724007e-02
3.420700140689746371e-01
-5.055245507218995016e-01
-1.329765458143531143e-01
-6.668714338434756916e-01
6.802279132675471685e-01
6.159551885466322263e-01
-1.529437263620989640e+00
-8.196357181674839010e-02
-6.656128143836655964e-01
3.387338798368353943e-01
1.129446928492716218e+00
-1.439306732928842925e+00
6.907943128414197886e-01
-4.402939038623063933e-02
-1.093474356223812727e+00
-9.140634234584588125e-01
-4.722188969665245817e-01
-1.856108993480972025e+00
-6.025319408082905337e-01
-1.161142590483463133e+00
6.977604495345312019e-01
-1.651922503000812670e+00
-1.262757473277955844e+00
-2.423709521747761941e-01
-1.070177644583609533e+00
7.668478357881063356e-01
-4.221715473541529096e-01
-9.417825734459790432e-01
5.778746650399356755e-01
-5.347731350495877889e-01
-2.756205771867104373e-02
-6.994084976458296854e-01
-6.610857366069536889e-01
-3.279735315438076504e-01
4.934905439993685916e-01
-1.016450781227253186e+00
-1.023432572210809743e+00
4.063668137571374017e-01
9.572640121982142203e-01
-7.775658056693545150e-01
6.579677816273782343e-01
8.498003969241719746e-01
1.545550905859998381e-01
5.431517582894042073e-01
-2.967073689859710317e+00
-2.108489635157237418e-01
-9.700972477910755343e-01
-3.117582882142842793e-02
1.545139885070955232e+00
9.101030419217041034e-01
4.192432532133660850e-01
9.031556947532297375e-02
5.332342758819172968e-01
-1.181093100973645837e+00
-1.137208956859429715e-01
-1.438884280841650432e+00
-9.502507805719466738e-01
1.168133483351175173e+00
1.663238904090051040e+00
3.354168257527117003e-01
6.639106679512217779e-01
5.915368133697940234e-01
-2.663420607956020092e+00
4.142273855959793805e-02
-1.517319616827094597e+00
-1.655389644755082268e-01
-1.013810171572739005e+00
2.742489495622595363e-01
1.204676423351259906e+00
-2.136667663232093561e-01
1.317523820200355633e+00
-1.856092948928403930e-01
-9.311050089607634250e-01
-8.389524694380358083e-01
1.169944297665674871e+00
2.015668796159010012e-01
-1.082972696679305319e-01
3.298085665421335300e-01
-7.063464416509128430e-02
1.778526157677705610e-01
1.705181260521635878e+00
1.692996334745101361e+00
4.566053317963496283e-02
1.066049992246551392e+00
9.606546236571912312e-01
-6.610611588775908709e-01
-1.431658803366642640e+00
-7.324309735350310602e-01
3.215239937727376596e-02
-4.792585148343468382e-01
-1.484628917349544608e+00
1.131827752715093727e+00
-1.404805225662947743e+00
-1.060382138163994847e+00
2.292229216342601017e+00
-4.977715956244866957e-01
-4.998603123821681038e-01
-1.121316823520615291e-01
-2.315297848029710115e-01
1.077458145143808999e+00
-9.699846377735247271e-01
2.444858635559369997e+00
-1.444512005483696016e-01
7.723323472795654565e-01
8.297792008747818804e-02
-6.976983711612184669e-01
1.765767245869911184e+00
4.750608566456885340e-01
-9.333244658734669574e-01
2.863820798507041299e-01
-6.433508934276619406e-01
-2.105521576990476706e-01
9.565935526348774420e-01
-5.291258009294522724e-01
-9.826025194164152987e-01
-5.826307582831447007e-01
1.995053978245537318e-01
-5.414758609080699836e-01
4.424248502451170739e-01
2.340358182704045942e-01
3.824065322744281681e-01
-8.615786345361667875e-01
1.091725436674650052e+00
2.467918915271985369e+00
2.973174794725829684e-01
-7.922664053543150287e-01
-7.642845341314558061e-01
-2.081702223950673558e-01
7.380236007484437533e-01
7.748143301427631302e-01
-1.024921242830872492e+00
