-2.405957658281341338e-01
-7.974203610863384029e-02
-1.871029496126652703e-01
6.836136922640179137e-03
1.157555162578187691e-01
-1.015682094111767242e-01
-1.033406793003326385e-01
2.687366797555181819e-01
9.850272353123656899e-02
-1.489999259470007331e-01
-7.181971856288349443e-02
-7.974203610863384029e-02
-9.199215163754992375e-02
9.048102525392920370e-02
6.846768881237252913e-02
5.670357817521853860e-02
5.384417561212728742e-02
-2.264817140466668377e-01
1.380371370437352141e-01
-2.012585661290273720e-01
-1.928854082650026669e-01
-2.264817140466668377e-01
1.103931257057855220e-01
-1.191684648206798869e-01
1.989853768533684786e-01
4.684325914264064750e-02
1.026189786512432534e-01
-1.692710455760852994e-01
3.313655375690061078e-02
-1.871029496126652703e-01
-2.572942746706612382e-01
1.259586574471356357e-01
-1.015682094111767242e-01
-1.253812493793553529e-01
-1.305820460294615515e-01
-7.181971856288349443e-02
1.380371370437352141e-01
6.451595498558049258e-02
5.840151415437944138e-02
-1.735352254070399169e-02
1.452000501369674623e-01
-1.256602471511101271e-01
-2.012585661290273720e-01
-1.871029496126652703e-01
6.537903596221639191e-02
-1.767196360187064386e-01
6.451595498558049258e-02
1.259586574471356357e-01
-3.209575971357914170e-02
1.026189786512432534e-01
-1.015682094111767242e-01
-1.256602471511101271e-01
-2.330003559691586901e-01
-1.521957150405821579e-01
-3.209575971357914170e-02
-1.033406793003326385e-01
-1.073591935221731575e-01
2.549772668321459435e-02
1.989853768533684786e-01
1.140423340146590192e-01
4.876373690643021064e-02
1.710620133311859803e-01
6.937137222530509462e-02
1.324504397775623232e-01
1.487607263117318723e-02
-9.528071392557357910e-02
1.152019761210567594e-01
-2.042814888076289748e-01
1.718768684896101462e-01
9.850272353123656899e-02
-1.489999259470007331e-01
-1.135817675545105487e-01
1.262123320278618621e-01
-1.436739878967792094e-01
-1.302496865926006109e-01
-1.104765230809192644e-01
8.234785902215868703e-02
2.566258721916536700e-01
1.487607263117318723e-02
1.686610454996575470e-01
1.989853768533684786e-01
4.333281482240280980e-02
-2.037857372308291559e-01
-2.167046731013098082e-01
7.658760688922150450e-02
1.157555162578187691e-01
-1.692710455760852994e-01
2.426278656753311225e-02
1.413617970061977758e-01
3.614007963427212644e-01
-1.521957150405821579e-01
-3.078068255017516464e-01
-1.095762175616794565e-01
-1.530335939773941334e-01
-1.105035142137520410e-01
2.057189700276378375e-01
-1.489999259470007331e-01
-1.015682094111767242e-01
-8.784584404469875096e-02
2.782951430184752439e-01
-1.256602471511101271e-01
-8.930451874471501128e-02
-9.819066154004651992e-02
3.063869083745984767e-02
-1.206330231523953245e-01
-2.317291806454946368e-01
1.380371370437352141e-01
-1.569302884490557659e-01
-6.144098247969687066e-02
-1.015682094111767242e-01
-1.253812493793553529e-01
2.029843959508657036e-01
-1.374695184496168565e-01
-1.433052606800249151e-01
-1.256602471511101271e-01
5.220099927998944622e-02
-8.326715578223975456e-02
9.850272353123656899e-02
-2.242250514240407000e-01
-1.344249277574895984e-01
-2.327935680449932931e-01
4.591390778219661684e-02
-1.306988723180637635e-01
6.647054594799506333e-02
3.419404413901716566e-02
3.175153140247211070e-01
-3.738999116606045447e-01
1.348416853988076980e-02
-1.256602471511101271e-01
6.451595498558049258e-02
4.818304008668761185e-02
2.308261939230593640e-01
-2.473205371877895686e-04
-1.015682094111767242e-01
5.873349633324309593e-02
-1.084803738218607094e-01
-1.015682094111767242e-01
1.989853768533684786e-01
-3.353251201344775723e-03
-1.135817675545105487e-01
5.533564044382188740e-02
1.234603669251566060e-01
-1.851348108826194050e-01
-2.183005400125210826e-01
9.077853281118564155e-02
5.840151415437944138e-02
-4.589993457060792537e-02
4.244131587482868895e-02
8.744717008514690804e-02
3.501216281294805555e-01
8.632809391365015017e-03
1.614981324064235224e-01
-1.198353837369232622e-01
1.313584087883548079e-01
-1.310599041099322903e-01
-4.376950008303577278e-01
-4.063019007309751629e-01
6.173774561132461258e-02
-1.156651777459245523e-01
1.259586574471356357e-01
1.500506951870672623e-01
-1.602790941602414421e-01
-2.120791675174586999e-01
-7.181971856288349443e-02
1.614981324064235224e-01
7.648862483925888966e-02
1.126315493974487936e-01
3.282065114874672673e-01
3.614007963427212644e-01
3.729312038401033647e-01
-3.574563305499598442e-01
-1.810740802444428255e-01
1.259586574471356357e-01
1.141493861486253536e-01
2.040730020667798073e-01
-3.574563305499598442e-01
1.216330613686071871e-01
-1.404487178574669315e-01
7.648862483925888966e-02
5.840151415437944138e-02
-1.412257788924602409e-01
-3.987155593647351282e-02
1.049491843324688034e-01
-7.181971856288349443e-02
1.797991860353604920e-01
-2.138732040589097494e-01
1.572136082803012869e-01
-8.930451874471501128e-02
1.262376552188904100e-01
6.942469379598925627e-02
-2.514634513057671938e-01
-1.374695184496168565e-01
1.302482015691079908e-01
-8.326715578223975456e-02
-1.638931571733195369e-01
3.307798459555044701e-02
-1.705328066615265925e-01
-4.589993457060792537e-02
1.686610454996575470e-01
-1.374695184496168565e-01
5.368400636433712236e-02
1.988972395274934968e-02
-1.713894716412909247e-01
-2.408291054768803008e-01
-4.097388136990254281e-02
8.822591147037783799e-02
1.209200322801802230e-01
-1.374695184496168565e-01
1.989853768533684786e-01
-1.015682094111767242e-01
1.565246453438575713e-01
-9.012077219182046406e-02
1.146234917925053054e-01
-2.264817140466668377e-01
-1.810740802444428255e-01
-1.546829961327294001e-01
1.380371370437352141e-01
1.383559710134925069e-01
-1.994179053182545402e-01
4.947692537754910802e-02
3.614007963427212644e-01
-2.066262363403943425e-01
-2.440980706230817532e-01
5.015398834743578504e-02
-1.374695184496168565e-01
-1.320878513448295877e-01
1.380371370437352141e-01
-2.572942746706612382e-01
-7.181971856288349443e-02
1.500506951870672623e-01
9.850272353123656899e-02
-2.034358645115563746e-01
1.141493861486253536e-01
1.141493861486253536e-01
2.073209344487558781e-02
-3.876716010247882593e-02
-2.001184548353851511e-01
-1.015682094111767242e-01
-5.263352774487550789e-02
1.452000501369674623e-01
-8.888359282757818391e-02
1.901779221185471158e-01
3.282065114874672673e-01
-1.620191754674671358e-02
-3.738999116606045447e-01
1.614981324064235224e-01
5.220099927998944622e-02
-1.256602471511101271e-01
-9.012077219182046406e-02
-1.644553231891165979e-01
-1.015682094111767242e-01
3.211174139106454106e-02
3.282065114874672673e-01
9.850272353123656899e-02
1.363996218573859665e-01
-7.273658415682504597e-02
-1.642700694658838501e-01
-1.412257788924602409e-01
-1.103800822097742440e-01
-1.579755369621818062e-01
-1.253812493793553529e-01
1.806843232244315089e-01
-9.012077219182046406e-02
4.106338773404338838e-02
3.069648577781656229e-01
3.360027895640804729e-02
5.840151415437944138e-02
9.381463880114893072e-02
-1.925150370424901780e-01
3.307798459555044701e-02
-6.581947217061134836e-02
-1.374695184496168565e-01
1.262376552188904100e-01
3.349912891475348431e-02
3.614007963427212644e-01
2.817916851719619586e-01
-1.306988723180637635e-01
-1.833774587592564842e-01
-1.015682094111767242e-01
9.942318955766182853e-02
-5.835205543315069576e-02
-3.353251201344775723e-03
1.917874309219058659e-02
-2.026693102409922176e-01
6.648409371562458148e-02
-1.306988723180637635e-01
-1.546829961327294001e-01
1.989853768533684786e-01
9.886108655741843165e-02
2.296849147456345719e-01
-2.012585661290273720e-01
1.469667625974757641e-02
-5.263352774487550789e-02
8.234785902215868703e-02
-4.221517112597705790e-01
-1.713346476063311030e-01
2.965275182308140245e-01
-1.634958751155242140e-01
-1.290049808128426179e-01
-1.256602471511101271e-01
-1.620322821481785525e-01
1.096408640669395140e-01
6.213368978643885043e-03
7.648862483925888966e-02
-2.378488824259932244e-01
-6.369337595990032241e-02
1.572136082803012869e-01
-1.256602471511101271e-01
-6.899812995675347338e-02
-3.901998679594296249e-01
4.591390778219661684e-02
2.217647605302932590e-01
2.029843959508657036e-01
-1.374695184496168565e-01
-1.395253495837831537e-01
-8.326715578223975456e-02
6.371427321388978271e-02
-3.574563305499598442e-01
1.563381906726721837e-01
1.324504397775623232e-01
1.141493861486253536e-01
-1.256602471511101271e-01
1.241270602764572573e-01
1.452000501369674623e-01
1.331215705403678840e-01
-2.059239977951037304e-01
7.658760688922150450e-02
2.114256436467343292e-04
3.282065114874672673e-01
-1.135817675545105487e-01
1.259586574471356357e-01
8.744717008514690804e-02
1.563381906726721837e-01
-7.181971856288349443e-02
2.206428070091259741e-01
-3.738999116606045447e-01
1.718768684896101462e-01
2.217647605302932590e-01
1.452000501369674623e-01
-9.528071392557357910e-02
5.771258264353029688e-02
-1.053734677832434130e-01
1.209200322801802230e-01
-1.256602471511101271e-01
9.942318955766182853e-02
5.220099927998944622e-02
-4.376950008303577278e-01
-1.073591935221731575e-01
-2.447827676756038073e-01
1.797991860353604920e-01
-2.264817140466668377e-01
9.558972121018705081e-02
1.255357280241380380e-01
-1.821942108022565066e-01
1.337699598588883987e-01
-2.034358645115563746e-01
1.319244213420827094e-01
7.648862483925888966e-02
3.390660746833908945e-01
-1.713346476063311030e-01
-9.118873459475373977e-02
-1.546829961327294001e-01
-1.489999259470007331e-01
-1.466697202657751831e-01
2.513719055157714877e-02
1.815639079560202873e-01
-1.053976025259739657e-01
9.858531062084985308e-02
1.413617970061977758e-01
1.644024210663630470e-02
-1.745843546360656973e-01
1.901779221185471158e-01
-1.256602471511101271e-01
-8.326715578223975456e-02
-1.506793249641926735e-01
1.215801957338324968e-01
1.328280877173249053e-01
-9.012077219182046406e-02
-1.579755369621818062e-01
-1.871029496126652703e-01
8.596736626265411019e-02
-1.015682094111767242e-01
-1.058374259517158578e-01
-1.410511425128113672e-01
-1.306988723180637635e-01
-5.263352774487550789e-02
-6.144098247969687066e-02
-2.034358645115563746e-01
-1.135817675545105487e-01
-2.120791675174586999e-01
-2.677867191106120259e-01
-3.321315806585012353e-02
-1.306988723180637635e-01
-1.015682094111767242e-01
2.784858636779574681e-02
1.710620133311859803e-01
9.381463880114893072e-02
-1.374695184496168565e-01
2.840851932575301220e-01
-1.871029496126652703e-01
-7.846556167802809512e-02
9.381463880114893072e-02
-9.012077219182046406e-02
2.747431267599207416e-01
1.262376552188904100e-01
9.133981043800254440e-02
1.604301700034902467e-01
1.331215705403678840e-01
-1.823622876650521363e-01
-1.751302797589850968e-01
1.901779221185471158e-01
-6.144098247969687066e-02
-1.956075592293338161e-01
5.184340916756369211e-02
1.614981324064235224e-01
-1.466697202657751831e-01
7.339744781701185161e-02
-2.317291806454946368e-01
1.500506951870672623e-01
2.057189700276378375e-01
5.106358013337164437e-02
9.858531062084985308e-02
4.591390778219661684e-02
-4.528774707272713584e-01
1.049491843324688034e-01
-1.810740802444428255e-01
1.874179163987008678e-01
2.354169870514972729e-01
1.103931257057837456e-01
-1.114843863400452051e-01
1.050176671756695157e-01
-5.618792090350765989e-02
1.572136082803012869e-01
-7.181971856288349443e-02
1.096293183689027728e-01
-4.645541938659469849e-02
