2.592000000000000082e+00
2.508999999999999897e+00
2.198999999999999844e+00
2.556999999999999940e+00
2.294000000000000039e+00
2.149999999999999911e+00
2.487999999999999989e+00
2.462000000000000188e+00
2.728000000000000203e+00
2.535000000000000142e+00
2.238999999999999879e+00
2.495000000000000107e+00
2.081999999999999851e+00
2.685000000000000053e+00
2.455999999999999961e+00
2.173000000000000043e+00
2.835999999999999854e+00
2.112999999999999989e+00
2.185000000000000053e+00
2.508000000000000007e+00
2.286000000000000032e+00
2.281000000000000139e+00
2.302999999999999936e+00
2.333000000000000185e+00
2.451000000000000068e+00
2.375000000000000000e+00
2.321000000000000174e+00
2.466000000000000192e+00
2.423000000000000043e+00
2.294000000000000039e+00
2.423999999999999932e+00
2.549999999999999822e+00
2.355999999999999872e+00
2.196000000000000174e+00
2.423000000000000043e+00
2.326000000000000068e+00
2.281000000000000139e+00
2.532000000000000028e+00
2.234999999999999876e+00
2.520000000000000018e+00
2.338999999999999968e+00
2.713000000000000078e+00
2.591000000000000192e+00
2.455000000000000071e+00
2.460999999999999854e+00
2.451000000000000068e+00
2.330999999999999961e+00
2.412999999999999812e+00
2.649999999999999911e+00
2.278000000000000025e+00
2.560000000000000053e+00
2.333000000000000185e+00
2.532999999999999918e+00
2.278000000000000025e+00
2.818999999999999950e+00
2.343999999999999861e+00
2.092000000000000082e+00
2.754000000000000004e+00
2.498000000000000220e+00
2.273000000000000131e+00
2.636000000000000121e+00
2.689000000000000057e+00
2.637000000000000011e+00
2.391000000000000014e+00
2.478000000000000203e+00
2.504999999999999893e+00
2.572000000000000064e+00
2.157000000000000028e+00
2.380999999999999783e+00
2.403000000000000025e+00
2.592000000000000082e+00
2.351999999999999869e+00
2.402000000000000135e+00
2.427000000000000046e+00
2.471000000000000085e+00
2.321000000000000174e+00
1.868999999999999995e+00
2.033999999999999808e+00
2.315999999999999837e+00
2.145000000000000018e+00
2.376999999999999780e+00
2.351999999999999869e+00
2.515000000000000124e+00
2.621999999999999886e+00
2.144000000000000128e+00
2.744000000000000217e+00
2.721999999999999975e+00
2.158999999999999808e+00
2.412999999999999812e+00
2.134999999999999787e+00
2.447000000000000064e+00
2.081999999999999851e+00
2.370999999999999996e+00
2.126999999999999780e+00
2.400999999999999801e+00
2.282000000000000028e+00
2.403999999999999915e+00
2.213999999999999968e+00
2.491000000000000103e+00
2.563000000000000167e+00
2.376999999999999780e+00
3.043000000000000149e+00
2.355999999999999872e+00
2.379000000000000004e+00
2.404999999999999805e+00
2.459999999999999964e+00
2.435000000000000053e+00
2.173999999999999932e+00
2.217999999999999972e+00
2.241999999999999993e+00
