9.388126330553555832e+00
9.523862616080135624e+00
1.135411600324507120e+01
8.756088876098329976e+00
1.108003682690265990e+01
9.394540567624433791e+00
9.893967032114840521e+00
1.001651962996074730e+01
1.003538658874188982e+01
9.192026941797463380e+00
9.803792891695717771e+00
9.523862616080135624e+00
9.909714813999004335e+00
9.436961419841905396e+00
9.340857635846155915e+00
9.295465858167002438e+00
9.285060521476413697e+00
9.331842589661222931e+00
9.106842260168432901e+00
8.743588618769496890e+00
9.065845071077959005e+00
9.331842589661222931e+00
1.108524192272487419e+01
9.581290998419952132e+00
9.710623523741430674e+00
9.260629083693064700e+00
8.962730764500312475e+00
1.133971395550734584e+01
9.217107976325527474e+00
1.135411600324507120e+01
8.542217468517053547e+00
9.053490417041215821e+00
9.394540567624433791e+00
1.129875816930865540e+01
1.130407280723375330e+01
9.803792891695717771e+00
9.106842260168432901e+00
1.112481982594791852e+01
1.112949930315943803e+01
1.010120974741837330e+01
1.021747908831767404e+01
9.282786594338366726e+00
8.743588618769496890e+00
1.135411600324507120e+01
9.328540144691217506e+00
9.596706713653547993e+00
1.112481982594791852e+01
9.053490417041215821e+00
1.005029328205192485e+01
8.962730764500312475e+00
9.394540567624433791e+00
9.282786594338366726e+00
9.406504415239956174e+00
1.132478034749570739e+01
1.005029328205192485e+01
9.893967032114840521e+00
9.629244130604108776e+00
1.028719780841771936e+01
9.710623523741430674e+00
9.562981411306880730e+00
9.267183084087262657e+00
9.699479878338822303e+00
9.344514964489006204e+00
9.351994821122799451e+00
9.093545764473175197e+00
9.682595973731325856e+00
9.570212865828567672e+00
9.832309484535272759e+00
9.294566438782984719e+00
1.003538658874188982e+01
9.192026941797463380e+00
9.336138437465583806e+00
9.647540162915319684e+00
9.756244243517437909e+00
9.840564076327707355e+00
1.016944540491654791e+01
1.111041777821019494e+01
9.961585170111817433e+00
9.093545764473175197e+00
1.033867600628206596e+01
9.710623523741430674e+00
1.038950330769933750e+01
9.493289524643978794e+00
9.826494802979944154e+00
9.972616748760467331e+00
1.108003682690265990e+01
1.133971395550734584e+01
9.877662010182557850e+00
1.105319803432997361e+01
9.844071415352402710e+00
1.132478034749570739e+01
9.427739835163309934e+00
1.011671393839436917e+01
9.467026891318623072e+00
1.006078483543310753e+01
9.782635175674597505e+00
9.192026941797463380e+00
9.394540567624433791e+00
9.916240322409192842e+00
1.006399433335625382e+01
9.282786594338366726e+00
9.103579039412865725e+00
9.900741648423130314e+00
9.209791307609480171e+00
9.917949615245257533e+00
1.138555347442845367e+01
9.106842260168432901e+00
9.851404369137545913e+00
9.870320152345877673e+00
9.394540567624433791e+00
1.129875816930865540e+01
9.771729097949311438e+00
9.234833462154210082e+00
9.758338344524783992e+00
9.282786594338366726e+00
1.113411707737908962e+01
9.740998103890175841e+00
1.003538658874188982e+01
9.009514418687878390e+00
9.812261851300100091e+00
9.407028488864838778e+00
1.113867248842207758e+01
9.538484478063205430e+00
9.332860708792589222e+00
9.220262492549695210e+00
9.717889544632898335e+00
9.232790473007904453e+00
1.022879567825886937e+01
9.282786594338366726e+00
1.112481982594791852e+01
8.814659001886139933e+00
9.859446211015320927e+00
9.134621689199768468e+00
9.394540567624433791e+00
8.836548893780808100e+00
9.887788713699988463e+00
9.394540567624433791e+00
9.710623523741430674e+00
1.015562443873448650e+01
9.336138437465583806e+00
1.047904001300179821e+01
1.011527390448416419e+01
9.390412715449032888e+00
9.446944085923218992e+00
9.438371517718417536e+00
1.112949930315943803e+01
1.001193135297174841e+01
9.246029532052080668e+00
1.000191000590497126e+01
9.806090411444738919e+00
1.020681265173206853e+01
9.228039178132824816e+00
9.925561134970312338e+00
1.106409357331216370e+01
9.866670901490135037e+00
9.024972331169287543e+00
9.129488534384989862e+00
9.314383516116315320e+00
9.880064427680130379e+00
9.053490417041215821e+00
9.165244390327281110e+00
9.154045937889799589e+00
1.137246105340074287e+01
9.803792891695717771e+00
9.228039178132824816e+00
1.111527840328849770e+01
9.554359719456842370e+00
9.743320571463316426e+00
9.844071415352402710e+00
9.886877935709147636e+00
9.283360177369560873e+00
1.134937548322648837e+01
9.053490417041215821e+00
9.005537284857057401e+00
9.774717802047675264e+00
9.283360177369560873e+00
9.613138376241030514e+00
9.774915074326347764e+00
1.111527840328849770e+01
1.112949930315943803e+01
1.131453810002202509e+01
1.002609724855665796e+01
1.109039125721843710e+01
9.803792891695717771e+00
9.574496714398566866e+00
9.025285326846040235e+00
1.027588121847652403e+01
9.103579039412865725e+00
1.106946199201150449e+01
8.861979920611226191e+00
9.364721485946834179e+00
9.234833462154210082e+00
9.681834949926948042e+00
9.740998103890175841e+00
9.437733634174119146e+00
1.114759358023883529e+01
8.847960855408583569e+00
1.001193135297174841e+01
1.033867600628206596e+01
9.234833462154210082e+00
1.046495623170956968e+01
1.115625729713130276e+01
9.619628923589479186e+00
9.387588385592497531e+00
1.002281571165982399e+01
9.426384776439620694e+00
9.309188300766054525e+00
9.234833462154210082e+00
9.710623523741430674e+00
9.394540567624433791e+00
9.675813160859478401e+00
9.457335355429975721e+00
9.566588589814569943e+00
9.331842589661222931e+00
1.134937548322648837e+01
8.900192357087838957e+00
9.106842260168432901e+00
9.774728104421475550e+00
1.136341325467624053e+01
9.269645492523594044e+00
9.844071415352402710e+00
9.483715784507047886e+00
8.591012674974443541e+00
1.043710716964525886e+01
9.234833462154210082e+00
9.865911446029107523e+00
9.106842260168432901e+00
8.542217468517053547e+00
9.803792891695717771e+00
9.165244390327281110e+00
1.003538658874188982e+01
9.043955179183290838e+00
9.005537284857057401e+00
9.005537284857057401e+00
1.026327286708765918e+01
1.002942190309192938e+01
9.506012236627357836e+00
9.394540567624433791e+00
9.939919701038581579e+00
1.021747908831767404e+01
9.914566745525473124e+00
9.641023975048726768e+00
9.743320571463316426e+00
1.010546418475184183e+01
9.232790473007904453e+00
9.228039178132824816e+00
1.113411707737908962e+01
9.282786594338366726e+00
9.457335355429975721e+00
9.650764823847000073e+00
9.394540567624433791e+00
9.214083274933203782e+00
9.743320571463316426e+00
1.003538658874188982e+01
1.105867203402338639e+01
9.151789047441114988e+00
9.848146871252261292e+00
1.131453810002202509e+01
1.016656083159146640e+01
9.850920116191625553e+00
1.129875816930865540e+01
9.364165987475688624e+00
9.457335355429975721e+00
9.241580576496270183e+00
9.695999652738230168e+00
1.033073221182442047e+01
1.112949930315943803e+01
1.110052000148042239e+01
9.533686979386144955e+00
1.114759358023883529e+01
9.958502311871244572e+00
9.234833462154210082e+00
1.106946199201150449e+01
9.218185726359690690e+00
9.844071415352402710e+00
1.008252939767409906e+01
9.538484478063205430e+00
9.569241958112645108e+00
9.394540567624433791e+00
1.109548417019855648e+01
9.975913106309274525e+00
1.015562443873448650e+01
9.178630900659319636e+00
9.497119479534436692e+00
9.161116538151881983e+00
9.538484478063205430e+00
8.900192357087838957e+00
9.710623523741430674e+00
1.022111876845555756e+01
9.855388005293598042e+00
8.743588618769496890e+00
1.023441940641379411e+01
9.939919701038581579e+00
1.111041777821019494e+01
9.077257032705736250e+00
9.120569355052881022e+00
9.677329800400979565e+00
1.133479426817638647e+01
9.868235680529137355e+00
9.282786594338366726e+00
9.662039384292535615e+00
9.271207296858390734e+00
1.019613751271163693e+01
1.111527840328849770e+01
9.394577874199944389e+00
9.963294951390361476e+00
1.027588121847652403e+01
9.282786594338366726e+00
9.951578134974305101e+00
9.181416469916044321e+00
1.113867248842207758e+01
9.828313728506090641e+00
9.771729097949311438e+00
9.234833462154210082e+00
1.040019230836104747e+01
9.740998103890175841e+00
9.322018758286601425e+00
9.283360177369560873e+00
9.453299796434174951e+00
9.351994821122799451e+00
9.005537284857057401e+00
9.282786594338366726e+00
9.631386096564447996e+00
1.021747908831767404e+01
1.016412724519045696e+01
9.355971954953620440e+00
9.972616748760467331e+00
1.017040777316272226e+01
9.743320571463316426e+00
9.336138437465583806e+00
9.053490417041215821e+00
1.000191000590497126e+01
9.453299796434174951e+00
9.803792891695717771e+00
9.824632573429699534e+00
9.232790473007904453e+00
9.294566438782984719e+00
9.828313728506090641e+00
1.021747908831767404e+01
9.682595973731325856e+00
9.299196487791203225e+00
1.127696841171387554e+01
9.309188300766054525e+00
9.282786594338366726e+00
1.109548417019855648e+01
1.113411707737908962e+01
9.024972331169287543e+00
9.629244130604108776e+00
8.985385053395480881e+00
9.574496714398566866e+00
9.331842589661222931e+00
9.461688457727241541e+00
9.642198991733968327e+00
9.091276097908377096e+00
9.716503317287219943e+00
9.043955179183290838e+00
9.697637356727961233e+00
1.111527840328849770e+01
9.772613828607820352e+00
9.120569355052881022e+00
1.126008681250314680e+01
8.900192357087838957e+00
9.192026941797463380e+00
1.131968743451558801e+01
9.102546412364072026e+00
9.720043222965124130e+00
9.891426396669334764e+00
9.237730714021472167e+00
1.105319803432997361e+01
9.171764412450638559e+00
9.412302607343701055e+00
9.641023975048726768e+00
9.282786594338366726e+00
9.740998103890175841e+00
9.854471379228666450e+00
9.612762731763995205e+00
9.706656880624656480e+00
9.457335355429975721e+00
9.850920116191625553e+00
1.135411600324507120e+01
9.415981703641008949e+00
9.394540567624433791e+00
9.054064000072409968e+00
9.771364929812420996e+00
9.538484478063205430e+00
9.939919701038581579e+00
9.870320152345877673e+00
9.043955179183290838e+00
9.336138437465583806e+00
1.137246105340074287e+01
9.304242992578847904e+00
1.004670317868308516e+01
9.538484478063205430e+00
9.394540567624433791e+00
1.029942647928075772e+01
9.699479878338822303e+00
1.110052000148042239e+01
9.234833462154210082e+00
1.009509363671362259e+01
1.135411600324507120e+01
9.932631121396639173e+00
1.110052000148042239e+01
9.457335355429975721e+00
1.004584866656339592e+01
1.106946199201150449e+01
8.924749760592648684e+00
1.103079063520599412e+01
1.016412724519045696e+01
9.841018546939007905e+00
1.134457458058564860e+01
9.641023975048726768e+00
9.870320152345877673e+00
9.522220365517419793e+00
9.277926723678776355e+00
9.228039178132824816e+00
1.131968743451558801e+01
9.361101551735670157e+00
1.138555347442845367e+01
9.165244390327282886e+00
9.782635175674597505e+00
1.044402797213431455e+01
9.237730714021472167e+00
1.113867248842207758e+01
8.972884796066647795e+00
1.109039125721843710e+01
1.134937548322648659e+01
9.436177639408851903e+00
9.876168007454690922e+00
1.108524192272487419e+01
1.003616240903781254e+01
9.510662126070659639e+00
9.198443657866159029e+00
1.027588121847652403e+01
9.803792891695717771e+00
9.536597323747457722e+00
1.000704355341397900e+01
