2.282999999999999918e+00
2.459999999999999964e+00
3.166999999999999815e+00
2.345000000000000195e+00
3.201000000000000068e+00
2.319999999999999840e+00
2.450000000000000178e+00
2.733999999999999986e+00
2.919999999999999929e+00
2.117999999999999883e+00
2.579000000000000181e+00
2.641999999999999904e+00
2.584000000000000075e+00
2.346000000000000085e+00
2.423999999999999932e+00
2.172000000000000153e+00
2.416999999999999815e+00
2.516999999999999904e+00
2.455000000000000071e+00
2.697000000000000064e+00
2.552999999999999936e+00
2.454000000000000181e+00
2.946000000000000174e+00
2.173999999999999932e+00
2.774999999999999911e+00
2.517999999999999794e+00
2.430000000000000160e+00
3.323999999999999844e+00
2.620000000000000107e+00
3.354999999999999982e+00
2.302000000000000046e+00
2.217000000000000082e+00
2.548999999999999932e+00
3.354999999999999982e+00
2.887999999999999901e+00
2.521999999999999797e+00
2.422000000000000153e+00
3.224000000000000199e+00
3.056000000000000050e+00
2.811999999999999833e+00
2.503000000000000114e+00
2.369000000000000217e+00
2.076000000000000068e+00
2.887999999999999901e+00
2.337000000000000188e+00
2.652000000000000135e+00
3.104999999999999982e+00
2.674999999999999822e+00
2.321000000000000174e+00
2.358999999999999986e+00
2.371999999999999886e+00
2.664000000000000146e+00
2.384999999999999787e+00
3.521999999999999797e+00
2.504000000000000004e+00
2.455000000000000071e+00
2.524000000000000021e+00
2.504000000000000004e+00
2.677000000000000046e+00
2.267999999999999794e+00
2.588000000000000078e+00
2.584999999999999964e+00
2.322999999999999954e+00
2.379000000000000004e+00
2.653000000000000025e+00
2.672000000000000153e+00
2.650999999999999801e+00
2.628000000000000114e+00
2.362999999999999989e+00
3.129000000000000004e+00
2.580999999999999961e+00
2.357000000000000206e+00
2.270000000000000018e+00
2.527000000000000135e+00
2.669999999999999929e+00
2.661000000000000032e+00
2.508999999999999897e+00
2.443000000000000060e+00
2.592999999999999972e+00
2.887000000000000011e+00
2.669999999999999929e+00
2.845000000000000195e+00
2.390000000000000124e+00
2.540000000000000036e+00
3.008000000000000007e+00
3.402000000000000135e+00
2.890000000000000124e+00
2.436999999999999833e+00
2.948999999999999844e+00
2.730999999999999872e+00
2.838000000000000078e+00
2.440999999999999837e+00
2.496999999999999886e+00
2.379000000000000004e+00
2.605999999999999872e+00
2.334000000000000075e+00
2.450000000000000178e+00
2.415999999999999925e+00
2.629999999999999893e+00
2.532999999999999918e+00
2.451999999999999957e+00
2.520000000000000018e+00
2.669000000000000039e+00
2.621999999999999886e+00
2.696000000000000174e+00
3.186999999999999833e+00
2.446000000000000174e+00
2.436999999999999833e+00
2.576999999999999957e+00
2.369000000000000217e+00
2.831999999999999851e+00
2.394000000000000128e+00
2.564000000000000057e+00
2.642999999999999794e+00
2.451000000000000068e+00
2.725999999999999979e+00
2.612000000000000099e+00
2.315999999999999837e+00
2.383999999999999897e+00
2.390000000000000124e+00
2.701999999999999957e+00
2.911999999999999922e+00
2.495000000000000107e+00
2.685000000000000053e+00
2.448999999999999844e+00
2.334000000000000075e+00
2.476999999999999869e+00
2.599000000000000199e+00
2.794000000000000039e+00
2.956999999999999851e+00
2.376999999999999780e+00
2.615000000000000213e+00
2.370999999999999996e+00
2.193000000000000060e+00
2.448999999999999844e+00
2.403999999999999915e+00
2.693999999999999950e+00
2.463999999999999968e+00
2.197999999999999954e+00
2.464999999999999858e+00
2.603000000000000203e+00
2.596000000000000085e+00
2.217999999999999972e+00
2.350999999999999979e+00
2.323999999999999844e+00
3.201000000000000068e+00
2.521999999999999797e+00
2.730999999999999872e+00
2.412999999999999812e+00
2.837000000000000188e+00
2.491000000000000103e+00
2.509999999999999787e+00
2.414000000000000146e+00
2.803999999999999826e+00
2.609999999999999876e+00
2.661999999999999922e+00
2.601999999999999869e+00
2.317000000000000171e+00
2.781000000000000139e+00
2.263999999999999790e+00
2.702999999999999847e+00
2.452999999999999847e+00
3.620000000000000107e+00
2.830999999999999961e+00
2.646999999999999797e+00
2.803999999999999826e+00
2.254999999999999893e+00
2.342000000000000082e+00
2.822999999999999954e+00
2.521999999999999797e+00
2.571000000000000174e+00
2.653000000000000025e+00
2.629000000000000004e+00
2.422000000000000153e+00
2.555000000000000160e+00
2.249000000000000110e+00
2.318999999999999950e+00
2.536000000000000032e+00
2.948999999999999844e+00
3.544000000000000039e+00
3.121999999999999886e+00
2.459999999999999964e+00
2.869000000000000217e+00
2.327999999999999847e+00
2.501999999999999780e+00
2.414000000000000146e+00
2.713000000000000078e+00
2.700000000000000178e+00
3.104999999999999982e+00
2.431000000000000050e+00
2.604000000000000092e+00
2.439000000000000057e+00
2.463000000000000078e+00
2.512999999999999901e+00
2.540000000000000036e+00
3.017999999999999794e+00
2.583000000000000185e+00
2.874000000000000110e+00
2.645000000000000018e+00
2.652000000000000135e+00
2.637999999999999901e+00
2.936999999999999833e+00
2.323999999999999844e+00
2.335999999999999854e+00
2.609999999999999876e+00
2.416999999999999815e+00
2.428999999999999826e+00
2.822999999999999954e+00
2.676000000000000156e+00
2.456999999999999851e+00
2.479999999999999982e+00
2.713000000000000078e+00
2.391999999999999904e+00
2.641000000000000014e+00
2.995000000000000107e+00
2.399999999999999911e+00
2.475000000000000089e+00
2.282999999999999918e+00
3.415999999999999925e+00
2.540000000000000036e+00
2.726999999999999869e+00
2.708000000000000185e+00
2.452999999999999847e+00
2.427000000000000046e+00
2.463999999999999968e+00
2.604999999999999982e+00
2.325000000000000178e+00
2.609999999999999876e+00
2.362000000000000099e+00
2.475999999999999979e+00
2.790999999999999925e+00
2.540999999999999925e+00
2.642999999999999794e+00
2.189999999999999947e+00
2.516999999999999904e+00
2.612999999999999989e+00
2.343999999999999861e+00
2.374000000000000110e+00
2.657000000000000028e+00
2.678999999999999826e+00
2.452999999999999847e+00
2.653000000000000025e+00
2.499000000000000110e+00
2.608000000000000096e+00
2.520999999999999908e+00
2.560999999999999943e+00
2.572999999999999954e+00
2.476999999999999869e+00
2.366000000000000103e+00
2.460999999999999854e+00
2.303999999999999826e+00
2.516000000000000014e+00
2.880999999999999783e+00
2.581999999999999851e+00
2.942000000000000171e+00
2.822000000000000064e+00
2.516000000000000014e+00
3.620000000000000107e+00
2.431000000000000050e+00
2.681999999999999940e+00
2.995000000000000107e+00
2.415000000000000036e+00
2.302000000000000046e+00
2.228000000000000203e+00
2.646999999999999797e+00
2.615000000000000213e+00
3.141000000000000014e+00
2.936999999999999833e+00
2.330000000000000071e+00
2.946000000000000174e+00
2.443000000000000060e+00
2.563000000000000167e+00
3.190999999999999837e+00
2.520999999999999908e+00
3.149000000000000021e+00
2.658999999999999808e+00
2.483000000000000096e+00
2.623000000000000220e+00
2.604999999999999982e+00
3.076999999999999957e+00
2.354000000000000092e+00
2.479999999999999982e+00
2.595000000000000195e+00
2.621999999999999886e+00
2.545999999999999819e+00
2.265000000000000124e+00
2.628000000000000114e+00
2.552999999999999936e+00
2.415999999999999925e+00
2.677000000000000046e+00
2.625000000000000000e+00
2.564000000000000057e+00
2.285000000000000142e+00
2.942000000000000171e+00
2.491999999999999993e+00
2.496999999999999886e+00
2.427999999999999936e+00
3.096999999999999975e+00
2.318000000000000060e+00
2.423000000000000043e+00
2.511000000000000121e+00
2.483999999999999986e+00
2.662999999999999812e+00
2.258000000000000007e+00
2.440999999999999837e+00
2.383000000000000007e+00
2.456999999999999851e+00
2.524000000000000021e+00
2.495999999999999996e+00
2.568999999999999950e+00
2.943999999999999950e+00
2.592000000000000082e+00
2.329000000000000181e+00
2.684000000000000163e+00
2.908999999999999808e+00
2.492999999999999883e+00
2.185999999999999943e+00
2.339999999999999858e+00
2.709999999999999964e+00
2.626999999999999780e+00
2.486000000000000210e+00
2.552000000000000046e+00
2.532000000000000028e+00
2.850000000000000089e+00
2.551000000000000156e+00
2.428999999999999826e+00
2.682999999999999829e+00
2.573999999999999844e+00
2.422000000000000153e+00
3.091000000000000192e+00
2.420999999999999819e+00
2.837000000000000188e+00
2.650999999999999801e+00
2.553999999999999826e+00
2.673000000000000043e+00
2.575000000000000178e+00
2.629999999999999893e+00
2.564000000000000057e+00
2.592000000000000082e+00
2.494000000000000217e+00
2.488999999999999879e+00
2.838000000000000078e+00
2.552000000000000046e+00
2.416999999999999815e+00
3.255999999999999783e+00
3.190999999999999837e+00
2.387999999999999901e+00
2.551000000000000156e+00
2.261000000000000121e+00
2.213000000000000078e+00
2.475999999999999979e+00
2.408999999999999808e+00
2.444999999999999840e+00
2.270000000000000018e+00
2.447999999999999954e+00
2.548000000000000043e+00
2.670999999999999819e+00
3.053999999999999826e+00
2.540999999999999925e+00
2.248000000000000220e+00
3.521999999999999797e+00
2.349000000000000199e+00
2.552000000000000046e+00
3.048000000000000043e+00
2.380999999999999783e+00
2.690999999999999837e+00
2.713000000000000078e+00
2.657999999999999918e+00
2.258000000000000007e+00
2.330999999999999961e+00
2.512999999999999901e+00
2.556999999999999940e+00
2.531000000000000139e+00
2.855999999999999872e+00
2.786000000000000032e+00
2.261000000000000121e+00
2.422000000000000153e+00
2.488999999999999879e+00
2.467000000000000082e+00
2.831999999999999851e+00
2.349000000000000199e+00
2.568000000000000060e+00
2.511000000000000121e+00
2.447999999999999954e+00
2.553999999999999826e+00
2.222999999999999865e+00
2.613999999999999879e+00
2.427000000000000046e+00
2.560000000000000053e+00
3.126999999999999780e+00
2.345000000000000195e+00
2.306999999999999940e+00
2.548999999999999932e+00
2.032000000000000028e+00
2.710999999999999854e+00
2.346000000000000085e+00
2.983999999999999986e+00
2.350999999999999979e+00
2.374000000000000110e+00
3.076999999999999957e+00
2.367999999999999883e+00
2.705000000000000071e+00
2.361000000000000210e+00
2.241999999999999993e+00
2.572999999999999954e+00
2.423000000000000043e+00
3.217000000000000082e+00
2.501999999999999780e+00
2.588000000000000078e+00
3.228000000000000203e+00
2.471000000000000085e+00
2.495000000000000107e+00
2.224000000000000199e+00
2.383999999999999897e+00
2.395000000000000018e+00
2.943999999999999950e+00
2.424999999999999822e+00
3.096999999999999975e+00
2.458000000000000185e+00
2.205999999999999961e+00
2.611000000000000210e+00
2.500000000000000000e+00
2.838000000000000078e+00
2.251999999999999780e+00
3.274000000000000021e+00
3.000000000000000000e+00
2.386000000000000121e+00
2.814000000000000057e+00
3.217000000000000082e+00
2.697000000000000064e+00
2.559000000000000163e+00
2.654999999999999805e+00
2.657999999999999918e+00
2.895000000000000018e+00
2.641000000000000014e+00
2.649999999999999911e+00
