3.079000000000000181e+00
2.509999999999999787e+00
2.403000000000000025e+00
2.947999999999999954e+00
2.434000000000000163e+00
2.248000000000000220e+00
2.689000000000000057e+00
2.512999999999999901e+00
3.310999999999999943e+00
2.423000000000000043e+00
2.423999999999999932e+00
2.767999999999999794e+00
2.407000000000000028e+00
3.402000000000000135e+00
2.254000000000000004e+00
2.495000000000000107e+00
3.370999999999999996e+00
2.446000000000000174e+00
2.488999999999999879e+00
2.387000000000000011e+00
2.730999999999999872e+00
2.434000000000000163e+00
2.475000000000000089e+00
2.591000000000000192e+00
2.716000000000000192e+00
2.205000000000000071e+00
2.736000000000000210e+00
2.620000000000000107e+00
2.436999999999999833e+00
2.629000000000000004e+00
2.641999999999999904e+00
2.540999999999999925e+00
3.182999999999999829e+00
2.293000000000000149e+00
2.431000000000000050e+00
2.624000000000000110e+00
2.931000000000000050e+00
2.882000000000000117e+00
2.575000000000000178e+00
2.548999999999999932e+00
2.494000000000000217e+00
3.121999999999999886e+00
2.911999999999999922e+00
2.294999999999999929e+00
2.472999999999999865e+00
2.956999999999999851e+00
2.479000000000000092e+00
2.873000000000000220e+00
3.053999999999999826e+00
2.411000000000000032e+00
2.330000000000000071e+00
3.378000000000000114e+00
2.468999999999999861e+00
2.427000000000000046e+00
2.943999999999999950e+00
2.678999999999999826e+00
2.395000000000000018e+00
2.790999999999999925e+00
2.802999999999999936e+00
2.661999999999999922e+00
2.580000000000000071e+00
2.701000000000000068e+00
2.640000000000000124e+00
2.482000000000000206e+00
2.583000000000000185e+00
2.649000000000000021e+00
2.818000000000000060e+00
2.202999999999999847e+00
2.524999999999999911e+00
2.491999999999999993e+00
2.370000000000000107e+00
2.487000000000000099e+00
2.918000000000000149e+00
2.676000000000000156e+00
2.415999999999999925e+00
2.431000000000000050e+00
2.463000000000000078e+00
2.302000000000000046e+00
2.394000000000000128e+00
2.342000000000000082e+00
2.869000000000000217e+00
2.851999999999999869e+00
2.919999999999999929e+00
2.411999999999999922e+00
2.306999999999999940e+00
3.323999999999999844e+00
2.508999999999999897e+00
2.244000000000000217e+00
2.656000000000000139e+00
2.439999999999999947e+00
2.229000000000000092e+00
2.345000000000000195e+00
2.869000000000000217e+00
2.259999999999999787e+00
2.378000000000000114e+00
2.418000000000000149e+00
2.575000000000000178e+00
2.394000000000000128e+00
2.967000000000000082e+00
2.575000000000000178e+00
2.244000000000000217e+00
3.263999999999999790e+00
2.517999999999999794e+00
2.553999999999999826e+00
2.737000000000000099e+00
2.983000000000000096e+00
2.443000000000000060e+00
2.587000000000000188e+00
2.455999999999999961e+00
2.551000000000000156e+00
