1.016009120779673580e+01
1.072824554205863556e+01
1.493955268109719903e+01
9.671536180796309168e+00
1.461612821312045796e+01
1.050400174824679134e+01
1.097641597411629277e+01
1.138539656656098664e+01
1.148048225178763104e+01
1.016149930220747244e+01
1.138894190408064055e+01
1.072824554205863556e+01
1.099813461231456380e+01
1.045795840631991958e+01
1.029539928079124067e+01
1.021899122323186937e+01
1.020152650696527807e+01
1.061524736375269029e+01
1.023773346937609041e+01
1.052660319523786114e+01
9.953859224967338548e+00
1.061524736375269029e+01
1.463350636173501762e+01
1.101029357450545199e+01
1.146203264001216482e+01
1.016062203288596599e+01
9.994660423535886906e+00
1.488731987712815652e+01
1.008825963763379896e+01
1.493955268109719903e+01
1.036792799947360777e+01
1.014747024857092583e+01
1.050400174824679134e+01
1.474823181617777124e+01
1.476559577359555497e+01
1.138894190408064055e+01
1.023773346937609041e+01
1.477271380242561527e+01
1.479012955857416323e+01
1.130799580921134151e+01
1.178699193139605939e+01
1.031430912724250959e+01
1.052660319523786114e+01
1.493955268109719903e+01
1.027463550281100169e+01
1.050705520999973785e+01
1.477271380242561527e+01
1.014747024857092583e+01
1.122281105856057160e+01
9.994660423535886906e+00
1.050400174824679134e+01
1.031430912724250959e+01
1.018970274807026044e+01
1.483511990744737830e+01
1.122281105856057160e+01
1.097641597411629277e+01
1.109118143152730518e+01
1.162277461922155020e+01
1.146203264001216482e+01
1.067439865193678550e+01
1.017157931090068246e+01
1.085950206306114119e+01
1.030156798048307287e+01
1.084345469583386823e+01
1.043971489515095818e+01
1.118144465233247153e+01
1.068699383282799253e+01
1.096517010865796315e+01
1.056140666338705003e+01
1.148048225178763104e+01
1.016149930220747244e+01
1.040457234804767594e+01
1.082314180720707775e+01
1.077879152601682833e+01
1.092577037581497024e+01
1.153693708391533868e+01
1.472048099845657099e+01
1.129232964688536534e+01
1.043971489515095818e+01
1.199448918314422841e+01
1.146203264001216482e+01
1.179960900832334936e+01
1.033308386346286589e+01
1.097318784787011126e+01
1.137714276793126800e+01
1.461612821312045796e+01
1.488731987712815652e+01
1.123364857411806916e+01
1.452935053353142614e+01
1.137708000688427035e+01
1.483511990744737830e+01
1.105653912287741214e+01
1.143385366796798408e+01
1.081950311843708334e+01
1.132693843056386207e+01
1.159283368179380957e+01
1.016149930220747244e+01
1.050400174824679134e+01
1.100760717858292992e+01
1.146636254634462126e+01
1.031430912724250959e+01
1.081581735665171884e+01
1.098552467030101276e+01
1.007618254760074628e+01
1.106356823381538135e+01
1.506147647456061556e+01
1.023773346937609041e+01
1.094215482265660810e+01
1.150511784634343115e+01
1.050400174824679134e+01
1.474823181617777124e+01
1.097452575872835823e+01
1.023342127022065640e+01
1.078240688443098350e+01
1.031430912724250959e+01
1.480754684153441758e+01
1.128087405253158693e+01
1.148048225178763104e+01
9.868723818206824205e+00
1.087609865509462104e+01
1.019055295793546989e+01
1.482496512094574470e+01
1.093837160649226803e+01
1.028191658320676183e+01
1.009347594675271331e+01
1.116943992964413646e+01
1.090292805663176878e+01
1.152334521902243480e+01
1.031430912724250959e+01
1.477271380242561527e+01
9.752719501870362961e+00
1.112023572211733935e+01
9.955051177212739688e+00
1.050400174824679134e+01
9.787020346295753015e+00
1.096851555744177631e+01
1.050400174824679134e+01
1.146203264001216482e+01
1.139962019322261355e+01
1.040457234804767594e+01
1.195807083556432460e+01
1.173177713512002462e+01
1.069643068482674408e+01
1.025599096295470680e+01
1.046035396898111713e+01
1.479012955857416323e+01
1.175967256046539511e+01
1.013626298241423207e+01
1.142505039750067120e+01
1.131364337311604551e+01
1.148611102610327883e+01
1.044523072112425943e+01
1.107729156613865484e+01
1.456403687122774393e+01
1.094658568716375946e+01
1.073532713264495442e+01
1.081970241350494177e+01
1.025079670565953727e+01
1.095937051164084330e+01
1.014747024857092583e+01
1.033716286957520758e+01
1.009806266843924760e+01
1.500922274511908938e+01
1.138894190408064055e+01
1.044523072112425943e+01
1.473788899200618374e+01
1.065941033594264020e+01
1.121030388925968424e+01
1.137708000688427035e+01
1.144900197489745608e+01
1.094337606820083053e+01
1.492213898212099465e+01
1.014747024857092583e+01
1.006658239154907264e+01
1.097942433923104488e+01
1.094337606820083053e+01
1.076222719746319534e+01
1.081108446258632227e+01
1.473788899200618374e+01
1.479012955857416323e+01
1.480034524040660315e+01
1.118264660880895534e+01
1.465089081040700947e+01
1.138894190408064055e+01
1.122210302540905502e+01
9.891340096543013161e+00
1.188642133159517478e+01
1.081581735665171884e+01
1.458139293750618393e+01
9.827884305911300800e+00
1.012313878515991661e+01
1.023342127022065640e+01
1.088446287487887609e+01
1.128087405253158693e+01
1.077159548886768015e+01
1.485980254767906317e+01
1.061067285995112286e+01
1.175967256046539511e+01
1.199448918314422841e+01
1.023342127022065640e+01
1.193288187847133131e+01
1.489463759588903002e+01
1.054579318217870032e+01
1.015923116270266569e+01
1.117722133257604433e+01
1.044000397047662609e+01
1.077153272782068250e+01
1.023342127022065640e+01
1.146203264001216482e+01
1.050400174824679134e+01
1.082475597235287523e+01
1.061206959979584497e+01
1.068067861802778751e+01
1.061524736375269029e+01
1.492213898212099465e+01
1.065286353483335624e+01
1.023773346937609041e+01
1.105388922879310343e+01
1.497438572020600311e+01
1.017569926605940722e+01
1.137708000688427035e+01
1.031709177351709883e+01
1.040568008586246940e+01
1.188337298448629475e+01
1.023342127022065640e+01
1.094603415585743811e+01
1.023773346937609041e+01
1.036792799947360777e+01
1.138894190408064055e+01
1.033716286957520758e+01
1.148048225178763104e+01
9.919558380541948495e+00
1.006658239154907264e+01
1.006658239154907264e+01
1.158193654478428414e+01
1.118814904950809996e+01
1.035437723804751720e+01
1.050400174824679134e+01
1.162887151868374858e+01
1.178699193139605939e+01
1.100515692914995114e+01
1.133827896767184562e+01
1.121030388925968424e+01
1.131514245573547228e+01
1.090292805663176878e+01
1.044523072112425943e+01
1.480754684153441758e+01
1.031430912724250959e+01
1.061206959979584497e+01
1.059850527068802428e+01
1.050400174824679134e+01
1.008326318540528987e+01
1.121030388925968424e+01
1.148048225178763104e+01
1.454668922644927775e+01
1.085363620098983439e+01
1.094385145465774123e+01
1.480034524040660315e+01
1.153123685480433913e+01
1.094233101609679437e+01
1.474823181617777124e+01
1.068516033572736923e+01
1.061206959979584497e+01
1.012885507061363555e+01
1.113513908521874640e+01
1.169754663437199937e+01
1.479012955857416323e+01
1.468567648648074098e+01
1.040082732267557653e+01
1.485980254767906317e+01
1.107263209594209741e+01
1.023342127022065640e+01
1.458139293750618393e+01
1.009004119571001468e+01
1.137708000688427035e+01
1.149815596720322297e+01
1.093837160649226803e+01
1.046070040005414725e+01
1.050400174824679134e+01
1.466828102877579454e+01
1.110051914756957281e+01
1.139962019322261355e+01
1.002517253235738970e+01
1.033948920203172506e+01
1.052959180615515855e+01
1.093837160649226803e+01
1.065286353483335624e+01
1.146203264001216482e+01
1.196903190481383383e+01
1.111343329451064577e+01
1.052660319523786114e+01
1.153288431345346687e+01
1.162887151868374858e+01
1.472048099845657099e+01
1.077751173862270839e+01
1.004263081415228775e+01
1.110692080121981107e+01
1.486991553183279713e+01
1.094779529893652992e+01
1.031430912724250959e+01
1.061763376574349849e+01
1.070809609405245766e+01
1.146805466557559328e+01
1.473788899200618374e+01
1.017043764820030383e+01
1.108026446089755623e+01
1.188642133159517478e+01
1.031430912724250959e+01
1.106167458076126309e+01
1.086160567895388240e+01
1.482496512094574470e+01
1.106816528378560882e+01
1.097452575872835823e+01
1.023342127022065640e+01
1.202118343787776666e+01
1.128087405253158693e+01
1.026365032370241437e+01
1.094337606820083053e+01
1.101460577366088600e+01
1.084345469583386823e+01
1.006658239154907264e+01
1.031430912724250959e+01
1.079446615006542665e+01
1.178699193139605939e+01
1.169672871059089303e+01
1.064559612249161979e+01
1.137714276793126800e+01
1.142457605169892787e+01
1.121030388925968424e+01
1.040457234804767594e+01
1.014747024857092583e+01
1.142505039750067120e+01
1.101460577366088600e+01
1.138894190408064055e+01
1.106202822738512737e+01
1.090292805663176878e+01
1.056140666338705003e+01
1.106816528378560882e+01
1.178699193139605939e+01
1.118144465233247153e+01
1.022525823848869564e+01
1.467886020150641002e+01
1.077153272782068250e+01
1.031430912724250959e+01
1.466828102877579454e+01
1.480754684153441758e+01
1.073532713264495442e+01
1.109118143152730518e+01
9.838375059467894701e+00
1.122210302540905502e+01
1.061524736375269029e+01
1.050003620114559411e+01
1.081364611257944297e+01
9.994723184582884556e+00
1.094710021395269628e+01
9.919558380541948495e+00
1.091293050330234671e+01
1.473788899200618374e+01
1.125821151882908566e+01
1.004263081415228775e+01
1.462693476635046785e+01
1.065286353483335624e+01
1.016149930220747244e+01
1.481772968907859322e+01
1.044840848508110476e+01
1.089131221674430705e+01
1.097311417778860587e+01
1.065266423976549781e+01
1.452935053353142614e+01
1.001404984318409142e+01
1.073073152925213414e+01
1.133827896767184562e+01
1.031430912724250959e+01
1.128087405253158693e+01
1.094160467041884743e+01
1.076156519645849663e+01
1.092924124622551929e+01
1.061206959979584497e+01
1.094233101609679437e+01
1.493955268109719903e+01
1.042236612503669235e+01
1.050400174824679134e+01
1.077653718952924677e+01
1.080493383178057876e+01
1.093837160649226803e+01
1.162887151868374858e+01
1.150511784634343115e+01
9.919558380541948495e+00
1.040457234804767594e+01
1.500922274511908938e+01
1.060062950462494591e+01
1.121683553941400646e+01
1.093837160649226803e+01
1.050400174824679134e+01
1.164371408496372418e+01
1.085950206306114119e+01
1.468567648648074098e+01
1.023342127022065640e+01
1.151977378039812372e+01
1.493955268109719903e+01
1.103221636763524316e+01
1.468567648648074098e+01
1.061206959979584497e+01
1.143534181286178786e+01
1.458139293750618393e+01
9.931223789767662069e+00
1.446009588767888232e+01
1.169672871059089303e+01
1.095172067308853947e+01
1.490472787067776927e+01
1.133827896767184562e+01
1.150511784634343115e+01
1.038156197315104201e+01
1.018956680466924247e+01
1.044523072112425943e+01
1.481772968907859322e+01
1.032956165735591902e+01
1.506147647456061556e+01
1.033716286957520580e+01
1.159283368179380957e+01
1.189564025455584506e+01
1.065266423976549781e+01
1.482496512094574470e+01
1.069344207390944668e+01
1.465089081040700947e+01
1.492213898212099465e+01
1.081596137750901399e+01
1.114830357706388675e+01
1.463350636173501584e+01
1.128059511181067798e+01
1.058389034996836386e+01
1.088970024420582661e+01
1.188642133159517478e+01
1.138894190408064055e+01
1.062862528749740676e+01
1.115123559898819927e+01
