2.845000000000000195e+00
3.262000000000000011e+00
2.943999999999999950e+00
2.755999999999999783e+00
3.015000000000000124e+00
2.936999999999999833e+00
3.297000000000000153e+00
3.137999999999999901e+00
3.398000000000000131e+00
2.831999999999999851e+00
3.077999999999999847e+00
2.758000000000000007e+00
2.508999999999999897e+00
3.516000000000000014e+00
2.672000000000000153e+00
2.746999999999999886e+00
3.357000000000000206e+00
2.999000000000000110e+00
2.790999999999999925e+00
2.951999999999999957e+00
3.184000000000000163e+00
2.838999999999999968e+00
2.861000000000000210e+00
3.177999999999999936e+00
2.922000000000000153e+00
2.908999999999999808e+00
3.093999999999999861e+00
2.890000000000000124e+00
2.819999999999999840e+00
3.350000000000000089e+00
2.672000000000000153e+00
2.935999999999999943e+00
3.232000000000000206e+00
3.084000000000000075e+00
2.853000000000000203e+00
3.001999999999999780e+00
2.874000000000000110e+00
2.833000000000000185e+00
2.697000000000000064e+00
2.927000000000000046e+00
2.879999999999999893e+00
3.297000000000000153e+00
3.248000000000000220e+00
2.874000000000000110e+00
2.887000000000000011e+00
3.263999999999999790e+00
3.056999999999999940e+00
3.338999999999999968e+00
3.432999999999999829e+00
3.053999999999999826e+00
2.858000000000000096e+00
3.599000000000000199e+00
3.067000000000000171e+00
2.714999999999999858e+00
3.277000000000000135e+00
3.318999999999999950e+00
3.072000000000000064e+00
3.116999999999999993e+00
3.508999999999999897e+00
2.964999999999999858e+00
3.072000000000000064e+00
3.064999999999999947e+00
2.729000000000000092e+00
2.771999999999999797e+00
3.041999999999999815e+00
3.045999999999999819e+00
2.994000000000000217e+00
2.705999999999999961e+00
2.853000000000000203e+00
3.133000000000000007e+00
2.879000000000000004e+00
2.763999999999999790e+00
3.230999999999999872e+00
2.886000000000000121e+00
2.962000000000000188e+00
3.036999999999999922e+00
2.535000000000000142e+00
2.931999999999999940e+00
2.753000000000000114e+00
2.745000000000000107e+00
3.382000000000000117e+00
2.709000000000000075e+00
2.802000000000000046e+00
3.036999999999999922e+00
2.737000000000000099e+00
3.402000000000000135e+00
3.487000000000000099e+00
2.548000000000000043e+00
2.911000000000000032e+00
2.986000000000000210e+00
2.775999999999999801e+00
2.823999999999999844e+00
2.955000000000000071e+00
2.736000000000000210e+00
2.922000000000000153e+00
2.854000000000000092e+00
2.922000000000000153e+00
2.547000000000000153e+00
3.112000000000000099e+00
2.773000000000000131e+00
3.112999999999999989e+00
3.294999999999999929e+00
2.896999999999999797e+00
2.947999999999999954e+00
3.408999999999999808e+00
3.478000000000000203e+00
2.613999999999999879e+00
2.761000000000000121e+00
2.786999999999999922e+00
2.789000000000000146e+00
