2.834000000000000075e+00
3.083000000000000185e+00
3.623000000000000220e+00
2.790999999999999925e+00
2.580000000000000071e+00
2.936999999999999833e+00
2.811999999999999833e+00
3.093999999999999861e+00
3.004999999999999893e+00
2.749000000000000110e+00
2.986000000000000210e+00
2.887000000000000011e+00
2.798000000000000043e+00
2.725000000000000089e+00
2.619000000000000217e+00
2.955999999999999961e+00
3.011000000000000121e+00
2.814000000000000057e+00
3.024999999999999911e+00
2.495000000000000107e+00
2.827999999999999847e+00
2.750999999999999890e+00
3.298000000000000043e+00
2.826999999999999957e+00
2.979999999999999982e+00
2.865000000000000213e+00
3.000000000000000000e+00
3.402000000000000135e+00
3.201999999999999957e+00
3.165000000000000036e+00
2.749000000000000110e+00
2.676000000000000156e+00
2.740000000000000213e+00
3.165000000000000036e+00
3.248000000000000220e+00
3.218999999999999861e+00
2.915000000000000036e+00
3.447000000000000064e+00
3.222999999999999865e+00
2.975000000000000089e+00
3.029999999999999805e+00
2.548999999999999932e+00
2.605999999999999872e+00
3.248000000000000220e+00
2.935000000000000053e+00
2.790999999999999925e+00
2.983999999999999986e+00
2.786000000000000032e+00
2.726999999999999869e+00
2.500999999999999890e+00
2.642999999999999794e+00
2.833000000000000185e+00
2.934000000000000163e+00
2.954000000000000181e+00
3.004999999999999893e+00
2.640000000000000124e+00
3.403999999999999915e+00
3.100999999999999979e+00
3.101999999999999869e+00
2.879000000000000004e+00
3.020999999999999908e+00
3.072999999999999954e+00
2.998000000000000220e+00
2.786000000000000032e+00
2.998000000000000220e+00
2.980999999999999872e+00
3.053999999999999826e+00
2.952999999999999847e+00
2.745000000000000107e+00
3.318999999999999950e+00
2.524999999999999911e+00
2.908999999999999808e+00
2.898000000000000131e+00
2.950000000000000178e+00
3.165999999999999925e+00
3.370000000000000107e+00
3.487000000000000099e+00
2.983000000000000096e+00
3.153999999999999915e+00
3.346000000000000085e+00
3.032999999999999918e+00
3.013999999999999790e+00
2.946000000000000174e+00
2.855999999999999872e+00
3.388999999999999790e+00
3.516000000000000014e+00
2.900999999999999801e+00
2.616000000000000103e+00
3.314000000000000057e+00
3.355999999999999872e+00
3.161999999999999922e+00
2.686999999999999833e+00
2.975999999999999979e+00
2.815999999999999837e+00
3.072000000000000064e+00
3.222999999999999865e+00
2.604999999999999982e+00
2.817000000000000171e+00
2.932999999999999829e+00
2.777000000000000135e+00
2.811999999999999833e+00
2.717999999999999972e+00
2.967000000000000082e+00
2.629000000000000004e+00
3.064000000000000057e+00
3.603000000000000203e+00
2.984999999999999876e+00
2.798999999999999932e+00
3.137999999999999901e+00
2.684000000000000163e+00
3.092999999999999972e+00
3.008999999999999897e+00
2.773000000000000131e+00
2.910000000000000142e+00
2.798000000000000043e+00
2.983999999999999986e+00
3.440999999999999837e+00
3.072000000000000064e+00
2.738999999999999879e+00
2.967000000000000082e+00
2.942000000000000171e+00
3.248000000000000220e+00
3.068999999999999950e+00
2.894000000000000128e+00
2.883999999999999897e+00
2.619000000000000217e+00
2.633999999999999897e+00
3.196000000000000174e+00
2.665999999999999925e+00
3.263999999999999790e+00
2.822999999999999954e+00
3.245999999999999996e+00
2.938000000000000167e+00
2.862000000000000099e+00
2.581999999999999851e+00
2.903000000000000025e+00
2.870999999999999996e+00
2.939000000000000057e+00
2.620999999999999996e+00
2.802999999999999936e+00
2.967999999999999972e+00
3.193000000000000060e+00
2.696000000000000174e+00
2.810999999999999943e+00
2.886000000000000121e+00
2.580000000000000071e+00
3.052000000000000046e+00
3.194999999999999840e+00
2.777000000000000135e+00
2.986000000000000210e+00
2.854000000000000092e+00
3.105999999999999872e+00
3.007000000000000117e+00
3.505999999999999783e+00
2.803999999999999826e+00
2.940999999999999837e+00
2.585999999999999854e+00
3.051000000000000156e+00
2.859999999999999876e+00
2.830000000000000071e+00
2.857000000000000206e+00
2.892999999999999794e+00
2.750000000000000000e+00
3.056000000000000050e+00
2.952999999999999847e+00
3.505999999999999783e+00
3.027000000000000135e+00
3.186999999999999833e+00
2.883000000000000007e+00
2.923999999999999932e+00
2.455999999999999961e+00
3.263999999999999790e+00
3.237000000000000099e+00
2.821000000000000174e+00
2.713000000000000078e+00
2.544000000000000039e+00
2.870999999999999996e+00
3.065999999999999837e+00
3.314000000000000057e+00
3.334999999999999964e+00
3.297000000000000153e+00
2.754999999999999893e+00
3.382000000000000117e+00
2.858000000000000096e+00
3.154999999999999805e+00
2.793000000000000149e+00
2.630999999999999783e+00
3.005999999999999783e+00
2.983999999999999986e+00
2.656000000000000139e+00
2.814999999999999947e+00
2.762999999999999901e+00
2.835999999999999854e+00
3.189999999999999947e+00
2.971000000000000085e+00
3.565999999999999837e+00
3.015000000000000124e+00
2.891999999999999904e+00
3.039000000000000146e+00
2.875000000000000000e+00
2.935000000000000053e+00
3.200000000000000178e+00
2.751999999999999780e+00
2.777000000000000135e+00
2.775999999999999801e+00
3.242999999999999883e+00
3.044999999999999929e+00
2.936999999999999833e+00
3.233999999999999986e+00
2.846999999999999975e+00
2.822999999999999954e+00
2.910000000000000142e+00
3.092000000000000082e+00
2.813000000000000167e+00
3.321000000000000174e+00
2.923999999999999932e+00
2.763999999999999790e+00
2.914000000000000146e+00
3.378000000000000114e+00
2.681000000000000050e+00
2.890000000000000124e+00
2.777000000000000135e+00
2.896999999999999797e+00
2.625000000000000000e+00
2.670999999999999819e+00
2.710999999999999854e+00
2.850999999999999979e+00
2.847999999999999865e+00
2.927000000000000046e+00
2.770999999999999908e+00
3.077999999999999847e+00
2.689999999999999947e+00
2.737000000000000099e+00
2.572999999999999954e+00
2.755999999999999783e+00
2.987000000000000099e+00
2.987999999999999989e+00
2.797000000000000153e+00
3.087000000000000188e+00
3.031000000000000139e+00
2.697000000000000064e+00
3.120999999999999996e+00
3.059000000000000163e+00
2.948999999999999844e+00
2.633000000000000007e+00
2.798000000000000043e+00
3.109999999999999876e+00
2.785000000000000142e+00
3.004000000000000004e+00
2.871999999999999886e+00
2.783999999999999808e+00
2.927000000000000046e+00
2.991000000000000103e+00
2.936999999999999833e+00
3.509999999999999787e+00
2.978000000000000203e+00
2.841000000000000192e+00
2.750000000000000000e+00
2.748000000000000220e+00
2.849000000000000199e+00
3.321000000000000174e+00
2.924999999999999822e+00
2.926000000000000156e+00
2.951000000000000068e+00
2.983999999999999986e+00
2.815999999999999837e+00
3.346999999999999975e+00
3.200000000000000178e+00
2.907000000000000028e+00
3.298000000000000043e+00
3.109999999999999876e+00
2.774000000000000021e+00
3.383000000000000007e+00
3.053999999999999826e+00
3.579000000000000181e+00
3.091000000000000192e+00
2.967999999999999972e+00
3.116000000000000103e+00
3.060999999999999943e+00
3.214999999999999858e+00
2.722999999999999865e+00
2.797000000000000153e+00
2.705000000000000071e+00
2.943999999999999950e+00
2.934000000000000163e+00
3.092000000000000082e+00
3.141000000000000014e+00
3.012999999999999901e+00
3.029999999999999805e+00
3.124000000000000110e+00
2.803999999999999826e+00
2.810999999999999943e+00
3.032000000000000028e+00
3.509999999999999787e+00
2.728000000000000203e+00
2.689999999999999947e+00
2.704000000000000181e+00
3.378000000000000114e+00
2.680000000000000160e+00
2.887000000000000011e+00
2.998000000000000220e+00
3.213000000000000078e+00
2.875000000000000000e+00
3.491000000000000103e+00
2.902000000000000135e+00
2.923999999999999932e+00
2.995000000000000107e+00
2.878000000000000114e+00
3.043000000000000149e+00
2.576000000000000068e+00
3.115000000000000213e+00
3.012000000000000011e+00
2.952999999999999847e+00
2.806000000000000050e+00
3.064999999999999947e+00
3.089999999999999858e+00
2.749000000000000110e+00
3.021999999999999797e+00
3.108999999999999986e+00
3.180000000000000160e+00
2.960999999999999854e+00
2.702999999999999847e+00
2.954000000000000181e+00
3.016000000000000014e+00
2.999000000000000110e+00
2.758999999999999897e+00
3.192000000000000171e+00
2.938000000000000167e+00
3.149999999999999911e+00
2.754000000000000004e+00
2.984999999999999876e+00
3.024999999999999911e+00
3.003000000000000114e+00
3.021999999999999797e+00
2.887000000000000011e+00
2.753000000000000114e+00
3.236000000000000210e+00
2.907999999999999918e+00
3.271999999999999797e+00
3.206999999999999851e+00
3.020000000000000018e+00
3.161999999999999922e+00
2.972999999999999865e+00
2.939999999999999947e+00
3.540999999999999925e+00
3.383000000000000007e+00
2.955000000000000071e+00
3.044999999999999929e+00
2.666999999999999815e+00
3.095000000000000195e+00
2.802000000000000046e+00
2.983000000000000096e+00
3.041999999999999815e+00
2.637000000000000011e+00
2.847999999999999865e+00
2.740000000000000213e+00
3.194999999999999840e+00
3.432999999999999829e+00
2.927000000000000046e+00
2.991000000000000103e+00
2.954000000000000181e+00
2.721999999999999975e+00
2.991999999999999993e+00
3.322000000000000064e+00
3.053999999999999826e+00
2.943999999999999950e+00
2.833000000000000185e+00
3.065999999999999837e+00
3.491000000000000103e+00
2.876999999999999780e+00
2.713999999999999968e+00
3.016000000000000014e+00
2.888999999999999790e+00
3.107000000000000206e+00
2.967000000000000082e+00
2.853000000000000203e+00
3.096999999999999975e+00
2.952999999999999847e+00
2.926000000000000156e+00
3.092999999999999972e+00
2.887000000000000011e+00
2.987000000000000099e+00
2.596999999999999975e+00
2.907999999999999918e+00
2.817000000000000171e+00
2.689999999999999947e+00
3.029999999999999805e+00
2.737000000000000099e+00
2.738999999999999879e+00
3.443999999999999950e+00
2.745999999999999996e+00
2.891000000000000014e+00
2.987999999999999989e+00
2.854999999999999982e+00
2.986000000000000210e+00
2.912999999999999812e+00
3.289000000000000146e+00
2.767999999999999794e+00
2.730999999999999872e+00
3.446000000000000174e+00
2.722999999999999865e+00
3.225999999999999979e+00
2.903999999999999915e+00
2.770000000000000018e+00
3.109999999999999876e+00
2.737000000000000099e+00
3.125000000000000000e+00
3.017999999999999794e+00
2.608000000000000096e+00
3.261000000000000121e+00
2.975000000000000089e+00
2.826999999999999957e+00
2.947999999999999954e+00
2.998000000000000220e+00
2.737000000000000099e+00
3.277000000000000135e+00
2.947999999999999954e+00
3.378000000000000114e+00
2.814999999999999947e+00
3.172000000000000153e+00
3.064000000000000057e+00
2.882000000000000117e+00
3.049999999999999822e+00
2.786000000000000032e+00
3.373000000000000220e+00
3.165000000000000036e+00
2.794000000000000039e+00
3.229000000000000092e+00
3.125000000000000000e+00
2.758999999999999897e+00
3.080999999999999961e+00
3.068000000000000060e+00
3.123000000000000220e+00
3.012999999999999901e+00
2.842000000000000082e+00
2.896999999999999797e+00
