1.325065220289314283e+01
1.362689568272673846e+01
1.619095575134241471e+01
1.262144352121153723e+01
1.606069220427037436e+01
1.342425387878945564e+01
1.295773376456065051e+01
1.356959747083807244e+01
1.424908906437649492e+01
1.308989566028076901e+01
1.459331878104271674e+01
1.362689568272673846e+01
1.299682530999256613e+01
1.369794344486003013e+01
1.354065640485358735e+01
1.346335407145557284e+01
1.344527956147899062e+01
1.373249266882827513e+01
1.329013952397978571e+01
1.296180828211072544e+01
1.285245912382334588e+01
1.373249266882827513e+01
1.607083126791888716e+01
1.423394449217720492e+01
1.476422255132456840e+01
1.340223402056255964e+01
1.304904371385618234e+01
1.616162236087013326e+01
1.332303088339162045e+01
1.619095575134241471e+01
1.275046625992497695e+01
1.320317865269871938e+01
1.342425387878945564e+01
1.608112038018164114e+01
1.609135630634406411e+01
1.459331878104271674e+01
1.329013952397978571e+01
1.615010380491782982e+01
1.615977239215613892e+01
1.337079418507191697e+01
1.455792216716941390e+01
1.324403059912330782e+01
1.296180828211072544e+01
1.619095575134241471e+01
1.351990890534085032e+01
1.362572061305352911e+01
1.615010380491782982e+01
1.320317865269871938e+01
1.328077535991965519e+01
1.304904371385618234e+01
1.342425387878945564e+01
1.324403059912330782e+01
1.328749509457584743e+01
1.613181220396989701e+01
1.328077535991965519e+01
1.295773376456065051e+01
1.431422780031545727e+01
1.367636324286942973e+01
1.476422255132456840e+01
1.389698512709644440e+01
1.341387013595318045e+01
1.299996738364909277e+01
1.354678663920583936e+01
1.419309254575261647e+01
1.366465219909420981e+01
1.440118867159652183e+01
1.390827641984826002e+01
1.276055536673260171e+01
1.358604373630215001e+01
1.424908906437649492e+01
1.308989566028076901e+01
1.333099147040437238e+01
1.402853991258439414e+01
1.388141279280662488e+01
1.401307152051668581e+01
1.452364124113145216e+01
1.612077041444554482e+01
1.348067460738847956e+01
1.366465219909420981e+01
1.475005227661560880e+01
1.476422255132456840e+01
1.383695136645353863e+01
1.344906745400284009e+01
1.274711452936739420e+01
1.413068813554678194e+01
1.606069220427037436e+01
1.616162236087013326e+01
1.391947297115463478e+01
1.600927915330926510e+01
1.427597441062122385e+01
1.613181220396989701e+01
1.339322420592603535e+01
1.444131412864058461e+01
1.403041527477025951e+01
1.435436046697092927e+01
1.487571278524797158e+01
1.308989566028076901e+01
1.342425387878945564e+01
1.301223369324686807e+01
1.364515736007973778e+01
1.324403059912330782e+01
1.327720443129146055e+01
1.297492187790557772e+01
1.330933352209420129e+01
1.413310608196870177e+01
1.625744023899957469e+01
1.329013952397978571e+01
1.282648131809786207e+01
1.469709288391888791e+01
1.342425387878945564e+01
1.608112038018164114e+01
1.314825144921285371e+01
1.316374729098505547e+01
1.388470015517352962e+01
1.324403059912330782e+01
1.616938520978345650e+01
1.449445107998160509e+01
1.424908906437649492e+01
1.272636470398605368e+01
1.396901834313517909e+01
1.328852822813998280e+01
1.617894155890891383e+01
1.416009286147291846e+01
1.352720461432275556e+01
1.332889872604418535e+01
1.403853787416379895e+01
1.323586732623664908e+01
1.358310083448434646e+01
1.324403059912330782e+01
1.615010380491782982e+01
1.276515384287934474e+01
1.330825785969492792e+01
1.315909061669334079e+01
1.342425387878945564e+01
1.281160717739875743e+01
1.294147129086637094e+01
1.342425387878945564e+01
1.476422255132456840e+01
1.346323452893437000e+01
1.333099147040437238e+01
1.397601907965055723e+01
1.476010129323640641e+01
1.387620299049608263e+01
1.336488875310448066e+01
1.370020411893092138e+01
1.615977239215613892e+01
1.491656473167256003e+01
1.337605869659069491e+01
1.418714877034315158e+01
1.420823711795190825e+01
1.354752190463245576e+01
1.348226963342597884e+01
1.414489298943139595e+01
1.602998512467397418e+01
1.287990767444520834e+01
1.305224399631964793e+01
1.314711166220034322e+01
1.349585990617067921e+01
1.292018337553050777e+01
1.320317865269871938e+01
1.338340193236486719e+01
1.302215836761145340e+01
1.622929268706624839e+01
1.459331878104271674e+01
1.348226963342597884e+01
1.613060211717167647e+01
1.388351003219232638e+01
1.408983618912219349e+01
1.427597441062122385e+01
1.434982604132550854e+01
1.327781109171549190e+01
1.618123209338397572e+01
1.320317865269871938e+01
1.312289534456046702e+01
1.315397637551735421e+01
1.327781109171549190e+01
1.397512727984126002e+01
1.391068514037107207e+01
1.613060211717167647e+01
1.615977239215613892e+01
1.611168321434347561e+01
1.323642822515664008e+01
1.608092085197415244e+01
1.459331878104271674e+01
1.455246683461812829e+01
1.276408009582450198e+01
1.465118457555449716e+01
1.327720443129146055e+01
1.604026843375705269e+01
1.286290549235715197e+01
1.320167356327357844e+01
1.316374729098505547e+01
1.408169348955398270e+01
1.449445107998160509e+01
1.397395463997388987e+01
1.619788205609082610e+01
1.305956146989642441e+01
1.491656473167256003e+01
1.475005227661560880e+01
1.316374729098505547e+01
1.395419197184394910e+01
1.621658829257498624e+01
1.366337626232111901e+01
1.324955440810543550e+01
1.323031972270554846e+01
1.368095310443643697e+01
1.411924091504833179e+01
1.316374729098505547e+01
1.476422255132456840e+01
1.342425387878945564e+01
1.294484360816900370e+01
1.352312157985056729e+01
1.390261863182042390e+01
1.373249266882827513e+01
1.618123209338397572e+01
1.310625971577575655e+01
1.329013952397978571e+01
1.422551616407224984e+01
1.621023715620804140e+01
1.341822458258241468e+01
1.427597441062122385e+01
1.343199737102899327e+01
1.280513915545054893e+01
1.391098954183978620e+01
1.316374729098505547e+01
1.287746213442177456e+01
1.329013952397978571e+01
1.275046625992497695e+01
1.459331878104271674e+01
1.338340193236486719e+01
1.424908906437649492e+01
1.280600578930393318e+01
1.312289534456046702e+01
1.312289534456046702e+01
1.363834650650606051e+01
1.324259279355769614e+01
1.347152900024397226e+01
1.342425387878945564e+01
1.480507449774915685e+01
1.455792216716941390e+01
1.300831971226627459e+01
1.465624093749429946e+01
1.408983618912219349e+01
1.337814671374607833e+01
1.323586732623664908e+01
1.348226963342597884e+01
1.616938520978345650e+01
1.324403059912330782e+01
1.352312157985056729e+01
1.371388647973585151e+01
1.342425387878945564e+01
1.331738347124306543e+01
1.408983618912219349e+01
1.424908906437649492e+01
1.601965513156109111e+01
1.331569441147466293e+01
1.281403387137186733e+01
1.611168321434347561e+01
1.451912714089326961e+01
1.282464407832607556e+01
1.608112038018164114e+01
1.369402535013241895e+01
1.352312157985056729e+01
1.336800794716574181e+01
1.399208453964438625e+01
1.374502366188745128e+01
1.615977239215613892e+01
1.610094878574150457e+01
1.351959652855806837e+01
1.619788205609082610e+01
1.310456848790331996e+01
1.316374729098505547e+01
1.604026843375705269e+01
1.332503814059706571e+01
1.427597441062122385e+01
1.367442487963637809e+01
1.416009286147291846e+01
1.357997783596656838e+01
1.342425387878945564e+01
1.609096025754531212e+01
1.313994970373386195e+01
1.346323452893437000e+01
1.324944562355188005e+01
1.345585512235079761e+01
1.383535104407149419e+01
1.416009286147291846e+01
1.310625971577575655e+01
1.476422255132456840e+01
1.493221506891334549e+01
1.330115307793615642e+01
1.296180828211072544e+01
1.359215491876289583e+01
1.480507449774915685e+01
1.612077041444554482e+01
1.310041341632101286e+01
1.296021807357811007e+01
1.395015884616495505e+01
1.615173768409645660e+01
1.288488444409823330e+01
1.324403059912330782e+01
1.373202651273066977e+01
1.405150362237901618e+01
1.353012466853594731e+01
1.613060211717167647e+01
1.326372812775772481e+01
1.311443039759911144e+01
1.465118457555449716e+01
1.324403059912330782e+01
1.309013820354405588e+01
1.319228190761857533e+01
1.617894155890891383e+01
1.325311384926820146e+01
1.314825144921285371e+01
1.316374729098505547e+01
1.489085005573091358e+01
1.449445107998160509e+01
1.350885845968194410e+01
1.327781109171549190e+01
1.436033672517193516e+01
1.419309254575261647e+01
1.312289534456046702e+01
1.324403059912330782e+01
1.400347328950979353e+01
1.455792216716941390e+01
1.447096129588834934e+01
1.379656190517820313e+01
1.413068813554678194e+01
1.348781316273205810e+01
1.408983618912219349e+01
1.333099147040437238e+01
1.320317865269871938e+01
1.418714877034315158e+01
1.436033672517193516e+01
1.459331878104271674e+01
1.324648932904905685e+01
1.323586732623664908e+01
1.358604373630215001e+01
1.325311384926820146e+01
1.455792216716941390e+01
1.440118867159652183e+01
1.346979959878724920e+01
1.603970983523394622e+01
1.411924091504833179e+01
1.324403059912330782e+01
1.609096025754531212e+01
1.616938520978345650e+01
1.305224399631964793e+01
1.431422780031545727e+01
1.266229546763612568e+01
1.455246683461812829e+01
1.373249266882827513e+01
1.373744596880820090e+01
1.402025439310538069e+01
1.290375743878174042e+01
1.413537411580103331e+01
1.280600578930393318e+01
1.410616609286743639e+01
1.613060211717167647e+01
1.414629682391856313e+01
1.296021807357811007e+01
1.600818131315436688e+01
1.310625971577575655e+01
1.308989566028076901e+01
1.612177279839874089e+01
1.369164072240368668e+01
1.304457158102463232e+01
1.295111991970065368e+01
1.398956332834567107e+01
1.600927915330926510e+01
1.323585689686805900e+01
1.392265632501549533e+01
1.465624093749429946e+01
1.324403059912330782e+01
1.449445107998160509e+01
1.283794686629036796e+01
1.397454336426310206e+01
1.412013088187107002e+01
1.352312157985056729e+01
1.282464407832607556e+01
1.619095575134241471e+01
1.366417962455473223e+01
1.342425387878945564e+01
1.323695914529090523e+01
1.390512546259283333e+01
1.416009286147291846e+01
1.480507449774915685e+01
1.469709288391888791e+01
1.280600578930393318e+01
1.333099147040437238e+01
1.622929268706624839e+01
1.364091488226434556e+01
1.327426773169142749e+01
1.416009286147291846e+01
1.342425387878945564e+01
1.369571072417511992e+01
1.299996738364909277e+01
1.610094878574150457e+01
1.316374729098505547e+01
1.369420401097548812e+01
1.619095575134241471e+01
1.304937795826558933e+01
1.610094878574150457e+01
1.352312157985056729e+01
1.361638802684619343e+01
1.604026843375705269e+01
1.298130642118686673e+01
1.596732936672978020e+01
1.447096129588834934e+01
1.278732228964608453e+01
1.617145406359626136e+01
1.465624093749429946e+01
1.469709288391888791e+01
1.349980435715907845e+01
1.343280184176792069e+01
1.348226963342597884e+01
1.612177279839874089e+01
1.357442404030927108e+01
1.625744023899957469e+01
1.338340193236486719e+01
1.487571278524797158e+01
1.392173192891254097e+01
1.398956332834567107e+01
1.617894155890891383e+01
1.300266022853531389e+01
1.608092085197415244e+01
1.618123209338397572e+01
1.380551558405582213e+01
1.333729476732148989e+01
1.607083126791888716e+01
1.431616637149326188e+01
1.381495504294476895e+01
1.335237225950144691e+01
1.465118457555449716e+01
1.459331878104271674e+01
1.385569940100687880e+01
1.320060709282062028e+01
