2.501999999999999780e+00
2.379000000000000004e+00
2.660000000000000142e+00
2.713999999999999968e+00
2.294000000000000039e+00
2.382000000000000117e+00
2.741999999999999993e+00
2.450000000000000178e+00
2.775999999999999801e+00
2.248000000000000220e+00
2.544999999999999929e+00
2.487999999999999989e+00
2.314000000000000057e+00
2.196000000000000174e+00
2.504000000000000004e+00
2.399000000000000021e+00
2.975000000000000089e+00
2.548999999999999932e+00
2.423999999999999932e+00
2.408999999999999808e+00
2.599000000000000199e+00
2.347999999999999865e+00
2.362000000000000099e+00
2.373000000000000220e+00
2.568000000000000060e+00
2.665999999999999925e+00
2.418000000000000149e+00
2.334999999999999964e+00
2.321000000000000174e+00
2.634999999999999787e+00
2.563000000000000167e+00
2.705999999999999961e+00
2.754000000000000004e+00
2.456999999999999851e+00
2.608999999999999986e+00
2.547000000000000153e+00
2.515000000000000124e+00
2.419999999999999929e+00
2.593999999999999861e+00
2.475000000000000089e+00
2.628000000000000114e+00
2.795999999999999819e+00
2.705999999999999961e+00
2.661000000000000032e+00
2.321000000000000174e+00
2.883999999999999897e+00
2.458000000000000185e+00
2.338999999999999968e+00
2.721000000000000085e+00
2.370999999999999996e+00
2.515000000000000124e+00
2.551000000000000156e+00
2.603000000000000203e+00
2.475999999999999979e+00
2.823999999999999844e+00
2.583000000000000185e+00
2.408999999999999808e+00
2.656000000000000139e+00
2.841000000000000192e+00
2.572999999999999954e+00
2.391999999999999904e+00
2.830000000000000071e+00
2.568999999999999950e+00
2.572999999999999954e+00
2.551000000000000156e+00
2.822999999999999954e+00
2.520000000000000018e+00
2.242999999999999883e+00
2.436999999999999833e+00
2.462000000000000188e+00
2.298999999999999932e+00
2.309000000000000163e+00
2.556000000000000050e+00
2.544000000000000039e+00
2.479000000000000092e+00
2.391999999999999904e+00
2.084999999999999964e+00
2.755999999999999783e+00
2.539000000000000146e+00
2.306999999999999940e+00
2.927000000000000046e+00
2.579000000000000181e+00
2.678999999999999826e+00
2.321000000000000174e+00
2.322999999999999954e+00
2.678999999999999826e+00
2.424999999999999822e+00
2.607000000000000206e+00
2.476999999999999869e+00
2.572999999999999954e+00
2.311999999999999833e+00
2.306999999999999940e+00
2.342999999999999972e+00
2.427000000000000046e+00
2.581999999999999851e+00
2.289000000000000146e+00
2.694999999999999840e+00
2.232000000000000206e+00
2.654999999999999805e+00
2.376999999999999780e+00
2.520000000000000018e+00
2.967000000000000082e+00
2.472999999999999865e+00
2.906000000000000139e+00
2.619000000000000217e+00
2.596999999999999975e+00
2.580000000000000071e+00
2.396999999999999797e+00
2.369000000000000217e+00
2.713999999999999968e+00
