2.535000000000000142e+00
2.575000000000000178e+00
2.920999999999999819e+00
2.298999999999999932e+00
2.057999999999999829e+00
2.373000000000000220e+00
2.501999999999999780e+00
2.511000000000000121e+00
2.640000000000000124e+00
2.484999999999999876e+00
2.378000000000000114e+00
2.511000000000000121e+00
2.561999999999999833e+00
2.383999999999999897e+00
2.362000000000000099e+00
2.547000000000000153e+00
2.376999999999999780e+00
2.487000000000000099e+00
2.523000000000000131e+00
2.689999999999999947e+00
2.204000000000000181e+00
2.281000000000000139e+00
2.693000000000000060e+00
2.875000000000000000e+00
2.625999999999999890e+00
2.379000000000000004e+00
2.454000000000000181e+00
2.678999999999999826e+00
2.601999999999999869e+00
2.790999999999999925e+00
2.343999999999999861e+00
2.310000000000000053e+00
2.431999999999999940e+00
2.790999999999999925e+00
2.541999999999999815e+00
2.612999999999999989e+00
2.657999999999999918e+00
2.729999999999999982e+00
2.697999999999999954e+00
2.781000000000000139e+00
2.519000000000000128e+00
2.495999999999999996e+00
2.362000000000000099e+00
2.541999999999999815e+00
2.495000000000000107e+00
2.528000000000000025e+00
2.532000000000000028e+00
2.326000000000000068e+00
2.536999999999999922e+00
2.202999999999999847e+00
2.176000000000000156e+00
2.544999999999999929e+00
2.164000000000000146e+00
2.068000000000000060e+00
2.531000000000000139e+00
2.729999999999999982e+00
2.499000000000000110e+00
2.794000000000000039e+00
2.278999999999999915e+00
2.217000000000000082e+00
2.528999999999999915e+00
2.672000000000000153e+00
2.387999999999999901e+00
2.363999999999999879e+00
2.500000000000000000e+00
2.577999999999999847e+00
2.685999999999999943e+00
2.608999999999999986e+00
2.370999999999999996e+00
2.427999999999999936e+00
2.544000000000000039e+00
2.599000000000000199e+00
2.303999999999999826e+00
2.668000000000000149e+00
2.263999999999999790e+00
2.689999999999999947e+00
2.424999999999999822e+00
2.745000000000000107e+00
2.491999999999999993e+00
2.418000000000000149e+00
2.439999999999999947e+00
2.744000000000000217e+00
2.418000000000000149e+00
2.363999999999999879e+00
2.636000000000000121e+00
2.196000000000000174e+00
2.450000000000000178e+00
2.007000000000000117e+00
2.395000000000000018e+00
2.539000000000000146e+00
2.726999999999999869e+00
2.685999999999999943e+00
2.544999999999999929e+00
2.174999999999999822e+00
2.690999999999999837e+00
2.456999999999999851e+00
2.488999999999999879e+00
2.370000000000000107e+00
2.516999999999999904e+00
2.388999999999999790e+00
2.358999999999999986e+00
2.455000000000000071e+00
2.420999999999999819e+00
2.535000000000000142e+00
2.439999999999999947e+00
2.633999999999999897e+00
2.451000000000000068e+00
2.388999999999999790e+00
2.331999999999999851e+00
2.370999999999999996e+00
2.633999999999999897e+00
2.501999999999999780e+00
2.464999999999999858e+00
2.318999999999999950e+00
2.447999999999999954e+00
2.311999999999999833e+00
2.625999999999999890e+00
2.302999999999999936e+00
2.392999999999999794e+00
2.645999999999999908e+00
2.596000000000000085e+00
2.705999999999999961e+00
2.519000000000000128e+00
2.278000000000000025e+00
2.407000000000000028e+00
2.463999999999999968e+00
2.444999999999999840e+00
2.391999999999999904e+00
2.504999999999999893e+00
2.883999999999999897e+00
2.528000000000000025e+00
2.494000000000000217e+00
2.607000000000000206e+00
2.396999999999999797e+00
2.459999999999999964e+00
2.456999999999999851e+00
2.576000000000000068e+00
2.677000000000000046e+00
2.371999999999999886e+00
2.532999999999999918e+00
2.528999999999999915e+00
2.355999999999999872e+00
2.262999999999999901e+00
2.165999999999999925e+00
2.342999999999999972e+00
2.057999999999999829e+00
2.287999999999999812e+00
2.577999999999999847e+00
2.575000000000000178e+00
2.697000000000000064e+00
2.653999999999999915e+00
2.265000000000000124e+00
2.225999999999999979e+00
2.565999999999999837e+00
2.439999999999999947e+00
2.654999999999999805e+00
2.221999999999999975e+00
2.536000000000000032e+00
2.378000000000000114e+00
2.209999999999999964e+00
2.442000000000000171e+00
2.271999999999999797e+00
2.644000000000000128e+00
2.483000000000000096e+00
2.307999999999999829e+00
2.565999999999999837e+00
2.685000000000000053e+00
2.447000000000000064e+00
2.403000000000000025e+00
2.504000000000000004e+00
2.213999999999999968e+00
2.427000000000000046e+00
2.568000000000000060e+00
2.769000000000000128e+00
2.418000000000000149e+00
2.176000000000000156e+00
2.140000000000000124e+00
2.753000000000000114e+00
2.395000000000000018e+00
2.197999999999999954e+00
2.795999999999999819e+00
2.351999999999999869e+00
2.927000000000000046e+00
2.524999999999999911e+00
2.475999999999999979e+00
2.213000000000000078e+00
2.245000000000000107e+00
2.350000000000000089e+00
2.532000000000000028e+00
2.450000000000000178e+00
2.202999999999999847e+00
2.346000000000000085e+00
2.233000000000000096e+00
2.744000000000000217e+00
2.446000000000000174e+00
2.400999999999999801e+00
2.406000000000000139e+00
2.466000000000000192e+00
2.281000000000000139e+00
2.552000000000000046e+00
2.584999999999999964e+00
3.041999999999999815e+00
2.277000000000000135e+00
2.298999999999999932e+00
2.520000000000000018e+00
2.495000000000000107e+00
2.525999999999999801e+00
2.459999999999999964e+00
2.521999999999999797e+00
2.442000000000000171e+00
2.559000000000000163e+00
2.427999999999999936e+00
2.440999999999999837e+00
2.305000000000000160e+00
2.673000000000000043e+00
2.798000000000000043e+00
2.467000000000000082e+00
2.572999999999999954e+00
2.912999999999999812e+00
2.273000000000000131e+00
2.564000000000000057e+00
2.273000000000000131e+00
2.415999999999999925e+00
2.529999999999999805e+00
2.414000000000000146e+00
2.790000000000000036e+00
2.379000000000000004e+00
2.472999999999999865e+00
2.498000000000000220e+00
2.479000000000000092e+00
2.458000000000000185e+00
2.464999999999999858e+00
2.488999999999999879e+00
2.208000000000000185e+00
2.467000000000000082e+00
2.419000000000000039e+00
2.633999999999999897e+00
2.588000000000000078e+00
2.680000000000000160e+00
2.467000000000000082e+00
2.451000000000000068e+00
2.517999999999999794e+00
2.467000000000000082e+00
2.822000000000000064e+00
2.028999999999999915e+00
2.410000000000000142e+00
2.424999999999999822e+00
2.431999999999999940e+00
2.649000000000000021e+00
2.323999999999999844e+00
2.505999999999999783e+00
2.205000000000000071e+00
2.539000000000000146e+00
2.458000000000000185e+00
2.966000000000000192e+00
2.414000000000000146e+00
2.414000000000000146e+00
2.644000000000000128e+00
2.448999999999999844e+00
2.669000000000000039e+00
2.673000000000000043e+00
2.447000000000000064e+00
2.298999999999999932e+00
2.218999999999999861e+00
2.422000000000000153e+00
2.552000000000000046e+00
2.403000000000000025e+00
3.041999999999999815e+00
2.343999999999999861e+00
2.693000000000000060e+00
2.798999999999999932e+00
2.342999999999999972e+00
2.714999999999999858e+00
2.504000000000000004e+00
2.821000000000000174e+00
2.483000000000000096e+00
2.349000000000000199e+00
2.504000000000000004e+00
2.529999999999999805e+00
2.911000000000000032e+00
2.404999999999999805e+00
2.436999999999999833e+00
2.375000000000000000e+00
2.111000000000000210e+00
2.456999999999999851e+00
2.701999999999999957e+00
2.531000000000000139e+00
2.709999999999999964e+00
2.515000000000000124e+00
2.592000000000000082e+00
2.431999999999999940e+00
2.652000000000000135e+00
2.294000000000000039e+00
2.966000000000000192e+00
2.366000000000000103e+00
2.613999999999999879e+00
2.365000000000000213e+00
2.843999999999999861e+00
2.399000000000000021e+00
2.964999999999999858e+00
2.229000000000000092e+00
2.197999999999999954e+00
2.255999999999999783e+00
2.025999999999999801e+00
2.452999999999999847e+00
2.265000000000000124e+00
2.778999999999999915e+00
2.383999999999999897e+00
2.439999999999999947e+00
2.508000000000000007e+00
2.740000000000000213e+00
2.630999999999999783e+00
2.422000000000000153e+00
2.785000000000000142e+00
2.556999999999999940e+00
2.650999999999999801e+00
2.422000000000000153e+00
2.323999999999999844e+00
2.362000000000000099e+00
2.700000000000000178e+00
2.604999999999999982e+00
2.580000000000000071e+00
2.746999999999999886e+00
2.568000000000000060e+00
2.354000000000000092e+00
2.439999999999999947e+00
2.545999999999999819e+00
2.512000000000000011e+00
2.551000000000000156e+00
2.217999999999999972e+00
2.182999999999999829e+00
2.422000000000000153e+00
2.906000000000000139e+00
2.564999999999999947e+00
2.516000000000000014e+00
2.221000000000000085e+00
2.608999999999999986e+00
2.646999999999999797e+00
2.839999999999999858e+00
2.604000000000000092e+00
2.354000000000000092e+00
2.726999999999999869e+00
2.568000000000000060e+00
2.306000000000000050e+00
2.803999999999999826e+00
2.714999999999999858e+00
2.370999999999999996e+00
2.705999999999999961e+00
2.504000000000000004e+00
2.427000000000000046e+00
2.831999999999999851e+00
2.386000000000000121e+00
2.500000000000000000e+00
2.583000000000000185e+00
2.693000000000000060e+00
2.520999999999999908e+00
2.607000000000000206e+00
2.721000000000000085e+00
2.609999999999999876e+00
2.581999999999999851e+00
2.068000000000000060e+00
2.572999999999999954e+00
2.620000000000000107e+00
2.685000000000000053e+00
2.330000000000000071e+00
2.475999999999999979e+00
2.374000000000000110e+00
2.569999999999999840e+00
2.025999999999999801e+00
2.229999999999999982e+00
2.492999999999999883e+00
2.552999999999999936e+00
2.575000000000000178e+00
2.733999999999999986e+00
2.539000000000000146e+00
2.535000000000000142e+00
2.378000000000000114e+00
2.520999999999999908e+00
2.487999999999999989e+00
2.633999999999999897e+00
2.599000000000000199e+00
2.361000000000000210e+00
2.318999999999999950e+00
2.358999999999999986e+00
2.283999999999999808e+00
2.476999999999999869e+00
2.451999999999999957e+00
2.298000000000000043e+00
2.462000000000000188e+00
2.653000000000000025e+00
2.371999999999999886e+00
2.221999999999999975e+00
2.682999999999999829e+00
2.329000000000000181e+00
2.427000000000000046e+00
2.365000000000000213e+00
2.555000000000000160e+00
2.407000000000000028e+00
2.645999999999999908e+00
2.802000000000000046e+00
2.479000000000000092e+00
2.670999999999999819e+00
2.591000000000000192e+00
2.681999999999999940e+00
2.424999999999999822e+00
2.361000000000000210e+00
2.771999999999999797e+00
2.500000000000000000e+00
2.404999999999999805e+00
2.661999999999999922e+00
2.512999999999999901e+00
2.748000000000000220e+00
2.365000000000000213e+00
2.330000000000000071e+00
2.398000000000000131e+00
2.823999999999999844e+00
2.653000000000000025e+00
2.843999999999999861e+00
2.633999999999999897e+00
2.681000000000000050e+00
2.513999999999999790e+00
2.444999999999999840e+00
3.039000000000000146e+00
2.592999999999999972e+00
2.710999999999999854e+00
2.733999999999999986e+00
2.523000000000000131e+00
2.576000000000000068e+00
2.771999999999999797e+00
2.394000000000000128e+00
2.509999999999999787e+00
2.314999999999999947e+00
2.556000000000000050e+00
2.403999999999999915e+00
2.625999999999999890e+00
2.512000000000000011e+00
