1.302968710889379267e+01
1.372742894532314395e+01
1.562730199699647038e+01
1.307679378215078714e+01
1.567343782055906054e+01
1.356886559925777291e+01
1.358453624012129168e+01
1.428963532458035246e+01
1.434239046927097583e+01
1.330221068232908621e+01
1.379901761136576965e+01
1.372742894532314395e+01
1.362150877864086951e+01
1.358471485132777268e+01
1.345992890551414511e+01
1.339731094531173916e+01
1.338252145129560589e+01
1.307622962510422937e+01
1.364914323668429574e+01
1.364888444004543011e+01
1.310034563492137849e+01
1.307622962510422937e+01
1.568529610226091897e+01
1.351529172274999446e+01
1.411879258484479571e+01
1.334704912208369088e+01
1.345563428352086177e+01
1.559140111978616439e+01
1.328075074323360205e+01
1.562730199699647038e+01
1.350848654065142540e+01
1.358031140062886166e+01
1.356886559925777291e+01
1.549634644515757032e+01
1.550817214459874016e+01
1.379901761136576965e+01
1.364914323668429574e+01
1.578072559818824594e+01
1.579272216455735567e+01
1.394479557885141396e+01
1.459205298954704233e+01
1.342688779943708788e+01
1.364888444004543011e+01
1.562730199699647038e+01
1.344321849997905183e+01
1.334189810352444283e+01
1.578072559818824594e+01
1.358031140062886166e+01
1.387048785028775377e+01
1.345563428352086177e+01
1.356886559925777291e+01
1.342688779943708788e+01
1.306188363555547127e+01
1.555563701169658408e+01
1.387048785028775377e+01
1.358453624012129168e+01
1.357974724358230212e+01
1.418785931091142949e+01
1.411879258484479571e+01
1.374046317079558754e+01
1.335667412439146240e+01
1.381552246636921666e+01
1.346485357793478777e+01
1.366871532394176825e+01
1.320264662894094876e+01
1.364857907963773798e+01
1.374929940700001119e+01
1.338190474884742187e+01
1.388085254651491773e+01
1.434239046927097583e+01
1.330221068232908621e+01
1.349571963549252374e+01
1.384371260708127771e+01
1.354291953237388668e+01
1.364599397695450911e+01
1.405786539899387577e+01
1.574482472097793995e+01
1.421949217821772216e+01
1.320264662894094876e+01
1.474249152127507401e+01
1.411879258484479571e+01
1.431344773773868262e+01
1.319857664118563534e+01
1.336860081267852962e+01
1.424162384096067413e+01
1.567343782055906054e+01
1.559140111978616439e+01
1.404928510298965172e+01
1.561439288393065361e+01
1.455196763757538037e+01
1.555563701169658408e+01
1.368900834256853649e+01
1.398942402480063762e+01
1.334666512601854471e+01
1.391815658631939989e+01
1.420751460105380559e+01
1.330221068232908621e+01
1.356886559925777291e+01
1.363583863815647312e+01
1.434882835021254621e+01
1.342688779943708788e+01
1.381101033326944538e+01
1.360090758419108070e+01
1.326913358779089869e+01
1.374063029767481581e+01
1.571157705063570909e+01
1.364914323668429574e+01
1.345202556477761213e+01
1.388028838946835819e+01
1.356886559925777291e+01
1.549634644515757032e+01
1.394637785826881604e+01
1.336243227860478022e+01
1.354548902055643644e+01
1.342688779943708788e+01
1.580473325391919737e+01
1.372172504340298715e+01
1.434239046927097583e+01
1.298527418292587221e+01
1.361144985019822329e+01
1.306278008813629654e+01
1.581675869787972211e+01
1.345507012647430045e+01
1.344910227246783663e+01
1.328571288222757296e+01
1.435010259016767264e+01
1.362033532346848830e+01
1.411471334714618031e+01
1.342688779943708788e+01
1.578072559818824594e+01
1.321222883171721563e+01
1.408046435621575831e+01
1.313799579407881524e+01
1.356886559925777291e+01
1.325376923611315405e+01
1.356886670209451218e+01
1.356886559925777291e+01
1.411879258484479571e+01
1.401958061450583948e+01
1.349571963549252374e+01
1.442282854924994950e+01
1.445039418128511066e+01
1.321166467467065431e+01
1.312817841271022345e+01
1.358649026206099641e+01
1.579272216455735567e+01
1.405409099986203181e+01
1.332529461560322126e+01
1.429013903592784906e+01
1.449581407046274961e+01
1.408665373108432028e+01
1.379958176841232920e+01
1.374997477892032371e+01
1.563796089062960526e+01
1.350773263396087387e+01
1.352453931984992508e+01
1.357630316872968024e+01
1.342376292740438437e+01
1.354806889990561558e+01
1.358031140062886166e+01
1.372228920044954670e+01
1.324605711521645723e+01
1.567537472685309830e+01
1.379901761136576965e+01
1.379958176841232920e+01
1.575677670800448205e+01
1.372992188049156148e+01
1.439504744215244969e+01
1.455196763757538037e+01
1.461218923385107260e+01
1.363974918678857406e+01
1.561532012201416286e+01
1.358031140062886166e+01
1.351585587979655401e+01
1.395128367943954295e+01
1.363974918678857406e+01
1.380170050081936672e+01
1.356580277117864597e+01
1.575677670800448205e+01
1.579272216455735567e+01
1.553187250106914696e+01
1.383324232811708399e+01
1.569717042250203853e+01
1.379901761136576965e+01
1.395244121255754344e+01
1.302050337832479343e+01
1.466519895331229151e+01
1.381101033326944538e+01
1.564977004634934410e+01
1.329871408809793110e+01
1.298612906727183613e+01
1.336243227860478022e+01
1.388569041512105606e+01
1.372172504340298715e+01
1.329814993105136978e+01
1.584085197602058592e+01
1.370487074149990114e+01
1.405409099986203181e+01
1.474249152127507401e+01
1.336243227860478022e+01
1.440558906166388375e+01
1.586500065182748109e+01
1.337182456007757736e+01
1.302872066823163166e+01
1.382807497026004384e+01
1.357136059342842316e+01
1.360849372766607601e+01
1.336243227860478022e+01
1.411879258484479571e+01
1.356886559925777291e+01
1.376449948528584066e+01
1.364615816722055541e+01
1.374487138024596611e+01
1.307622962510422937e+01
1.561532012201416286e+01
1.372972676992145402e+01
1.364914323668429574e+01
1.400039248635090594e+01
1.565130965272742536e+01
1.336026895747659538e+01
1.455196763757538037e+01
1.318442746157262668e+01
1.354743634881409520e+01
1.437155446647320822e+01
1.336243227860478022e+01
1.350523848752133915e+01
1.364914323668429574e+01
1.350848654065142540e+01
1.379901761136576965e+01
1.372228920044954670e+01
1.434239046927097583e+01
1.305880523052544007e+01
1.351585587979655401e+01
1.351585587979655401e+01
1.415809390283439306e+01
1.383844771193945888e+01
1.321710491495160511e+01
1.356886559925777291e+01
1.396536898365302193e+01
1.459205298954704233e+01
1.363221074700711988e+01
1.403371199066013197e+01
1.439504744215244969e+01
1.395079632001310976e+01
1.362033532346848830e+01
1.379958176841232920e+01
1.580473325391919737e+01
1.342688779943708788e+01
1.364615816722055541e+01
1.341170586172005486e+01
1.356886559925777291e+01
1.327596682430137598e+01
1.439504744215244969e+01
1.434239046927097583e+01
1.562616844702535879e+01
1.382739042902895932e+01
1.343871698341139442e+01
1.553187250106914696e+01
1.405408629401573251e+01
1.345006732898753476e+01
1.549634644515757032e+01
1.396593314069958147e+01
1.364615816722055541e+01
1.331857377418352861e+01
1.430856218577173422e+01
1.424153873449107088e+01
1.579272216455735567e+01
1.572096650502581916e+01
1.325643437125467194e+01
1.584085197602058592e+01
1.371933934657503507e+01
1.336243227860478022e+01
1.564977004634934410e+01
1.328244914838868596e+01
1.455196763757538037e+01
1.437171177685184631e+01
1.345507012647430045e+01
1.330527488331179242e+01
1.356886559925777291e+01
1.570906061288835609e+01
1.375043340519163415e+01
1.401958061450583948e+01
1.321773817546064578e+01
1.320418627371157960e+01
1.336508827586242987e+01
1.345507012647430045e+01
1.372972676992145402e+01
1.411879258484479571e+01
1.460723885043654313e+01
1.407462799517451835e+01
1.364888444004543011e+01
1.412183654710316816e+01
1.396536898365302193e+01
1.574482472097793995e+01
1.355144714030812558e+01
1.319380568187333047e+01
1.427026033357108403e+01
1.557946432932858905e+01
1.351279187193361864e+01
1.342688779943708788e+01
1.342597335832398642e+01
1.355234016055344526e+01
1.407288619082986081e+01
1.575677670800448205e+01
1.304116609157795814e+01
1.372805065251228918e+01
1.466519895331229151e+01
1.342688779943708788e+01
1.370652730649983120e+01
1.359922627361599368e+01
1.581675869787972211e+01
1.403490322590947237e+01
1.394637785826881604e+01
1.336243227860478022e+01
1.437794770751866480e+01
1.372172504340298715e+01
1.343429044383088744e+01
1.363974918678857406e+01
1.380200268082950998e+01
1.366871532394176825e+01
1.351585587979655401e+01
1.342688779943708788e+01
1.382397728767281286e+01
1.459205298954704233e+01
1.452322115349160647e+01
1.313813362707108645e+01
1.424162384096067413e+01
1.403924070438374727e+01
1.439504744215244969e+01
1.349571963549252374e+01
1.358031140062886166e+01
1.429013903592784906e+01
1.380200268082950998e+01
1.379901761136576965e+01
1.402938766213025978e+01
1.362033532346848830e+01
1.388085254651491773e+01
1.403490322590947237e+01
1.459205298954704233e+01
1.364857907963773798e+01
1.340257071462919214e+01
1.544921076854778086e+01
1.360849372766607601e+01
1.342688779943708788e+01
1.570906061288835609e+01
1.580473325391919737e+01
1.352453931984992508e+01
1.357974724358230212e+01
1.292337018095901513e+01
1.395244121255754344e+01
1.307622962510422937e+01
1.361569717192552709e+01
1.383718531902353988e+01
1.314529048690615554e+01
1.392829202854872861e+01
1.305880523052544007e+01
1.390508422115951959e+01
1.575677670800448205e+01
1.444356263711962285e+01
1.319380568187333047e+01
1.541403920333669220e+01
1.372972676992145402e+01
1.330221068232908621e+01
1.554374682131026653e+01
1.322965322629600138e+01
1.385574754243981310e+01
1.357818536945317334e+01
1.350008872721031850e+01
1.561439288393065361e+01
1.320592773776590079e+01
1.325320507906659273e+01
1.403371199066013197e+01
1.342688779943708788e+01
1.372172504340298715e+01
1.346418914516322296e+01
1.380124202080464180e+01
1.391617159244251489e+01
1.364615816722055541e+01
1.345006732898753476e+01
1.562730199699647038e+01
1.355815552681731440e+01
1.356886559925777291e+01
1.379317278798034963e+01
1.356145585748528681e+01
1.345507012647430045e+01
1.396536898365302193e+01
1.388028838946835819e+01
1.305880523052544007e+01
1.349571963549252374e+01
1.567537472685309830e+01
1.298199410547487709e+01
1.386505082687011381e+01
1.345507012647430045e+01
1.356886559925777291e+01
1.420299148477803008e+01
1.381552246636921666e+01
1.572096650502581916e+01
1.336243227860478022e+01
1.438717163759686457e+01
1.562730199699647038e+01
1.366988479621594088e+01
1.572096650502581916e+01
1.364615816722055541e+01
1.432631660240450522e+01
1.564977004634934410e+01
1.339948071640823102e+01
1.556746280452846598e+01
1.452322115349160647e+01
1.341001335443710474e+01
1.560335310681271004e+01
1.403371199066013197e+01
1.388028838946835819e+01
1.324029116443312404e+01
1.337227611348079748e+01
1.379958176841232920e+01
1.554374682131026653e+01
1.348698625217161151e+01
1.571157705063570909e+01
1.372228920044954670e+01
1.420751460105380559e+01
1.438000714678804925e+01
1.350008872721031850e+01
1.581675869787972211e+01
1.349546083885365633e+01
1.569717042250203853e+01
1.561532012201416286e+01
1.405465515690859135e+01
1.410421992120488532e+01
1.568529610226091897e+01
1.388714977901042325e+01
1.367632960181846258e+01
1.384243194376031028e+01
1.466519895331229151e+01
1.379901761136576965e+01
1.370817642878012066e+01
1.380280276411606977e+01
