2.697999999999999954e+00
2.718999999999999861e+00
2.440999999999999837e+00
2.402000000000000135e+00
2.432999999999999829e+00
2.096000000000000085e+00
2.850999999999999979e+00
2.476999999999999869e+00
2.762999999999999901e+00
2.391999999999999904e+00
2.229999999999999982e+00
2.620000000000000107e+00
1.943000000000000060e+00
2.399999999999999911e+00
2.464999999999999858e+00
2.319999999999999840e+00
2.994000000000000217e+00
2.520000000000000018e+00
2.472999999999999865e+00
2.512999999999999901e+00
2.432999999999999829e+00
2.057999999999999829e+00
2.411999999999999922e+00
2.444999999999999840e+00
2.455999999999999961e+00
2.060000000000000053e+00
2.548000000000000043e+00
2.596999999999999975e+00
2.257000000000000117e+00
2.624000000000000110e+00
2.670999999999999819e+00
2.630999999999999783e+00
2.915000000000000036e+00
2.470000000000000195e+00
2.668000000000000149e+00
2.629000000000000004e+00
2.527000000000000135e+00
2.418000000000000149e+00
2.484999999999999876e+00
2.535000000000000142e+00
2.439000000000000057e+00
2.834999999999999964e+00
2.717999999999999972e+00
2.745999999999999996e+00
2.517999999999999794e+00
2.705000000000000071e+00
2.370999999999999996e+00
2.535000000000000142e+00
2.943999999999999950e+00
2.451999999999999957e+00
2.483000000000000096e+00
2.847999999999999865e+00
2.633000000000000007e+00
2.350999999999999979e+00
2.946000000000000174e+00
2.487999999999999989e+00
2.375000000000000000e+00
2.690999999999999837e+00
2.775999999999999801e+00
2.763999999999999790e+00
2.483000000000000096e+00
2.529999999999999805e+00
2.422000000000000153e+00
2.338999999999999968e+00
2.629999999999999893e+00
2.557999999999999829e+00
2.317000000000000171e+00
2.757000000000000117e+00
2.451000000000000068e+00
2.451000000000000068e+00
2.039000000000000146e+00
2.539000000000000146e+00
2.508999999999999897e+00
2.688000000000000167e+00
2.495999999999999996e+00
2.584000000000000075e+00
1.852999999999999980e+00
2.051000000000000156e+00
2.407000000000000028e+00
2.525999999999999801e+00
2.875000000000000000e+00
2.414000000000000146e+00
2.814999999999999947e+00
2.547000000000000153e+00
2.577999999999999847e+00
2.923999999999999932e+00
2.676000000000000156e+00
2.415999999999999925e+00
2.407000000000000028e+00
2.214999999999999858e+00
2.504000000000000004e+00
2.439000000000000057e+00
2.262999999999999901e+00
2.527000000000000135e+00
2.488999999999999879e+00
2.535000000000000142e+00
2.383999999999999897e+00
2.236000000000000210e+00
2.750000000000000000e+00
2.346999999999999975e+00
2.259999999999999787e+00
2.958000000000000185e+00
2.541999999999999815e+00
2.572000000000000064e+00
2.403999999999999915e+00
2.790999999999999925e+00
2.309000000000000163e+00
2.438000000000000167e+00
2.259999999999999787e+00
2.533999999999999808e+00
