2.404999999999999805e+00
2.431000000000000050e+00
3.013999999999999790e+00
2.504000000000000004e+00
2.555000000000000160e+00
2.617999999999999883e+00
2.668000000000000149e+00
2.375999999999999890e+00
2.428999999999999826e+00
2.435999999999999943e+00
2.244000000000000217e+00
2.458000000000000185e+00
2.755999999999999783e+00
2.599000000000000199e+00
2.375999999999999890e+00
2.471000000000000085e+00
2.404999999999999805e+00
2.718999999999999861e+00
2.349000000000000199e+00
1.889000000000000012e+00
2.423999999999999932e+00
2.188000000000000167e+00
2.770999999999999908e+00
2.701999999999999957e+00
2.619000000000000217e+00
2.407000000000000028e+00
2.388999999999999790e+00
2.923999999999999932e+00
2.307999999999999829e+00
2.793000000000000149e+00
2.052999999999999936e+00
2.443999999999999950e+00
2.560000000000000053e+00
2.793000000000000149e+00
2.983999999999999986e+00
2.495000000000000107e+00
2.612000000000000099e+00
2.956999999999999851e+00
2.725999999999999979e+00
2.411000000000000032e+00
2.289000000000000146e+00
2.509999999999999787e+00
1.824999999999999956e+00
2.983999999999999986e+00
2.416999999999999815e+00
2.406000000000000139e+00
2.914000000000000146e+00
2.463999999999999968e+00
2.596999999999999975e+00
2.483999999999999986e+00
2.415000000000000036e+00
2.548999999999999932e+00
2.658999999999999808e+00
2.581999999999999851e+00
2.565999999999999837e+00
2.353000000000000203e+00
2.741000000000000103e+00
2.499000000000000110e+00
2.613999999999999879e+00
2.317000000000000171e+00
2.392999999999999794e+00
2.616999999999999993e+00
2.577999999999999847e+00
2.455999999999999961e+00
2.557999999999999829e+00
2.535000000000000142e+00
2.609999999999999876e+00
2.375999999999999890e+00
2.380999999999999783e+00
2.754000000000000004e+00
2.513999999999999790e+00
2.448999999999999844e+00
2.287999999999999812e+00
2.455999999999999961e+00
2.439999999999999947e+00
2.620000000000000107e+00
2.676000000000000156e+00
2.494000000000000217e+00
2.557999999999999829e+00
2.779999999999999805e+00
2.584999999999999964e+00
2.662999999999999812e+00
2.410000000000000142e+00
2.291999999999999815e+00
2.508999999999999897e+00
2.399999999999999911e+00
2.928999999999999826e+00
2.141999999999999904e+00
2.815999999999999837e+00
2.609999999999999876e+00
2.882000000000000117e+00
2.383999999999999897e+00
2.419000000000000039e+00
2.281000000000000139e+00
2.492999999999999883e+00
2.237000000000000099e+00
2.576999999999999957e+00
2.350000000000000089e+00
2.560999999999999943e+00
2.674999999999999822e+00
2.543000000000000149e+00
1.955999999999999961e+00
2.580999999999999961e+00
2.710999999999999854e+00
2.549999999999999822e+00
2.990000000000000213e+00
2.455999999999999961e+00
2.366000000000000103e+00
2.535000000000000142e+00
2.661000000000000032e+00
3.017999999999999794e+00
2.367999999999999883e+00
2.435000000000000053e+00
2.438000000000000167e+00
2.423000000000000043e+00
2.463999999999999968e+00
2.595000000000000195e+00
2.282000000000000028e+00
2.435999999999999943e+00
2.434000000000000163e+00
2.362999999999999989e+00
2.717999999999999972e+00
2.498000000000000220e+00
2.623000000000000220e+00
2.467999999999999972e+00
2.342000000000000082e+00
2.145000000000000018e+00
2.325000000000000178e+00
2.406000000000000139e+00
2.705000000000000071e+00
2.450000000000000178e+00
2.533999999999999808e+00
2.435000000000000053e+00
2.605999999999999872e+00
2.311999999999999833e+00
2.088000000000000078e+00
2.894000000000000128e+00
2.455000000000000071e+00
2.237000000000000099e+00
2.287999999999999812e+00
2.661000000000000032e+00
2.678999999999999826e+00
2.023000000000000131e+00
2.480999999999999872e+00
2.439000000000000057e+00
2.555000000000000160e+00
2.177999999999999936e+00
2.446000000000000174e+00
2.491999999999999993e+00
2.713000000000000078e+00
2.436999999999999833e+00
2.692000000000000171e+00
2.501999999999999780e+00
2.637000000000000011e+00
2.334999999999999964e+00
2.496999999999999886e+00
1.905999999999999917e+00
2.388999999999999790e+00
2.311999999999999833e+00
2.475000000000000089e+00
2.396999999999999797e+00
2.584999999999999964e+00
2.738999999999999879e+00
2.620000000000000107e+00
2.649999999999999911e+00
2.637000000000000011e+00
2.741999999999999993e+00
2.220000000000000195e+00
2.395999999999999908e+00
2.533999999999999808e+00
2.126999999999999780e+00
2.567000000000000171e+00
2.591000000000000192e+00
2.354000000000000092e+00
2.422000000000000153e+00
2.032000000000000028e+00
2.355999999999999872e+00
2.620999999999999996e+00
2.815999999999999837e+00
2.697999999999999954e+00
2.834999999999999964e+00
2.428999999999999826e+00
2.875000000000000000e+00
2.474000000000000199e+00
2.466000000000000192e+00
2.354999999999999982e+00
2.488999999999999879e+00
2.398000000000000131e+00
2.914000000000000146e+00
2.423000000000000043e+00
2.172000000000000153e+00
2.430000000000000160e+00
2.600000000000000089e+00
2.265000000000000124e+00
2.496999999999999886e+00
2.971000000000000085e+00
2.144000000000000128e+00
2.555000000000000160e+00
2.314000000000000057e+00
2.523000000000000131e+00
2.615000000000000213e+00
2.672000000000000153e+00
2.587000000000000188e+00
2.350999999999999979e+00
2.569999999999999840e+00
2.517999999999999794e+00
2.585999999999999854e+00
2.427000000000000046e+00
2.354999999999999982e+00
2.536999999999999922e+00
2.383000000000000007e+00
2.430000000000000160e+00
2.746999999999999886e+00
2.322999999999999954e+00
2.858999999999999986e+00
2.302999999999999936e+00
2.362000000000000099e+00
2.626999999999999780e+00
2.791999999999999815e+00
2.178999999999999826e+00
2.342999999999999972e+00
2.452999999999999847e+00
2.229999999999999982e+00
2.399999999999999911e+00
2.306000000000000050e+00
2.232000000000000206e+00
2.589999999999999858e+00
2.262999999999999901e+00
2.419999999999999929e+00
2.706999999999999851e+00
2.435000000000000053e+00
2.516000000000000014e+00
2.443000000000000060e+00
2.326000000000000068e+00
2.504999999999999893e+00
2.422000000000000153e+00
2.345000000000000195e+00
2.515000000000000124e+00
2.657000000000000028e+00
2.438000000000000167e+00
2.435999999999999943e+00
2.998000000000000220e+00
2.423999999999999932e+00
2.553999999999999826e+00
1.991999999999999993e+00
2.608999999999999986e+00
2.520999999999999908e+00
2.488999999999999879e+00
2.649999999999999911e+00
2.330000000000000071e+00
2.520999999999999908e+00
2.197999999999999954e+00
2.138999999999999790e+00
2.345000000000000195e+00
2.619000000000000217e+00
2.172000000000000153e+00
2.495999999999999996e+00
2.738999999999999879e+00
2.713999999999999968e+00
2.400999999999999801e+00
2.858999999999999986e+00
2.509999999999999787e+00
2.544999999999999929e+00
2.237000000000000099e+00
2.423000000000000043e+00
2.604000000000000092e+00
2.593999999999999861e+00
2.672000000000000153e+00
2.609999999999999876e+00
2.770999999999999908e+00
2.579000000000000181e+00
2.313000000000000167e+00
2.604999999999999982e+00
2.544000000000000039e+00
3.061999999999999833e+00
2.645000000000000018e+00
2.237999999999999989e+00
2.378000000000000114e+00
2.560999999999999943e+00
2.569999999999999840e+00
2.314999999999999947e+00
2.419999999999999929e+00
2.391999999999999904e+00
2.132000000000000117e+00
2.583000000000000185e+00
2.483999999999999986e+00
2.251999999999999780e+00
2.742999999999999883e+00
2.283999999999999808e+00
2.524999999999999911e+00
2.084999999999999964e+00
2.463999999999999968e+00
2.354000000000000092e+00
2.619000000000000217e+00
1.919000000000000039e+00
2.365000000000000213e+00
2.334999999999999964e+00
2.814000000000000057e+00
2.283999999999999808e+00
2.508999999999999897e+00
2.382000000000000117e+00
2.426000000000000156e+00
2.520000000000000018e+00
2.729999999999999982e+00
2.436999999999999833e+00
2.536000000000000032e+00
2.440999999999999837e+00
2.491999999999999993e+00
2.544000000000000039e+00
2.172000000000000153e+00
2.678999999999999826e+00
2.613999999999999879e+00
2.516999999999999904e+00
2.375999999999999890e+00
2.459000000000000075e+00
2.543000000000000149e+00
2.375999999999999890e+00
2.164000000000000146e+00
2.306999999999999940e+00
2.575000000000000178e+00
2.662999999999999812e+00
2.478000000000000203e+00
2.347999999999999865e+00
2.763999999999999790e+00
2.551000000000000156e+00
2.362000000000000099e+00
2.515000000000000124e+00
2.684000000000000163e+00
2.411000000000000032e+00
2.712000000000000188e+00
2.517999999999999794e+00
2.376999999999999780e+00
2.555000000000000160e+00
2.587000000000000188e+00
2.380999999999999783e+00
2.322999999999999954e+00
2.419999999999999929e+00
2.551000000000000156e+00
2.744000000000000217e+00
2.337000000000000188e+00
2.809000000000000163e+00
2.882000000000000117e+00
2.416999999999999815e+00
2.193999999999999950e+00
2.751999999999999780e+00
2.604999999999999982e+00
2.091000000000000192e+00
2.721999999999999975e+00
2.345000000000000195e+00
2.516000000000000014e+00
2.415000000000000036e+00
2.225000000000000089e+00
2.471999999999999975e+00
2.290000000000000036e+00
2.990000000000000213e+00
2.459999999999999964e+00
2.577999999999999847e+00
2.943999999999999950e+00
2.274000000000000021e+00
2.428999999999999826e+00
2.581999999999999851e+00
2.286999999999999922e+00
2.370999999999999996e+00
2.899000000000000021e+00
2.499000000000000110e+00
2.404999999999999805e+00
2.388999999999999790e+00
2.504000000000000004e+00
2.729999999999999982e+00
2.117999999999999883e+00
2.459000000000000075e+00
2.636000000000000121e+00
2.536000000000000032e+00
2.564999999999999947e+00
2.229000000000000092e+00
2.326999999999999957e+00
2.541999999999999815e+00
2.503000000000000114e+00
2.410000000000000142e+00
3.017999999999999794e+00
2.600000000000000089e+00
2.524999999999999911e+00
1.846999999999999975e+00
2.523000000000000131e+00
2.454000000000000181e+00
2.369000000000000217e+00
2.630999999999999783e+00
2.632000000000000117e+00
2.472999999999999865e+00
2.914000000000000146e+00
2.460999999999999854e+00
2.238999999999999879e+00
2.383999999999999897e+00
2.233999999999999986e+00
2.616000000000000103e+00
2.478000000000000203e+00
2.690999999999999837e+00
2.604000000000000092e+00
2.548999999999999932e+00
2.774999999999999911e+00
2.241000000000000103e+00
2.641000000000000014e+00
2.673999999999999932e+00
2.475000000000000089e+00
2.520999999999999908e+00
2.535000000000000142e+00
2.576999999999999957e+00
2.216000000000000192e+00
2.232000000000000206e+00
2.750999999999999890e+00
2.490000000000000213e+00
2.599000000000000199e+00
2.463000000000000078e+00
2.311999999999999833e+00
2.524999999999999911e+00
2.946000000000000174e+00
2.540999999999999925e+00
2.814000000000000057e+00
2.561999999999999833e+00
2.370000000000000107e+00
2.512999999999999901e+00
2.423999999999999932e+00
2.770999999999999908e+00
2.015000000000000124e+00
2.600999999999999979e+00
3.076999999999999957e+00
2.428999999999999826e+00
2.611000000000000210e+00
2.576999999999999957e+00
2.525999999999999801e+00
2.795999999999999819e+00
2.059000000000000163e+00
2.517999999999999794e+00
2.517999999999999794e+00
2.415000000000000036e+00
2.503000000000000114e+00
