1.375719007365412594e+01
1.474623114432174020e+01
1.746723325234125568e+01
1.348062439929853440e+01
1.718905149739735805e+01
1.454718877227087148e+01
1.368316175231565524e+01
1.439175761183248170e+01
1.347714254664789912e+01
1.419606844565336701e+01
1.440965084299354793e+01
1.474623114432174020e+01
1.375011278157152717e+01
1.421221056898584223e+01
1.404936258540565497e+01
1.396459412799391941e+01
1.394421540196458764e+01
1.335127532265116379e+01
1.434839362895529291e+01
1.131501991701853171e+01
1.389774287145687026e+01
1.335127532265116379e+01
1.720789932461088156e+01
1.404367170040198687e+01
1.451216119428228879e+01
1.389471959130220746e+01
1.409053775136003850e+01
1.740892352541760957e+01
1.379958090305625085e+01
1.746723325234125568e+01
1.107985250602839145e+01
1.425892566891158353e+01
1.454718877227087148e+01
1.725713516098412370e+01
1.727581733281601473e+01
1.440965084299354793e+01
1.434839362895529291e+01
1.736170255804792362e+01
1.738130975863490590e+01
1.424445542809538168e+01
1.381419019041797824e+01
1.436445636320491204e+01
1.131501991701853171e+01
1.746723325234125568e+01
1.402696796701429882e+01
1.420182364711581613e+01
1.736170255804792362e+01
1.425892566891158353e+01
1.414044750898853486e+01
1.409053775136003850e+01
1.454718877227087148e+01
1.436445636320491204e+01
1.380716421448957476e+01
1.735137570353216674e+01
1.414044750898853486e+01
1.368316175231565524e+01
1.412957659226421292e+01
1.456298480955176800e+01
1.451216119428228879e+01
1.440892614084300938e+01
1.390823933110239174e+01
1.371448831917817657e+01
1.405593271592715610e+01
1.393814100610865836e+01
1.319029689818476569e+01
1.421904455230792408e+01
1.441998808709676538e+01
1.319791458774074755e+01
1.464070045002841169e+01
1.347714254664789912e+01
1.419606844565336701e+01
1.445392432324862320e+01
1.453800316591867947e+01
1.445912216086663094e+01
1.458818629124203170e+01
1.510924302117964935e+01
1.730339283112428106e+01
1.430117996648965928e+01
1.319029689818476569e+01
1.400479648110360209e+01
1.451216119428228879e+01
1.472080592385143483e+01
1.400721345541744434e+01
1.315063990238810554e+01
1.332811036620806533e+01
1.718905149739735805e+01
1.740892352541760957e+01
1.300398449052304350e+01
1.709605126049093116e+01
1.345080361852939355e+01
1.735137570353216674e+01
1.185794563242155064e+01
1.502105573303288999e+01
1.380596579521909462e+01
1.493010947017051215e+01
1.462342299036692772e+01
1.419606844565336701e+01
1.454718877227087148e+01
1.377518216279619701e+01
1.446700017537055416e+01
1.436445636320491204e+01
1.166377304566244177e+01
1.371323879247179711e+01
1.378251279751144587e+01
1.470648664945366946e+01
1.760629490910645956e+01
1.434839362895529291e+01
1.340139408615086580e+01
1.451135137338104109e+01
1.454718877227087148e+01
1.725713516098412370e+01
1.392155419072807732e+01
1.427855147134268599e+01
1.446235045034547362e+01
1.436445636320491204e+01
1.740100274052157303e+01
1.431230900133017236e+01
1.347714254664789912e+01
1.370352855936268810e+01
1.454500390537397614e+01
1.380853739319501550e+01
1.742078178500401364e+01
1.396118867471266789e+01
1.403487117000777928e+01
1.380683276924756342e+01
1.315247804433289502e+01
1.167640055752110584e+01
1.446972036052951971e+01
1.436445636320491204e+01
1.736170255804792362e+01
1.372487938246253414e+01
1.411443182952185005e+01
1.357923841666452702e+01
1.454718877227087148e+01
1.379221217716353998e+01
1.365365937438714639e+01
1.454718877227087148e+01
1.451216119428228879e+01
1.434547146097403214e+01
1.445392432324862320e+01
1.485751682902307280e+01
1.531984678880619910e+01
1.359553030581516531e+01
1.390635729611341631e+01
1.421448239995888407e+01
1.738130975863490590e+01
1.472895368466025978e+01
1.386390185459935154e+01
1.340111143332914878e+01
1.337161185235456884e+01
1.443349324053755112e+01
1.453899991964091853e+01
1.471818503281657797e+01
1.713300470060558922e+01
1.353026213687214785e+01
1.147479388296838287e+01
1.157848197517337319e+01
1.400069109201322526e+01
1.361329039344495584e+01
1.425892566891158353e+01
1.444165807797753942e+01
1.411687667947854408e+01
1.754617786767163068e+01
1.440965084299354793e+01
1.453899991964091853e+01
1.732274437558869806e+01
1.439572207797647607e+01
1.322257967191473504e+01
1.345080361852939355e+01
1.353328664421871252e+01
1.172343194185606130e+01
1.744771155175788024e+01
1.425892566891158353e+01
1.417302077704935748e+01
1.392889837676323950e+01
1.172343194185606130e+01
1.448550830520144572e+01
1.448784584629085614e+01
1.732274437558869806e+01
1.738130975863490590e+01
1.731343001890421007e+01
1.408668312925159860e+01
1.722683040145934896e+01
1.440965084299354793e+01
1.430412014870021942e+01
1.376571550827727286e+01
1.390745463944022653e+01
1.166377304566244177e+01
1.715160446669079164e+01
1.386231380474538000e+01
1.368732018351595592e+01
1.427855147134268599e+01
1.459048982394907590e+01
1.431230900133017236e+01
1.373296472809801116e+01
1.746059918694053081e+01
1.142187555538121480e+01
1.472895368466025978e+01
1.400479648110360209e+01
1.427855147134268599e+01
1.483596160671715936e+01
1.750076421481312750e+01
1.424100863554595264e+01
1.375566935430736493e+01
1.407912683998260306e+01
1.419509046021150844e+01
1.385565798041933938e+01
1.427855147134268599e+01
1.451216119428228879e+01
1.454718877227087148e+01
1.362603695168765761e+01
1.464453061393424704e+01
1.441444538209924531e+01
1.335127532265116379e+01
1.744771155175788024e+01
1.147295128088004290e+01
1.434839362895529291e+01
1.473449060064125504e+01
1.750653343481490154e+01
1.391327131135993866e+01
1.345080361852939355e+01
1.398726507105403272e+01
1.114156203491658026e+01
1.479342933878448996e+01
1.427855147134268599e+01
1.352488747662383339e+01
1.434839362895529291e+01
1.107985250602839145e+01
1.440965084299354793e+01
1.444165807797753942e+01
1.347714254664789912e+01
1.383041007675586442e+01
1.417302077704935748e+01
1.417302077704935748e+01
1.452520549540657946e+01
1.409427024140920715e+01
1.403311201254468976e+01
1.454718877227087148e+01
1.461769188857561730e+01
1.381419019041797824e+01
1.376887772562320222e+01
1.440582067908771258e+01
1.322257967191473504e+01
1.425268642542346065e+01
1.167640055752110584e+01
1.453899991964091853e+01
1.740100274052157303e+01
1.436445636320491204e+01
1.464453061393424704e+01
1.429261266929414909e+01
1.454718877227087148e+01
1.379256779749919559e+01
1.322257967191473504e+01
1.347714254664789912e+01
1.711448705897100098e+01
1.170857952126993240e+01
1.336721263322455755e+01
1.731343001890421007e+01
1.510434995287435811e+01
1.339646348147177335e+01
1.725713516098412370e+01
1.474704096522298791e+01
1.464453061393424704e+01
1.385430514554621517e+01
1.308514524963188919e+01
1.463067923537187376e+01
1.738130975863490590e+01
1.726494342924543446e+01
1.408730162807428599e+01
1.746059918694053081e+01
1.391353890873776677e+01
1.427855147134268599e+01
1.715160446669079164e+01
1.380206558020630148e+01
1.345080361852939355e+01
1.449588581222620753e+01
1.396118867471266789e+01
1.415324965885322150e+01
1.454718877227087148e+01
1.724584500923883823e+01
1.396231154949638942e+01
1.434547146097403214e+01
1.370535501969434300e+01
1.401508077794857421e+01
1.348999961152183502e+01
1.396118867471266789e+01
1.147295128088004290e+01
1.451216119428228879e+01
1.553532868978205883e+01
1.410633378864093501e+01
1.131501991701853171e+01
1.447887133970125895e+01
1.461769188857561730e+01
1.730339283112428106e+01
1.152740624967454508e+01
1.404084556615979373e+01
1.302045068115329940e+01
1.738965663706855125e+01
1.354106996830341991e+01
1.436445636320491204e+01
1.431093059743750295e+01
1.377646621424451467e+01
1.441560182041339999e+01
1.732274437558869806e+01
1.377515791573995507e+01
1.392733354821059599e+01
1.390745463944022653e+01
1.436445636320491204e+01
1.389305428547793397e+01
1.162811532320788466e+01
1.742078178500401364e+01
1.405056174116571022e+01
1.392155419072807732e+01
1.427855147134268599e+01
1.553574621540144562e+01
1.431230900133017236e+01
1.401493741238484425e+01
1.172343194185606130e+01
1.411351385801459379e+01
1.393814100610865836e+01
1.417302077704935748e+01
1.436445636320491204e+01
1.451334272696499106e+01
1.381419019041797824e+01
1.372472223037426708e+01
1.346864878842198898e+01
1.332811036620806533e+01
1.437150420503204096e+01
1.322257967191473504e+01
1.445392432324862320e+01
1.425892566891158353e+01
1.340111143332914878e+01
1.411351385801459379e+01
1.440965084299354793e+01
1.404272334405951916e+01
1.167640055752110584e+01
1.464070045002841169e+01
1.405056174116571022e+01
1.381419019041797824e+01
1.421904455230792408e+01
1.397180700474794968e+01
1.718322771816263383e+01
1.385565798041933938e+01
1.436445636320491204e+01
1.724584500923883823e+01
1.740100274052157303e+01
1.147479388296838287e+01
1.412957659226421292e+01
1.358615509359186291e+01
1.430412014870021942e+01
1.335127532265116379e+01
1.425172662310078486e+01
1.452984636690885445e+01
1.396784449903871028e+01
1.464384647443287335e+01
1.383041007675586442e+01
1.461476540671744573e+01
1.732274437558869806e+01
1.329558073903581850e+01
1.404084556615979373e+01
1.712865156648759424e+01
1.147295128088004290e+01
1.419606844565336701e+01
1.733236109575267747e+01
1.324574462835783528e+01
1.378075015059120467e+01
1.367129275592354531e+01
1.370043510092576433e+01
1.709605126049093116e+01
1.368720855211289944e+01
1.366286310051617114e+01
1.440582067908771258e+01
1.436445636320491204e+01
1.431230900133017236e+01
1.343132237925870243e+01
1.448493540128278312e+01
1.462865398460611210e+01
1.464453061393424704e+01
1.339646348147177335e+01
1.746723325234125568e+01
1.417810265133758563e+01
1.454718877227087148e+01
1.161790124756273279e+01
1.448239384033874089e+01
1.396118867471266789e+01
1.461769188857561730e+01
1.451135137338104109e+01
1.383041007675586442e+01
1.445392432324862320e+01
1.754617786767163068e+01
1.314087313290729142e+01
1.413267271675944059e+01
1.396118867471266789e+01
1.454718877227087148e+01
1.458211798499849721e+01
1.371448831917817657e+01
1.726494342924543446e+01
1.427855147134268599e+01
1.451535193019021897e+01
1.746723325234125568e+01
1.383306032165631727e+01
1.726494342924543446e+01
1.464453061393424704e+01
1.443848403551735160e+01
1.715160446669079164e+01
1.401134598518521379e+01
1.702312087219426573e+01
1.372472223037426708e+01
1.328722898276975961e+01
1.742827506988202657e+01
1.440582067908771258e+01
1.451135137338104109e+01
1.406518291640009366e+01
1.393001142800224734e+01
1.453899991964091853e+01
1.733236109575267747e+01
1.408529942246000566e+01
1.760629490910645956e+01
1.444165807797753942e+01
1.462342299036692772e+01
1.480399083692297069e+01
1.370043510092576433e+01
1.742078178500401364e+01
1.142055061131186200e+01
1.722683040145934896e+01
1.744771155175788024e+01
1.485830276130762684e+01
1.414715573113013214e+01
1.720789932461087801e+01
1.489078661265268444e+01
1.432841654774933993e+01
1.175241493812822036e+01
1.390745463944022653e+01
1.440965084299354793e+01
1.436845220794480582e+01
1.404180316573373055e+01
