-2.044442971657719488e-01
-8.720361882397132947e-01
1.355412744295626970e+00
7.053668664873032901e-01
-1.708373274393941044e+00
7.009191817096283028e-01
1.942114842968452715e+00
-1.060694672299153929e+00
7.372868582165816032e-02
-3.849638674972611363e-01
-1.908524207992833288e+00
-6.731623222588778432e-01
2.638032509963846639e+00
6.710158022108717590e-01
-5.684049944486397887e-01
5.104036105035884840e-02
-3.284561208021710144e-01
2.445842136282029067e+00
-1.140504781024356040e+00
-8.281582401878937461e-01
-2.287598892328545630e-01
-1.431415310751010139e+00
-2.348395594454362190e-01
1.751718087673008961e+00
7.292744446750144549e-01
-2.838413565207932865e-01
-6.414551103069018323e-01
7.266518445320178099e-01
-7.960165679569648489e-01
-2.649127002983281964e-01
-2.346416533979542862e-01
-3.775723693841504525e-01
2.554575419817978199e-01
-1.138681862759362007e-01
1.267824158341589014e+00
-1.211717703986033845e-01
8.172344055561452381e-01
1.004799516925370728e+00
-6.765443633985117611e-01
-6.562418111489959349e-01
-5.467521412339844122e-01
2.687437681808061904e-02
-1.015098813130789868e+00
1.130210701912357729e+00
-3.124481768579864815e-01
-4.933729424222762505e-01
6.869940905777447426e-01
-2.298413960889061913e-01
9.415991842735575990e-01
5.660864616668780103e-02
-8.261946434319247246e-01
3.213797774354119063e-01
1.317052856304221198e+00
-1.644003570563607131e+00
6.849729720032140534e-01
-6.127613988349113194e-01
1.989389324978536155e+00
-2.355839759916247833e-01
6.909989397902595032e-01
-1.148490567584747879e+00
-3.752231355957737491e-01
1.484983624890945153e+00
6.440131246603256754e-01
-2.615473583630472873e-02
1.336209433088050513e+00
3.306583157432966824e-01
6.019749700103884660e-01
-5.108655792962075483e-03
-1.149696722444138342e+00
1.283787689352324568e+00
1.947705327244672879e-01
-5.003482935341857507e-01
-1.399716381089002093e+00
-3.668693626849110490e-01
-5.480086491633022749e-01
2.076135366712472674e-01
-9.683482000965257797e-01
-4.449244106096546247e-02
1.336209433088050513e+00
1.176062400290250221e+00
4.700525582535495239e-01
9.822706888914134460e-01
-3.407268400527962982e-01
-6.094421643029163116e-01
4.204097387727949720e-01
-2.720848926266287382e+00
7.635236060461770835e-01
-7.137008832590961971e-01
1.663757053112923101e-01
7.444547892349386853e-01
4.601128481267944825e-01
5.571539745048631476e-01
-9.597647742749302324e-01
-1.164977873061102009e+00
-4.564465030690310066e-01
-2.129463250860255119e+00
6.726986309319562540e-01
-1.296083019477120457e+00
9.667565662234705037e-01
1.308463641388977194e+00
2.758560679163845619e-01
-7.657742015425139659e-01
1.186601050795817569e+00
1.665590763540129249e+00
3.968050981028569540e-02
1.075145323834110656e+00
-3.622777558818309207e-01
-2.628318128968938350e-01
9.399164089867205474e-02
1.035854640305220231e+00
1.536607860710414553e+00
-7.072105047245959009e-01
-4.598306238897420517e-01
-4.764830460083380181e-01
-6.181323165150178767e-01
-2.460768211275564887e+00
7.078487999269891251e-01
-4.368609632455380254e-01
1.823056937041102332e-02
-5.550931286260225583e-01
-4.845400594903345737e-01
-7.608877582505757520e-01
2.641195876082416127e-01
9.388365842712065312e-01
1.376159328339681964e-01
-1.024979552405591299e-01
-1.774376039120997561e-01
-1.523945996575091444e+00
-7.422276193085626250e-01
-8.091035665668313559e-01
1.038264793882151121e-01
4.454296421419544627e-01
9.123033376963878005e-02
6.081587675695632189e-01
-9.484218156420681778e-01
-2.552125781076396205e+00
2.919218120431553043e+00
-4.982201166850893093e-01
-2.079748554366155133e+00
-1.659199754533955184e+00
8.444611115472440144e-01
4.412426456748756443e-01
-2.707247775886526764e+00
1.498777847175856437e-01
-3.061723229820573211e-01
-1.846592310311088392e+00
-2.613939990411687120e+00
-3.197203384167374152e-02
3.297798123254800928e-01
1.166922032748823224e+00
-6.178005159054664741e-01
1.286483206604798868e+00
-2.613823863321033114e-01
-1.113890694929254188e+00
-6.164595344093775076e-01
1.111887993976949263e+00
-8.822080328276832306e-01
-4.600089760208390111e-01
-8.662112205179762769e-01
-1.482157197243698377e-01
-8.708647214683120641e-01
7.988301276525252570e-01
-7.038719854436693568e-01
8.199336026958717882e-01
9.564988498608313350e-01
-1.250299059295946424e+00
1.459248588084041787e+00
-5.442484137387278986e-01
-3.246559487586990478e-02
4.302899995644591247e-01
-2.543113854440534061e-01
-1.814026439298749294e+00
7.286179244028165858e-01
-9.611419880297286111e-01
-2.904459323700406825e-01
-5.556367203434717794e-01
-9.741232059794351361e-01
6.259227076760643937e-01
3.400634091055653504e-03
-8.719011755079534298e-01
1.466754294432691674e-01
-3.745825521836455008e-01
4.986481339492037090e-01
-2.759801224425952326e-01
-2.492607052934043277e-01
-6.205537509592224943e-01
1.181058591745970665e-01
6.833272459567528712e-01
8.380386046001366829e-01
-2.070771071387398632e-01
-1.482916223844101378e+00
-4.965273309295932802e-01
4.264278355798444275e-01
-1.685483675565038864e+00
4.415015501134369469e-01
1.037901593662837074e+00
-7.973392347860300267e-02
6.785300369271175802e-02
-5.369665723635472787e-01
1.949972026915841872e-01
4.766689241873992011e-01
-1.137866103778403692e+00
5.771822294670323483e-01
-5.192032200970678746e-01
7.721790828281195340e-01
1.827859661544874448e-01
1.009180355869978341e+00
-5.185189668863752210e-01
-1.218129195308140567e+00
8.082530288315248335e-02
-3.290428324450940800e-01
-7.961188125734434129e-01
1.479288992214991216e+00
-5.039652267736715041e-01
2.236114618162795831e-01
4.295408317577686930e-01
-1.047303917560225228e+00
5.000727034238255930e-01
-3.002936956244095512e-01
-1.594376872980907356e+00
-2.173577707196026054e-01
-7.194488735159322579e-02
3.144287285128830600e-01
-1.228134874197676307e+00
-1.388935637986371985e+00
-1.391453672938287589e+00
6.476955721794102061e-01
4.496382660785788188e-01
-6.696705655560554193e-01
1.484933411753282861e+00
9.506087504652517561e-02
5.091391832135996331e-01
-3.146139112684882000e-01
-1.160918529600915683e+00
-1.536291059806975390e-01
-4.366663519068932353e-01
-7.379307797957458392e-01
-8.513869494778822378e-02
9.364633130535436889e-01
-2.793561529826437545e-02
-3.808992608962726706e-02
3.869647741983070599e+00
1.569437219304029574e-01
4.869962530928897970e-01
-6.608448364628137783e-01
6.380231897839033772e-01
-2.086786681571101365e+00
-1.303333444351994497e-01
8.701111479869936272e-01
-9.966213973018797079e-01
-3.998023098734879849e-02
-1.409763119038680568e+00
-8.101165738273707895e-01
-2.208818027626676950e-01
-1.223320402600141854e+00
-1.021997684063705863e-01
7.974642373924748506e-01
-5.365440222063733167e-01
8.084212511134659662e-01
1.490191480192058944e-02
3.606213610620224164e-01
-2.863103772667578428e-01
6.175244169511265313e-02
-1.233969695781754528e+00
2.079054847440308662e-01
5.663986186984928395e-01
-1.584604432674698193e+00
-9.683289332007626316e-01
8.225710510611174975e-01
-4.165114996927484770e-01
9.929478203424743077e-01
-1.339466758581060235e+00
-1.345047776882747570e+00
6.024943919469021303e-01
2.541364316825835523e+00
1.029098339134711271e+00
-1.586454005044368509e+00
-6.255983675047622761e-01
2.630762775058142489e-01
-1.648781047662447818e+00
-1.151884269575366382e+00
-6.745765004192815217e-01
-2.465691471233385779e-01
-1.917727842592194420e+00
1.282475808568830367e+00
1.607173385997849036e-01
2.566874585557379906e-01
1.695470514308026644e+00
-2.083745233033863720e+00
3.791815439275587063e-01
-2.267849215251822315e-01
-4.427311366981518947e-01
-1.310660998865770255e+00
-1.359129254392208885e+00
-8.231555630860339923e-01
-7.739831607916762835e-01
-7.432095169460450901e-02
-5.904197870377986962e-02
-1.015307975172486055e+00
1.936648297260453941e-02
-7.067480551281146717e-01
-1.135811220782300818e-01
6.502917912527624023e-02
-6.064124233251102503e-01
-2.677667157318647934e-02
6.271991691188411044e-01
-5.423531276030887222e-02
-1.079340279806540320e-01
7.229576411946025960e-01
-7.028674423891050072e-02
-1.032004980091401070e+00
1.162757706646861289e+00
4.774700810518727745e-01
-8.893418718026846470e-01
-1.062783721470433873e+00
3.150609004995551521e-01
-5.455785220992767082e-01
-1.342482224840143012e-01
-1.233142207253161260e+00
8.590370824577500120e-01
1.357824545474835665e+00
-2.122959121822286521e-01
-1.038986732356844467e+00
1.189085583382111233e+00
4.167942773841777915e-01
-3.235653399744788383e-01
4.422509404971054492e-01
1.469453928426621259e+00
1.109249557334195252e-01
1.514587581568588970e+00
1.734036674882703799e-01
-7.938567615825085910e-02
5.661448218735416482e-01
5.682302495923864383e-01
-7.130876972466186903e-01
4.174049073516759023e-01
-8.662118737366001353e-01
6.410818969402717338e-01
1.111238731692599346e+00
-1.108067712694582374e+00
2.178805307216094889e+00
5.809984333785580546e-01
-2.428152424716973623e-01
-2.235828073034058061e+00
-3.964399727817207175e-01
-1.524346126646242805e+00
-2.710650582479503523e-01
1.839315652442953031e+00
-5.451360635316642167e-01
1.200318774121019449e-01
1.511126137325635999e-01
-1.564471915334964214e+00
-3.177500516027761956e-01
-1.247251129161905281e+00
2.955949469132446161e+00
9.132622586969399436e-02
2.734651260625165503e-01
9.363698473792263499e-01
-3.919701705852954854e-01
-3.092734011756789192e-01
-1.483881892048358297e+00
3.750087162403771268e-01
-8.578669770259583771e-01
5.980233894164026509e-01
8.507820499545821757e-01
-2.934522641303493606e-01
-3.221576001044367810e-01
5.196839225753845382e-01
-4.434373521048736722e-01
-1.775745490536308369e+00
2.186645754284177456e-01
9.459080568958698754e-01
2.228438773769307046e-01
4.805335765850683449e-01
-1.331050188563705383e+00
-1.141421603625046854e+00
4.212328913478572551e-02
-2.549046119320141912e-01
8.567049218559988355e-02
1.385563346688022612e+00
6.998714690267304750e-01
-9.831050458668838185e-03
-1.071493144754022131e+00
2.278659621283691053e-02
-5.943122328659920101e-02
-1.204100055692455706e+00
8.220085305359555727e-01
1.396288529143197898e+00
-3.227028607574494168e-01
5.543704036548636749e-01
6.559321589936168984e-01
-1.876673226320736632e+00
-5.655073900609995929e-01
-2.111303476151750846e+00
7.094728679159296725e-01
3.453905773755734376e-01
-8.368522833768823332e-01
8.126360750438619274e-01
2.137091413995814426e-01
-3.929172541131664698e-01
-1.596828276312231010e+00
-1.181385380472411928e+00
1.058211106238122978e+00
-3.188552369382919860e-01
-1.907488331807606352e+00
5.043364752029780851e-01
-1.441649118541400432e+00
-7.567020053534561086e-01
-1.181318020466605168e+00
-5.346441364254621575e-01
-1.550162553078773264e-01
5.771478794519412370e-01
-6.370752799655278464e-02
-8.596009142179712459e-01
-3.127634315884225691e-03
9.442726043415691217e-01
3.962702764641887754e-01
-2.147883841434874985e-01
3.570848820392192313e-01
-1.201618654589164503e+00
-3.352625955689697568e-01
-6.650795899302303082e-02
-3.878858225802784276e-01
-4.883707388084994605e-01
-1.426216407734660407e+00
1.847689242386172381e+00
-9.784459953857304049e-01
1.052298444946612177e+00
-1.574490742026855683e+00
-2.296847001899787188e-01
1.856668449269266219e+00
-4.825132073196697347e-01
2.234112039256902216e-01
4.947270440112809531e-02
-5.507088809133839913e-01
2.575981944036718763e-01
