5.623800000000000182e+03
6.283899999999999636e+03
5.872500000000000000e+03
5.050300000000000182e+03
4.596899999999999636e+03
4.686500000000000000e+03
5.394800000000000182e+03
6.071100000000000364e+03
4.214699999999999818e+03
5.348399999999999636e+03
5.203399999999999636e+03
5.032600000000000364e+03
3.817000000000000000e+03
4.762300000000000182e+03
6.182500000000000000e+03
4.791500000000000000e+03
5.627500000000000000e+03
4.688300000000000182e+03
5.172399999999999636e+03
3.442500000000000000e+03
5.132800000000000182e+03
4.220399999999999636e+03
6.360300000000000182e+03
4.966699999999999818e+03
5.868699999999999818e+03
5.067500000000000000e+03
4.769899999999999636e+03
5.836100000000000364e+03
5.817800000000000182e+03
5.363000000000000000e+03
4.644500000000000000e+03
5.059500000000000000e+03
5.300000000000000000e+03
5.363000000000000000e+03
5.041100000000000364e+03
4.874500000000000000e+03
4.495399999999999636e+03
5.342300000000000182e+03
6.025699999999999818e+03
4.340600000000000364e+03
5.328800000000000182e+03
4.880500000000000000e+03
5.033899999999999636e+03
5.041100000000000364e+03
5.327100000000000364e+03
5.364300000000000182e+03
5.697500000000000000e+03
6.116100000000000364e+03
4.987800000000000182e+03
6.217399999999999636e+03
4.329000000000000000e+03
4.707899999999999636e+03
5.200699999999999818e+03
4.490199999999999818e+03
4.903100000000000364e+03
4.859100000000000364e+03
5.242699999999999818e+03
4.981300000000000182e+03
6.096000000000000000e+03
5.695899999999999636e+03
6.993500000000000000e+03
6.642699999999999818e+03
5.316699999999999818e+03
5.327500000000000000e+03
5.581600000000000364e+03
5.403399999999999636e+03
5.708500000000000000e+03
4.966300000000000182e+03
4.904500000000000000e+03
5.038300000000000182e+03
5.014500000000000000e+03
4.626699999999999818e+03
3.946400000000000091e+03
3.981800000000000182e+03
4.789199999999999818e+03
5.310399999999999636e+03
5.008500000000000000e+03
6.892300000000000182e+03
5.279199999999999818e+03
5.301100000000000364e+03
5.615199999999999818e+03
6.087899999999999636e+03
5.247100000000000364e+03
4.869100000000000364e+03
5.440600000000000364e+03
4.617800000000000182e+03
4.093300000000000182e+03
4.630000000000000000e+03
5.384300000000000182e+03
4.523199999999999818e+03
5.264199999999999818e+03
4.521199999999999818e+03
4.752100000000000364e+03
4.615199999999999818e+03
4.878800000000000182e+03
5.685300000000000182e+03
4.671199999999999818e+03
4.630899999999999636e+03
4.679699999999999818e+03
5.891600000000000364e+03
4.547500000000000000e+03
4.801699999999999818e+03
5.158399999999999636e+03
6.408399999999999636e+03
5.607399999999999636e+03
5.429800000000000182e+03
4.984199999999999818e+03
4.914000000000000000e+03
4.868000000000000000e+03
5.301000000000000000e+03
5.527800000000000182e+03
5.444500000000000000e+03
5.518800000000000182e+03
5.207699999999999818e+03
4.839100000000000364e+03
5.415899999999999636e+03
4.829899999999999636e+03
5.462300000000000182e+03
4.536199999999999818e+03
4.637300000000000182e+03
4.061400000000000091e+03
5.562000000000000000e+03
4.211399999999999636e+03
5.104899999999999636e+03
5.080000000000000000e+03
5.483000000000000000e+03
4.236399999999999636e+03
4.880899999999999636e+03
3.892199999999999818e+03
6.555000000000000000e+03
5.497600000000000364e+03
5.933899999999999636e+03
4.894199999999999818e+03
4.957500000000000000e+03
5.918600000000000364e+03
4.207800000000000182e+03
5.718399999999999636e+03
6.048300000000000182e+03
4.857600000000000364e+03
5.405699999999999818e+03
5.060300000000000182e+03
5.201000000000000000e+03
4.173199999999999818e+03
4.813100000000000364e+03
5.095300000000000182e+03
4.596899999999999636e+03
5.213000000000000000e+03
5.802000000000000000e+03
4.358600000000000364e+03
5.963500000000000000e+03
5.043100000000000364e+03
5.926500000000000000e+03
4.928699999999999818e+03
5.816199999999999818e+03
4.681199999999999818e+03
4.520399999999999636e+03
3.591699999999999818e+03
5.036300000000000182e+03
4.991399999999999636e+03
5.757199999999999818e+03
5.542000000000000000e+03
4.285100000000000364e+03
4.844899999999999636e+03
4.689600000000000364e+03
6.101399999999999636e+03
5.816199999999999818e+03
6.484100000000000364e+03
4.636600000000000364e+03
5.805199999999999818e+03
5.172300000000000182e+03
3.898400000000000091e+03
4.457399999999999636e+03
4.096199999999999818e+03
5.036399999999999636e+03
5.215399999999999636e+03
3.549699999999999818e+03
6.442199999999999818e+03
4.205000000000000000e+03
5.384300000000000182e+03
6.057199999999999818e+03
4.301100000000000364e+03
4.921699999999999818e+03
5.340100000000000364e+03
4.674399999999999636e+03
5.337600000000000364e+03
4.615800000000000182e+03
4.373399999999999636e+03
4.406500000000000000e+03
5.697500000000000000e+03
6.295000000000000000e+03
4.422500000000000000e+03
5.108300000000000182e+03
5.169699999999999818e+03
4.721300000000000182e+03
5.883199999999999818e+03
5.818500000000000000e+03
4.498300000000000182e+03
5.341800000000000182e+03
4.181000000000000000e+03
5.623600000000000364e+03
5.119699999999999818e+03
5.560800000000000182e+03
5.620500000000000000e+03
4.697600000000000364e+03
4.971899999999999636e+03
4.843699999999999818e+03
4.867300000000000182e+03
4.798899999999999636e+03
5.394600000000000364e+03
5.594600000000000364e+03
5.259800000000000182e+03
4.360600000000000364e+03
5.416300000000000182e+03
4.492100000000000364e+03
4.860800000000000182e+03
4.073400000000000091e+03
5.637800000000000182e+03
4.724699999999999818e+03
5.391899999999999636e+03
5.684500000000000000e+03
4.479100000000000364e+03
4.839600000000000364e+03
4.708100000000000364e+03
5.809000000000000000e+03
5.787399999999999636e+03
5.950399999999999636e+03
6.287699999999999818e+03
3.954000000000000000e+03
4.978899999999999636e+03
5.874000000000000000e+03
5.529399999999999636e+03
4.318500000000000000e+03
4.968500000000000000e+03
5.896199999999999818e+03
5.073600000000000364e+03
4.855100000000000364e+03
5.450199999999999818e+03
4.039199999999999818e+03
4.760699999999999818e+03
5.254100000000000364e+03
4.774000000000000000e+03
4.462899999999999636e+03
5.273300000000000182e+03
5.415500000000000000e+03
3.886500000000000000e+03
5.676199999999999818e+03
6.902500000000000000e+03
5.221199999999999818e+03
4.892399999999999636e+03
5.483600000000000364e+03
5.477300000000000182e+03
4.445699999999999818e+03
5.609300000000000182e+03
4.472899999999999636e+03
4.625300000000000182e+03
4.640199999999999818e+03
4.214899999999999636e+03
4.844899999999999636e+03
4.686199999999999818e+03
4.558699999999999818e+03
4.860800000000000182e+03
6.539100000000000364e+03
5.178899999999999636e+03
5.673899999999999636e+03
4.754500000000000000e+03
4.634600000000000364e+03
5.736199999999999818e+03
5.560800000000000182e+03
4.873800000000000182e+03
6.360300000000000182e+03
5.015000000000000000e+03
4.743100000000000364e+03
5.411399999999999636e+03
5.168899999999999636e+03
4.858800000000000182e+03
5.589100000000000364e+03
5.371199999999999818e+03
4.828100000000000364e+03
4.389699999999999818e+03
5.583300000000000182e+03
5.288800000000000182e+03
4.710600000000000364e+03
5.882699999999999818e+03
4.539399999999999636e+03
4.590000000000000000e+03
4.879699999999999818e+03
4.426800000000000182e+03
5.036899999999999636e+03
5.099699999999999818e+03
4.766100000000000364e+03
4.774300000000000182e+03
5.443600000000000364e+03
5.422199999999999818e+03
4.625300000000000182e+03
4.508199999999999818e+03
4.658699999999999818e+03
4.111500000000000000e+03
5.679699999999999818e+03
4.562800000000000182e+03
5.165600000000000364e+03
4.899800000000000182e+03
4.752199999999999818e+03
5.619399999999999636e+03
4.350300000000000182e+03
5.514899999999999636e+03
5.358300000000000182e+03
4.444899999999999636e+03
5.363899999999999636e+03
5.118899999999999636e+03
4.766399999999999636e+03
5.727500000000000000e+03
5.678399999999999636e+03
6.156000000000000000e+03
5.843500000000000000e+03
4.757300000000000182e+03
5.489899999999999636e+03
6.118600000000000364e+03
4.143899999999999636e+03
5.683300000000000182e+03
5.200800000000000182e+03
5.493500000000000000e+03
5.292800000000000182e+03
5.080399999999999636e+03
5.371600000000000364e+03
4.927100000000000364e+03
5.121800000000000182e+03
4.356899999999999636e+03
4.406000000000000000e+03
5.307100000000000364e+03
3.346300000000000182e+03
5.000300000000000182e+03
4.371899999999999636e+03
5.552899999999999636e+03
5.202600000000000364e+03
6.215100000000000364e+03
4.171300000000000182e+03
5.702800000000000182e+03
6.250500000000000000e+03
4.718000000000000000e+03
4.679100000000000364e+03
4.870100000000000364e+03
5.264199999999999818e+03
4.268800000000000182e+03
5.196800000000000182e+03
4.149300000000000182e+03
5.411399999999999636e+03
3.977300000000000182e+03
4.633500000000000000e+03
4.474000000000000000e+03
5.579800000000000182e+03
5.374300000000000182e+03
5.447100000000000364e+03
5.208500000000000000e+03
5.029800000000000182e+03
4.368199999999999818e+03
4.948100000000000364e+03
5.468699999999999818e+03
5.565699999999999818e+03
4.616699999999999818e+03
5.176199999999999818e+03
4.490199999999999818e+03
5.119800000000000182e+03
4.941699999999999818e+03
5.988800000000000182e+03
5.828100000000000364e+03
5.727000000000000000e+03
4.785600000000000364e+03
4.724000000000000000e+03
4.350300000000000182e+03
5.197500000000000000e+03
4.992199999999999818e+03
5.465000000000000000e+03
4.621399999999999636e+03
4.407000000000000000e+03
4.564899999999999636e+03
6.043800000000000182e+03
5.295699999999999818e+03
4.258800000000000182e+03
5.030399999999999636e+03
5.527800000000000182e+03
5.360300000000000182e+03
5.531000000000000000e+03
4.067800000000000182e+03
6.521699999999999818e+03
5.306800000000000182e+03
5.692000000000000000e+03
4.615399999999999636e+03
4.913399999999999636e+03
5.484000000000000000e+03
4.790300000000000182e+03
3.545500000000000000e+03
5.989600000000000364e+03
4.339100000000000364e+03
4.619899999999999636e+03
5.089899999999999636e+03
6.045000000000000000e+03
4.584100000000000364e+03
4.768399999999999636e+03
5.274199999999999818e+03
5.185199999999999818e+03
5.135000000000000000e+03
5.903199999999999818e+03
3.990199999999999818e+03
5.691699999999999818e+03
6.902500000000000000e+03
5.130500000000000000e+03
5.599800000000000182e+03
4.427899999999999636e+03
4.446600000000000364e+03
5.189500000000000000e+03
5.151000000000000000e+03
4.795500000000000000e+03
4.984899999999999636e+03
5.903100000000000364e+03
5.390500000000000000e+03
4.584100000000000364e+03
4.989399999999999636e+03
5.679699999999999818e+03
5.168199999999999818e+03
5.693000000000000000e+03
5.138500000000000000e+03
5.126500000000000000e+03
5.568199999999999818e+03
4.517199999999999818e+03
5.338100000000000364e+03
5.083100000000000364e+03
5.426800000000000182e+03
6.288899999999999636e+03
5.599800000000000182e+03
5.045800000000000182e+03
4.742699999999999818e+03
4.483500000000000000e+03
4.701699999999999818e+03
5.459100000000000364e+03
4.907399999999999636e+03
5.369300000000000182e+03
