9.174492088740988649e+00
9.334674619598311907e+00
9.267020365189997833e+00
9.412757009353116544e+00
9.549394213565348011e+00
9.309073111363632691e+00
9.154676156893414074e+00
9.557020835716418361e+00
9.021491715620291174e+00
9.256529509451661752e+00
9.149835017169854368e+00
9.334674619598311907e+00
9.167685128206246148e+00
9.529708090431956435e+00
9.505484430325161327e+00
9.492354508447597539e+00
9.489142659905144939e+00
8.974658626603771339e+00
9.561637127598523023e+00
8.820476679662050401e+00
9.206431695965333617e+00
8.974658626603771339e+00
9.547708838073665660e+00
9.097182607359950879e+00
9.440099554048520858e+00
9.481247653809310449e+00
9.522356680569862064e+00
9.272884019071629069e+00
9.465676151941638139e+00
9.267020365189997833e+00
8.776207782107565691e+00
9.548377996686086888e+00
9.309073111363632691e+00
9.286825516858977281e+00
9.285214914185251800e+00
9.149835017169854368e+00
9.561637127598523023e+00
9.532847536308199921e+00
9.530814066020601771e+00
9.253073489497324999e+00
9.073530152436132923e+00
9.282550825567884800e+00
8.820476679662050401e+00
9.267020365189997833e+00
9.502050798326051151e+00
9.246774495739767730e+00
9.532847536308199921e+00
9.548377996686086888e+00
9.236434587735097068e+00
9.522356680569862064e+00
9.309073111363632691e+00
9.282550825567884800e+00
9.183225570526468928e+00
9.278397465954597578e+00
9.236434587735097068e+00
9.154676156893414074e+00
9.110279613936741683e+00
9.300467683091760307e+00
9.440099554048520858e+00
9.556375080358190388e+00
9.483417652055990743e+00
9.446672360190119022e+00
9.506487148015335009e+00
9.363009778478151190e+00
9.228937707875131125e+00
9.123538744849177817e+00
9.557761579612140679e+00
9.046268192331295310e+00
9.600501790716512218e+00
9.021491715620291174e+00
9.256529509451661752e+00
9.295809956480320935e+00
9.571695117660048879e+00
9.283417989788448565e+00
9.299532928865387404e+00
9.344036699986224548e+00
9.538711190189831157e+00
9.543736294691440136e+00
9.228937707875131125e+00
9.099826424756809473e+00
9.440099554048520858e+00
9.321112622312742957e+00
9.216539396647347004e+00
9.034286052495371422e+00
8.996449186162235989e+00
9.549394213565348011e+00
9.272884019071629069e+00
8.936307048223834926e+00
9.557263228504004005e+00
9.300076876525674052e+00
9.278397465954597578e+00
8.652350957584342694e+00
9.338932333859066404e+00
9.058902260713292520e+00
9.332626579593533478e+00
9.451034423983404764e+00
9.256529509451661752e+00
9.309073111363632691e+00
9.172452677038847924e+00
9.567612390010467038e+00
9.282550825567884800e+00
8.896642803020698764e+00
9.160571137631352556e+00
9.462824316247967715e+00
9.312627122436909488e+00
9.251940995499175813e+00
9.561637127598523023e+00
9.094966861765158228e+00
9.162403407967168789e+00
9.309073111363632691e+00
9.286825516858977281e+00
9.483399351641681463e+00
9.269453818991093996e+00
9.283842613929374821e+00
9.282550825567884800e+00
9.528740745087489472e+00
9.136801899732489574e+00
9.021491715620291174e+00
9.170359167772511810e+00
9.294344127334570160e+00
9.183463061566557784e+00
9.526627338819665169e+00
9.084258297820518635e+00
9.503265361089889396e+00
9.466882304182215435e+00
9.249979063039345917e+00
8.609193094235999766e+00
9.287204528208448551e+00
9.282550825567884800e+00
9.532847536308199921e+00
9.460102383454257691e+00
9.515036093637878167e+00
9.427336394664822095e+00
9.309073111363632691e+00
9.472258867083533929e+00
9.148810639251831134e+00
9.309073111363632691e+00
9.440099554048520858e+00
9.268685462874566738e+00
9.295809956480320935e+00
9.336789431147844098e+00
9.620181056753080995e+00
9.022004000704914262e+00
9.200056402322767113e+00
9.530035090805341724e+00
9.530814066020601771e+00
9.185207252865204453e+00
9.476262296218624925e+00
9.008893668300247626e+00
9.287318886738491486e+00
9.281887426149740605e+00
9.587933399919197797e+00
9.313829663764073175e+00
9.554226256275713425e+00
9.123332179974347866e+00
8.565621962930425326e+00
8.587467239580194089e+00
9.497990164078265352e+00
9.140646894761639274e+00
9.548377996686086888e+00
9.574900282481833003e+00
9.243771519664479186e+00
9.258646441409734251e+00
9.149835017169854368e+00
9.587933399919197797e+00
9.536795863703618537e+00
9.554702852115161349e+00
9.262276357280436301e+00
9.300076876525674052e+00
9.313001186065106296e+00
8.620016271130120700e+00
9.269014219521272580e+00
9.548377996686086888e+00
9.535280990109294308e+00
9.484646036371717770e+00
8.620016271130120700e+00
9.565695383691412701e+00
9.287158850807688992e+00
9.536795863703618537e+00
9.530814066020601771e+00
9.281881666955465349e+00
9.227588478050769538e+00
9.545985724139216089e+00
9.149835017169854368e+00
9.415662188288054679e+00
9.182253162033486404e+00
9.086793307319444679e+00
8.896642803020698764e+00
9.552652687977177592e+00
9.484556161324624313e+00
9.161973403132305904e+00
9.269453818991093996e+00
9.577364103095227676e+00
9.136801899732489574e+00
9.046457778575280884e+00
9.522279331523106904e+00
8.842387706685547855e+00
9.185207252865204453e+00
9.099826424756809473e+00
9.269453818991093996e+00
9.334464876470281780e+00
9.517768166617377901e+00
9.252638487698140679e+00
9.174223514963568249e+00
9.226331043757989292e+00
9.527232147109945259e+00
9.350085468938718947e+00
9.269453818991093996e+00
9.440099554048520858e+00
9.309073111363632691e+00
9.429949771097392741e+00
9.322106228800997485e+00
9.557068516913737710e+00
8.974658626603771339e+00
9.269014219521272580e+00
8.853294410698394401e+00
9.561637127598523023e+00
9.591161505919092889e+00
9.262913573969287384e+00
9.484222699545171054e+00
9.300076876525674052e+00
9.213326533219083458e+00
8.787335894748578013e+00
9.329714000836302645e+00
9.269453818991093996e+00
9.122186154437756045e+00
9.561637127598523023e+00
8.776207782107565691e+00
9.149835017169854368e+00
9.574900282481833003e+00
9.021491715620291174e+00
9.194275212336057379e+00
9.535280990109294308e+00
9.535280990109294308e+00
9.295176883037079563e+00
9.228847473504510290e+00
9.220677264621359726e+00
9.309073111363632691e+00
9.174272382930320546e+00
9.073530152436132923e+00
9.171258894499214165e+00
9.428230579085369101e+00
9.262276357280436301e+00
9.254365047400154864e+00
8.609193094235999766e+00
9.587933399919197797e+00
9.528740745087489472e+00
9.282550825567884800e+00
9.322106228800997485e+00
9.260239903929768701e+00
9.309073111363632691e+00
9.464506584907118381e+00
9.262276357280436301e+00
9.021491715620291174e+00
9.555763024888259238e+00
8.907420360796910686e+00
9.087123711565375572e+00
9.281881666955465349e+00
9.343779403057224542e+00
9.093843922039811289e+00
9.286825516858977281e+00
9.612370765679663975e+00
9.322106228800997485e+00
9.474698589600619059e+00
9.237822579410069679e+00
9.309628983236789779e+00
9.530814066020601771e+00
9.542425342185227422e+00
9.229217498406633524e+00
9.522279331523106904e+00
9.197826267693461233e+00
9.269453818991093996e+00
9.552652687977177592e+00
9.466089779848513075e+00
9.300076876525674052e+00
9.571548848273291554e+00
9.084258297820518635e+00
9.239406086700419962e+00
9.309073111363632691e+00
9.544224637072799666e+00
9.206419209099518497e+00
9.268685462874566738e+00
9.449696072125124857e+00
9.217800319232273054e+00
9.287831171823114573e+00
9.084258297820518635e+00
8.853294410698394401e+00
9.440099554048520858e+00
9.620389782246043353e+00
9.513751252297989680e+00
8.820476679662050401e+00
9.288534506739814844e+00
9.174272382930320546e+00
9.538711190189831157e+00
8.576560535567345767e+00
9.231173472344435638e+00
9.225800529107500481e+00
9.274760433669101189e+00
9.125627256436285251e+00
9.282550825567884800e+00
9.262898400625855899e+00
9.337327479151536380e+00
9.279233848009157626e+00
9.536795863703618537e+00
9.177652663453809367e+00
9.200274257619611262e+00
9.086793307319444679e+00
9.282550825567884800e+00
9.194164827656909011e+00
8.598344088094551196e+00
9.526627338819665169e+00
9.504803575321439268e+00
9.483399351641681463e+00
9.269453818991093996e+00
9.355125491213405198e+00
9.136801899732489574e+00
9.500195989568146260e+00
8.620016271130120700e+00
9.389365915967379905e+00
9.363009778478151190e+00
9.535280990109294308e+00
9.282550825567884800e+00
9.568917093469773150e+00
9.073530152436132923e+00
9.060271021523696788e+00
8.998087956141368693e+00
8.996449186162235989e+00
9.272627743519027632e+00
9.262276357280436301e+00
9.295809956480320935e+00
9.548377996686086888e+00
9.008893668300247626e+00
9.389365915967379905e+00
9.149835017169854368e+00
9.503531860997748382e+00
8.609193094235999766e+00
9.600501790716512218e+00
9.504803575321439268e+00
9.073530152436132923e+00
9.123538744849177817e+00
9.493486040597611364e+00
9.292899930693939936e+00
9.350085468938718947e+00
9.282550825567884800e+00
9.544224637072799666e+00
9.528740745087489472e+00
8.565621962930425326e+00
9.110279613936741683e+00
9.146929838234914456e+00
9.415662188288054679e+00
8.974658626603771339e+00
9.535340490335622476e+00
9.570784256712441262e+00
9.218728990206424001e+00
9.582780129396011759e+00
9.194275212336057379e+00
9.579872038168005588e+00
9.536795863703618537e+00
9.274720839418447937e+00
9.231173472344435638e+00
9.297075915664668955e+00
8.853294410698394401e+00
9.256529509451661752e+00
9.280158553021014001e+00
9.240485797721973427e+00
9.458774305214500799e+00
9.152326458906216544e+00
9.324729431831492832e+00
9.557263228504004005e+00
9.446550012844092237e+00
9.034160484334190500e+00
9.428230579085369101e+00
9.282550825567884800e+00
9.136801899732489574e+00
9.101722508327805272e+00
9.565628124803604138e+00
9.581274041992102752e+00
9.322106228800997485e+00
9.093843922039811289e+00
9.267020365189997833e+00
9.524755791423267226e+00
9.309073111363632691e+00
8.885843442248322788e+00
9.286455314258873273e+00
9.084258297820518635e+00
9.174272382930320546e+00
9.162403407967168789e+00
9.194275212336057379e+00
9.295809956480320935e+00
9.258646441409734251e+00
8.929056039482940577e+00
9.235166091392606802e+00
9.084258297820518635e+00
9.309073111363632691e+00
9.303100219629119039e+00
9.446672360190119022e+00
9.542425342185227422e+00
9.269453818991093996e+00
9.574157349274315720e+00
9.267020365189997833e+00
9.183254823410658574e+00
9.542425342185227422e+00
9.322106228800997485e+00
9.563653116174762658e+00
9.552652687977177592e+00
9.509598690782679498e+00
9.562903086782871043e+00
9.060271021523696788e+00
9.068235386389005726e+00
9.270968692585418225e+00
9.428230579085369101e+00
9.162403407967168789e+00
9.225750483849560979e+00
9.486890799013842468e+00
9.587933399919197797e+00
9.280158553021014001e+00
9.510943771581636952e+00
9.251940995499175813e+00
9.574900282481833003e+00
9.451034423983404764e+00
9.330913853806666935e+00
9.324729431831492832e+00
9.526627338819665169e+00
8.554649508543850089e+00
9.545985724139216089e+00
9.269014219521270803e+00
9.623305635614547882e+00
9.520192218518355176e+00
9.547708838073667437e+00
9.329571468567376513e+00
9.545898470077439413e+00
8.918178128702544782e+00
9.086793307319442903e+00
9.149835017169854368e+00
9.551191097577566680e+00
9.220067066503521147e+00
