1.040266511186715537e+00
1.953125279615337551e+00
1.429412831792730376e+00
-3.757979522593322130e-01
-1.575401312358515549e+00
-7.362183168631578623e-01
9.690002112639440890e-01
8.641852083520071837e-01
-5.931583956160064730e-01
6.417074407491974997e-01
7.211865682607726535e-01
-1.664031695633320929e-01
-1.948766753868852009e+00
-9.669550198811212027e-01
9.589169683916879405e-01
-8.371774566491894110e-01
3.058699472782581696e-01
3.052658146047632637e-01
-6.155871978945958167e-01
-1.412291742260178173e+00
4.128634963140652703e-01
-6.343191080078206534e-01
1.346345931136485374e+00
4.515958269164191408e-01
9.665212154291082935e-01
-4.222133820990685016e-01
-1.237258744550229439e+00
1.354863228038678979e+00
6.031212803419814250e-01
6.048021514278651978e-01
6.286378861323945744e-01
-7.789166508921318011e-01
3.937606339660827404e-01
5.463829306404538455e-01
2.177780332774028205e-03
1.142830936567720695e-01
-1.890735602424908013e+00
-2.139210008314545997e-01
8.896477013123258448e-01
-1.162021846312345064e+00
8.862158804798572209e-01
-2.863875796791921502e-01
1.078121489876719519e+00
5.584620926714767286e-02
-1.183091826898803184e-01
5.309543620785587281e-01
3.677860355147886118e-01
1.025049614783307694e+00
5.179791953182110581e-02
1.267033209664885973e+00
-1.442040543258614749e+00
-6.130334156084343844e-01
4.603933529879110087e-01
-9.755988214057739194e-01
-9.464910268892333389e-02
6.483440498583685485e-02
9.154625047330043897e-01
-1.444052269974037683e-01
1.339508278947495246e+00
2.355937083724188863e-01
1.948650124170830278e+00
2.015921923346578382e+00
-1.426349891005637693e-01
2.776440835680674679e-01
1.140465925732923491e+00
1.159638117308808170e+00
2.484064242126016453e-01
5.642761021385559461e-01
-1.226036523131968092e+00
6.143209013618809999e-01
4.237390715630769827e-02
-8.105922136468159955e-01
-2.318765461650333037e+00
-1.583683622439414407e+00
-3.875160833778624192e-01
2.305526015826168118e-01
-8.024763422295257964e-01
2.083819733325078971e+00
6.102889959568017497e-01
7.878643632675196296e-01
5.387152485677724201e-01
1.571074108045803719e+00
4.449612066179293168e-01
4.301911204642149822e-01
1.213942326582330145e+00
-1.536684585765663247e+00
-1.731422121729768504e+00
2.332083990694791276e-01
-2.158053318225401085e-01
-7.746224781390690373e-01
4.052051836103716664e-01
7.364834809776260593e-01
-5.335181829430996059e-01
-1.002514163997899055e-01
-3.373338840085242651e-01
6.241648491887288319e-01
-6.029718738913973919e-01
-8.435166901645241300e-01
-3.045087842325736593e-01
5.610189914971510650e-01
-9.240085244404216969e-01
5.740231309070614740e-01
5.608973114737195731e-01
1.328427789045791396e+00
6.946315423029151281e-01
7.603618747744195216e-01
-9.580227573043560430e-01
3.330676055696799032e-01
6.276107660480226280e-02
3.955275964191007354e-01
8.187482924456918054e-01
9.986858097404280321e-02
8.977383851512894530e-01
2.335321528937172042e-01
-3.640085880194321444e-01
-7.915061586456671738e-02
7.055222226700560983e-02
1.183802524072978590e+00
-5.988289705183736933e-01
-5.959854992566531173e-01
-1.220004856688752026e+00
1.672306654281701110e-01
-9.953432390576431033e-01
-4.223631463697795074e-01
-3.712013208326557789e-01
6.767237025673160655e-01
4.043981082244533787e-01
-2.800194328173443159e-01
-2.278622605412785607e+00
1.676597803141327780e+00
2.709626005887024736e-01
7.776750917570568467e-01
-5.379958641820000720e-01
-2.253263424328962594e-01
9.406967454727535038e-01
-1.114433624132762812e+00
1.114012431206943488e+00
1.262032608571703518e+00
-2.672231471993653518e-01
6.203479767957998936e-01
-1.141699382416061503e-01
-5.656701951756050173e-01
-8.808407187958631201e-01
-1.195501284965841682e-01
-4.984623712736592771e-01
-1.520595484065904390e+00
6.280381940906377691e-01
5.583577452300457766e-01
-3.417763049935648723e-01
1.197905106863688784e+00
1.516075457218159749e-02
5.954850948163523672e-01
-2.226284993248659749e-01
4.935846423161451835e-01
-1.598811181667426917e-01
9.380254967516222786e-01
-6.041908749129947243e-01
-5.047666649224057389e-01
3.347652406493626387e-01
4.380209638983613707e-01
-8.164123290433944816e-03
-1.329239431544928518e+00
-2.658879711043731220e-01
-2.392735439591670843e-01
8.790030132885235936e-01
5.449990404030514712e-01
1.201382408166974836e+00
-5.191032632869395647e-01
9.714491930199867786e-01
1.163106509082746653e-01
-1.613815244775524127e-01
-1.009915748473966035e+00
-2.664291301248738364e+00
-7.805665103149052042e-01
-2.801287972377836666e-01
-7.536637246069848306e-01
1.126501810421387750e+00
-1.235415513968438850e+00
-1.554327821347232519e-01
9.381407297590449446e-01
-1.347651104435594549e+00
-3.678130753216966864e-02
-2.563587712597961144e-01
-2.687589967334027552e-01
1.311420495574474598e-01
-4.801485597212974410e-01
-5.013289176572187644e-01
-6.623172094300579585e-03
3.093668147273824776e-01
1.506512238647976121e+00
-6.056509011157048539e-01
1.734101368482952044e-01
-5.076829182115922823e-01
-1.372891328234201458e-01
2.219911086339887873e+00
5.914517712538608363e-01
2.581535690580346043e-01
8.582777359532950401e-01
-8.289890446982115524e-01
1.076725541024458721e+00
-6.752086787669649148e-03
1.914077390294666725e-01
8.524398442775922291e-01
-2.256271499934893177e-01
5.363133156789756661e-02
-8.444105106699278940e-01
-5.246737697471270945e-01
-3.992640347079350893e-01
1.555625855990488693e-01
9.047568379898826008e-01
-4.826692081264753742e-02
-1.418434811772102622e+00
-1.290532284556287212e-01
-8.054653510859735577e-02
-2.680417131018025811e-01
-4.230125271677126486e-01
1.961429441424245301e-01
-1.165697069358724303e+00
6.650883833384104715e-01
3.905297028491155897e-01
-8.404021149335864083e-01
-1.128485368151881524e-01
6.950497446208683261e-01
1.121100121367950342e+00
1.351970466038680208e+00
1.937989746379398026e+00
1.256379668955408757e+00
-4.354332965601259153e-01
3.098791142113011543e-01
5.496209220826294706e-01
1.271128958874561787e+00
-1.107925657254559271e+00
-9.053819950125092664e-01
7.088118862001663301e-01
2.868783828910006703e-02
-1.564868751883449205e-01
7.058638788664094443e-01
-2.044038258936708097e+00
-1.785271950135806085e-01
7.864488783979550757e-01
-1.328991194059991332e-01
-1.555405069410961127e+00
3.709836563430913836e-01
7.146287604856526032e-01
-1.556846298579529775e-01
1.796254910501204893e-01
2.185793211892330223e+00
3.359204402132976996e-01
-3.866310664892916860e-01
6.567671295011846544e-01
7.035497854296224318e-01
-1.281209272131972332e+00
8.113332138533975169e-01
-1.984839205349835101e-01
-1.541606284881644973e+00
3.156444357620791230e-01
-9.224877457895410693e-01
-3.344248747286668877e-01
-6.405491144939787773e-01
-2.965657108591676638e-01
-3.205796653009447827e-01
1.489329594418913327e+00
1.377229623778134515e-01
3.993467958472953772e-01
-2.910848118925170036e-01
-7.821263418602726336e-01
4.356511315366562442e-01
1.186765119443275590e-01
-1.015072858950678975e-01
1.421355301552913453e+00
2.100259406549852825e-01
-5.052102737461322546e-01
-1.571502269507114025e-01
-2.473746233505766667e-01
-2.878544698378472932e-01
7.718793039900324893e-02
1.225553317704676015e+00
-1.905320299021760755e-01
-1.319462242839475774e+00
1.499740100125424302e-01
6.456131122429658031e-01
-5.272202673475917534e-01
7.219971783673639898e-01
-5.610176522189985748e-01
-8.646321905189159329e-01
3.288824104347449206e-01
1.253790631726525717e-01
-4.891322161606286301e-01
-7.046602710670235581e-01
-1.136538445760651772e+00
7.128831090850265007e-01
6.614775784906459233e-01
1.034230972681586147e+00
-1.491308518283968265e+00
8.942950083042694454e-01
-5.485650208508008330e-01
-1.233108255280133791e+00
1.100513114177661622e+00
-3.809123112824197022e-01
2.362974700874106160e-01
-1.437827708674528360e-01
-7.040439942162977083e-01
9.699378614013932642e-01
-2.004415072003448373e+00
8.916961986795262085e-01
7.776372059196495767e-01
-3.931631419059990473e-01
5.883334071642301044e-01
3.972970723102881574e-01
1.220799858493712531e+00
4.341175297189475146e-01
4.113019854481676507e-01
1.203917959852454977e+00
1.445015236729226382e+00
-5.640498310449404418e-01
1.269543199453022408e+00
8.939483709475288808e-01
2.342055512200322820e-01
8.133512984392059497e-01
5.076941595365024734e-02
3.112641266684991470e-02
4.631501693592251501e-01
-6.103436200249685584e-01
9.429483991567270129e-01
3.689298793494212858e-01
1.047006358127130721e+00
-3.152793654651966371e-01
-1.095539395959725049e+00
4.161328295099767649e-01
-3.572895415872559877e+00
-8.873333228049421484e-01
-3.215181756480745001e-01
5.900021016219111347e-01
7.197426146181725715e-01
1.233447853171678599e+00
3.026531334934884354e-01
1.854931729526699546e-01
1.282033690370158352e+00
4.037161557268421214e-02
-1.775141337454769763e-01
-7.275662615849832759e-01
3.624272890640611311e-01
-1.706344834056568560e+00
2.922906734640550730e-01
-2.419845023770688996e+00
-8.661721137594888265e-02
9.471373323007570288e-02
-2.248971407694230484e-01
-6.491035835307928936e-01
5.542467382687045196e-01
1.573296241881245949e+00
-3.740350189424627991e-02
-4.394493789111754700e-01
1.874612073831941894e-01
-1.676916234501231173e+00
1.127140043354816212e-01
-1.136299674744595395e-01
1.432621067203560528e-01
-5.773229327088041929e-01
4.144213830215494054e-01
-1.030694611421273832e+00
1.119425433801524150e+00
-9.189585513989675936e-02
1.571979033134377479e+00
1.522239126064364623e+00
6.205419918383739963e-01
-5.766496656715568853e-02
-7.189615699139442206e-01
-2.064787621691265507e+00
-1.625404269414059966e-01
6.958353329408174526e-01
3.160476119708617859e-01
-7.798195579041804493e-01
-7.578307027439876720e-01
-3.080034062754440916e-01
6.489411906209470171e-01
-3.464525950445143110e-01
-1.625629786437147395e+00
5.368311724372472060e-01
8.771675132331031577e-01
-1.273837036406576806e-01
7.960240323343389379e-01
-5.080438324234952674e-01
1.875373357444822808e+00
1.111344859567265031e+00
1.499843481677270107e+00
-4.230835002079482710e-01
4.829587341880724888e-02
7.561866786349480396e-01
-3.639968332590481359e-01
-1.981830463209744986e+00
1.671129751204408986e+00
-7.317467630218439378e-01
-8.648489338439847574e-01
3.345708967130763684e-02
1.143753024133091989e+00
-1.578616336195522329e+00
-4.570687945054857648e-01
-4.411090635420831796e-01
3.044630108362081922e-01
4.559814675320185140e-01
6.651512206803437133e-01
-2.189070673118636012e+00
2.621624106943867272e-01
2.115260196317567676e+00
-5.299580664010932196e-01
1.216578161020719778e-01
-3.567758664296751259e-01
-4.292210441327385384e-01
3.001625302841022802e-01
-2.431164096089135640e-01
-7.488574873888695360e-02
6.315602100781070316e-02
6.600612491626670630e-01
-3.106508439125143517e-01
-8.050084528796176420e-01
-6.005146246311907632e-01
1.167823570516229204e+00
-6.642010072154602707e-01
6.372403687148863183e-01
3.521402516024720042e-02
3.550942984356528220e-02
1.773259360870270140e-01
9.589135943101022574e-01
-2.597088355180137142e-01
1.229236748929790762e-01
-3.569083763074415439e-01
1.294029185432790774e+00
1.664762645985860823e-01
-9.594695443612200059e-02
-1.033298388427106973e+00
5.888105359518495258e-02
-1.420315579755939729e-02
1.175147931617247510e+00
-8.102785118660468244e-01
7.384381034481292128e-01
