2.809000000000000163e+00
3.057999999999999829e+00
3.402000000000000135e+00
2.713000000000000078e+00
2.935999999999999943e+00
2.745000000000000107e+00
2.904999999999999805e+00
3.003000000000000114e+00
3.001999999999999780e+00
2.762999999999999901e+00
2.830999999999999961e+00
3.015000000000000124e+00
2.846000000000000085e+00
2.817000000000000171e+00
2.652000000000000135e+00
2.947000000000000064e+00
2.899999999999999911e+00
2.884999999999999787e+00
3.059000000000000163e+00
2.482000000000000206e+00
3.020000000000000018e+00
2.697999999999999954e+00
3.322000000000000064e+00
2.875000000000000000e+00
3.015000000000000124e+00
2.826000000000000068e+00
2.777000000000000135e+00
3.222999999999999865e+00
2.818999999999999950e+00
3.136000000000000121e+00
2.379999999999999893e+00
2.769000000000000128e+00
2.879999999999999893e+00
3.136000000000000121e+00
3.080000000000000071e+00
2.802000000000000046e+00
2.838000000000000078e+00
3.158999999999999808e+00
2.978000000000000203e+00
3.270000000000000018e+00
2.971999999999999975e+00
2.680000000000000160e+00
2.741999999999999993e+00
3.080000000000000071e+00
2.990000000000000213e+00
2.974000000000000199e+00
3.407999999999999918e+00
2.718999999999999861e+00
2.745000000000000107e+00
2.866999999999999993e+00
2.641999999999999904e+00
3.000000000000000000e+00
2.975000000000000089e+00
2.603000000000000203e+00
2.935999999999999943e+00
2.789000000000000146e+00
3.084999999999999964e+00
2.939000000000000057e+00
2.725999999999999979e+00
2.686999999999999833e+00
3.071000000000000174e+00
3.125999999999999890e+00
2.943000000000000060e+00
2.782000000000000028e+00
2.899000000000000021e+00
2.863999999999999879e+00
2.955000000000000071e+00
2.871999999999999886e+00
2.746999999999999886e+00
2.924999999999999822e+00
2.802999999999999936e+00
2.825000000000000178e+00
2.835999999999999854e+00
2.805000000000000160e+00
2.907999999999999918e+00
2.938000000000000167e+00
3.323999999999999844e+00
3.096999999999999975e+00
2.773000000000000131e+00
3.275999999999999801e+00
3.092999999999999972e+00
2.954000000000000181e+00
2.755999999999999783e+00
2.770999999999999908e+00
2.923999999999999932e+00
2.758999999999999897e+00
2.810999999999999943e+00
2.661000000000000032e+00
3.153000000000000025e+00
3.101999999999999869e+00
3.298999999999999932e+00
2.771999999999999797e+00
2.785000000000000142e+00
2.762000000000000011e+00
3.141000000000000014e+00
2.790000000000000036e+00
2.839999999999999858e+00
2.791999999999999815e+00
3.096000000000000085e+00
2.875999999999999890e+00
2.533999999999999808e+00
2.708000000000000185e+00
3.016999999999999904e+00
2.932999999999999829e+00
3.225000000000000089e+00
3.205999999999999961e+00
2.709999999999999964e+00
2.814999999999999947e+00
2.971000000000000085e+00
2.762000000000000011e+00
3.055000000000000160e+00
2.759999999999999787e+00
2.790999999999999925e+00
2.971999999999999975e+00
2.556999999999999940e+00
3.032000000000000028e+00
3.141000000000000014e+00
2.920999999999999819e+00
2.608000000000000096e+00
2.874000000000000110e+00
2.741999999999999993e+00
3.120000000000000107e+00
2.892999999999999794e+00
3.028999999999999915e+00
3.105999999999999872e+00
2.666999999999999815e+00
2.525999999999999801e+00
3.015000000000000124e+00
2.822000000000000064e+00
3.096999999999999975e+00
2.895000000000000018e+00
2.959999999999999964e+00
2.947000000000000064e+00
2.818000000000000060e+00
2.733999999999999986e+00
2.846999999999999975e+00
3.004000000000000004e+00
2.931000000000000050e+00
2.773000000000000131e+00
2.754000000000000004e+00
3.116000000000000103e+00
3.100999999999999979e+00
2.604999999999999982e+00
2.876999999999999780e+00
2.781000000000000139e+00
2.935999999999999943e+00
2.898000000000000131e+00
2.879999999999999893e+00
2.979000000000000092e+00
2.935999999999999943e+00
2.858000000000000096e+00
2.718999999999999861e+00
2.672000000000000153e+00
3.115000000000000213e+00
2.572000000000000064e+00
2.972999999999999865e+00
2.572999999999999954e+00
2.987999999999999989e+00
2.899999999999999911e+00
2.557999999999999829e+00
2.759999999999999787e+00
2.705999999999999961e+00
2.701999999999999957e+00
2.798999999999999932e+00
2.891000000000000014e+00
3.115000000000000213e+00
2.954000000000000181e+00
2.698999999999999844e+00
3.383000000000000007e+00
2.798000000000000043e+00
2.693999999999999950e+00
3.258000000000000007e+00
3.150999999999999801e+00
3.129999999999999893e+00
2.798000000000000043e+00
2.467000000000000082e+00
2.910000000000000142e+00
2.879999999999999893e+00
3.153000000000000025e+00
2.845000000000000195e+00
3.021999999999999797e+00
3.071000000000000174e+00
3.165999999999999925e+00
2.907000000000000028e+00
2.946000000000000174e+00
2.684000000000000163e+00
2.600000000000000089e+00
2.686999999999999833e+00
3.407999999999999918e+00
2.676000000000000156e+00
2.936999999999999833e+00
2.926000000000000156e+00
2.798999999999999932e+00
3.173000000000000043e+00
2.923999999999999932e+00
2.685999999999999943e+00
2.529999999999999805e+00
2.998000000000000220e+00
2.939999999999999947e+00
2.737999999999999989e+00
2.975999999999999979e+00
3.012999999999999901e+00
2.633999999999999897e+00
2.384999999999999787e+00
2.983999999999999986e+00
2.774999999999999911e+00
2.991999999999999993e+00
3.080999999999999961e+00
3.004999999999999893e+00
2.827999999999999847e+00
3.097999999999999865e+00
2.741000000000000103e+00
2.649000000000000021e+00
2.826999999999999957e+00
3.057999999999999829e+00
2.968999999999999861e+00
2.778999999999999915e+00
2.814999999999999947e+00
3.012000000000000011e+00
2.770000000000000018e+00
3.080000000000000071e+00
2.810000000000000053e+00
2.757000000000000117e+00
3.012999999999999901e+00
2.785000000000000142e+00
2.888999999999999790e+00
3.025999999999999801e+00
2.633999999999999897e+00
2.779999999999999805e+00
2.956999999999999851e+00
2.975000000000000089e+00
2.814000000000000057e+00
2.799999999999999822e+00
2.572999999999999954e+00
2.771999999999999797e+00
2.948999999999999844e+00
2.750000000000000000e+00
2.895999999999999908e+00
3.048000000000000043e+00
2.775999999999999801e+00
3.023000000000000131e+00
2.980999999999999872e+00
2.853000000000000203e+00
3.008000000000000007e+00
2.467000000000000082e+00
3.024000000000000021e+00
3.036000000000000032e+00
2.931000000000000050e+00
2.899000000000000021e+00
3.044999999999999929e+00
2.633999999999999897e+00
3.174999999999999822e+00
2.967999999999999972e+00
2.721000000000000085e+00
3.201000000000000068e+00
2.649000000000000021e+00
2.705999999999999961e+00
2.701999999999999957e+00
3.064999999999999947e+00
2.952999999999999847e+00
3.057999999999999829e+00
2.854999999999999982e+00
2.757000000000000117e+00
2.717000000000000082e+00
2.680000000000000160e+00
2.991999999999999993e+00
3.291999999999999815e+00
3.012999999999999901e+00
3.109999999999999876e+00
3.322000000000000064e+00
3.217000000000000082e+00
2.769000000000000128e+00
3.273000000000000131e+00
2.734999999999999876e+00
3.285000000000000142e+00
3.031000000000000139e+00
2.831999999999999851e+00
3.065999999999999837e+00
2.823999999999999844e+00
3.064999999999999947e+00
2.807999999999999829e+00
2.922000000000000153e+00
3.068999999999999950e+00
2.794000000000000039e+00
2.906000000000000139e+00
2.714999999999999858e+00
2.678999999999999826e+00
2.853000000000000203e+00
3.040000000000000036e+00
3.032999999999999918e+00
2.662999999999999812e+00
2.923000000000000043e+00
2.858999999999999986e+00
3.201000000000000068e+00
2.478000000000000203e+00
2.867999999999999883e+00
2.751999999999999780e+00
3.267999999999999794e+00
2.758999999999999897e+00
2.880999999999999783e+00
2.770000000000000018e+00
2.778999999999999915e+00
2.996999999999999886e+00
3.246999999999999886e+00
2.830999999999999961e+00
2.733999999999999986e+00
3.084000000000000075e+00
2.749000000000000110e+00
2.992999999999999883e+00
2.529999999999999805e+00
3.083000000000000185e+00
3.064999999999999947e+00
2.842999999999999972e+00
3.013999999999999790e+00
2.939000000000000057e+00
2.991000000000000103e+00
2.861000000000000210e+00
2.642999999999999794e+00
2.899999999999999911e+00
3.060000000000000053e+00
2.947000000000000064e+00
2.923999999999999932e+00
2.887000000000000011e+00
3.093999999999999861e+00
2.810000000000000053e+00
2.685000000000000053e+00
3.229999999999999982e+00
2.988999999999999879e+00
2.842000000000000082e+00
2.770000000000000018e+00
2.693000000000000060e+00
2.786999999999999922e+00
3.045999999999999819e+00
2.899000000000000021e+00
2.730999999999999872e+00
2.560000000000000053e+00
2.927999999999999936e+00
3.032000000000000028e+00
3.117999999999999883e+00
2.733000000000000096e+00
2.884999999999999787e+00
3.298999999999999932e+00
2.721000000000000085e+00
2.842000000000000082e+00
3.202999999999999847e+00
3.273000000000000131e+00
2.682999999999999829e+00
2.947000000000000064e+00
2.809000000000000163e+00
2.912999999999999812e+00
2.716000000000000192e+00
2.936999999999999833e+00
3.411999999999999922e+00
2.927999999999999936e+00
2.612999999999999989e+00
2.947999999999999954e+00
2.837000000000000188e+00
3.198999999999999844e+00
2.738999999999999879e+00
2.789000000000000146e+00
2.603000000000000203e+00
2.807999999999999829e+00
2.974000000000000199e+00
3.200000000000000178e+00
2.545999999999999819e+00
2.899000000000000021e+00
2.608999999999999986e+00
2.779999999999999805e+00
3.246999999999999886e+00
2.779999999999999805e+00
2.888999999999999790e+00
2.774999999999999911e+00
3.015000000000000124e+00
2.919999999999999929e+00
2.947999999999999954e+00
2.863999999999999879e+00
2.861000000000000210e+00
2.841000000000000192e+00
2.741999999999999993e+00
3.055000000000000160e+00
3.073999999999999844e+00
3.084999999999999964e+00
2.620000000000000107e+00
2.811999999999999833e+00
3.040000000000000036e+00
3.015000000000000124e+00
2.926000000000000156e+00
2.774999999999999911e+00
2.797000000000000153e+00
3.169000000000000039e+00
2.749000000000000110e+00
2.740000000000000213e+00
2.762000000000000011e+00
2.729999999999999982e+00
3.093999999999999861e+00
2.971999999999999975e+00
2.838999999999999968e+00
2.826999999999999957e+00
2.971999999999999975e+00
3.254999999999999893e+00
2.704000000000000181e+00
3.270999999999999908e+00
3.013999999999999790e+00
3.108999999999999986e+00
3.036000000000000032e+00
3.068000000000000060e+00
3.351999999999999869e+00
2.793000000000000149e+00
2.839999999999999858e+00
3.125000000000000000e+00
2.829000000000000181e+00
3.048000000000000043e+00
2.870999999999999996e+00
3.025999999999999801e+00
2.775999999999999801e+00
3.419000000000000039e+00
2.771999999999999797e+00
3.267999999999999794e+00
3.108000000000000096e+00
2.865000000000000213e+00
2.904999999999999805e+00
2.907000000000000028e+00
3.205999999999999961e+00
2.539000000000000146e+00
3.326000000000000068e+00
2.991999999999999993e+00
2.673000000000000043e+00
3.273000000000000131e+00
3.351999999999999869e+00
3.057999999999999829e+00
2.657000000000000028e+00
2.676000000000000156e+00
3.133000000000000007e+00
2.833000000000000185e+00
3.100999999999999979e+00
2.818000000000000060e+00
