2.382000000000000117e+00
2.253000000000000114e+00
2.274000000000000021e+00
2.335999999999999854e+00
2.299999999999999822e+00
1.883000000000000007e+00
2.431999999999999940e+00
2.212000000000000188e+00
2.555000000000000160e+00
2.104999999999999982e+00
2.036000000000000032e+00
2.241000000000000103e+00
1.868999999999999995e+00
2.200000000000000178e+00
2.249000000000000110e+00
2.234999999999999876e+00
2.427999999999999936e+00
1.985999999999999988e+00
2.072000000000000064e+00
2.178999999999999826e+00
2.149000000000000021e+00
1.993999999999999995e+00
2.115000000000000213e+00
1.931000000000000050e+00
2.104999999999999982e+00
1.905000000000000027e+00
2.008999999999999897e+00
2.229999999999999982e+00
2.363999999999999879e+00
2.201999999999999957e+00
2.327999999999999847e+00
2.238999999999999879e+00
2.484999999999999876e+00
2.024999999999999911e+00
2.347999999999999865e+00
2.108999999999999986e+00
2.181000000000000050e+00
2.297000000000000153e+00
2.184000000000000163e+00
2.294000000000000039e+00
1.965999999999999970e+00
2.444999999999999840e+00
2.456999999999999851e+00
2.398000000000000131e+00
2.057999999999999829e+00
2.406000000000000139e+00
2.188000000000000167e+00
2.298999999999999932e+00
2.426000000000000156e+00
2.088000000000000078e+00
2.206999999999999851e+00
2.456999999999999851e+00
2.318999999999999950e+00
2.115000000000000213e+00
2.556999999999999940e+00
2.197000000000000064e+00
1.993000000000000105e+00
2.487999999999999989e+00
2.400999999999999801e+00
2.257000000000000117e+00
2.218999999999999861e+00
2.162999999999999812e+00
2.333000000000000185e+00
2.369000000000000217e+00
2.130999999999999783e+00
2.305000000000000160e+00
2.289000000000000146e+00
2.370000000000000107e+00
2.173999999999999932e+00
2.184000000000000163e+00
2.027000000000000135e+00
2.092000000000000082e+00
2.192000000000000171e+00
2.305000000000000160e+00
2.345000000000000195e+00
1.971000000000000085e+00
1.776999999999999913e+00
2.060000000000000053e+00
2.045999999999999819e+00
2.177999999999999936e+00
2.225999999999999979e+00
2.076999999999999957e+00
2.338000000000000078e+00
2.149999999999999911e+00
2.099000000000000199e+00
2.645999999999999908e+00
2.474000000000000199e+00
1.983999999999999986e+00
2.044000000000000039e+00
1.921000000000000041e+00
2.138999999999999790e+00
2.024000000000000021e+00
2.202999999999999847e+00
2.031000000000000139e+00
2.261000000000000121e+00
2.020000000000000018e+00
2.224000000000000199e+00
2.075000000000000178e+00
2.351999999999999869e+00
2.148000000000000131e+00
1.868999999999999995e+00
2.689000000000000057e+00
2.294000000000000039e+00
2.186999999999999833e+00
2.196000000000000174e+00
2.306999999999999940e+00
2.132000000000000117e+00
2.240000000000000213e+00
2.023000000000000131e+00
2.049999999999999822e+00
