2.165999999999999925e+00
2.208000000000000185e+00
2.407999999999999918e+00
2.145999999999999908e+00
2.075000000000000178e+00
2.044000000000000039e+00
2.277000000000000135e+00
2.313000000000000167e+00
2.301000000000000156e+00
2.104000000000000092e+00
2.028000000000000025e+00
2.197000000000000064e+00
2.303999999999999826e+00
2.259999999999999787e+00
2.064000000000000057e+00
2.278999999999999915e+00
2.072000000000000064e+00
2.370999999999999996e+00
2.169999999999999929e+00
1.834999999999999964e+00
2.119000000000000217e+00
2.021999999999999797e+00
2.446000000000000174e+00
2.181999999999999940e+00
2.205000000000000071e+00
2.132000000000000117e+00
2.338000000000000078e+00
2.645999999999999908e+00
2.109999999999999876e+00
2.442000000000000171e+00
1.864000000000000101e+00
2.257000000000000117e+00
2.202999999999999847e+00
2.442000000000000171e+00
2.267999999999999794e+00
2.181000000000000050e+00
2.287999999999999812e+00
2.366999999999999993e+00
2.412999999999999812e+00
2.520999999999999908e+00
2.053999999999999826e+00
2.270999999999999908e+00
1.737000000000000099e+00
2.267999999999999794e+00
2.123000000000000220e+00
2.133000000000000007e+00
2.531000000000000139e+00
2.240000000000000213e+00
2.213999999999999968e+00
2.142999999999999794e+00
2.178999999999999826e+00
2.095000000000000195e+00
2.130999999999999783e+00
2.232000000000000206e+00
2.415999999999999925e+00
2.193999999999999950e+00
2.379999999999999893e+00
2.172000000000000153e+00
2.076999999999999957e+00
1.961999999999999966e+00
2.415999999999999925e+00
2.367999999999999883e+00
2.366000000000000103e+00
2.048000000000000043e+00
2.262000000000000011e+00
2.149000000000000021e+00
2.342000000000000082e+00
2.138999999999999790e+00
2.274999999999999911e+00
2.341000000000000192e+00
2.166999999999999815e+00
2.193999999999999950e+00
1.768000000000000016e+00
2.209999999999999964e+00
2.422000000000000153e+00
2.455999999999999961e+00
2.474000000000000199e+00
2.100000000000000089e+00
2.216000000000000192e+00
2.269000000000000128e+00
2.154999999999999805e+00
2.361000000000000210e+00
2.056999999999999940e+00
2.124000000000000110e+00
2.289000000000000146e+00
2.200000000000000178e+00
2.210999999999999854e+00
1.985999999999999988e+00
2.463999999999999968e+00
2.390000000000000124e+00
2.577999999999999847e+00
1.971000000000000085e+00
2.270999999999999908e+00
1.965000000000000080e+00
2.160000000000000142e+00
1.879999999999999893e+00
2.294000000000000039e+00
2.319999999999999840e+00
2.244000000000000217e+00
2.121999999999999886e+00
2.230999999999999872e+00
1.915000000000000036e+00
2.241999999999999993e+00
2.321000000000000174e+00
2.351999999999999869e+00
2.537999999999999812e+00
2.072000000000000064e+00
2.248000000000000220e+00
2.221000000000000085e+00
2.057999999999999829e+00
2.685000000000000053e+00
1.987999999999999989e+00
2.132000000000000117e+00
2.096000000000000085e+00
2.225999999999999979e+00
2.394000000000000128e+00
2.166999999999999815e+00
2.091000000000000192e+00
2.173999999999999932e+00
2.422000000000000153e+00
2.088999999999999968e+00
2.456999999999999851e+00
2.137000000000000011e+00
2.225999999999999979e+00
2.045999999999999819e+00
1.907000000000000028e+00
2.081999999999999851e+00
2.291999999999999815e+00
2.149000000000000021e+00
2.406000000000000139e+00
2.157999999999999918e+00
2.310000000000000053e+00
2.228000000000000203e+00
2.181999999999999940e+00
2.209000000000000075e+00
2.286000000000000032e+00
2.265000000000000124e+00
2.258000000000000007e+00
1.993999999999999995e+00
2.189999999999999947e+00
2.309000000000000163e+00
2.293000000000000149e+00
1.927000000000000046e+00
2.115000000000000213e+00
2.153999999999999915e+00
2.075000000000000178e+00
2.077999999999999847e+00
2.095000000000000195e+00
2.188000000000000167e+00
2.250000000000000000e+00
2.363999999999999879e+00
2.178999999999999826e+00
2.055000000000000160e+00
2.387999999999999901e+00
2.145000000000000018e+00
2.039000000000000146e+00
1.669999999999999929e+00
2.113999999999999879e+00
2.267999999999999794e+00
2.048000000000000043e+00
2.201000000000000068e+00
2.052999999999999936e+00
2.047000000000000153e+00
2.108000000000000096e+00
2.201999999999999957e+00
2.387999999999999901e+00
2.092000000000000082e+00
2.134999999999999787e+00
2.130999999999999783e+00
2.071000000000000174e+00
1.945999999999999952e+00
2.698999999999999844e+00
2.350000000000000089e+00
2.298999999999999932e+00
2.020000000000000018e+00
1.794999999999999929e+00
1.913000000000000034e+00
2.334000000000000075e+00
2.463999999999999968e+00
2.068000000000000060e+00
2.444999999999999840e+00
2.153000000000000025e+00
2.225999999999999979e+00
2.172000000000000153e+00
2.310999999999999943e+00
2.156000000000000139e+00
2.153999999999999915e+00
2.065999999999999837e+00
2.531000000000000139e+00
2.286000000000000032e+00
2.008999999999999897e+00
2.290999999999999925e+00
2.233999999999999986e+00
2.012000000000000011e+00
2.363999999999999879e+00
2.254000000000000004e+00
1.834999999999999964e+00
2.237999999999999989e+00
2.181999999999999940e+00
2.116000000000000103e+00
2.168000000000000149e+00
2.471000000000000085e+00
2.216000000000000192e+00
1.989999999999999991e+00
2.334000000000000075e+00
2.321000000000000174e+00
2.100999999999999979e+00
2.322000000000000064e+00
2.317000000000000171e+00
2.209999999999999964e+00
2.254000000000000004e+00
2.274000000000000021e+00
2.173000000000000043e+00
2.253000000000000114e+00
2.325000000000000178e+00
2.134999999999999787e+00
2.109999999999999876e+00
2.294000000000000039e+00
2.407000000000000028e+00
1.971999999999999975e+00
2.012999999999999901e+00
2.241999999999999993e+00
2.057999999999999829e+00
2.149000000000000021e+00
2.080000000000000071e+00
2.085999999999999854e+00
2.150999999999999801e+00
1.679999999999999938e+00
1.975999999999999979e+00
2.205999999999999961e+00
2.177999999999999936e+00
2.189999999999999947e+00
2.208000000000000185e+00
2.128000000000000114e+00
2.053999999999999826e+00
2.274999999999999911e+00
2.077999999999999847e+00
2.244000000000000217e+00
2.295999999999999819e+00
2.271999999999999797e+00
2.431999999999999940e+00
2.301000000000000156e+00
2.068999999999999950e+00
2.426000000000000156e+00
1.725999999999999979e+00
2.301000000000000156e+00
2.237999999999999989e+00
2.128000000000000114e+00
2.270000000000000018e+00
2.141999999999999904e+00
2.133999999999999897e+00
2.031000000000000139e+00
2.347999999999999865e+00
2.209999999999999964e+00
2.326000000000000068e+00
1.905999999999999917e+00
2.061999999999999833e+00
2.047000000000000153e+00
2.345000000000000195e+00
2.156000000000000139e+00
2.325000000000000178e+00
2.282000000000000028e+00
2.341000000000000192e+00
2.197999999999999954e+00
2.120000000000000107e+00
2.277000000000000135e+00
2.486000000000000210e+00
2.471000000000000085e+00
2.177999999999999936e+00
2.446000000000000174e+00
2.394000000000000128e+00
2.251999999999999780e+00
2.101999999999999869e+00
2.225000000000000089e+00
2.294999999999999929e+00
2.373000000000000220e+00
2.108999999999999986e+00
2.097999999999999865e+00
2.281000000000000139e+00
2.592000000000000082e+00
2.128000000000000114e+00
2.205000000000000071e+00
2.162999999999999812e+00
2.053999999999999826e+00
2.084999999999999964e+00
2.291999999999999815e+00
1.997000000000000108e+00
2.225999999999999979e+00
2.092000000000000082e+00
2.451000000000000068e+00
1.834000000000000075e+00
2.146999999999999797e+00
1.901999999999999913e+00
2.326000000000000068e+00
1.838999999999999968e+00
2.197000000000000064e+00
2.125000000000000000e+00
2.419000000000000039e+00
2.076999999999999957e+00
2.431999999999999940e+00
2.036999999999999922e+00
1.941999999999999948e+00
2.208000000000000185e+00
2.576999999999999957e+00
2.133999999999999897e+00
2.240000000000000213e+00
2.315999999999999837e+00
2.458000000000000185e+00
2.224000000000000199e+00
1.961999999999999966e+00
2.464999999999999858e+00
2.378000000000000114e+00
2.278999999999999915e+00
2.319999999999999840e+00
2.307999999999999829e+00
2.278000000000000025e+00
2.150999999999999801e+00
2.181999999999999940e+00
2.112000000000000099e+00
2.391000000000000014e+00
2.391999999999999904e+00
2.378000000000000114e+00
2.141999999999999904e+00
2.104000000000000092e+00
2.209000000000000075e+00
2.037999999999999812e+00
2.333000000000000185e+00
2.427999999999999936e+00
1.909000000000000030e+00
2.517999999999999794e+00
2.161999999999999922e+00
2.053999999999999826e+00
2.124000000000000110e+00
2.270999999999999908e+00
2.166999999999999815e+00
2.250000000000000000e+00
2.271999999999999797e+00
2.314999999999999947e+00
2.330000000000000071e+00
2.112000000000000099e+00
2.059000000000000163e+00
2.577999999999999847e+00
2.072999999999999954e+00
2.141000000000000014e+00
2.495999999999999996e+00
2.101999999999999869e+00
1.959999999999999964e+00
2.133000000000000007e+00
2.202999999999999847e+00
2.103000000000000203e+00
2.192000000000000171e+00
2.242999999999999883e+00
2.346000000000000085e+00
2.172000000000000153e+00
2.105999999999999872e+00
2.254000000000000004e+00
2.283999999999999808e+00
2.426000000000000156e+00
2.194999999999999840e+00
2.245999999999999996e+00
2.232000000000000206e+00
2.043000000000000149e+00
2.253000000000000114e+00
2.229000000000000092e+00
2.108000000000000096e+00
2.072000000000000064e+00
2.101999999999999869e+00
2.168000000000000149e+00
2.576999999999999957e+00
1.945000000000000062e+00
2.008999999999999897e+00
2.138999999999999790e+00
2.233999999999999986e+00
2.236000000000000210e+00
2.261000000000000121e+00
1.967000000000000082e+00
2.156000000000000139e+00
2.229999999999999982e+00
2.126999999999999780e+00
2.685000000000000053e+00
2.201000000000000068e+00
2.220000000000000195e+00
2.051000000000000156e+00
2.198999999999999844e+00
2.025999999999999801e+00
2.109999999999999876e+00
2.169000000000000039e+00
2.152000000000000135e+00
2.242999999999999883e+00
2.557999999999999829e+00
1.919000000000000039e+00
2.056999999999999940e+00
2.345000000000000195e+00
1.945000000000000062e+00
2.298999999999999932e+00
2.214999999999999858e+00
2.430000000000000160e+00
2.298999999999999932e+00
2.201999999999999957e+00
2.451999999999999957e+00
1.935999999999999943e+00
2.353000000000000203e+00
2.298999999999999932e+00
2.361000000000000210e+00
2.237999999999999989e+00
2.262000000000000011e+00
2.092000000000000082e+00
2.095000000000000195e+00
2.085999999999999854e+00
2.396999999999999797e+00
2.193000000000000060e+00
2.177000000000000046e+00
1.872000000000000108e+00
2.205000000000000071e+00
2.208000000000000185e+00
2.556999999999999940e+00
2.073999999999999844e+00
2.419000000000000039e+00
2.343999999999999861e+00
2.144000000000000128e+00
2.426000000000000156e+00
2.170999999999999819e+00
2.500000000000000000e+00
1.854000000000000092e+00
2.434000000000000163e+00
2.214999999999999858e+00
2.100000000000000089e+00
2.406000000000000139e+00
2.092000000000000082e+00
2.241000000000000103e+00
1.999000000000000110e+00
1.887999999999999901e+00
2.403000000000000025e+00
2.009999999999999787e+00
2.186999999999999833e+00
2.337000000000000188e+00
