3.395999999999999908e+00
3.337000000000000188e+00
2.963000000000000078e+00
3.557999999999999829e+00
2.346000000000000085e+00
3.201999999999999957e+00
3.706999999999999851e+00
3.267999999999999794e+00
3.380999999999999783e+00
3.004000000000000004e+00
3.170999999999999819e+00
3.617999999999999883e+00
3.196000000000000174e+00
3.205999999999999961e+00
3.319999999999999840e+00
3.306000000000000050e+00
3.649999999999999911e+00
3.327999999999999847e+00
3.302999999999999936e+00
3.402000000000000135e+00
3.217000000000000082e+00
3.705000000000000071e+00
3.486000000000000210e+00
3.511000000000000121e+00
3.217999999999999972e+00
3.454000000000000181e+00
3.282000000000000028e+00
2.798999999999999932e+00
3.778999999999999915e+00
3.638999999999999790e+00
3.245999999999999996e+00
3.462000000000000188e+00
3.611000000000000210e+00
3.212000000000000188e+00
3.184000000000000163e+00
3.346000000000000085e+00
3.346000000000000085e+00
3.439000000000000057e+00
3.174999999999999822e+00
3.251999999999999780e+00
3.153999999999999915e+00
3.583000000000000185e+00
3.165999999999999925e+00
3.504000000000000004e+00
3.448999999999999844e+00
3.596999999999999975e+00
2.565999999999999837e+00
3.068999999999999950e+00
3.649000000000000021e+00
3.192000000000000171e+00
3.177000000000000046e+00
3.415000000000000036e+00
3.342999999999999972e+00
3.129999999999999893e+00
3.688000000000000167e+00
3.466000000000000192e+00
3.024000000000000021e+00
3.770000000000000018e+00
3.701000000000000068e+00
1.893000000000000016e+00
3.535000000000000142e+00
3.495000000000000107e+00
3.483000000000000096e+00
3.134999999999999787e+00
2.967000000000000082e+00
3.293000000000000149e+00
3.564000000000000057e+00
2.853000000000000203e+00
3.015000000000000124e+00
3.250999999999999890e+00
3.438000000000000167e+00
2.714999999999999858e+00
3.383000000000000007e+00
3.112999999999999989e+00
3.305000000000000160e+00
3.611000000000000210e+00
3.333000000000000185e+00
3.450000000000000178e+00
3.263999999999999790e+00
3.196000000000000174e+00
3.688000000000000167e+00
3.330000000000000071e+00
3.270000000000000018e+00
3.395000000000000018e+00
3.205999999999999961e+00
3.807999999999999829e+00
2.846999999999999975e+00
3.710999999999999854e+00
3.080999999999999961e+00
3.009999999999999787e+00
3.318999999999999950e+00
3.165000000000000036e+00
3.245000000000000107e+00
3.020999999999999908e+00
3.162999999999999812e+00
3.249000000000000110e+00
3.117999999999999883e+00
3.357000000000000206e+00
3.273000000000000131e+00
3.439999999999999947e+00
3.471999999999999975e+00
3.370999999999999996e+00
3.224000000000000199e+00
3.548999999999999932e+00
3.347999999999999865e+00
3.536999999999999922e+00
3.399000000000000021e+00
3.232000000000000206e+00
3.000000000000000000e+00
3.269000000000000128e+00
