2.621999999999999886e+00
2.422000000000000153e+00
2.305000000000000160e+00
2.357000000000000206e+00
2.494000000000000217e+00
2.060000000000000053e+00
2.814000000000000057e+00
2.295999999999999819e+00
2.742999999999999883e+00
2.216000000000000192e+00
2.403999999999999915e+00
2.411999999999999922e+00
2.286999999999999922e+00
2.520000000000000018e+00
2.450000000000000178e+00
2.172000000000000153e+00
2.861000000000000210e+00
2.387999999999999901e+00
2.350999999999999979e+00
2.322999999999999954e+00
2.237999999999999989e+00
2.438000000000000167e+00
2.388999999999999790e+00
2.342000000000000082e+00
2.329000000000000181e+00
2.290999999999999925e+00
2.358000000000000096e+00
2.434000000000000163e+00
2.633999999999999897e+00
2.505999999999999783e+00
2.455999999999999961e+00
2.383999999999999897e+00
2.521999999999999797e+00
2.495999999999999996e+00
2.343999999999999861e+00
2.519000000000000128e+00
2.423999999999999932e+00
2.403999999999999915e+00
2.422000000000000153e+00
2.318000000000000060e+00
2.430000000000000160e+00
2.629000000000000004e+00
2.767999999999999794e+00
2.415999999999999925e+00
2.407000000000000028e+00
2.729999999999999982e+00
2.484999999999999876e+00
2.617999999999999883e+00
2.884999999999999787e+00
2.447000000000000064e+00
2.580999999999999961e+00
2.907999999999999918e+00
2.310000000000000053e+00
2.378000000000000114e+00
2.674999999999999822e+00
2.637999999999999901e+00
2.240000000000000213e+00
2.665999999999999925e+00
2.653000000000000025e+00
2.567000000000000171e+00
2.576000000000000068e+00
2.309000000000000163e+00
2.592000000000000082e+00
2.330000000000000071e+00
2.496999999999999886e+00
2.519000000000000128e+00
2.567000000000000171e+00
2.334999999999999964e+00
2.237000000000000099e+00
2.431000000000000050e+00
2.329000000000000181e+00
2.258000000000000007e+00
2.361000000000000210e+00
2.415000000000000036e+00
2.384999999999999787e+00
2.435999999999999943e+00
1.921000000000000041e+00
2.169999999999999929e+00
2.213999999999999968e+00
2.419000000000000039e+00
2.460999999999999854e+00
2.424999999999999822e+00
2.532999999999999918e+00
2.498000000000000220e+00
2.286999999999999922e+00
2.900999999999999801e+00
2.857000000000000206e+00
2.277000000000000135e+00
2.265000000000000124e+00
2.420999999999999819e+00
2.350999999999999979e+00
2.208000000000000185e+00
2.447999999999999954e+00
2.339999999999999858e+00
2.233000000000000096e+00
2.330000000000000071e+00
2.415000000000000036e+00
2.311999999999999833e+00
2.552999999999999936e+00
2.399000000000000021e+00
2.232000000000000206e+00
2.616999999999999993e+00
2.305000000000000160e+00
2.581999999999999851e+00
2.416999999999999815e+00
2.613999999999999879e+00
2.205999999999999961e+00
2.358000000000000096e+00
2.447999999999999954e+00
2.241999999999999993e+00
