1.350056315023343423e+01
1.360393473690700716e+01
1.683263986528181988e+01
1.235942006604877186e+01
1.655198571517428263e+01
1.335667288471062086e+01
1.366230765997251773e+01
1.429817130273042558e+01
1.382768513129028953e+01
1.295875082354489649e+01
1.433702913202149354e+01
1.360393473690700716e+01
1.370434811522181029e+01
1.395451909578140537e+01
1.376707304652182984e+01
1.367577839763637648e+01
1.365452554546337893e+01
1.333820251271556501e+01
1.312624521222934781e+01
1.239469071010035073e+01
1.268472892931390206e+01
1.333820251271556501e+01
1.656999799814711238e+01
1.390614025174298618e+01
1.448022840627134045e+01
1.360407190029678581e+01
1.284038868993284943e+01
1.677850436519052479e+01
1.351192212786723879e+01
1.683263986528181988e+01
1.215707281233562931e+01
1.302252816715069805e+01
1.335667288471062086e+01
1.663434368984772860e+01
1.665234220801195164e+01
1.433702913202149354e+01
1.312624521222934781e+01
1.671427773166977104e+01
1.673232817590206523e+01
1.413174183011224194e+01
1.419271741694743127e+01
1.314089030076274334e+01
1.239469071010035073e+01
1.683263986528181988e+01
1.374251061148222242e+01
1.393790861779925017e+01
1.671427773166977104e+01
1.302252816715069805e+01
1.402631496555407509e+01
1.284038868993284943e+01
1.335667288471062086e+01
1.314089030076274334e+01
1.354245773294166177e+01
1.672440270265336792e+01
1.402631496555407509e+01
1.366230765997251773e+01
1.400131061381749120e+01
1.449583428956286824e+01
1.448022840627134045e+01
1.419552130402378154e+01
1.361768709630542951e+01
1.363424829717346931e+01
1.377433825849017524e+01
1.378777811813094090e+01
1.319244950010636508e+01
1.410502765889614274e+01
1.420934854010276283e+01
1.347710262631821898e+01
1.348557260329496188e+01
1.382768513129028953e+01
1.295875082354489649e+01
1.324460734584139487e+01
1.435779888760955103e+01
1.424505236326570135e+01
1.440636593124396825e+01
1.506021878545069370e+01
1.666014223157847951e+01
1.419190088559517449e+01
1.319244950010636508e+01
1.442471889007278207e+01
1.448022840627134045e+01
1.469130972289003090e+01
1.372943060453113162e+01
1.346725844042351206e+01
1.369108207932325527e+01
1.655198571517428263e+01
1.677850436519052479e+01
1.345740544521054183e+01
1.646203354152099863e+01
1.378849876103888583e+01
1.672440270265336792e+01
1.295254792809738831e+01
1.495121066245597063e+01
1.366820506651259493e+01
1.483771907955899749e+01
1.462089305647157644e+01
1.295875082354489649e+01
1.335667288471062086e+01
1.372114961082919748e+01
1.438911950837711906e+01
1.314089030076274334e+01
1.275030934180063369e+01
1.368068032390307032e+01
1.349608960581258543e+01
1.455573721371092333e+01
1.695901476020823395e+01
1.312624521222934781e+01
1.353131687259575422e+01
1.446435504996175503e+01
1.335667288471062086e+01
1.663434368984772860e+01
1.380184446135181808e+01
1.304571993868823832e+01
1.424905071682762880e+01
1.314089030076274334e+01
1.675038045821578692e+01
1.421709319776536873e+01
1.382768513129028953e+01
1.254533873914319742e+01
1.435211234277602621e+01
1.354363733488671073e+01
1.676843409819922925e+01
1.381917113659964436e+01
1.375114310425781561e+01
1.351871480577968931e+01
1.351447686680789140e+01
1.277629104995079601e+01
1.438376875069364225e+01
1.314089030076274334e+01
1.671427773166977104e+01
1.251428548798738660e+01
1.398788957519925980e+01
1.332516183094000617e+01
1.335667288471062086e+01
1.256636679570185500e+01
1.364510833320555960e+01
1.335667288471062086e+01
1.448022840627134045e+01
1.424097330586394605e+01
1.324460734584139487e+01
1.486361084368308916e+01
1.532184688969408803e+01
1.349306793465417975e+01
1.363144830415667386e+01
1.395722999554543087e+01
1.673232817590206523e+01
1.473925519008362173e+01
1.357351276584713418e+01
1.375589482456388346e+01
1.370932299767824247e+01
1.434125385807570296e+01
1.335824668535470039e+01
1.457053338955420507e+01
1.649799064109332747e+01
1.358207832910414581e+01
1.256901575928838888e+01
1.267615602135995978e+01
1.371409270272811831e+01
1.362290340312132741e+01
1.302252816715069805e+01
1.323831075109857558e+01
1.287957506018425313e+01
1.690485074905274132e+01
1.433702913202149354e+01
1.335824668535470039e+01
1.667818427909627843e+01
1.417904338477850246e+01
1.357271994571120999e+01
1.378849876103888583e+01
1.387546787618222943e+01
1.282349742367587275e+01
1.681459173954265296e+01
1.302252816715069805e+01
1.292735780507619303e+01
1.380842611639910977e+01
1.282349742367587275e+01
1.429159507502533444e+01
1.428070676930269656e+01
1.667818427909627843e+01
1.673232817590206523e+01
1.668836013175915767e+01
1.397480213149404982e+01
1.658801644290669586e+01
1.433702913202149354e+01
1.421866699840944825e+01
1.258632018992535251e+01
1.430478295581665726e+01
1.275030934180063369e+01
1.651598155623568331e+01
1.262460987460517359e+01
1.344545744740595161e+01
1.304571993868823832e+01
1.442413840463460950e+01
1.421709319776536873e+01
1.360339232127196674e+01
1.680454352952847685e+01
1.250505257529420611e+01
1.473925519008362173e+01
1.442471889007278207e+01
1.304571993868823832e+01
1.483636406414266773e+01
1.684065262659618867e+01
1.398273105056731502e+01
1.349932024557157106e+01
1.396773204714275529e+01
1.393416198517155102e+01
1.370080900298759730e+01
1.304571993868823832e+01
1.448022840627134045e+01
1.335667288471062086e+01
1.357392620103560255e+01
1.347660881896674567e+01
1.420241778512414221e+01
1.333820251271556501e+01
1.681459173954265296e+01
1.255779388774791272e+01
1.312624521222934781e+01
1.460610268909078080e+01
1.686874259182783220e+01
1.362278674340398865e+01
1.378849876103888583e+01
1.370947655448993174e+01
1.221835487968386680e+01
1.478266314241017554e+01
1.304571993868823832e+01
1.357965924812882363e+01
1.312624521222934781e+01
1.215707281233562931e+01
1.433702913202149354e+01
1.323831075109857558e+01
1.382768513129028953e+01
1.263264762159943189e+01
1.292735780507619303e+01
1.292735780507619303e+01
1.445003672351339574e+01
1.398194362304079696e+01
1.375574583269212070e+01
1.335667288471062086e+01
1.459859053988338573e+01
1.419271741694743127e+01
1.371687067879456734e+01
1.434599291634970974e+01
1.357271994571120999e+01
1.414039712354919764e+01
1.277629104995079601e+01
1.335824668535470039e+01
1.675038045821578692e+01
1.314089030076274334e+01
1.347660881896674567e+01
1.404304642550521542e+01
1.335667288471062086e+01
1.350539031734541950e+01
1.357271994571120999e+01
1.382768513129028953e+01
1.648000780938453147e+01
1.279335740034314739e+01
1.352025873946143975e+01
1.668836013175915767e+01
1.505420057069780526e+01
1.352966323363556889e+01
1.663434368984772860e+01
1.361980809321659258e+01
1.347660881896674567e+01
1.356413356139607984e+01
1.346239555909342300e+01
1.457899163652284713e+01
1.673232817590206523e+01
1.662406989613930008e+01
1.381226680644843263e+01
1.680454352952847685e+01
1.382389033416614943e+01
1.304571993868823832e+01
1.651598155623568331e+01
1.351424507788290974e+01
1.378849876103888583e+01
1.442452898526219940e+01
1.381917113659964436e+01
1.388362184400569355e+01
1.335667288471062086e+01
1.660604056904132264e+01
1.386398923366230562e+01
1.424097330586394605e+01
1.342729596094253175e+01
1.373737593556035996e+01
1.337470580104213447e+01
1.381917113659964436e+01
1.255779388774791272e+01
1.448022840627134045e+01
1.556959364006685043e+01
1.397955009478509680e+01
1.239469071010035073e+01
1.439460744505462308e+01
1.459859053988338573e+01
1.666014223157847951e+01
1.262341470890625139e+01
1.280778475345784706e+01
1.341606812741934363e+01
1.676046607740096306e+01
1.358702465990253927e+01
1.314089030076274334e+01
1.406476748346741878e+01
1.362163323962695394e+01
1.432050706842616883e+01
1.667818427909627843e+01
1.351539240752755688e+01
1.383503295560695179e+01
1.430478295581665726e+01
1.314089030076274334e+01
1.380763751510623294e+01
1.272714602544348494e+01
1.676843409819922925e+01
1.392333302825679731e+01
1.380184446135181808e+01
1.304571993868823832e+01
1.556831527463589104e+01
1.421709319776536873e+01
1.372944539680390008e+01
1.282349742367587275e+01
1.398666552528409568e+01
1.378777811813094090e+01
1.292735780507619303e+01
1.314089030076274334e+01
1.432667342463879123e+01
1.419271741694743127e+01
1.408900037186877974e+01
1.340575905219794528e+01
1.369108207932325527e+01
1.427015398828390680e+01
1.357271994571120999e+01
1.324460734584139487e+01
1.302252816715069805e+01
1.375589482456388346e+01
1.398666552528409568e+01
1.433702913202149354e+01
1.391560559492109306e+01
1.277629104995079601e+01
1.348557260329496188e+01
1.392333302825679731e+01
1.419271741694743127e+01
1.410502765889614274e+01
1.368336644202600816e+01
1.656243045152648108e+01
1.370080900298759730e+01
1.314089030076274334e+01
1.660604056904132264e+01
1.675038045821578692e+01
1.256901575928838888e+01
1.400131061381749120e+01
1.247778219966081714e+01
1.421866699840944825e+01
1.333820251271556501e+01
1.400196817188796317e+01
1.434749958123157398e+01
1.274297200821721887e+01
1.449162113947520858e+01
1.263264762159943189e+01
1.445484138833522358e+01
1.667818427909627843e+01
1.363753269095183818e+01
1.280778475345784706e+01
1.650859385036562443e+01
1.255779388774791272e+01
1.295875082354489649e+01
1.670637857651874114e+01
1.321984037910351972e+01
1.368397910705396647e+01
1.365528998407214267e+01
1.354984293290054964e+01
1.646203354152099863e+01
1.341179527139050798e+01
1.354514924236864992e+01
1.434599291634970974e+01
1.314089030076274334e+01
1.421709319776536873e+01
1.354179316440236569e+01
1.429087378299728073e+01
1.447240769110305436e+01
1.347660881896674567e+01
1.352966323363556889e+01
1.683263986528181988e+01
1.391409322646385149e+01
1.335667288471062086e+01
1.270513529006382569e+01
1.427392603333685983e+01
1.381917113659964436e+01
1.459859053988338573e+01
1.446435504996175503e+01
1.263264762159943189e+01
1.324460734584139487e+01
1.690485074905274132e+01
1.324929381792155958e+01
1.401873646503650050e+01
1.381917113659964436e+01
1.335667288471062086e+01
1.451920721795762859e+01
1.363424829717346931e+01
1.662406989613930008e+01
1.304571993868823832e+01
1.444852001540704656e+01
1.683263986528181988e+01
1.376209628267838347e+01
1.662406989613930008e+01
1.347660881896674567e+01
1.435441404337153415e+01
1.651598155623568331e+01
1.276121292657220607e+01
1.639023171675357915e+01
1.408900037186877974e+01
1.349779090982520202e+01
1.679654641270832371e+01
1.434599291634970974e+01
1.446435504996175503e+01
1.378896135646047050e+01
1.363987635502688534e+01
1.335824668535470039e+01
1.670637857651874114e+01
1.380713477024208125e+01
1.695901476020823395e+01
1.323831075109857558e+01
1.462089305647157644e+01
1.479598809214549782e+01
1.354984293290054964e+01
1.676843409819922925e+01
1.251305284371239601e+01
1.658801644290669586e+01
1.681459173954265296e+01
1.376047274341682858e+01
1.402203498993715236e+01
1.656999799814711238e+01
1.478837000164537052e+01
1.409559491052411850e+01
1.283418579448534302e+01
1.430478295581665726e+01
1.433702913202149354e+01
1.414511492031646611e+01
1.393343845698785799e+01
