2.525999999999999801e+00
2.394000000000000128e+00
2.758000000000000007e+00
2.355999999999999872e+00
2.311999999999999833e+00
2.302000000000000046e+00
2.480999999999999872e+00
2.504999999999999893e+00
2.725000000000000089e+00
2.259999999999999787e+00
2.220000000000000195e+00
2.395999999999999908e+00
2.595000000000000195e+00
2.491999999999999993e+00
2.376999999999999780e+00
2.347999999999999865e+00
2.315999999999999837e+00
2.382000000000000117e+00
2.233000000000000096e+00
2.160000000000000142e+00
2.349000000000000199e+00
2.141999999999999904e+00
2.827999999999999847e+00
2.087000000000000188e+00
2.350999999999999979e+00
2.415999999999999925e+00
2.334999999999999964e+00
2.660000000000000142e+00
2.549999999999999822e+00
2.737999999999999989e+00
2.125999999999999890e+00
2.138999999999999790e+00
2.302000000000000046e+00
2.737999999999999989e+00
2.379999999999999893e+00
2.298999999999999932e+00
2.496999999999999886e+00
2.621999999999999886e+00
2.541999999999999815e+00
2.745000000000000107e+00
2.462000000000000188e+00
2.386000000000000121e+00
2.262999999999999901e+00
2.379999999999999893e+00
2.556999999999999940e+00
2.677000000000000046e+00
2.983000000000000096e+00
2.428999999999999826e+00
2.454000000000000181e+00
2.196000000000000174e+00
2.246999999999999886e+00
2.370000000000000107e+00
2.521999999999999797e+00
2.701000000000000068e+00
2.670999999999999819e+00
2.350000000000000089e+00
2.741999999999999993e+00
2.490000000000000213e+00
2.346999999999999975e+00
2.273000000000000131e+00
2.656000000000000139e+00
2.592000000000000082e+00
2.662999999999999812e+00
2.294000000000000039e+00
2.438000000000000167e+00
2.338999999999999968e+00
2.487999999999999989e+00
2.450000000000000178e+00
2.190999999999999837e+00
2.688000000000000167e+00
2.323999999999999844e+00
2.212000000000000188e+00
2.177000000000000046e+00
2.466000000000000192e+00
2.484999999999999876e+00
2.705999999999999961e+00
2.471000000000000085e+00
2.354999999999999982e+00
2.298999999999999932e+00
2.948999999999999844e+00
2.567000000000000171e+00
2.603000000000000203e+00
2.434000000000000163e+00
2.366000000000000103e+00
2.646999999999999797e+00
2.302000000000000046e+00
2.600000000000000089e+00
2.282999999999999918e+00
2.334999999999999964e+00
2.755999999999999783e+00
2.559000000000000163e+00
2.535000000000000142e+00
2.426000000000000156e+00
2.309000000000000163e+00
2.563000000000000167e+00
2.220000000000000195e+00
2.307999999999999829e+00
2.161000000000000032e+00
2.591000000000000192e+00
2.504999999999999893e+00
2.269000000000000128e+00
2.333000000000000185e+00
2.513999999999999790e+00
2.535000000000000142e+00
2.569999999999999840e+00
2.515000000000000124e+00
2.427999999999999936e+00
2.278999999999999915e+00
2.307999999999999829e+00
2.133999999999999897e+00
2.713999999999999968e+00
2.395999999999999908e+00
2.111000000000000210e+00
2.653999999999999915e+00
2.408999999999999808e+00
2.724000000000000199e+00
2.466000000000000192e+00
2.338999999999999968e+00
2.076999999999999957e+00
2.559000000000000163e+00
2.245000000000000107e+00
2.661000000000000032e+00
2.342999999999999972e+00
2.572999999999999954e+00
2.483999999999999986e+00
2.459000000000000075e+00
2.327999999999999847e+00
2.736000000000000210e+00
2.412999999999999812e+00
2.294000000000000039e+00
2.358000000000000096e+00
2.650999999999999801e+00
2.543000000000000149e+00
2.403000000000000025e+00
2.343999999999999861e+00
2.475000000000000089e+00
2.547000000000000153e+00
2.451999999999999957e+00
2.338000000000000078e+00
2.442000000000000171e+00
2.529999999999999805e+00
2.588000000000000078e+00
2.009999999999999787e+00
2.645999999999999908e+00
2.338000000000000078e+00
2.311999999999999833e+00
2.299999999999999822e+00
2.553999999999999826e+00
2.505999999999999783e+00
2.700000000000000178e+00
2.422000000000000153e+00
2.327999999999999847e+00
2.440999999999999837e+00
2.535000000000000142e+00
2.362999999999999989e+00
2.454000000000000181e+00
2.626999999999999780e+00
2.384999999999999787e+00
2.579000000000000181e+00
2.103000000000000203e+00
2.532999999999999918e+00
2.363999999999999879e+00
2.551000000000000156e+00
2.392999999999999794e+00
2.407000000000000028e+00
2.535000000000000142e+00
2.560999999999999943e+00
2.388999999999999790e+00
2.504999999999999893e+00
2.395999999999999908e+00
2.536000000000000032e+00
2.918000000000000149e+00
2.362999999999999989e+00
2.330000000000000071e+00
2.335999999999999854e+00
2.121999999999999886e+00
2.428999999999999826e+00
2.620000000000000107e+00
2.334999999999999964e+00
2.222999999999999865e+00
2.717000000000000082e+00
2.504999999999999893e+00
2.580000000000000071e+00
2.398000000000000131e+00
2.396999999999999797e+00
2.391999999999999904e+00
2.242999999999999883e+00
2.342000000000000082e+00
2.983000000000000096e+00
2.375000000000000000e+00
2.455999999999999961e+00
2.314999999999999947e+00
2.471999999999999975e+00
2.286999999999999922e+00
2.486000000000000210e+00
2.363999999999999879e+00
2.257000000000000117e+00
2.443000000000000060e+00
2.540999999999999925e+00
2.423000000000000043e+00
2.585999999999999854e+00
2.658999999999999808e+00
2.382000000000000117e+00
2.265000000000000124e+00
2.470000000000000195e+00
2.552000000000000046e+00
2.250000000000000000e+00
2.490000000000000213e+00
2.369000000000000217e+00
2.330999999999999961e+00
2.498000000000000220e+00
2.366999999999999993e+00
2.616999999999999993e+00
2.553999999999999826e+00
2.607000000000000206e+00
2.520000000000000018e+00
2.343999999999999861e+00
2.732000000000000206e+00
2.634999999999999787e+00
2.337000000000000188e+00
2.617999999999999883e+00
2.471999999999999975e+00
2.480999999999999872e+00
2.423000000000000043e+00
2.341000000000000192e+00
2.520000000000000018e+00
2.491000000000000103e+00
2.265000000000000124e+00
2.391000000000000014e+00
2.380999999999999783e+00
2.624000000000000110e+00
2.424999999999999822e+00
2.467000000000000082e+00
2.298000000000000043e+00
2.451999999999999957e+00
2.563000000000000167e+00
2.490000000000000213e+00
2.370999999999999996e+00
2.528000000000000025e+00
2.455999999999999961e+00
2.511000000000000121e+00
2.487000000000000099e+00
2.426000000000000156e+00
2.617999999999999883e+00
2.543000000000000149e+00
2.547000000000000153e+00
2.597999999999999865e+00
2.249000000000000110e+00
2.427000000000000046e+00
2.471999999999999975e+00
2.225999999999999979e+00
2.504999999999999893e+00
2.653999999999999915e+00
2.749000000000000110e+00
2.507000000000000117e+00
2.419000000000000039e+00
2.580000000000000071e+00
2.551000000000000156e+00
2.528999999999999915e+00
2.451999999999999957e+00
2.607000000000000206e+00
2.560000000000000053e+00
2.455000000000000071e+00
2.343999999999999861e+00
2.491999999999999993e+00
2.500999999999999890e+00
2.607000000000000206e+00
2.658999999999999808e+00
2.426000000000000156e+00
2.827999999999999847e+00
2.709999999999999964e+00
2.458000000000000185e+00
2.708000000000000185e+00
2.540999999999999925e+00
2.700000000000000178e+00
2.697000000000000064e+00
2.370999999999999996e+00
2.512999999999999901e+00
2.236000000000000210e+00
2.701999999999999957e+00
2.265000000000000124e+00
2.307999999999999829e+00
2.535000000000000142e+00
2.490000000000000213e+00
2.314999999999999947e+00
2.366000000000000103e+00
2.495999999999999996e+00
2.157999999999999918e+00
2.603000000000000203e+00
2.745999999999999996e+00
2.329000000000000181e+00
2.479999999999999982e+00
2.083000000000000185e+00
2.507000000000000117e+00
2.435999999999999943e+00
2.411000000000000032e+00
2.519000000000000128e+00
2.829000000000000181e+00
2.623000000000000220e+00
2.359999999999999876e+00
2.411999999999999922e+00
2.297000000000000153e+00
2.379000000000000004e+00
2.015000000000000124e+00
2.419999999999999929e+00
2.390000000000000124e+00
2.681000000000000050e+00
2.323999999999999844e+00
2.435999999999999943e+00
2.496999999999999886e+00
2.379000000000000004e+00
2.669000000000000039e+00
2.446000000000000174e+00
2.519000000000000128e+00
2.766999999999999904e+00
2.399000000000000021e+00
2.541999999999999815e+00
2.657000000000000028e+00
2.337000000000000188e+00
2.540000000000000036e+00
2.362999999999999989e+00
2.206999999999999851e+00
2.520999999999999908e+00
2.500999999999999890e+00
2.475000000000000089e+00
2.233999999999999986e+00
2.732000000000000206e+00
2.758000000000000007e+00
2.557999999999999829e+00
2.310000000000000053e+00
2.379000000000000004e+00
2.444999999999999840e+00
2.487999999999999989e+00
2.294999999999999929e+00
2.471999999999999975e+00
2.289000000000000146e+00
2.298000000000000043e+00
2.633999999999999897e+00
2.822000000000000064e+00
2.193000000000000060e+00
2.475000000000000089e+00
2.559000000000000163e+00
2.395000000000000018e+00
2.532000000000000028e+00
2.596000000000000085e+00
2.708000000000000185e+00
2.486000000000000210e+00
2.298999999999999932e+00
2.258000000000000007e+00
2.369000000000000217e+00
2.380999999999999783e+00
2.471999999999999975e+00
2.661000000000000032e+00
2.310999999999999943e+00
2.870999999999999996e+00
2.361000000000000210e+00
2.600000000000000089e+00
2.666999999999999815e+00
2.625999999999999890e+00
2.168000000000000149e+00
2.701000000000000068e+00
2.331999999999999851e+00
2.430000000000000160e+00
2.418000000000000149e+00
2.230999999999999872e+00
2.358999999999999986e+00
2.395000000000000018e+00
2.298000000000000043e+00
2.015000000000000124e+00
2.361000000000000210e+00
2.387999999999999901e+00
2.396999999999999797e+00
2.504999999999999893e+00
2.504000000000000004e+00
2.588999999999999968e+00
2.362999999999999989e+00
2.571000000000000174e+00
2.331999999999999851e+00
2.387000000000000011e+00
2.713999999999999968e+00
2.632000000000000117e+00
2.680000000000000160e+00
2.567000000000000171e+00
2.581999999999999851e+00
2.189000000000000057e+00
2.032999999999999918e+00
2.358999999999999986e+00
2.233999999999999986e+00
2.286000000000000032e+00
2.685999999999999943e+00
2.250999999999999890e+00
2.339999999999999858e+00
2.107000000000000206e+00
2.484999999999999876e+00
2.605999999999999872e+00
2.403000000000000025e+00
2.637000000000000011e+00
2.245999999999999996e+00
2.576000000000000068e+00
2.600999999999999979e+00
2.233000000000000096e+00
2.697999999999999954e+00
2.403999999999999915e+00
2.551000000000000156e+00
2.597999999999999865e+00
2.209000000000000075e+00
2.515000000000000124e+00
2.478000000000000203e+00
2.325000000000000178e+00
2.486000000000000210e+00
2.200000000000000178e+00
2.186999999999999833e+00
2.402000000000000135e+00
2.607000000000000206e+00
2.375999999999999890e+00
2.791999999999999815e+00
2.439000000000000057e+00
2.829000000000000181e+00
2.479000000000000092e+00
1.935999999999999943e+00
2.504999999999999893e+00
2.224000000000000199e+00
2.669000000000000039e+00
2.261000000000000121e+00
2.802000000000000046e+00
2.294000000000000039e+00
2.395999999999999908e+00
2.685999999999999943e+00
2.515000000000000124e+00
2.584000000000000075e+00
2.507000000000000117e+00
2.438000000000000167e+00
2.810999999999999943e+00
2.319999999999999840e+00
2.540999999999999925e+00
2.346999999999999975e+00
