2.346000000000000085e+00
2.287999999999999812e+00
2.197000000000000064e+00
2.728000000000000203e+00
2.400999999999999801e+00
2.358000000000000096e+00
2.795999999999999819e+00
2.366999999999999993e+00
2.310999999999999943e+00
2.384999999999999787e+00
2.354999999999999982e+00
2.532000000000000028e+00
2.486000000000000210e+00
2.302000000000000046e+00
2.369000000000000217e+00
2.281000000000000139e+00
2.605999999999999872e+00
2.290000000000000036e+00
2.399999999999999911e+00
2.415999999999999925e+00
2.500999999999999890e+00
2.342000000000000082e+00
2.616999999999999993e+00
2.240000000000000213e+00
2.591000000000000192e+00
2.380999999999999783e+00
2.427999999999999936e+00
2.395999999999999908e+00
2.575000000000000178e+00
2.612999999999999989e+00
2.474000000000000199e+00
2.446000000000000174e+00
2.777000000000000135e+00
2.273000000000000131e+00
2.378000000000000114e+00
2.408999999999999808e+00
2.407000000000000028e+00
2.630999999999999783e+00
2.503000000000000114e+00
2.544999999999999929e+00
2.246999999999999886e+00
2.717000000000000082e+00
2.661000000000000032e+00
2.766000000000000014e+00
2.528000000000000025e+00
2.294000000000000039e+00
2.388999999999999790e+00
2.357000000000000206e+00
2.666999999999999815e+00
2.262999999999999901e+00
2.464999999999999858e+00
2.524000000000000021e+00
2.460999999999999854e+00
2.395000000000000018e+00
2.791999999999999815e+00
2.374000000000000110e+00
2.347999999999999865e+00
2.629000000000000004e+00
2.801000000000000156e+00
2.442000000000000171e+00
2.447000000000000064e+00
2.630999999999999783e+00
2.686999999999999833e+00
2.338999999999999968e+00
2.166999999999999815e+00
2.701000000000000068e+00
2.535000000000000142e+00
2.496999999999999886e+00
2.318000000000000060e+00
2.448999999999999844e+00
2.303999999999999826e+00
2.322000000000000064e+00
2.677999999999999936e+00
2.339999999999999858e+00
2.428999999999999826e+00
2.544000000000000039e+00
2.326000000000000068e+00
2.318000000000000060e+00
2.236000000000000210e+00
2.619000000000000217e+00
2.580000000000000071e+00
2.495000000000000107e+00
2.448999999999999844e+00
2.521999999999999797e+00
2.361000000000000210e+00
2.660000000000000142e+00
2.471000000000000085e+00
2.281000000000000139e+00
2.129000000000000004e+00
2.464999999999999858e+00
2.459000000000000075e+00
2.333000000000000185e+00
2.416999999999999815e+00
2.306000000000000050e+00
2.240000000000000213e+00
2.399999999999999911e+00
2.492999999999999883e+00
2.403999999999999915e+00
2.619000000000000217e+00
2.361000000000000210e+00
2.387999999999999901e+00
2.928999999999999826e+00
2.509999999999999787e+00
2.440999999999999837e+00
2.717999999999999972e+00
2.500999999999999890e+00
2.373000000000000220e+00
2.503000000000000114e+00
2.318000000000000060e+00
2.177999999999999936e+00
