1.530654167333424098e+01
1.500816045073585592e+01
1.663201385574786428e+01
1.365423419928108650e+01
1.654723927909562775e+01
1.472239994330476698e+01
1.505404220338940036e+01
1.590216653944763792e+01
1.659770039074702908e+01
1.425216400396518068e+01
1.438883388489536053e+01
1.500816045073585592e+01
1.510264385682082633e+01
1.594352125268013154e+01
1.572156962329124852e+01
1.561376954881606416e+01
1.558871684962636195e+01
1.321787926827454562e+01
1.455306551252716396e+01
1.480808850222456385e+01
1.393108753357074470e+01
1.321787926827454562e+01
1.655326602950516346e+01
1.388128244289048574e+01
1.464774663883189199e+01
1.552931204449083857e+01
1.421505938192234808e+01
1.661779192316347675e+01
1.542108855574840121e+01
1.663201385574786428e+01
1.450345120855500092e+01
1.443018379545248742e+01
1.472239994330476698e+01
1.657176142557498366e+01
1.657814026242486705e+01
1.438883388489536053e+01
1.455306551252716396e+01
1.659490923370503168e+01
1.659926793182915361e+01
1.560236976166137879e+01
1.702883852366091233e+01
1.446728841749532002e+01
1.480808850222456385e+01
1.663201385574786428e+01
1.569253852472343524e+01
1.582075878844997163e+01
1.659490923370503168e+01
1.443018379545248742e+01
1.547827235819109859e+01
1.421505938192234808e+01
1.472239994330476698e+01
1.446728841749532002e+01
1.535542090348720734e+01
1.660188672678388855e+01
1.547827235819109859e+01
1.505404220338940036e+01
1.399382886444594654e+01
1.603273727960621642e+01
1.464774663883189199e+01
1.622521426150017732e+01
1.554533283387610254e+01
1.512146154577192547e+01
1.573016036887981883e+01
1.384417782084765314e+01
1.314914675473005978e+01
1.411671058152062308e+01
1.624110867932219193e+01
1.483507578493459533e+01
1.497105582869302332e+01
1.659770039074702908e+01
1.425216400396518068e+01
1.459017013456999656e+01
1.640936573179225988e+01
1.618270030323671449e+01
1.636793017149777185e+01
1.705477536121347271e+01
1.658068730112064415e+01
1.577630696066015048e+01
1.314914675473005978e+01
1.730096182703564978e+01
1.464774663883189199e+01
1.625954233047897546e+01
1.557464848559965631e+01
1.482140436912688131e+01
1.643768459546498661e+01
1.654723927909562775e+01
1.661779192316347675e+01
1.616637913234548662e+01
1.651448600584222959e+01
1.665372777101326562e+01
1.660188672678388855e+01
1.545568751845449462e+01
1.694865892880067548e+01
1.360136399604809299e+01
1.683433356200187703e+01
1.480049018466321975e+01
1.425216400396518068e+01
1.472239994330476698e+01
1.512209565361236585e+01
1.600930502892959240e+01
1.446728841749532002e+01
1.529727918374268647e+01
1.507527075190029464e+01
1.540253321853961310e+01
1.653467939981015178e+01
1.665839599713185848e+01
1.455306551252716396e+01
1.490228140324336081e+01
1.453470089768648243e+01
1.472239994330476698e+01
1.657176142557498366e+01
1.531675444972174560e+01
1.435474199593985922e+01
1.618734676456361754e+01
1.446728841749532002e+01
1.660343283997168484e+01
1.424894039025539350e+01
1.659770039074702908e+01
1.376934913552940110e+01
1.630617608881211922e+01
1.535679858332101588e+01
1.660740226796486851e+01
1.377870445091580720e+01
1.570273926966764932e+01
1.542905306578074587e+01
1.633265130061882786e+01
1.520347221135135030e+01
1.590050747087144600e+01
1.446728841749532002e+01
1.659490923370503168e+01
1.383341046872947722e+01
1.553522082762771461e+01
1.520305324648378509e+01
1.472239994330476698e+01
1.389398291152791209e+01
1.503418251645607029e+01
1.472239994330476698e+01
1.464774663883189199e+01
1.573137753747031908e+01
1.459017013456999656e+01
1.645348853291984170e+01
1.735679446033766027e+01
1.339705553772293634e+01
1.545955787979417906e+01
1.594672637608818633e+01
1.659926793182915361e+01
1.483759480670605235e+01
1.549338142886495895e+01
1.651349193818838046e+01
1.656059576870419647e+01
1.585013997700789901e+01
1.482518881590190141e+01
1.655091531439130392e+01
1.652810445871371670e+01
1.496140687983955431e+01
1.491955109557170189e+01
1.506463416474805861e+01
1.565897573716917535e+01
1.500855430149989189e+01
1.443018379545248742e+01
1.468529532126193793e+01
1.415903200165611153e+01
1.664827914768377681e+01
1.438883388489536053e+01
1.482518881590190141e+01
1.658561722818302542e+01
1.620622777019116612e+01
1.640057997342215401e+01
1.665372777101326562e+01
1.675630576298794239e+01
1.527002390443933066e+01
1.662746305780990141e+01
1.443018379545248742e+01
1.431763737389702662e+01
1.532445571502250203e+01
1.527002390443933066e+01
1.633489221616140341e+01
1.622404283478678977e+01
1.658561722818302542e+01
1.659926793182915361e+01
1.659037065154799606e+01
1.541780687660689253e+01
1.655911420144289181e+01
1.438883388489536053e+01
1.435172926285252792e+01
1.381677643806358979e+01
1.716106833239568275e+01
1.529727918374268647e+01
1.653465680353215106e+01
1.396191158433124002e+01
1.524240486645878789e+01
1.435474199593985922e+01
1.648300531143365077e+01
1.424894039025539350e+01
1.352555665332469914e+01
1.661474792283216217e+01
1.495566354658892827e+01
1.483759480670605235e+01
1.730096182703564978e+01
1.435474199593985922e+01
1.642325385445874630e+01
1.662129137508902588e+01
1.587385622818765896e+01
1.530509307909534300e+01
1.540951753361766663e+01
1.591943818066622995e+01
1.374159982887297460e+01
1.435474199593985922e+01
1.464774663883189199e+01
1.472239994330476698e+01
1.505158747939682229e+01
1.486229343794473401e+01
1.623314614918393417e+01
1.321787926827454562e+01
1.662746305780990141e+01
1.502752954270522601e+01
1.455306551252716396e+01
1.667943757762202495e+01
1.664053746201451389e+01
1.555133542849388917e+01
1.665372777101326562e+01
1.555117683896221159e+01
1.458027098584122427e+01
1.636317004683488818e+01
1.435474199593985922e+01
1.495860841150217269e+01
1.455306551252716396e+01
1.450345120855500092e+01
1.438883388489536053e+01
1.468529532126193793e+01
1.659770039074702908e+01
1.387051509077230982e+01
1.431763737389702662e+01
1.431763737389702662e+01
1.597883106440946221e+01
1.542618232045413151e+01
1.560562723951070474e+01
1.472239994330476698e+01
1.468485126087472459e+01
1.702883852366091233e+01
1.511714012392152284e+01
1.449759627564364983e+01
1.640057997342215401e+01
1.561257693505107014e+01
1.520347221135135030e+01
1.482518881590190141e+01
1.660343283997168484e+01
1.446728841749532002e+01
1.486229343794473401e+01
1.594532271600463247e+01
1.472239994330476698e+01
1.541343197521621100e+01
1.640057997342215401e+01
1.659770039074702908e+01
1.652138029609449532e+01
1.535923711464757702e+01
1.488916715922090717e+01
1.659037065154799606e+01
1.704901421381704196e+01
1.490032935656836699e+01
1.657176142557498366e+01
1.512120619188126547e+01
1.486229343794473401e+01
1.548236155358425847e+01
1.627207885782039298e+01
1.612995860381551338e+01
1.659926793182915361e+01
1.657026804923190610e+01
1.567225441481421910e+01
1.661474792283216217e+01
1.524142486987219414e+01
1.435474199593985922e+01
1.653465680353215106e+01
1.542381200274966169e+01
1.665372777101326562e+01
1.605076506250497559e+01
1.377870445091580720e+01
1.575653033261010805e+01
1.472239994330476698e+01
1.656478210474105595e+01
1.528817145150905432e+01
1.573137753747031908e+01
1.532205422137274020e+01
1.558399896921013728e+01
1.335995091568010373e+01
1.377870445091580720e+01
1.502752954270522601e+01
1.464774663883189199e+01
1.754960112795647476e+01
1.552539671822379574e+01
1.480808850222456385e+01
1.591333741609820152e+01
1.468485126087472459e+01
1.658068730112064415e+01
1.499276816863175910e+01
1.407482354909746647e+01
1.621834020511167296e+01
1.661267496679052158e+01
1.496712628471041029e+01
1.446728841749532002e+01
1.597103004159523465e+01
1.364846782656390545e+01
1.582555126465075546e+01
1.658561722818302542e+01
1.532383191842940384e+01
1.525440538795518464e+01
1.716106833239568275e+01
1.446728841749532002e+01
1.522250450389828913e+01
1.513493890522109098e+01
1.660740226796486851e+01
1.545924357286751416e+01
1.531675444972174560e+01
1.435474199593985922e+01
1.749656032432583785e+01
1.424894039025539350e+01
1.567710451993132104e+01
1.527002390443933066e+01
1.407960595947779048e+01
1.384417782084765314e+01
1.431763737389702662e+01
1.446728841749532002e+01
1.637447073250191920e+01
1.702883852366091233e+01
1.690595680658623579e+01
1.329588958248002761e+01
1.643768459546498661e+01
1.576590764277250400e+01
1.640057997342215401e+01
1.459017013456999656e+01
1.443018379545248742e+01
1.651349193818838046e+01
1.407960595947779048e+01
1.438883388489536053e+01
1.545016051431922222e+01
1.520347221135135030e+01
1.497105582869302332e+01
1.545924357286751416e+01
1.702883852366091233e+01
1.411671058152062308e+01
1.562271832330610621e+01
1.654452790016751607e+01
1.374159982887297460e+01
1.446728841749532002e+01
1.656478210474105595e+01
1.660343283997168484e+01
1.491955109557170189e+01
1.399382886444594654e+01
1.369133882132391911e+01
1.435172926285252792e+01
1.321787926827454562e+01
1.599953805396642892e+01
1.639784284119776459e+01
1.399901620637407262e+01
1.655683620226931296e+01
1.387051509077230982e+01
1.651673496386364448e+01
1.658561722818302542e+01
1.647638731614554786e+01
1.407482354909746647e+01
1.652234599390072134e+01
1.502752954270522601e+01
1.425216400396518068e+01
1.659621882348572441e+01
1.318077464623171302e+01
1.517923777974465338e+01
1.504593772230616722e+01
1.356425937400526038e+01
1.651448600584222959e+01
1.530395503946231450e+01
1.345762798052137121e+01
1.449759627564364983e+01
1.446728841749532002e+01
1.424894039025539350e+01
1.491459130802815380e+01
1.633407565982759024e+01
1.653592952422471640e+01
1.486229343794473401e+01
1.490032935656836699e+01
1.663201385574786428e+01
1.589567527965478178e+01
1.472239994330476698e+01
1.523291928239649806e+01
1.621619645915652086e+01
1.377870445091580720e+01
1.468485126087472459e+01
1.453470089768648243e+01
1.387051509077230982e+01
1.459017013456999656e+01
1.664827914768377681e+01
1.311460748569014179e+01
1.546936933795755920e+01
1.377870445091580720e+01
1.472239994330476698e+01
1.606015696902992573e+01
1.512146154577192547e+01
1.657026804923190610e+01
1.435474199593985922e+01
1.607875728277500116e+01
1.663201385574786428e+01
1.516957471140212732e+01
1.657026804923190610e+01
1.486229343794473401e+01
1.596851951557588833e+01
1.653465680353215106e+01
1.412192737961327893e+01
1.648524137185788874e+01
1.690595680658623579e+01
1.486184484539216299e+01
1.662272185022585802e+01
1.449759627564364983e+01
1.453470089768648243e+01
1.564476745071533337e+01
1.557145842875242181e+01
1.482518881590190141e+01
1.659621882348572441e+01
1.576896138736754693e+01
1.665839599713185848e+01
1.468529532126193438e+01
1.480049018466321975e+01
1.637813857965917208e+01
1.356425937400526038e+01
1.660740226796486851e+01
1.484519312426739646e+01
1.655911420144289181e+01
1.662746305780990497e+01
1.527394973771259679e+01
1.557547231300823753e+01
1.655326602950516346e+01
1.678344982276221486e+01
1.610937649678243133e+01
1.541858289641166202e+01
1.716106833239568275e+01
1.438883388489536053e+01
1.616698569800663776e+01
1.536934404614470040e+01
