1.258900679379797660e+00
-5.389570430541781310e-01
-1.068371533274844465e+00
2.116731433418130026e-01
-2.247138718784599032e+00
-4.875593174361422255e-01
-9.359345015993050798e-02
-2.702141258276681279e-01
4.752365768138103741e-01
-2.598061458730783979e+00
-1.477702124049446564e+00
-2.292135270417703652e-01
1.212246062075257091e+00
2.155164591039922417e+00
1.310094168554011285e+00
6.032377784688562894e-01
-1.296727065936095435e+00
8.023785878497146085e-01
-2.682506178944259467e-01
-7.440912938065202820e-01
1.262690827416082406e+00
6.042609635152905723e-01
-3.700450902248113016e-01
1.610833745576580878e+00
-1.339171441020938769e+00
-4.150350738898883063e-01
-5.750050457860845787e-01
-2.128186050365954152e-01
1.364638714978735068e-01
-4.125045093162132970e-01
-2.257747810154409063e-01
-2.004058079444113183e+00
-7.337355440224649361e-02
-2.706524010971976257e-01
-6.540246804817887449e-01
-1.346636156988250121e+00
-2.004512898647006491e-01
-8.343119845311008920e-01
-2.863797555144888263e-02
1.338169932600671963e+00
-1.066200632550078131e+00
-7.684516547635664718e-01
-1.631985282035363083e+00
-7.833220267772579293e-01
2.146266069398181098e-01
2.668606446480489280e-01
-3.510905997161193337e-01
4.372489873593661813e-01
-5.782596781877238357e-01
-1.346154832964182591e+00
-2.222557262973962278e+00
-1.396210391470993351e-01
8.879012216440039795e-01
2.034348058109503921e+00
-1.211996312471172121e+00
1.587252216259193993e+00
2.390490917139238114e+00
-6.260796741324939907e-01
2.101302842090205236e-01
-9.550515853699945712e-01
6.843621108763003891e-01
4.835814473703130556e-01
-5.542503339000093288e-01
-1.359374594412412485e+00
7.674511488492217204e-01
6.827569953902571376e-01
-3.209106283422648032e-01
6.397962264653130893e-01
-3.000359399711559849e+00
-6.875128340094305290e-01
7.884110134170312367e-01
-1.502820954064139736e+00
-1.300276427041006100e+00
4.695840966726096410e-01
-6.500808079539934781e-01
2.331116526512822251e-01
3.131865469668398405e-01
-8.673562581228113633e-01
-4.574253778260868319e-01
7.915407102780461779e-01
9.658402774047214479e-01
1.593802188494799266e+00
2.747965756568021001e-01
-1.297010333857435249e+00
-4.233627249663386993e-01
1.118442933972377817e+00
-2.092407642392723588e+00
-4.530474599017307868e-01
1.379556549176475633e+00
-3.326199244391148668e-01
-6.420548531516292456e-01
5.825387859922837724e-02
-6.289886215414145498e-01
-1.198001214654866864e+00
1.174518155819535226e+00
-2.573309260623154238e+00
8.331130409809328619e-01
-1.277406206506838338e+00
1.085970915093342093e+00
-3.367060157442660628e-01
-1.993534642063343743e+00
7.027523298564937460e-02
-4.851935087734120522e-01
3.909833211196223623e-01
-1.199799300286088943e+00
-1.474707701274561744e+00
-2.141173958020636370e+00
-3.418659325853339870e-01
-1.443249295993160208e+00
-1.653537781580535215e+00
-4.658860528427680170e-01
1.110692423521616040e-01
-6.015787375743797405e-01
2.353664398332946106e-01
1.027221533800236203e-01
-1.930956936056842821e+00
1.701605441985185596e+00
-8.513606600055821927e-01
-9.327274723609659812e-01
-1.018133597104234067e-01
-1.041688225738627516e+00
-2.457474860322975019e+00
-3.770037526273381512e-01
1.312312102553794713e+00
8.439992529447306602e-01
-6.101590950885105169e-01
-5.284697218309462041e-01
5.866136859515204138e-01
1.069148319974896122e+00
1.381018592577316406e+00
-6.713637632897552221e-01
1.055778953185595004e+00
2.260574514006516156e-01
-8.888250373606186860e-01
-9.630916008111684024e-01
2.730583237402583574e+00
2.591013990453884253e-01
-1.059140484141280147e+00
-2.605336530684679186e+00
-9.770660728723248867e-02
2.961855524379831614e-02
-8.475840803570572346e-01
-8.768018724402961706e-01
3.902197924972771598e-02
-1.163166721529408920e-01
-2.377122749895506981e+00
-2.593064365257634396e+00
3.311712009671314849e-01
-1.204161989816425971e+00
-3.267958589634184507e-02
-7.332918396829578578e-01
-2.011614231974434563e+00
-4.642490948173556564e-01
-9.726873732153648033e-01
-1.276795199422018356e+00
9.458035843048314684e-01
1.158363345799628963e+00
-2.956664592906822486e-01
-1.133502544540849755e+00
4.309380855653174303e-01
2.190965972715641641e+00
8.494487255899371148e-01
-4.022256080014604551e-01
-6.002387334659590179e-01
1.732341787083576112e-01
-1.100617249390847485e+00
-4.258362374873952971e-01
-4.626184686076192931e-01
5.319733728686325547e-01
-9.823757200539975365e-01
-8.780118610568984350e-01
-1.253244364263310429e+00
1.017823554004489317e+00
8.448237926376181983e-01
-2.256173754691311595e-01
-1.363896206855563564e+00
-8.429987138846812833e-01
-1.500913430816257499e-01
1.226853313823369263e+00
2.885211186689174423e-01
3.530062460294426385e-01
-1.211870666006114629e-02
-1.821114391426400803e-01
-6.450327310289856453e-02
-1.697568235458593922e+00
8.538229376737668797e-02
-1.346101151331412227e-01
-1.507276994970185580e-01
-2.092384914971036902e-01
5.789174811189031766e-01
-8.288441232130018266e-01
-1.457122833124037342e+00
-3.198762502479193803e-01
1.696667953886190627e-01
-9.703047991946639472e-01
-3.680553456450156302e-01
7.523650151053985491e-01
6.734642549874552131e-01
-2.582262454793916584e-01
6.524807583441273318e-01
7.709332172340083167e-01
2.477902837900444050e-02
-1.019618840731427944e+00
7.516295859683229386e-02
-1.843944252941356055e-01
6.930058425434036939e-01
1.910857714848371858e+00
9.917301778951791436e-01
-7.914272839995425413e-01
4.301054820416737590e-01
9.546534413237153238e-01
1.556171158970827362e+00
-8.561235119041142871e-01
2.341747465954139296e-01
-2.712152462050958501e-01
9.522190259970323423e-01
-7.738306533955465749e-01
3.923415376067311833e-01
8.446734996578725285e-01
2.744943474816551876e-01
1.901895859089565780e-02
-6.869116280691550669e-02
-6.645477086440049024e-03
4.963789951657212041e-01
4.252808359143096795e-02
1.065515219874550779e+00
6.147406706677833732e-01
-3.834099133808061555e-01
-2.872830568057051170e+00
-1.890765272812523212e-01
-8.163881700658836005e-01
1.493062754374466054e-02
-3.428328049339917638e-01
-1.070322568633083060e+00
1.254991451222208010e+00
-2.138128047070793514e+00
6.411275651855539159e-01
-1.051035459701262109e+00
-1.620448949964029328e+00
-1.353293484901401111e+00
1.073687306142024234e+00
-9.474239691314707557e-01
7.474082020663695980e-01
-7.770122167836450711e-01
-2.442811213985287069e-02
7.204275557375316996e-01
-2.324396187052802265e+00
1.714933664006962066e-01
1.275008278767670866e-01
-7.301174034091988119e-02
6.854552689764752404e-01
2.263938146366368254e-01
1.381602444050040068e+00
1.077748678081860367e+00
8.470953542107100276e-01
-2.684370872209513453e-02
2.375541429618921452e+00
-2.445853213902654255e-01
1.745174818583557608e+00
3.045024686544350878e-01
-1.426026182214361615e-01
6.227676625125847520e-01
-1.629101140556511007e+00
-4.717571558630221928e-01
-4.376247404123070894e-01
7.421851869610363028e-01
-9.989262348318459495e-01
1.849196979780516337e-01
4.374270319814190788e-01
-5.412745906158783482e-01
1.582976355566906301e+00
1.069123042435833781e+00
-2.721664240035122528e+00
2.368706943480947957e-01
1.114534819448466774e+00
1.062126761625111548e+00
-1.772486945940732639e+00
2.673798885806865089e-01
-4.719180104786968935e-03
-4.772132152377454029e-01
-8.449143717890253980e-01
-1.231664795675777579e+00
9.328866204415768582e-02
-4.939053152757771348e-01
1.845255319145468587e+00
-1.199278110948291953e+00
-1.491483775148789159e-01
-5.966215198186459734e-01
-3.992384158544826644e-01
-7.638517594985748393e-02
4.714751790091746553e-02
2.751987343725206259e-01
-9.057305525659083978e-01
7.198462633397774146e-01
-1.014882844683528518e+00
1.402077181729160404e+00
-5.270630119322272655e-01
9.190947256483064098e-01
-1.174266820279090906e+00
6.197780783555872919e-01
-2.512036637474029943e-01
-9.853692539581189180e-01
-4.616485427829561949e-01
-1.363144160602601573e+00
1.247116854724501289e+00
2.169756497015048247e+00
-9.846171727389683159e-01
-4.530247967957174993e-01
1.878621958653203458e-02
1.145404913083577919e-01
-9.946915826036106800e-01
3.107042475954649774e+00
8.769345773413382839e-01
2.880051986305514067e+00
7.005684872424464693e-01
4.382641998658577398e-01
-4.255757680343926208e-01
-5.779216837391392553e-02
8.553243488380203596e-02
-1.272859231380030431e+00
7.618252115335004682e-01
-9.604769848125331855e-01
-1.366821158590535157e-01
-1.300103915210197636e+00
-1.015518694283448209e+00
-8.037941222747632675e-02
1.742121445519873024e-01
5.396132282899437360e-01
3.835978518601884102e-01
-1.747068523595745937e+00
-2.478615607680944022e-01
-8.903128134283666562e-01
1.048117111570963322e+00
-1.404961140637059014e+00
4.472893752361671860e-01
-1.561032198132600302e+00
8.005728208185350914e-01
-2.937532263600686755e-01
-3.236206123301815230e-01
1.315667564725050420e+00
-2.150768314405373527e-01
-5.290560963288148955e-01
-9.556604347277120048e-01
5.307831722395025542e-01
3.991782232824962057e-02
-2.890204165599745689e+00
2.106952001123689466e-01
2.196558433991795845e+00
-6.340613449523286871e-01
-1.430164171403640827e+00
-4.856593934573368299e-01
-8.548725535029958467e-01
2.986326040282050731e-01
-1.360064204974978930e+00
-2.813443555088876114e+00
2.722562111175564833e-02
-3.014636273194636340e-01
-1.735061427669044587e-01
7.974669983801788153e-02
-8.645912671995713561e-01
2.183807122044338911e+00
-7.755312932211055887e-01
6.357043665730272020e-01
-8.750305853600984229e-02
-7.372094933406498907e-01
2.167962137823220559e+00
1.616681446152755663e-01
9.160781945327456377e-01
-1.210440925249495203e+00
-4.909301063279939981e-01
2.033179902251110172e-01
-1.524307252561971776e-02
4.357582705541395707e-01
-1.421999310171587205e-01
1.786101695582754667e+00
-1.120934451786233854e+00
-6.292641938001437840e-02
-2.951660024742194799e-02
1.009463528856694658e+00
-6.077381610617836882e-01
3.360092016780454882e-01
5.638655197182635970e-01
-6.417808054085203384e-01
-1.305841300563032270e+00
-1.758301682500600593e+00
-1.113799839936160829e+00
-2.021193937674808705e+00
-1.374951726429989973e+00
8.508180078841403038e-01
-5.664392812749050043e-02
-1.498771697685655990e+00
-1.971690791968644607e+00
-1.453789997790600752e-01
-2.380638899902990158e+00
1.539401240546276195e-01
5.135087817744979910e-01
-4.039829000069002918e-01
-1.181456129782717079e+00
-2.393665158370999746e-01
-1.384428785371380366e+00
3.181873649277228155e-01
-9.201114010860492742e-01
3.616168334313396016e-01
7.658657115458793185e-02
-2.155856261488179104e+00
-7.966619769275949947e-01
-1.013349069812347736e+00
-1.211459660772806757e+00
6.146120066133845539e-01
-1.081737690205016422e+00
-3.426034056907435676e+00
-1.920907281388549492e+00
5.281791564551554033e-03
3.592622515906156444e-01
-5.532470462608313211e-01
1.379511899418800924e+00
-2.624614138520229845e-01
7.719172891555350358e-01
4.694331113864780858e-01
-2.090293266565365904e-01
1.246341445054607311e+00
6.244244903877490538e-01
2.054179986922416434e-01
-1.689337651650809846e+00
1.374486597020775580e+00
-1.609294892775246177e+00
1.186903819545925609e+00
8.017225026973292534e-01
-1.137223731714988695e+00
1.309173040656660680e-01
-1.373771149094541733e-01
-2.585565150292464254e-01
-4.104714023649279064e-01
-4.803004791991716260e-01
-5.426018945256462223e-01
1.365196947533913630e+00
