-5.783385871796860034e-01
8.402876111199751863e-01
2.161987493469772481e-01
-2.538373279807666916e-01
-7.632738657190583087e-01
-5.303052113726938188e-01
8.464881330026956530e-01
-4.406400937389647887e-01
7.737297009879023912e-01
-1.307013964824131624e-01
-1.449892639675933292e+00
-1.517394484462616822e+00
3.283086148801457771e+00
-7.664587326207313034e-02
2.668694966398057478e+00
-5.272548378957788578e-02
5.970885824947509413e-01
4.507718413176074052e-02
8.326512484158027361e-01
1.019916816628336553e+00
4.444608283986849206e-02
-4.396764103489171904e-01
-7.267519253218724939e-01
6.594723503624910776e-01
2.216461485959029254e+00
4.584841188634897757e-01
-2.213460212723541709e-01
-1.215222088103727005e+00
-1.833532373209249000e-01
2.489404322442840059e-02
6.701092590363890711e-01
-1.017980435804589356e-01
-8.661508530885572155e-01
4.380595004232477885e-02
-5.175949680159672717e-01
6.944902359654965274e-01
2.323110810196094833e-01
1.448928197860003486e+00
-5.532007338960824860e-01
1.608992922674747639e-01
-1.319898121752582254e+00
-1.233254913422565213e+00
1.026744247628230688e+00
-5.347996233224791007e-01
1.202047227708404886e-01
-1.023067986354034176e+00
-8.548775620209442261e-01
-8.252085876154049426e-01
1.923438160143550846e+00
1.389086863483371959e+00
1.840400313107430019e+00
1.000094553672828956e+00
-6.212138927379000641e-01
5.141817459582088468e+00
1.653136041691781966e+00
-4.307003039401177680e-01
-2.910362435928887659e-01
-1.378869013054626835e+00
4.710263164948929604e-01
1.927992230355603187e+00
7.828099695847740014e-01
4.964083672672079395e+00
7.611195478941974041e-03
-7.348409637440320719e-01
-2.107845922651126747e-01
-1.275650392531744615e+00
-4.293499986113231692e-01
-1.468541332113165732e+00
-1.509008103437419479e-01
-2.712662280175108173e-02
6.413467997567108281e-01
1.640560111755239581e-01
-1.885365557911842516e-01
-1.295345894249675112e-01
7.194836331138227958e-01
5.045327558528712730e-01
7.022359598003495573e-02
1.626792146811859352e+00
-6.671177763150986095e-01
3.092925529120196249e-01
-1.436429746038534461e+00
-2.164970263172849296e-01
-3.254981440236958123e-01
-2.048643175218211043e-01
2.547178777309496933e+00
3.327227504841024697e+00
8.308074924739041744e-01
-1.270159857902147360e+00
8.176557240809059213e-01
8.196105020696409227e-01
1.306185498147492519e+00
-2.613534309494801033e-01
-7.759389561068640306e-01
-5.915305057871100836e-01
-7.025460540479889771e-01
1.023084860627538617e-01
-1.584343698611536233e+00
2.572131113406699865e-01
-2.279617758724965526e-01
-3.937374782774297199e-01
1.535855261671062177e-01
-1.134590836150590754e-01
-3.565484801137705495e-01
-9.242050525143985507e-01
-5.140735864821103229e-01
1.857081813848874496e+00
5.330669072779273820e-01
1.617002796151835176e+00
2.856691738039357498e-01
-1.145425400823956830e+00
-2.751924058721993971e-01
1.597021862015002069e+00
-4.325507937244606471e-01
3.167889340473940551e-01
-2.940925072631579984e-01
-7.822368292308665705e-01
1.447080510279804277e-01
8.364474370532710701e-01
-4.516958608188289537e-01
-1.964022280569168721e-01
-9.025966890977409063e-02
7.034635624424521172e-01
4.098697740120677002e-01
5.018327260150184932e-02
-5.260574214478683786e-01
-1.232552823965413769e+00
1.288165434345019067e+00
2.447326062872865471e+00
1.554035278164868528e+00
-1.009391776532723828e+00
-4.183067560320100076e-01
1.477690745975880571e+00
5.442230040583158068e-01
8.790649002816838253e-01
2.044810518306563019e+00
1.595088501304673168e+00
-1.288685989619137828e+00
2.719694774255010730e-02
9.132131078696158893e-03
-7.611501253775608822e-01
-2.241183651572987490e+00
-1.754627780500181422e-02
-1.885723041945875922e+00
-6.460490455928734332e-02
4.492075498400064926e-01
-7.805017286137114763e-01
-8.999795509815310401e-01
-3.548401062080051571e-01
-5.765605618264289800e-02
-4.706885636115679117e-01
9.656075704279250271e-02
5.980897994691684039e-01
1.910845850166931481e-01
-5.502738671801722381e-01
-7.049166017519625793e-01
-2.613150607432143668e-01
-4.701301372641087939e-01
3.450352796714707959e-01
-1.151140274899014271e+00
-7.427831519927190485e-01
4.650428984593236725e-01
1.785554495846860767e+00
-6.841737819736284365e-01
3.352190073546328919e-01
3.193316108907598982e-01
-5.674311258286796056e-01
6.491246517638673552e-01
2.421824235266769154e+00
-9.019381896612013172e-01
-6.668094304445190135e-01
1.174762982360771479e+00
1.053586294251434713e-01
2.489835152414993757e+00
2.111494029774181602e-01
6.284522259098380026e+00
1.572181429850058598e-01
-2.784933704420530787e-01
7.567229249183868856e-01
7.970967603397941526e-01
1.227543423899176256e+00
5.383312050472108812e-01
2.427752197176618942e+00
3.437771226595239815e-01
9.990687224631624730e-01
-5.800891191532501212e-01
-7.185725630956415477e-01
3.402927506505302180e+00
9.930256108796942094e-01
-8.359656552030478860e-01
-5.180358711596397270e-02
2.065439722250692056e-02
-1.954703111168103247e+00
-5.745557556294306895e-02
-9.151037805106295719e-01
-1.425687719601979930e+00
-8.124312470420734511e-02
1.492102031081120606e+00
-4.969079061731813685e-01
-5.250255257393149355e-01
3.514772485507302591e-01
-1.273615839155596063e+00
-1.770649416281788457e-01
-3.833640917773057377e-01
4.529487281075313815e-02
8.461879142192603176e-01
-1.831005152734403382e-02
4.475549051408760803e+00
-2.294713129443526900e-01
1.113824049387765358e+00
8.111144949903923568e-04
1.981012843303400772e-01
7.645209576827282083e-01
-1.426430081904415947e-01
1.535623840045622912e-01
-2.437424006179397251e-01
-5.706047637146335338e-01
-3.260229320956532506e-01
-5.665099733011529359e-01
-2.408202186857744398e-01
3.735263721578400142e-01
4.331693587691212710e-01
-8.343688795288313198e-01
4.688213324987589581e-01
-5.108555862276417114e-01
1.413777435714121955e+00
7.513934960561694520e-01
1.273374648272971588e-01
1.063272100918754681e+00
-2.472954429355630757e-01
1.934301057207020724e+00
1.145322459068266907e+00
-4.964101966843423308e-01
1.076781301956013515e+00
6.480234074128228272e-01
1.181984489272680294e+00
-1.250929729712588756e+00
-1.937822932658413155e-01
-1.023153391153037939e+00
-5.838463673479622473e-01
4.082932042492125824e+00
6.144617747482300496e-01
-3.586193962896074838e-01
-4.070098610938842620e-01
1.774604465141865095e+00
7.097807523633324900e-01
2.546905397935024795e-01
-5.627084565701603314e-01
-1.000746060876711807e+00
1.337177458862680857e-01
-8.550734980734994162e-01
-1.348888593436452954e+00
5.459907741553860633e-02
1.356743157160641700e-01
-8.134708823127463351e-01
-3.451421221749559343e-01
9.709676487437137737e-01
7.127710357293800536e-01
-6.634465458198285370e-01
-8.637348832438657142e-01
-8.957070229226349323e-01
-2.265612800601436716e-01
7.012691870390119764e-01
-1.016563613830880675e+00
9.461617691270566288e-01
2.003977467685336133e+00
-1.349722373790138708e+00
-3.770764766127205903e-01
-1.562588692693204218e-01
-3.365259060844913441e-01
-7.492204882579794889e-01
1.027492268874193204e+00
3.695442336449161203e-01
8.851119299655318962e-01
-9.552271719225574609e-02
2.057625122371407322e-01
3.196403054678510713e+00
-9.057240280268391563e-01
1.063595216812823097e+00
1.017667223073440291e-01
-9.389849298804376909e-01
-9.896706404568362814e-01
6.569884018345970134e+00
-1.994507966645861843e-02
-6.688538913633655936e-01
2.148891414438674374e+00
-1.158516181230223041e-01
2.349631709361785781e+00
1.760393148377217720e+00
-1.507791141897865672e-01
7.730116174086586189e-02
-4.010625062411691255e-01
-1.290811124258270715e+00
-3.457691760165352290e-01
-3.622751917535984578e-01
2.292478466845075502e+00
9.119865521543583098e-01
1.232808763436089305e-01
-1.069440342227361063e+00
-1.002071198189023793e+00
1.294240103566193900e+00
-1.096719433043107650e-01
-2.754884104631966091e-01
-8.361686823423205572e-01
3.932216429387921930e-01
1.229253220043878408e-01
-4.258593322938705739e-01
-1.010039502687513302e+00
-1.189238598027100302e+00
2.030643696228719097e+00
1.725846694134446913e-01
-5.488957111114960430e-01
3.021397341984653484e-01
-3.550952190982676893e-01
2.146788161595671429e+00
-9.076296351536727869e-01
2.585382854922384066e+00
-7.550914043812890775e-01
6.881226658892011239e-01
-6.704437275752945791e-01
-9.857707626010325797e-01
1.378065919648293391e+00
-2.474832309503904038e-01
1.149879403634934905e+00
1.214451087153640696e+00
1.731391386129308430e-01
-6.951279115605081271e-01
-3.358506774697576081e-01
6.224418992906129849e-02
5.839971840556374971e-01
1.130153440903048256e+00
1.058757552381525135e-01
7.279196056883064925e-01
2.399671602861686015e+00
1.273648131390134663e+00
-1.339362588763593598e+00
1.087638559870735683e-02
8.597061353928071858e-02
4.542825347813604253e+00
2.556485769404626216e-03
3.515882467644258380e+00
-5.321017611812461912e-01
1.321549780268234775e+00
-4.082593773934561354e-01
-8.831802319416521829e-01
-2.661263257598854293e-01
8.627319627338241315e-01
3.468579606749603861e-01
6.141430943095407713e+00
-1.835495556646467852e-01
3.150981496780522195e-01
-1.716658671495948862e+00
-1.451286239828380453e-01
2.483229346597702614e-01
-4.465743313346299814e-01
4.454319479283435967e+00
-9.645520019814858570e-02
2.718869589248356089e-01
-8.210323232105372071e-01
2.597966799608879551e-01
-1.141687889287159807e+00
5.162256389860981010e+00
1.146858920107424851e+00
-3.073734920144701246e-02
2.617750626419927396e-01
-1.027634281516975889e+00
2.120181284408929834e+00
-2.249622076465824239e-01
2.719260257529783065e+00
4.137806066799040172e-01
1.151657563957579622e-01
2.742576548281514537e+00
2.943529655474138806e+00
3.754506688002174353e-01
-5.012575028529719923e-01
-1.520587860177361472e+00
-8.836616491235136372e-01
6.442883573865251234e-01
-6.816096683402321499e-02
2.011604252191295572e+00
-2.941043126900957927e-01
-1.735535383216136596e-01
-1.255745841389056316e+00
4.743562858814100447e-01
-1.226641227199482653e+00
-9.362037466607011638e-01
-4.400655031141760265e-01
1.527166819326336800e+00
-2.416746250825512268e-03
-8.515571113267410563e-01
-7.077657682203336575e-01
-1.513032814287057048e+00
1.273510983456433099e+00
-3.490606796189743011e-01
-2.287381067765879294e-01
3.830432120048863492e-02
-2.739466333775472107e-01
9.562982798729772194e-01
-4.901420609098297576e-01
2.299622501296051169e+00
-5.268429284722236927e-01
3.358165441885998082e+00
-9.209105877359427539e-02
-7.574567973484184202e-01
-1.832462679939421690e+00
-5.403284893384525667e-01
-5.712792825691552778e-01
6.739232763806164705e-02
-1.177997652302098297e+00
5.873180477863455540e-01
-8.107967253047063672e-01
-5.729028786270367046e-01
-7.455106150301485934e-01
-4.990268099947792191e-01
-4.427575843581629811e-01
-2.712091647320776788e-01
-1.026083813735042094e+00
4.705455436535965208e-01
-1.088524649632915509e+00
-1.183120283748547025e-01
1.727657133661968603e+00
-7.565679220400527427e-01
3.673401073581109344e+00
-1.040773494556557432e+00
1.206930783765482351e+00
1.500810501944074504e+00
-1.245023716425489368e+00
-3.205843202416438359e-02
2.463748002499696721e+00
5.038511081732902075e-02
-6.941177567266831883e-01
3.078969248258096036e-01
4.435767089810213726e+00
1.049819787932241955e+00
-4.360257087786093000e-01
6.181614903893939417e-01
5.610908227373365698e-01
