1.273750000000000000e+04
1.395550000000000000e+04
1.582750000000000000e+04
1.695820000000000073e+04
9.107299999999999272e+03
1.474360000000000036e+04
1.589550000000000000e+04
1.290089999999999964e+04
1.065410000000000036e+04
1.360120000000000073e+04
1.193689999999999964e+04
1.464820000000000073e+04
1.577979999999999927e+04
1.285920000000000073e+04
1.820950000000000000e+04
1.421410000000000036e+04
9.994600000000000364e+03
2.091459999999999854e+04
1.499900000000000000e+04
1.593079999999999927e+04
1.203020000000000073e+04
1.304829999999999927e+04
1.668679999999999927e+04
1.444150000000000000e+04
1.625800000000000000e+04
1.632439999999999964e+04
1.448329999999999927e+04
1.353139999999999964e+04
1.771040000000000146e+04
1.895409999999999854e+04
1.694609999999999854e+04
1.161810000000000036e+04
1.236810000000000036e+04
2.034520000000000073e+04
1.845250000000000000e+04
1.311129999999999927e+04
1.535150000000000000e+04
1.314079999999999927e+04
1.590410000000000036e+04
1.696579999999999927e+04
1.498000000000000000e+04
1.042850000000000000e+04
1.916129999999999927e+04
1.638379999999999927e+04
1.184639999999999964e+04
1.320479999999999927e+04
1.325350000000000000e+04
1.549670000000000073e+04
1.278550000000000000e+04
1.538979999999999927e+04
1.444410000000000036e+04
1.207770000000000073e+04
1.787029999999999927e+04
1.416389999999999964e+04
1.012029999999999927e+04
1.233260000000000036e+04
1.659229999999999927e+04
1.213489999999999964e+04
1.506950000000000000e+04
5.915899999999999636e+03
1.175710000000000036e+04
1.605660000000000036e+04
1.196610000000000036e+04
1.535460000000000036e+04
1.259339999999999964e+04
1.713720000000000073e+04
1.495860000000000036e+04
1.825990000000000146e+04
1.531160000000000036e+04
1.423260000000000036e+04
1.327939999999999964e+04
6.227800000000000182e+03
1.264629999999999927e+04
1.334800000000000000e+04
1.858500000000000000e+04
1.238129999999999927e+04
1.068360000000000036e+04
1.286629999999999927e+04
1.728109999999999854e+04
1.396800000000000000e+04
1.271029999999999927e+04
1.377589999999999964e+04
1.380350000000000000e+04
1.745959999999999854e+04
1.121939999999999964e+04
1.310670000000000073e+04
1.048050000000000000e+04
1.397850000000000000e+04
1.417539999999999964e+04
1.710579999999999927e+04
1.633550000000000000e+04
1.552670000000000073e+04
1.327150000000000000e+04
1.813940000000000146e+04
1.813650000000000000e+04
1.591489999999999964e+04
1.326639999999999964e+04
1.680129999999999927e+04
1.427900000000000000e+04
1.469439999999999964e+04
1.323079999999999927e+04
1.012770000000000073e+04
1.491150000000000000e+04
1.492529999999999927e+04
1.528010000000000036e+04
1.166650000000000000e+04
1.377050000000000000e+04
1.390639999999999964e+04
1.112550000000000000e+04
1.217900000000000000e+04
