7.616508101595536040e+00
7.575264701220213226e+00
7.144403259696741060e+00
7.650560527856927528e+00
7.343262975054852149e+00
7.564079675187214136e+00
7.559478543868532796e+00
7.723548780694529547e+00
7.626825307387282926e+00
7.541230109750801880e+00
7.447792232396741596e+00
7.575264701220213226e+00
7.560541769477495677e+00
7.774635008311503448e+00
7.763558656161227312e+00
7.758479845378843720e+00
7.757338496381168014e+00
7.400170827057523049e+00
7.685591969853285299e+00
7.548828758604403610e+00
7.528521013391831218e+00
7.400170827057523049e+00
7.335811684230288066e+00
7.423560561104998179e+00
7.584233764643070863e+00
7.754697390549780245e+00
7.669222279622238680e+00
7.168987237322975936e+00
7.750151286808201867e+00
7.144403259696741060e+00
7.495890428633334324e+00
7.679405798361922386e+00
7.564079675187214136e+00
7.229863545155327031e+00
7.222618593661182196e+00
7.447792232396741596e+00
7.685591969853285299e+00
7.272395429568178749e+00
7.263982676279605144e+00
7.579051038577741650e+00
7.647249061174331786e+00
7.551413628490483809e+00
7.548828758604403610e+00
7.144403259696741060e+00
7.762165566576935127e+00
7.638603269886301561e+00
7.272395429568178749e+00
7.679405798361922386e+00
7.573566264564391304e+00
7.669222279622238680e+00
7.564079675187214136e+00
7.551413628490483809e+00
7.618222617411300135e+00
7.192603764216632278e+00
7.573566264564391304e+00
7.559478543868532796e+00
7.429016097562516130e+00
7.600093284933582716e+00
7.584233764643070863e+00
7.787205327403050603e+00
7.755400262945747691e+00
7.689990763808653540e+00
7.763974267896735171e+00
7.551552730976434979e+00
7.527760606694750223e+00
7.435202269053879043e+00
7.787785519692065783e+00
7.556071072521704401e+00
7.703256871091650915e+00
7.626825307387282926e+00
7.541230109750801880e+00
7.557599799981846722e+00
7.792720915581073271e+00
7.656058670955496304e+00
7.662716838024994814e+00
7.654545733685741205e+00
7.296979407194412737e+00
7.717205945630256636e+00
7.527760606694750223e+00
7.659839024517194339e+00
7.584233764643070863e+00
7.609415137080563163e+00
7.627065477349277423e+00
7.555111883780931237e+00
7.620524394656991163e+00
7.343262975054852149e+00
7.168987237322975936e+00
7.612811209095612597e+00
7.378980201239205172e+00
7.758871540814723744e+00
7.192603764216632278e+00
7.526271576228959148e+00
7.660566289525253758e+00
7.411344734987795668e+00
7.664693144581633533e+00
7.585242312532223252e+00
7.541230109750801880e+00
7.564079675187214136e+00
7.561022228982143822e+00
7.728724082529196515e+00
7.551413628490483809e+00
7.633358991642797520e+00
7.559917594003463748e+00
7.749410636534314278e+00
7.666290086077134802e+00
7.083177423416325169e+00
7.685591969853285299e+00
7.557613522214184698e+00
7.452867170292245547e+00
7.564079675187214136e+00
7.229863545155327031e+00
7.696536198398887585e+00
7.545958092032965858e+00
7.656253347944224075e+00
7.551413628490483809e+00
7.255459767012493622e+00
7.441682144259246456e+00
7.626825307387282926e+00
7.524000372953390858e+00
7.660770379023275289e+00
7.618272536334414369e+00
7.246826036403668070e+00
7.418832578822834201e+00
7.762653027475754364e+00
7.750472920298101087e+00
7.746162444455753970e+00
7.482788222665972100e+00
7.593613409728215302e+00
7.551413628490483809e+00
7.272395429568178749e+00
7.654618440119986822e+00
7.705677476269235271e+00
7.742367280804214325e+00
7.564079675187214136e+00
7.656513183263268907e+00
7.559106066061676898e+00
7.564079675187214136e+00
7.584233764643070863e+00
7.585154284484055154e+00
7.557599799981846722e+00
7.614410778952219516e+00
7.744353660139431383e+00
7.404228739320582342e+00
7.622214071584608952e+00
7.774794868977031648e+00
7.263982676279605144e+00
7.457250142660785563e+00
7.753147766881051339e+00
7.623391527108248411e+00
7.754817477258720615e+00
7.591066960618070070e+00
7.698181933196146964e+00
7.666489485197486964e+00
7.364998494900461878e+00
7.558088125866000873e+00
7.433717564669263922e+00
7.458812797452153198e+00
7.760577753680482083e+00
7.558683673406337178e+00
7.679405798361922386e+00
7.692071845058650936e+00
7.537176046194797863e+00
7.110088649218519130e+00
7.447792232396741596e+00
7.698181933196146964e+00
7.288893129662408654e+00
7.786489668747551995e+00
7.748516564528428852e+00
7.758871540814723744e+00
7.763599523096887722e+00
7.494269439140929912e+00
7.152706522369951969e+00
7.679405798361922386e+00
7.673950261904402659e+00
7.696830848189213370e+00
7.494269439140929912e+00
7.790826391342354995e+00
7.657746196572160713e+00
7.288893129662408654e+00
7.263982676279605144e+00
7.207819514358850377e+00
7.571058386449257327e+00
7.328256225695752413e+00
7.447792232396741596e+00
7.575784402268179285e+00
7.525137268585465833e+00
7.653728936379699199e+00
7.633358991642797520e+00
7.357855715026765608e+00
7.658867303335943788e+00
7.614443228739392389e+00
7.545958092032965858e+00
7.794079222789964234e+00
7.441682144259246456e+00
7.408477602536538420e+00
7.229223449708184646e+00
7.574380013219570884e+00
7.457250142660785563e+00
7.659839024517194339e+00
7.545958092032965858e+00
7.613858551119706775e+00
7.211169593287762858e+00
7.641258231141051738e+00
7.616459044824604341e+00
7.570724071310986680e+00
7.773428158249037878e+00
7.546824748694271001e+00
7.545958092032965858e+00
7.584233764643070863e+00
7.564079675187214136e+00
7.688207937716692086e+00
7.570189763324709276e+00
7.787497060243805613e+00
7.400170827057523049e+00
7.152706522369951969e+00
7.586804967323590887e+00
7.685591969853285299e+00
7.794744528827595609e+00
7.127467597141055933e+00
7.755665439935806482e+00
7.758871540814723744e+00
7.626043349107909819e+00
7.509267920425144460e+00
7.612499466243512813e+00
7.545958092032965858e+00
7.558060142974706963e+00
7.685591969853285299e+00
7.495890428633334324e+00
7.447792232396741596e+00
7.692071845058650936e+00
7.626825307387282926e+00
7.526626270248550021e+00
7.673950261904402659e+00
7.673950261904402659e+00
7.597508448961828975e+00
7.571398582607603345e+00
7.628437934095903650e+00
7.564079675187214136e+00
7.456241594771634063e+00
7.647249061174331786e+00
7.560897047057313358e+00
7.580859340163683235e+00
7.748516564528428852e+00
7.579520118581908328e+00
7.482788222665972100e+00
7.698181933196146964e+00
7.255459767012493622e+00
7.551413628490483809e+00
7.570189763324709276e+00
7.644870931323850094e+00
7.564079675187214136e+00
7.749844181000615784e+00
7.748516564528428852e+00
7.626825307387282926e+00
7.372039768516883029e+00
7.644037913111280780e+00
7.557502547387212388e+00
7.207819514358850377e+00
7.654932450014569234e+00
7.557598476201771831e+00
7.229863545155327031e+00
7.706631295571038542e+00
7.570189763324709276e+00
7.752680207645393118e+00
7.744267701312471885e+00
7.604448763380815990e+00
7.263982676279605144e+00
7.312830144044069947e+00
7.631473874447501693e+00
7.229223449708184646e+00
7.564534623138199798e+00
7.545958092032965858e+00
7.357855715026765608e+00
7.750261020788608235e+00
7.758871540814723744e+00
7.730611124845912840e+00
7.418832578822834201e+00
7.635463003098799994e+00
7.564079675187214136e+00
7.320595934088069967e+00
7.566131081302257755e+00
7.585154284484055154e+00
7.746350422354075782e+00
7.627476981253646038e+00
7.532220909192019143e+00
7.418832578822834201e+00
7.586804967323590887e+00
7.584233764643070863e+00
7.703614591614704743e+00
7.705235889368607261e+00
7.548828758604403610e+00
7.594259074816343436e+00
7.456241594771634063e+00
7.296979407194412737e+00
7.446387843348133195e+00
7.533742265915763348e+00
7.742778699649388585e+00
7.176966020329137663e+00
7.558147789492023705e+00
7.551413628490483809e+00
7.646163100535612323e+00
7.542770685138267872e+00
7.589824777892852481e+00
7.288893129662408654e+00
7.617101649602997959e+00
7.564966980664008744e+00
7.653728936379699199e+00
7.551413628490483809e+00
7.563920406030566923e+00
7.470957799663906940e+00
7.246826036403668070e+00
7.702330474722384857e+00
7.696536198398887585e+00
7.545958092032965858e+00
7.596957394984797496e+00
7.441682144259246456e+00
7.761432306975658335e+00
7.494269439140929912e+00
7.563194438925317620e+00
7.551552730976434979e+00
7.673950261904402659e+00
7.551413628490483809e+00
7.791894882386235288e+00
7.647249061174331786e+00
7.641062889682968873e+00
7.401602842025423179e+00
7.620524394656991163e+00
7.586847416042908243e+00
7.748516564528428852e+00
7.557599799981846722e+00
7.679405798361922386e+00
7.623391527108248411e+00
7.563194438925317620e+00
7.447792232396741596e+00
7.701941299527273799e+00
7.482788222665972100e+00
7.703256871091650915e+00
7.702330474722384857e+00
7.647249061174331786e+00
7.435202269053879043e+00
7.758891285067308630e+00
7.257828288559160512e+00
7.546824748694271001e+00
7.551413628490483809e+00
7.320595934088069967e+00
7.255459767012493622e+00
7.433717564669263922e+00
7.429016097562516130e+00
7.522568357985490728e+00
7.575784402268179285e+00
7.400170827057523049e+00
7.777394418170454848e+00
7.792460568499552487e+00
7.530875133464506099e+00
7.794868394871903305e+00
7.526626270248550021e+00
7.794514513089377594e+00
7.288893129662408654e+00
7.751383696979686100e+00
7.533742265915763348e+00
7.277754660579526025e+00
7.586804967323590887e+00
7.541230109750801880e+00
7.200264055824314724e+00
7.528162996928959849e+00
7.691716774105952226e+00
7.559321939514566324e+00
7.539336904859233357e+00
7.378980201239205172e+00
7.745699475844628701e+00
7.406123482463863539e+00
7.580859340163683235e+00
7.551413628490483809e+00
7.441682144259246456e+00
7.557703026374442246e+00
7.790802932700923833e+00
7.794706619877699083e+00
7.570189763324709276e+00
7.557598476201771831e+00
7.144403259696741060e+00
7.772229929615633637e+00
7.564079675187214136e+00
7.622261609012367600e+00
7.657433847517499004e+00
7.418832578822834201e+00
7.456241594771634063e+00
7.452867170292245547e+00
7.526626270248550021e+00
7.557599799981846722e+00
7.110088649218519130e+00
7.399172109729340363e+00
7.573189655941166443e+00
7.418832578822834201e+00
7.564079675187214136e+00
7.601366177148083381e+00
7.689990763808653540e+00
7.312830144044069947e+00
7.545958092032965858e+00
7.731838465378805481e+00
7.144403259696741060e+00
7.562311336678259721e+00
7.312830144044069947e+00
7.570189763324709276e+00
7.726797771107803747e+00
7.357855715026765608e+00
7.665168216066235551e+00
7.405746830450963714e+00
7.641062889682968873e+00
7.557094238918296014e+00
7.160900959790971854e+00
7.580859340163683235e+00
7.452867170292245547e+00
7.630208027413453387e+00
7.756561505213355190e+00
7.698181933196146964e+00
7.200264055824314724e+00
7.765869928819775225e+00
7.083177423416325169e+00
7.692071845058651824e+00
7.585242312532223252e+00
7.612869402706022193e+00
7.539336904859233357e+00
7.246826036403668070e+00
7.420836588732966810e+00
7.328256225695752413e+00
7.152706522369951969e+00
7.707639843460190932e+00
7.707512288453345128e+00
7.335811684230288066e+00
7.665835908555012956e+00
7.782492746415929474e+00
7.654263746100396837e+00
7.653728936379699199e+00
7.447792232396741596e+00
7.784936681133141079e+00
7.569138833680032263e+00
