2.513999999999999790e+00
2.503000000000000114e+00
2.500000000000000000e+00
2.834999999999999964e+00
2.551000000000000156e+00
2.302999999999999936e+00
2.814999999999999947e+00
2.682999999999999829e+00
2.907000000000000028e+00
2.624000000000000110e+00
2.532000000000000028e+00
2.928999999999999826e+00
2.109999999999999876e+00
2.482000000000000206e+00
2.571000000000000174e+00
2.487000000000000099e+00
3.097999999999999865e+00
2.532000000000000028e+00
2.524000000000000021e+00
2.529999999999999805e+00
2.685000000000000053e+00
2.520999999999999908e+00
2.685000000000000053e+00
2.620000000000000107e+00
2.318000000000000060e+00
2.289000000000000146e+00
2.504999999999999893e+00
2.581999999999999851e+00
2.681000000000000050e+00
2.693000000000000060e+00
2.678999999999999826e+00
2.583000000000000185e+00
2.818999999999999950e+00
2.732000000000000206e+00
2.673000000000000043e+00
2.634999999999999787e+00
2.588999999999999968e+00
2.705999999999999961e+00
2.673000000000000043e+00
2.721000000000000085e+00
2.208000000000000185e+00
3.015000000000000124e+00
2.794999999999999929e+00
2.668000000000000149e+00
2.576999999999999957e+00
3.176000000000000156e+00
2.653999999999999915e+00
2.561999999999999833e+00
2.837000000000000188e+00
2.608999999999999986e+00
2.556000000000000050e+00
2.947999999999999954e+00
2.637999999999999901e+00
2.434000000000000163e+00
3.232000000000000206e+00
2.592000000000000082e+00
2.362999999999999989e+00
2.802999999999999936e+00
3.032000000000000028e+00
2.684000000000000163e+00
2.616000000000000103e+00
2.513999999999999790e+00
2.559000000000000163e+00
2.520999999999999908e+00
2.509999999999999787e+00
2.766999999999999904e+00
2.520000000000000018e+00
2.329000000000000181e+00
2.551000000000000156e+00
2.612000000000000099e+00
2.544999999999999929e+00
2.448999999999999844e+00
2.568999999999999950e+00
2.641999999999999904e+00
2.705999999999999961e+00
2.640000000000000124e+00
2.325000000000000178e+00
2.327999999999999847e+00
2.471999999999999975e+00
2.412999999999999812e+00
2.650999999999999801e+00
2.612999999999999989e+00
2.524999999999999911e+00
2.641000000000000014e+00
2.404999999999999805e+00
3.081999999999999851e+00
3.037999999999999812e+00
2.326000000000000068e+00
2.375999999999999890e+00
2.414000000000000146e+00
2.500000000000000000e+00
2.278999999999999915e+00
2.439000000000000057e+00
2.460999999999999854e+00
2.611000000000000210e+00
2.459999999999999964e+00
2.499000000000000110e+00
2.504999999999999893e+00
2.827999999999999847e+00
2.564999999999999947e+00
2.476999999999999869e+00
3.165999999999999925e+00
2.439000000000000057e+00
2.653000000000000025e+00
2.500000000000000000e+00
2.888999999999999790e+00
2.568000000000000060e+00
2.471999999999999975e+00
2.382000000000000117e+00
2.212000000000000188e+00
