1.422616290718429077e+01
1.478879960447159547e+01
1.784693736326122604e+01
1.350437132055384559e+01
1.762332942963226756e+01
1.449234782391529919e+01
1.436809985370336307e+01
1.512060412618107819e+01
1.418126878681340486e+01
1.402995815444328898e+01
1.458323846987221017e+01
1.478879960447159547e+01
1.440311254049506928e+01
1.481084256701245749e+01
1.459178253694831362e+01
1.448774742256921400e+01
1.446384062677153892e+01
1.350552453415729381e+01
1.430568896852929406e+01
1.282146870909478942e+01
1.373861349563266820e+01
1.350552453415729381e+01
1.764236134458711902e+01
1.407567141001880984e+01
1.484416532013931267e+01
1.440762381273487236e+01
1.397624958767997150e+01
1.779066524682724904e+01
1.430721109292682591e+01
1.784693736326122604e+01
1.252096901966849707e+01
1.418416631025975860e+01
1.449234782391529919e+01
1.763886880605177865e+01
1.765797064931997795e+01
1.458323846987221017e+01
1.430568896852929406e+01
1.779322879649791034e+01
1.781189970559819002e+01
1.484412647459728163e+01
1.459820053503706561e+01
1.423787487702307608e+01
1.282146870909478942e+01
1.784693736326122604e+01
1.456359251760166096e+01
1.470615859035489059e+01
1.779322879649791034e+01
1.418416631025975860e+01
1.472693509435500303e+01
1.397624958767997150e+01
1.449234782391529919e+01
1.423787487702307608e+01
1.426865478544115895e+01
1.773402370118515847e+01
1.472693509435500303e+01
1.436809985370336307e+01
1.418531952386320860e+01
1.526853563230834965e+01
1.484416532013931267e+01
1.509855997409215433e+01
1.442271601839071771e+01
1.439271124319264317e+01
1.460014695053163258e+01
1.402196284325549236e+01
1.343416290361100174e+01
1.430684218213274406e+01
1.511516900256852836e+01
1.429273984453553936e+01
1.473509103770827799e+01
1.418126878681340486e+01
1.402995815444328898e+01
1.435939753529261154e+01
1.529377829820371915e+01
1.506970638092013637e+01
1.526346179551762283e+01
1.604791884764029675e+01
1.773695668006393333e+01
1.499555771216620315e+01
1.343416290361100174e+01
1.487459682277653172e+01
1.484416532013931267e+01
1.550269782581307609e+01
1.446908045794554454e+01
1.429651838107647777e+01
1.403619972115605208e+01
1.762332942963226756e+01
1.779066524682724904e+01
1.381988281847401900e+01
1.752765709161003116e+01
1.421505258742442557e+01
1.773402370118515847e+01
1.345004021375778791e+01
1.591803077029706159e+01
1.381259104414783856e+01
1.578226200213901720e+01
1.501348288171025303e+01
1.402995815444328898e+01
1.449234782391529919e+01
1.441785870623858656e+01
1.522871480129930433e+01
1.423787487702307608e+01
1.328672140673946167e+01
1.438303773470463653e+01
1.429030145269130259e+01
1.544332113434145271e+01
1.797666035002521312e+01
1.430568896852929406e+01
1.429049640810087141e+01
1.473624425131172799e+01
1.449234782391529919e+01
1.763886880605177865e+01
1.455941118568506454e+01
1.412822676317867732e+01
1.507449620350725183e+01
1.423787487702307608e+01
1.783052582329599645e+01
1.443979247075543171e+01
1.418126878681340486e+01
1.361002988151936499e+01
1.519820363571520083e+01
1.426986698576824075e+01
1.784910621366315553e+01
1.397740280128342150e+01
1.457348408080720681e+01
1.431449941341483800e+01
1.392370792861380480e+01
1.321889196458211124e+01
1.513558534368566200e+01
1.423787487702307608e+01
1.779322879649791034e+01
1.363448488945963710e+01
1.476176937223347352e+01
1.411662716461874112e+01
1.449234782391529919e+01
1.368490492886935073e+01
1.435470983192123384e+01
1.449234782391529919e+01
1.484416532013931267e+01
1.496879929038541590e+01
1.435939753529261154e+01
1.571009268541252979e+01
1.644180916467542630e+01
1.363563810306308710e+01
1.436216723599079259e+01
1.481405118639386131e+01
1.781189970559819002e+01
1.506719144847357050e+01
1.437397569430298816e+01
1.410394939705216011e+01
1.412756022005008738e+01
1.508555367508531475e+01
1.458208525626876195e+01
1.546113871714601018e+01
1.756602483575584017e+01
1.431227116404976485e+01
1.294753851289003954e+01
1.308730265503234591e+01
1.453115588311132278e+01
1.433842062814240137e+01
1.418416631025975860e+01
1.443863925715198171e+01
1.394246578706895079e+01
1.792134850753480890e+01
1.458323846987221017e+01
1.458208525626876195e+01
1.775575634780261325e+01
1.507877616138336840e+01
1.398249115439273460e+01
1.421505258742442557e+01
1.431332119615981391e+01
1.328103466087336670e+01
1.782822259868664361e+01
1.418416631025975860e+01
1.407451819641535984e+01
1.456632336471329836e+01
1.328103466087336670e+01
1.521407510805781804e+01
1.511244697809705784e+01
1.775575634780261325e+01
1.781189970559819002e+01
1.769606991135043828e+01
1.467107981317155208e+01
1.766135689149303190e+01
1.458323846987221017e+01
1.452952990310889447e+01
1.364553333943450752e+01
1.473115082365975326e+01
1.328672140673946167e+01
1.758516023928845939e+01
1.374368815464828053e+01
1.417218395545039300e+01
1.412822676317867732e+01
1.537367196512420975e+01
1.443979247075543171e+01
1.374484136825173053e+01
1.788612606869284249e+01
1.296461659201965766e+01
1.506719144847357050e+01
1.487459682277653172e+01
1.412822676317867732e+01
1.567727834081857807e+01
1.792295178326189387e+01
1.475842168318510517e+01
1.422491996943707093e+01
1.466349775417275936e+01
1.478677681353753037e+01
1.392369423452010402e+01
1.412822676317867732e+01
1.484416532013931267e+01
1.449234782391529919e+01
1.433906623868216101e+01
1.463579382303207765e+01
1.510684306884095562e+01
1.350552453415729381e+01
1.782822259868664361e+01
1.303359408826902843e+01
1.430568896852929406e+01
1.559263202624638467e+01
1.788423439005931570e+01
1.442838418062668815e+01
1.421505258742442557e+01
1.444702599426485357e+01
1.259728303621071355e+01
1.561261338358781714e+01
1.412822676317867732e+01
1.431091539827074399e+01
1.430568896852929406e+01
1.252096901966849707e+01
1.458323846987221017e+01
1.443863925715198171e+01
1.418126878681340486e+01
1.368819345622295458e+01
1.407451819641535984e+01
1.407451819641535984e+01
1.521404361962239093e+01
1.467875998236398871e+01
1.449836173990950883e+01
1.449234782391529919e+01
1.489787388690263015e+01
1.459820053503706561e+01
1.441406722797459850e+01
1.468253568454841052e+01
1.398249115439273460e+01
1.485389553304965204e+01
1.321889196458211124e+01
1.458208525626876195e+01
1.783052582329599645e+01
1.423787487702307608e+01
1.463579382303207765e+01
1.482929929399002589e+01
1.449234782391529919e+01
1.430022146892226687e+01
1.398249115439273460e+01
1.418126878681340486e+01
1.754685680788697510e+01
1.334313477720245800e+01
1.428822587090746410e+01
1.769606991135043828e+01
1.604076266564574738e+01
1.429008523779303630e+01
1.763886880605177865e+01
1.489672067329918015e+01
1.463579382303207765e+01
1.436371433952658094e+01
1.387328788920409117e+01
1.536790146981440941e+01
1.781189970559819002e+01
1.769923513744537757e+01
1.456194415984453094e+01
1.788612606869284249e+01
1.451480130402571689e+01
1.412822676317867732e+01
1.758516023928845939e+01
1.430970132098531167e+01
1.421505258742442557e+01
1.527099839191004804e+01
1.397740280128342150e+01
1.464340525248398706e+01
1.449234782391529919e+01
1.768031513442184277e+01
1.455503553330919786e+01
1.496879929038541590e+01
1.421823691334092032e+01
1.447789840205699008e+01
1.358192953629976962e+01
1.397740280128342150e+01
1.303359408826902843e+01
1.484416532013931267e+01
1.672821859304456638e+01
1.475243739607302018e+01
1.282146870909478942e+01
1.514838139162281294e+01
1.489787388690263015e+01
1.773695668006393333e+01
1.301832515878297514e+01
1.386514639730770604e+01
1.383062777241564412e+01
1.777182453139878149e+01
1.431512017761425781e+01
1.423787487702307608e+01
1.485495302032988718e+01
1.383620186714576583e+01
1.506124245766849157e+01
1.775575634780261325e+01
1.424107412679052054e+01
1.452586958983203047e+01
1.473115082365975326e+01
1.423787487702307608e+01
1.449882460613456558e+01
1.315423644313358054e+01
1.784910621366315553e+01
1.469009712776107790e+01
1.455941118568506454e+01
1.412822676317867732e+01
1.664421871800283981e+01
1.443979247075543171e+01
1.454865527596444252e+01
1.328103466087336670e+01
1.425313361536942658e+01
1.402196284325549236e+01
1.407451819641535984e+01
1.423787487702307608e+01
1.525630001639243183e+01
1.459820053503706561e+01
1.447667787676753015e+01
1.355747452835949751e+01
1.403619972115605208e+01
1.500256860328496344e+01
1.398249115439273460e+01
1.435939753529261154e+01
1.418416631025975860e+01
1.410394939705216011e+01
1.425313361536942658e+01
1.458323846987221017e+01
1.468161035952456928e+01
1.321889196458211124e+01
1.473509103770827799e+01
1.469009712776107790e+01
1.459820053503706561e+01
1.430684218213274406e+01
1.449631343750839818e+01
1.756213518961649811e+01
1.392369423452010402e+01
1.423787487702307608e+01
1.768031513442184277e+01
1.783052582329599645e+01
1.294753851289003954e+01
1.418531952386320860e+01
1.355807988731716129e+01
1.452952990310889447e+01
1.350552453415729381e+01
1.486712184309486773e+01
1.528137598634645045e+01
1.379739672141159801e+01
1.545492712117103906e+01
1.368819345622295458e+01
1.541064537585132577e+01
1.775575634780261325e+01
1.405024083028884441e+01
1.386514639730770604e+01
1.750426862774823533e+01
1.303359408826902843e+01
1.402995815444328898e+01
1.771506545825635115e+01
1.345181596739397811e+01
1.443995492190409635e+01
1.436256232473045102e+01
1.375888247738452286e+01
1.752765709161003116e+01
1.420235543623158314e+01
1.368605814247280072e+01
1.468253568454841052e+01
1.423787487702307608e+01
1.443979247075543171e+01
1.429362598191035616e+01
1.521320706001976752e+01
1.543179631737135082e+01
1.463579382303207765e+01
1.429008523779303630e+01
1.784693736326122604e+01
1.476310511234762934e+01
1.449234782391529919e+01
1.322732609411004923e+01
1.510431387670126213e+01
1.397740280128342150e+01
1.489787388690263015e+01
1.473624425131172799e+01
1.368819345622295458e+01
1.435939753529261154e+01
1.792134850753480890e+01
1.346096084732240961e+01
1.471865359546200125e+01
1.397740280128342150e+01
1.449234782391529919e+01
1.529641512499366129e+01
1.439271124319264317e+01
1.769923513744537757e+01
1.412822676317867732e+01
1.529969507915877713e+01
1.784693736326122604e+01
1.445524775188854960e+01
1.769923513744537757e+01
1.463579382303207765e+01
1.518736740127948437e+01
1.758516023928845939e+01
1.388875722030563331e+01
1.745056006098491963e+01
1.447667787676753015e+01
1.428767113856122606e+01
1.780946491456592895e+01
1.468253568454841052e+01
1.473624425131172799e+01
1.453561837757491837e+01
1.444743786007174613e+01
1.458208525626876195e+01
1.771506545825635115e+01
1.463804787243550898e+01
1.797666035002521312e+01
1.443863925715198171e+01
1.501348288171025303e+01
1.562865681658043471e+01
1.375888247738452286e+01
1.784910621366315553e+01
1.287517727585810512e+01
1.766135689149303190e+01
1.782822259868664361e+01
1.506603823487012050e+01
1.480018696628633634e+01
1.764236134458711902e+01
1.572308244229614793e+01
1.497877811970450601e+01
1.339633164699446866e+01
1.473115082365975326e+01
1.458323846987221017e+01
1.503807655385775988e+01
1.462703799785225556e+01
