1.420820337000000058e+06
1.259894794999999925e+06
1.233475691000000108e+06
1.764812343000000110e+06
1.114046777000000002e+06
1.348744560999999987e+06
1.744612939999999944e+06
1.324873952999999980e+06
1.466266206999999937e+06
1.591792212999999989e+06
1.237285514999999898e+06
1.663620705000000075e+06
1.341813990999999922e+06
1.544685577999999980e+06
1.714537260000000009e+06
1.483543078999999911e+06
1.295310700999999885e+06
1.483285618999999948e+06
1.507802718000000110e+06
1.535129969999999972e+06
1.210346235000000102e+06
1.329833222000000067e+06
1.729677101000000024e+06
1.258965725000000093e+06
1.593345151000000071e+06
1.707050425000000047e+06
1.549027185999999987e+06
1.140229547000000020e+06
1.340395449000000022e+06
1.783482783000000054e+06
1.297912658000000054e+06
1.143194395000000019e+06
1.419869290999999968e+06
1.355074719000000041e+06
1.726390763999999966e+06
1.105820003000000026e+06
1.403397284999999916e+06
1.278933094000000041e+06
1.682449301999999909e+06
1.376707581000000006e+06
1.660471198000000091e+06
1.174269243000000017e+06
1.691570537000000011e+06
1.682467835999999894e+06
1.204028530999999959e+06
1.391284316000000108e+06
1.214459814999999944e+06
1.516922543000000063e+06
1.464619614000000060e+06
1.320069247999999905e+06
1.624743659999999916e+06
1.302509388999999966e+06
1.840724784999999916e+06
1.457804196999999927e+06
1.316351543999999994e+06
1.661237529000000097e+06
1.575977406999999890e+06
1.157512629999999888e+06
1.597037084999999963e+06
4.995231185999999754e+06
1.400808000999999931e+06
1.422131097000000067e+06
1.252487733000000007e+06
1.719193022000000114e+06
1.036217202000000048e+06
1.534856168999999994e+06
1.469685904000000097e+06
1.692605641000000061e+06
1.474458963999999920e+06
1.431283432000000030e+06
1.521601020000000019e+06
1.925565115999999922e+06
1.700467520000000019e+06
1.349285327000000048e+06
1.729633347000000067e+06
1.666510733000000007e+06
1.436254497999999905e+06
1.271148777000000002e+06
1.617857486000000034e+06
1.620202709999999963e+06
1.406012247999999905e+06
1.036641371000000043e+06
1.509799909999999916e+06
1.727350429999999935e+06
1.412435297000000020e+06
1.395625807999999961e+06
1.423805421000000089e+06
1.514504101999999955e+06
9.292744777000000468e+05
1.457703027999999933e+06
1.789762148000000045e+06
1.743538568999999901e+06
1.045961305999999982e+06
1.665136486000000034e+06
1.516786536000000080e+06
1.486187209999999963e+06
1.546156550999999978e+06
1.574046996000000043e+06
1.728581179999999935e+06
1.413002084999999963e+06
1.649992227999999886e+06
1.245207010999999940e+06
1.380132834999999963e+06
1.246906087999999989e+06
1.568515391000000061e+06
1.364195314999999944e+06
1.583183388999999966e+06
1.509360233000000007e+06
1.051501814999999944e+06
1.412936479999999981e+06
