1.348438845999999903e+06
1.169767162000000011e+06
1.482349712000000058e+06
1.711737455000000075e+06
1.534727159999999916e+06
1.188867208000000101e+06
1.565399378000000026e+06
1.801966338999999920e+06
1.456245835999999894e+06
9.089683048999999883e+05
1.377440031999999890e+06
1.463308800000000047e+06
1.085473834000000032e+06
1.569280397000000114e+06
1.755296057999999961e+06
1.472359620000000112e+06
1.649285335999999894e+06
9.879920653000000166e+05
1.447636594000000041e+06
1.517873445999999996e+06
1.555508852999999886e+06
1.230850323000000091e+06
1.620673824000000022e+06
9.833507230999999447e+05
1.494811445999999996e+06
1.611691987999999896e+06
1.669373642999999924e+06
1.395625807999999961e+06
1.605547118000000017e+06
1.424215898999999976e+06
1.398498797000000020e+06
1.282812526000000071e+06
1.663497591000000015e+06
1.424215898999999976e+06
1.325651953999999911e+06
1.121482730999999912e+06
1.448912787999999942e+06
1.580384310000000056e+06
1.475583959999999963e+06
1.504893658999999985e+06
1.342209965000000084e+06
1.398325641999999993e+06
1.633140790999999968e+06
1.325651953999999911e+06
1.663023593000000110e+06
1.456645760999999940e+06
1.571933942999999970e+06
1.711279296000000089e+06
1.323761899999999907e+06
1.218514767999999924e+06
1.275053080000000075e+06
1.330241862999999896e+06
1.586609712000000058e+06
1.197907348999999929e+06
1.455790235000000102e+06
1.049553303000000073e+06
1.446034752000000095e+06
1.614352273999999976e+06
1.501670904000000097e+06
1.615278560999999987e+06
1.663893077999999980e+06
1.881466367000000086e+06
1.471464077000000048e+06
1.228020317999999970e+06
1.899943168000000063e+06
1.464733165999999968e+06
1.661004010000000009e+06
1.485329851000000024e+06
1.096716593000000110e+06
1.618851142999999924e+06
1.406864752000000095e+06
1.332910416999999899e+06
1.602546672000000020e+06
1.389733425000000047e+06
1.445327382999999914e+06
1.620006600000000093e+06
1.423805421000000089e+06
1.897283168999999994e+06
1.572084254999999888e+06
1.569644108000000007e+06
1.432685041999999899e+06
1.621467882999999914e+06
1.520510607000000076e+06
1.387102428000000073e+06
1.436949347999999998e+06
1.544685577999999980e+06
1.122132290999999968e+06
1.732702929000000004e+06
1.346230513000000035e+06
1.684374691000000108e+06
1.354851602999999886e+06
1.392474436999999918e+06
1.415883833000000101e+06
1.060751861999999965e+06
1.217569679000000004e+06
1.299460546000000089e+06
1.459405385000000009e+06
1.181172958000000101e+06
1.502304131000000052e+06
1.547698337999999989e+06
1.500369685000000056e+06
1.610325379999999888e+06
1.415858193999999901e+06
1.825177621999999974e+06
1.449767963999999920e+06
1.278427537000000011e+06
1.548551162000000011e+06
1.520481321999999927e+06
1.061686060000000056e+06
1.432261384000000078e+06
1.429651516999999993e+06
1.571992611999999965e+06
1.094361117000000086e+06
1.411470570000000065e+06
1.265391033999999985e+06
1.321437804999999935e+06
1.091955611999999965e+06
1.638856894000000088e+06
1.058336764999999898e+06
1.097336962000000058e+06
1.212426385999999940e+06
1.691570537000000011e+06
1.347434977999999886e+06
1.611837281999999890e+06
1.623068331000000006e+06
1.861294276000000071e+06
1.513030651000000071e+06
1.353553121999999974e+06
1.399340534999999916e+06
1.391284316000000108e+06
1.698571388000000035e+06
1.696665036000000080e+06
1.500778226999999955e+06
1.442596370000000112e+06
1.725288073000000091e+06
9.697744174999999814e+05
1.531150953999999911e+06
1.308848919999999925e+06
9.904203758999999845e+05
1.643127385000000009e+06
1.618489760000000009e+06
1.516372047000000020e+06
1.016688020999999950e+06
1.107931793999999994e+06
1.741574918999999994e+06
1.534727159999999916e+06
1.229525128000000026e+06
1.648334445000000065e+06
1.290435945999999996e+06
1.557879372999999905e+06
1.383601182000000030e+06
1.438497176999999909e+06
1.463147520000000019e+06
1.740387506999999983e+06
1.442853655999999959e+06
1.394885085999999894e+06
1.506833682000000030e+06
1.565286172999999952e+06
1.021816346000000020e+06
1.637202374000000069e+06
1.560028797000000020e+06
1.388515419999999925e+06
1.305530642999999924e+06
1.077221808999999892e+06
1.614620716000000015e+06
1.740387506999999983e+06
1.930716313000000082e+06
1.583399679000000004e+06
1.514520945000000065e+06
1.601100141000000061e+06
1.296622102999999886e+06
1.419680936999999918e+06
1.586962237999999896e+06
1.477822135999999940e+06
1.618556124000000069e+06
1.409604760999999940e+06
1.688685147000000114e+06
1.305857591999999946e+06
1.346230513000000035e+06
1.486319137000000104e+06
1.174269243000000017e+06
1.312653560999999987e+06
1.406012247999999905e+06
1.023909172999999952e+06
1.261620875000000000e+06
1.276693193999999901e+06
1.374859266000000061e+06
1.582691662000000011e+06
1.571933942999999970e+06
1.614744679000000004e+06
1.207290952000000048e+06
1.582464070999999996e+06
1.499170972000000067e+06
1.000978540999999968e+06
1.727998658000000054e+06
1.526220921000000089e+06
1.502469324000000022e+06
1.446366742000000086e+06
1.254311681000000099e+06
1.454450509000000078e+06
1.514179943999999901e+06
1.435293148000000045e+06
1.421004050999999978e+06
1.208142168000000063e+06
1.629968303000000073e+06
1.522565033999999985e+06
1.467201007999999914e+06
1.504450462999999989e+06
1.487202540999999968e+06
1.390236600000000093e+06
1.656930129999999888e+06
1.316949416999999899e+06
1.606404107000000076e+06
1.118056672000000020e+06
1.481256135000000009e+06
1.502849571999999927e+06
1.860985449000000022e+06
1.722703104999999981e+06
1.304590145000000019e+06
1.605505632999999914e+06
1.685163422999999952e+06
1.282722911000000080e+06
1.635299145000000019e+06
1.565845458000000101e+06
1.452050754999999888e+06
1.499824527999999933e+06
1.687902181000000099e+06
1.463035129999999888e+06
1.256137570000000065e+06
1.701846495000000112e+06
1.521948916999999899e+06
1.544249135999999940e+06
1.775675588999999920e+06
1.585751087999999989e+06
1.407814581000000006e+06
1.357278141999999993e+06
9.225883342000000412e+05
8.560364028000000399e+05
1.311616448000000091e+06
1.560730540999999968e+06
1.010611961000000010e+06
1.652596375999999931e+06
1.737656979000000050e+06
1.652200895000000019e+06
1.292967388999999966e+06
1.651867882999999914e+06
1.814671949000000022e+06
1.369167529000000097e+06
1.465189260999999940e+06
1.459256692000000039e+06
9.846713734000000404e+05
1.653541652000000002e+06
1.639293370000000112e+06
1.465548111000000034e+06
1.570729762000000104e+06
1.366123875999999931e+06
1.127745054000000004e+06
1.305530642999999924e+06
1.443171695999999996e+06
1.366951320999999996e+06
1.481256135000000009e+06
1.492653514999999898e+06
1.251387743999999948e+06
1.392218435000000056e+06
1.704085553000000073e+06
1.292566294999999925e+06
1.552967831999999937e+06
1.435293148000000045e+06
1.226974382999999914e+06
1.620673824000000022e+06
1.078507594000000041e+06
1.412466793999999994e+06
1.502929182999999961e+06
1.705421816000000108e+06
1.727430952999999980e+06
1.607516557000000030e+06
1.262980472999999998e+06
1.323830209000000032e+06
1.500443110000000102e+06
1.437309414000000106e+06
1.683339395999999950e+06
1.293505195000000065e+06
1.551414649999999907e+06
9.358114516999999760e+05
1.223882162000000011e+06
1.038401167999999947e+06
1.639057924000000115e+06
1.101828747999999905e+06
1.350231485000000102e+06
1.625136448000000091e+06
1.573537138999999966e+06
1.326586245000000112e+06
1.074731503000000026e+06
1.570729762000000104e+06
1.485755097000000067e+06
1.388706334000000032e+06
1.556189198000000091e+06
1.344350482000000076e+06
1.746414343000000110e+06
1.318714377000000095e+06
1.557066983999999939e+06
1.427636459000000032e+06
1.137428614999999991e+06
1.635604064000000013e+06
1.280549495000000112e+06
1.488944421000000089e+06
1.476163502000000095e+06
1.477445763999999966e+06
1.420885810999999987e+06
1.383305574000000022e+06
1.490056992000000086e+06
1.805015324999999953e+06
1.909927074999999953e+06
1.446117159999999916e+06
1.385483075999999885e+06
1.259904314000000013e+06
1.598101743999999948e+06
1.406751638999999966e+06
1.551546037000000011e+06
1.423619121000000043e+06
1.665627816000000108e+06
1.381597530999999959e+06
1.423644918000000063e+06
1.479700716999999946e+06
1.592274253000000026e+06
1.020203462000000058e+06
1.407797722999999998e+06
1.262402306000000099e+06
1.549361003000000026e+06
1.410973229000000050e+06
1.402237997999999905e+06
1.358907789000000106e+06
1.254167479999999981e+06
1.243808608999999939e+06
1.686083705000000075e+06
1.421368408000000054e+06
1.407922406999999890e+06
1.575397497999999905e+06
1.409086256000000052e+06
1.233904666999999899e+06
1.738081307999999961e+06
1.354851602999999886e+06
1.399233780000000028e+06
1.515377073000000091e+06
1.207213807000000030e+06
1.502929182999999961e+06
1.461593668999999994e+06
1.291897405999999959e+06
1.314061720999999903e+06
1.476067635999999940e+06
1.352572526000000071e+06
1.715676679000000004e+06
1.556758608000000007e+06
1.634620807000000030e+06
1.290519509000000078e+06
1.590060955000000075e+06
1.670653952000000048e+06
1.464619614000000060e+06
1.518955138000000035e+06
1.141149418999999994e+06
1.197907348999999929e+06
1.835091955000000075e+06
1.590837060999999987e+06
1.349238093000000110e+06
1.471855435999999987e+06
1.600119845999999903e+06
1.083772418000000063e+06
1.577540743000000017e+06
1.635604064000000013e+06
1.250564281999999890e+06
1.289566823000000091e+06
1.335388773999999976e+06
1.477904597999999998e+06
1.291725340000000084e+06
1.361368172000000020e+06
1.869465121000000043e+06
1.589761179000000004e+06
1.139865368999999948e+06
1.589007442999999970e+06
1.429651516999999993e+06
1.624073726999999955e+06
1.584908916999999899e+06
1.453804462000000058e+06
1.480768918999999994e+06
1.182697307999999961e+06
1.109430324000000022e+06
1.273974391000000061e+06
1.461791218000000110e+06
1.440223229999999981e+06
1.451337230999999912e+06
1.094461527999999933e+06
1.419877926999999909e+06
1.021177511000000057e+06
6.605627719999999972e+05
1.566083151000000071e+06
1.831637946999999927e+06
1.661827950999999885e+06
1.406075276000000071e+06
1.461813577999999980e+06
1.372366056000000099e+06
1.463888179999999935e+06
1.520865081999999937e+06
1.280150252000000095e+06
1.546501718000000110e+06
1.814671949000000022e+06
1.549432837999999989e+06
1.435450614999999991e+06
1.319639763999999966e+06
1.402000885999999940e+06
1.340504850000000093e+06
1.530944111999999965e+06
1.149988000000000000e+06
1.218251520999999950e+06
1.826321725000000093e+06
1.307201739000000060e+06
1.316351543999999994e+06
1.504888946999999927e+06
1.344350482000000076e+06
1.492725095999999903e+06
1.232100155999999959e+06
1.548682504999999888e+06
1.368990321999999927e+06
1.460573046000000089e+06
1.489814107000000076e+06
1.463067351999999955e+06
1.531731473999999929e+06
1.583013772000000114e+06
1.741038510000000009e+06
1.435450614999999991e+06
1.493676885000000009e+06
1.573296723999999929e+06
1.542194756000000052e+06
1.578796879999999888e+06
1.089426791999999899e+06
1.539707311999999918e+06
1.502438243999999948e+06
