-3.183723393976554683e-01
-8.899630482790725772e-01
1.287315874203086130e+00
9.074591960729079532e-02
4.273313677101066577e-01
-8.221912798666104472e-01
6.367654461931261389e-01
7.719193937410216977e-01
4.127383740966861919e-02
-1.595837089336856751e+00
7.902396228884972507e-01
-1.828057660807704543e-01
-1.707753017681971519e+00
-9.551244719216865631e-02
7.357739267533617289e-01
-4.883653729384508368e-01
3.116772291805666728e-01
-1.037777644452783088e+00
-5.262943548042976483e-01
-1.834412772018968740e-01
9.194632923063304764e-02
2.657425100119606420e-01
1.001414004251649059e+00
-1.161383315685094342e+00
6.184964053694507191e-01
1.578013435819708710e-01
-3.466911428466663836e-02
6.252057814937027613e-01
1.479975378834011979e-01
8.855858284244774170e-01
-9.089134786018602252e-01
-9.022712691685189634e-01
2.550889634301989894e-01
6.847355831259037684e-01
-1.011348696151650496e-02
-4.599190703780946521e-01
-5.234515787314604207e-01
8.927576556342542435e-01
2.164498268155442828e-01
2.938335269068583222e-01
-7.610128157717385156e-01
-2.927773516208083127e-01
4.745666698647181270e-01
1.738154821813502338e-01
3.541706523576967913e-01
1.296321983298981406e-01
8.379959245303816306e-01
3.203468254429660961e-02
-5.197826833031514715e-01
-1.047221601552959402e+00
-6.039566443893782388e-01
-4.517943346858476761e-01
7.998852734773934658e-01
-9.273850077534617764e-01
9.499826668762928472e-02
-1.906267967575263400e+00
1.147647044266416172e+00
6.954441062009463215e-01
6.474478756967695370e-01
6.767706309647140983e-02
3.812117220103714565e-01
1.184998673072247266e+00
-5.110176240560998506e-01
-4.982102320990702271e-01
2.374795523765071081e+00
1.210780349574109183e+00
2.635314882329506947e-01
3.265804712445583569e-01
-1.423409781269920016e+00
9.879060973501720966e-01
-2.573566998636131475e-01
-4.544944182415843192e-01
-9.559116318582130609e-03
-2.489350787068488335e-01
-2.672398845883689790e-03
7.647663405655269475e-01
-2.199942828938503681e-01
1.144507744653016079e+00
1.140501185917363935e+00
5.713837937877833673e-01
3.513812664760277427e-01
6.955880832885171783e-01
4.667508497517453003e-01
-1.162707578946942516e-01
-4.402008374504632476e-02
4.930706502667484559e-01
-1.497681797910857204e+00
1.695100477007859707e+00
-9.689223062049258095e-01
4.096487072255066697e-01
2.753179918122685144e-01
-9.920635601291476202e-02
-1.778881075791239053e-01
-6.788683491423269656e-01
-1.198939749138528299e+00
-2.642497214714518150e-01
-1.393346209612939812e-01
-8.422760403537044027e-01
3.547225753044953578e-01
-2.658280201286158939e-01
-6.553650414853939843e-02
2.955378178184356885e-01
-2.534663995850702789e-02
1.068296613743656254e+00
1.707427377258041072e-03
-3.685145762597860641e-02
-3.073742655596632956e-01
4.683201137754989807e-01
-8.006725160728770385e-01
-2.342629361962019208e-01
7.228417443409673737e-01
-5.991851072679964252e-02
-1.049581883077132183e+00
-1.431063610144843734e-01
-6.093604116508479773e-01
-8.621126949402379003e-01
-6.002985222476188154e-01
1.099108761180902283e+00
-1.107507991451391449e+00
-1.843596407169637796e+00
-1.041996215377003487e+00
1.653125362020809952e+00
7.385990364681601639e-01
1.309589270240491543e-01
2.234393740918914628e-01
1.395156364581433550e+00
6.753699301906087582e-01
-4.400598996883733904e-01
-2.904537020237514255e-01
-3.924317128473847616e-01
5.141496045810656224e-02
4.179580242754711850e-01
-2.902742799600558921e-01
-2.111040473369844295e-01
9.903498593483214818e-02
-2.381368776210377458e+00
-1.786350902942152388e-02
-2.096197532329520108e-01
-2.359694765197719590e+00
2.236401805718822300e-01
6.634431643077297602e-01
-3.758891893309999621e-01
-8.977305345357575739e-01
-1.652589992542371489e+00
6.439047225418884635e-01
6.139790640710494074e-01
5.181956955629540840e-02
3.226987128147822959e-01
-9.972730966116446494e-01
-2.774905318612250205e-01
-2.910308779722929340e-01
-5.653603979364143495e-01
6.386848193757280190e-02
1.670873725436316626e+00
1.152149126443955535e-01
-1.497256897490259822e-02
6.551302388941517840e-01
-6.852285796513719884e-02
-2.062119133545418315e+00
-1.151242879467835323e-01
-2.926139282927616159e-01
-2.924993774725875850e-01
1.047023334426051139e-01
-6.985481105209464525e-01
-1.887323565427195815e-01
1.849416903876924589e+00
1.354855070671233230e+00
-9.897987696332281871e-02
-5.488131345419111629e-01
-7.098790923730360913e-02
-6.880863513757937699e-01
8.340828264347780463e-01
-2.179535506860050265e-01
-4.422043906998451845e-01
1.332587288098309730e-01
3.938759850816743457e-02
3.699569301762974938e-01
-6.781374562311101029e-01
-7.578330815190575942e-01
2.895301646967879949e-01
-1.154874493060074725e+00
-5.646238475304491411e-01
-4.191183374054904820e-01
-9.964977159685992625e-01
-4.041267365982224025e-01
-5.331550539085054830e-01
-5.773213722257044545e-01
1.394787840627834397e-01
6.371456792318005435e-01
-1.260947445029272362e-01
-1.051979061473387267e+00
1.168918958772443562e-01
-4.838606059276219784e-01
-1.110468035713471524e+00
2.354409902600288707e+00
6.399988992072506155e-01
-2.837232753796708473e-01
1.054227456787186323e+00
-1.396777757056979485e+00
-1.579093704529182518e-01
2.243845941716673953e-01
6.374536682689141420e-02
-4.967374978662736362e-02
-1.057308041328150816e+00
8.522089859515109556e-01
-3.034179735530531663e-01
6.163052367093783124e-01
-4.838434952333626332e-02
5.862586564725472682e-01
-3.298160609122551823e-01
3.313412963240292552e-01
-5.112898806717324218e-01
2.774215792779988199e-02
-3.116806555691210567e-01
1.260251907544889693e+00
-2.880911326135744965e-01
3.056432410272096889e-01
4.838295315374105399e-01
5.640846828764629894e-02
1.271503711227426892e-01
4.139174466328964241e-01
-6.955179498400998472e-01
4.886525903341209509e-01
4.519461785903261530e-01
-1.632404511136274494e-01
3.691340190722306458e-01
-2.290499326448078646e-02
-5.114235887585940610e-01
2.229739181804761272e-01
-4.891660631079360576e-03
4.333652075452561481e-01
7.269718271519687303e-02
1.642475104611115511e-01
-2.121421109427629459e-01
-1.976030677803962132e-01
-3.514731095842911768e-01
-2.848815648735644412e+00
-1.804686333168041390e+00
4.570250075341469320e-01
5.713178667417136980e-01
-2.145579858177850241e+00
1.273468958594301537e+00
7.459334589637767188e-01
9.125269867514789190e-01
-7.030365311466025835e-01
-1.132803805115550622e-01
2.366264824774351627e+00
-3.601128116825149106e-01
-1.701619481366757614e-01
1.223652204882831329e-01
-1.394156977022217525e+00
3.577851089809553353e-01
2.143918242173395161e-01
9.762534524742937092e-02
5.962609403447951539e-01
-1.175091928273706232e+00
-1.438492896082758987e+00
-1.258997307326926440e-01
-4.319070395947860463e-02
-2.251501038567524926e-01
1.079024444375465519e+00
-4.615307521655555023e-01
-6.719209184610126506e-01
-8.532504689508987328e-01
5.934892233236651604e-01
-7.674021168691229633e-01
7.341379490557907728e-01
-1.768921012560174255e-01
-1.012577021439094338e+00
1.253054183210150496e+00
-1.768291074930751439e+00
-2.521978997317791404e-01
1.810334019257865135e-01
5.762795054408897943e-01
6.403996806415541698e-01
-1.963272514374082151e-02
3.409845236474959296e-01
-5.149066776195664330e-01
-8.384807220936743577e-02
-1.810805927868033849e-01
1.086634261443625737e+00
-7.053343953727583271e-01
-7.750141771266545743e-02
-2.755801917270917389e+00
-4.487269548807170660e-01
-8.294319402222615212e-01
4.913398881651772632e-01
-1.249136993192548006e+00
-1.119403081712584180e+00
1.302483299696277630e-01
1.390727679521403803e-01
-5.711210019950884176e-01
-7.427367593173377358e-01
7.721370553012053550e-01
5.364531358059491106e-01
-2.858160517899894781e-01
-2.174438928249863012e-01
2.351571828382322538e-01
1.384284861236527941e+00
-4.793517419171745564e-01
5.703279405212671183e-01
4.581137773762390952e-01
-1.527748902298365463e+00
1.206048107390154778e+00
-6.708071095100704984e-01
2.760350398696792551e-01
4.855718705463912821e-02
-1.154964498430956776e-01
-2.467197424704924494e-02
-1.076784500712854309e-01
3.555284670141810044e-01
8.495438219992156315e-01
1.259195566298038305e+00
-1.764519620266135069e-01
-2.543442109517525251e-01
2.591938671447098774e-01
7.460922858911887834e-02
2.159442709372181787e-02
9.216990319522172515e-01
4.122853960108714411e-01
-4.972276349454599759e-02
-3.312706542950030197e-01
-8.309280773827116828e-01
9.557820399659368305e-02
7.760317670003762380e-01
-8.627963525230472053e-01
-2.243895691212308696e-01
-8.651776439926659457e-01
-2.941291015006657350e-01
-2.729672988959033764e-01
-6.196822106452380963e-01
-5.490435417269419194e-01
-4.039514548641952585e-01
1.629248605764261615e-01
3.885302619010724823e-01
1.218567367834233611e-01
-6.429064532012856992e-01
-6.692218856828588414e-02
-3.361102869689059913e-01
1.506418577258726577e-01
6.806175206136959588e-01
1.229748426770282677e-01
3.191594564411470714e-01
-3.315556927938245746e-02
-1.897356142527179657e+00
4.219698004527873136e-01
3.964748042163601105e-01
4.484630872684367553e-01
-4.327113826945656050e-01
5.693795742423669592e-01
8.437029177084031106e-01
5.284161541907272941e-01
-2.123080478582635988e-01
2.501903465565754603e-01
-1.516574375022098353e+00
1.685805659121189237e-01
2.754889520952826798e-01
8.250421829925058681e-02
-4.867553437612139322e-01
-9.009302359402374671e-01
-1.125878982650667659e+00
1.527753143005203595e+00
1.418345526839642767e-01
2.162702188338673781e-01
7.178114313444198258e-01
7.870484698363540421e-02
-1.708701926653332981e+00
1.101884062940592157e+00
9.949588827042865624e-01
-1.551880662980366088e+00
5.147387763921433823e-01
-7.195436212661879272e-02
-1.144904862448903882e-01
4.116981290260836590e-01
-2.538923746871915577e-01
1.103412359078846272e+00
-7.752182705840797439e-02
-9.611387868352945230e-01
7.605386600365189320e-01
9.236919896395409113e-01
1.539300826049709858e-01
9.517383293297053404e-02
-6.081827183196478748e-01
1.839629577673106975e-01
-5.698248516445483802e-02
-5.546837128867356803e-01
2.925041096800038432e-01
-1.057040784183125304e-01
-2.069921511335666153e-01
1.155892771927018892e+00
-4.222957320771995593e-01
-6.637638184241298478e-02
-9.272090968839844516e-01
-2.533798722340496301e+00
4.896853276032843705e-01
1.000535455133093166e+00
1.313667721541296851e+00
-2.667458807830050405e-01
-6.506774815993273675e-01
5.161918924963417865e-01
1.776774584780923538e-01
4.066520587643122076e-01
-6.006508342338700013e-01
-2.652272599737799386e-01
2.125328426247350411e+00
-2.736513991784553790e-01
-3.925377972728544829e-01
-8.834039785461503813e-01
-5.483647954068874425e-02
2.447275891639860701e-01
7.838453594358708587e-01
-3.266753978429474681e-01
-1.055792378832179024e+00
1.046039048036351282e+00
-8.706215113741813116e-01
-2.706802353575760503e-02
-3.611062677056806614e-01
4.572731366749140935e-01
-4.364551938538233644e-01
-5.891424273214417306e-01
3.774344488206998194e-01
2.088321757645551779e-01
1.542047626952600392e-01
5.700712570803404544e-01
-2.077654745953372642e-02
1.599273699097012003e+00
-2.748837850027107121e-01
5.865203160125792570e-01
-2.297386810680782099e-01
1.934689242455583658e-01
-1.022433957411088140e-01
-1.144660622641991005e-01
6.489278110126635024e-01
-6.319833550507113484e-01
-2.615968331640972089e-01
3.180097901667364169e-01
