2.971000000000000085e+00
2.920999999999999819e+00
2.895999999999999908e+00
2.494000000000000217e+00
2.559000000000000163e+00
2.709000000000000075e+00
3.039000000000000146e+00
3.112000000000000099e+00
2.987000000000000099e+00
2.855999999999999872e+00
2.843999999999999861e+00
3.011000000000000121e+00
2.907999999999999918e+00
2.869000000000000217e+00
2.785000000000000142e+00
2.915999999999999925e+00
2.854000000000000092e+00
3.028000000000000025e+00
2.492999999999999883e+00
2.173000000000000043e+00
2.648000000000000131e+00
2.572000000000000064e+00
3.109999999999999876e+00
2.750999999999999890e+00
3.009999999999999787e+00
2.613999999999999879e+00
2.903999999999999915e+00
2.956999999999999851e+00
2.883999999999999897e+00
2.943000000000000060e+00
2.262000000000000011e+00
2.702999999999999847e+00
3.068000000000000060e+00
2.943000000000000060e+00
2.948999999999999844e+00
2.898000000000000131e+00
2.535000000000000142e+00
2.815999999999999837e+00
2.621999999999999886e+00
3.315999999999999837e+00
2.967000000000000082e+00
2.830000000000000071e+00
2.145000000000000018e+00
2.948999999999999844e+00
2.701999999999999957e+00
3.172000000000000153e+00
3.220000000000000195e+00
2.713999999999999968e+00
2.911000000000000032e+00
2.842000000000000082e+00
2.713999999999999968e+00
2.991999999999999993e+00
2.954000000000000181e+00
2.789000000000000146e+00
2.898000000000000131e+00
2.678999999999999826e+00
3.137000000000000011e+00
2.987000000000000099e+00
3.017999999999999794e+00
1.949000000000000066e+00
3.075000000000000178e+00
3.095000000000000195e+00
3.036999999999999922e+00
2.758000000000000007e+00
2.822999999999999954e+00
3.052999999999999936e+00
3.025999999999999801e+00
2.774999999999999911e+00
2.806999999999999940e+00
3.299999999999999822e+00
2.742999999999999883e+00
2.858999999999999986e+00
2.633000000000000007e+00
2.657000000000000028e+00
2.572000000000000064e+00
3.044000000000000039e+00
2.962000000000000188e+00
2.928999999999999826e+00
2.799999999999999822e+00
3.049999999999999822e+00
3.140000000000000124e+00
3.266000000000000014e+00
2.853000000000000203e+00
2.729000000000000092e+00
3.202999999999999847e+00
2.664000000000000146e+00
2.887999999999999901e+00
2.596999999999999975e+00
2.004999999999999893e+00
3.205999999999999961e+00
2.842000000000000082e+00
3.177999999999999936e+00
2.745000000000000107e+00
2.907999999999999918e+00
2.810000000000000053e+00
2.863999999999999879e+00
2.815999999999999837e+00
3.000999999999999890e+00
2.293000000000000149e+00
2.861000000000000210e+00
2.802999999999999936e+00
2.476999999999999869e+00
2.956999999999999851e+00
2.923000000000000043e+00
2.995000000000000107e+00
2.876999999999999780e+00
2.759999999999999787e+00
2.725999999999999979e+00
2.770000000000000018e+00
2.579000000000000181e+00
3.049999999999999822e+00
2.696000000000000174e+00
2.750000000000000000e+00
3.020000000000000018e+00
2.721000000000000085e+00
3.047000000000000153e+00
3.068999999999999950e+00
2.626999999999999780e+00
3.009999999999999787e+00
2.793000000000000149e+00
2.690999999999999837e+00
2.853000000000000203e+00
2.859999999999999876e+00
2.873000000000000220e+00
2.689999999999999947e+00
3.020999999999999908e+00
3.005999999999999783e+00
3.045999999999999819e+00
2.696000000000000174e+00
2.883000000000000007e+00
2.982000000000000206e+00
3.217999999999999972e+00
2.806999999999999940e+00
2.704000000000000181e+00
2.853000000000000203e+00
2.795999999999999819e+00
3.161000000000000032e+00
3.071000000000000174e+00
2.652000000000000135e+00
2.798999999999999932e+00
3.228000000000000203e+00
2.861000000000000210e+00
2.568999999999999950e+00
2.847999999999999865e+00
2.721999999999999975e+00
2.559000000000000163e+00
3.037999999999999812e+00
2.942000000000000171e+00
2.883000000000000007e+00
2.850999999999999979e+00
2.862000000000000099e+00
2.944999999999999840e+00
2.660000000000000142e+00
2.242999999999999883e+00
2.646999999999999797e+00
2.326999999999999957e+00
2.713999999999999968e+00
2.673000000000000043e+00
2.927000000000000046e+00
2.234999999999999876e+00
2.967000000000000082e+00
2.810999999999999943e+00
2.810999999999999943e+00
2.746999999999999886e+00
2.835999999999999854e+00
2.242999999999999883e+00
2.815999999999999837e+00
2.825000000000000178e+00
2.141999999999999904e+00
2.859999999999999876e+00
2.694999999999999840e+00
3.041999999999999815e+00
3.016999999999999904e+00
2.911999999999999922e+00
2.934000000000000163e+00
2.483999999999999986e+00
2.709000000000000075e+00
2.720000000000000195e+00
2.004999999999999893e+00
2.770000000000000018e+00
2.946000000000000174e+00
3.116000000000000103e+00
2.911000000000000032e+00
1.985000000000000098e+00
2.823999999999999844e+00
2.649999999999999911e+00
2.814999999999999947e+00
2.866000000000000103e+00
3.220000000000000195e+00
2.946000000000000174e+00
2.637999999999999901e+00
2.798999999999999932e+00
2.841000000000000192e+00
2.894000000000000128e+00
2.886000000000000121e+00
2.568000000000000060e+00
2.617999999999999883e+00
2.943999999999999950e+00
3.068999999999999950e+00
2.942000000000000171e+00
2.883999999999999897e+00
2.551000000000000156e+00
2.802000000000000046e+00
2.577999999999999847e+00
3.068999999999999950e+00
2.939000000000000057e+00
2.746999999999999886e+00
2.983000000000000096e+00
3.073999999999999844e+00
2.825000000000000178e+00
3.000000000000000000e+00
2.483000000000000096e+00
2.759999999999999787e+00
3.116000000000000103e+00
3.017999999999999794e+00
2.766000000000000014e+00
2.806999999999999940e+00
2.811999999999999833e+00
2.942000000000000171e+00
2.561999999999999833e+00
2.869000000000000217e+00
2.849000000000000199e+00
2.741000000000000103e+00
2.814999999999999947e+00
2.649999999999999911e+00
2.834999999999999964e+00
2.625000000000000000e+00
2.665000000000000036e+00
2.859999999999999876e+00
2.815999999999999837e+00
3.125000000000000000e+00
2.676000000000000156e+00
2.927999999999999936e+00
2.778999999999999915e+00
2.842999999999999972e+00
2.891000000000000014e+00
2.934000000000000163e+00
2.821000000000000174e+00
3.041999999999999815e+00
2.873000000000000220e+00
3.246999999999999886e+00
3.040999999999999925e+00
2.673000000000000043e+00
3.061999999999999833e+00
2.681999999999999940e+00
3.028999999999999915e+00
2.991000000000000103e+00
2.802999999999999936e+00
3.079000000000000181e+00
2.855999999999999872e+00
2.556999999999999940e+00
2.955000000000000071e+00
2.928999999999999826e+00
3.120999999999999996e+00
2.928999999999999826e+00
2.898000000000000131e+00
2.846999999999999975e+00
2.810999999999999943e+00
2.837000000000000188e+00
2.983999999999999986e+00
3.017999999999999794e+00
2.948999999999999844e+00
2.928999999999999826e+00
2.770999999999999908e+00
2.873000000000000220e+00
3.004000000000000004e+00
2.886000000000000121e+00
2.551000000000000156e+00
3.048000000000000043e+00
3.109999999999999876e+00
2.966000000000000192e+00
2.778999999999999915e+00
2.770999999999999908e+00
2.955000000000000071e+00
3.439000000000000057e+00
3.222999999999999865e+00
2.733000000000000096e+00
2.620000000000000107e+00
2.971999999999999975e+00
2.891000000000000014e+00
2.951000000000000068e+00
2.680000000000000160e+00
3.103000000000000203e+00
2.684000000000000163e+00
2.892999999999999794e+00
2.955999999999999961e+00
2.817000000000000171e+00
2.794000000000000039e+00
2.777000000000000135e+00
2.281000000000000139e+00
2.758000000000000007e+00
3.005999999999999783e+00
2.629000000000000004e+00
2.928999999999999826e+00
2.459000000000000075e+00
2.841000000000000192e+00
3.128000000000000114e+00
3.104000000000000092e+00
2.971000000000000085e+00
2.938000000000000167e+00
2.716000000000000192e+00
2.557999999999999829e+00
2.850000000000000089e+00
2.346000000000000085e+00
2.648000000000000131e+00
3.020999999999999908e+00
3.190999999999999837e+00
2.911000000000000032e+00
2.995999999999999996e+00
2.750999999999999890e+00
2.831999999999999851e+00
2.460999999999999854e+00
2.974000000000000199e+00
2.984999999999999876e+00
2.930000000000000160e+00
2.904999999999999805e+00
2.708000000000000185e+00
2.955999999999999961e+00
2.827999999999999847e+00
2.943000000000000060e+00
3.057999999999999829e+00
3.000999999999999890e+00
3.015000000000000124e+00
3.129999999999999893e+00
2.955000000000000071e+00
2.806000000000000050e+00
3.025999999999999801e+00
3.220000000000000195e+00
2.954000000000000181e+00
2.899999999999999911e+00
2.790000000000000036e+00
2.693999999999999950e+00
2.979999999999999982e+00
2.883999999999999897e+00
2.750999999999999890e+00
2.745000000000000107e+00
3.063000000000000167e+00
3.033999999999999808e+00
3.138999999999999790e+00
2.806999999999999940e+00
2.986000000000000210e+00
2.842000000000000082e+00
2.807999999999999829e+00
2.717999999999999972e+00
3.103000000000000203e+00
2.770999999999999908e+00
2.633999999999999897e+00
2.722999999999999865e+00
2.520999999999999908e+00
2.749000000000000110e+00
2.963000000000000078e+00
2.763999999999999790e+00
3.136000000000000121e+00
2.869000000000000217e+00
2.446000000000000174e+00
2.833000000000000185e+00
3.100000000000000089e+00
2.950000000000000178e+00
2.858999999999999986e+00
2.837000000000000188e+00
2.789000000000000146e+00
2.932999999999999829e+00
2.850999999999999979e+00
2.782000000000000028e+00
2.693000000000000060e+00
2.162999999999999812e+00
2.839999999999999858e+00
2.920999999999999819e+00
2.346000000000000085e+00
2.721000000000000085e+00
2.710999999999999854e+00
2.758000000000000007e+00
2.903999999999999915e+00
3.064000000000000057e+00
3.047000000000000153e+00
2.729999999999999982e+00
2.790000000000000036e+00
2.843999999999999861e+00
2.980999999999999872e+00
3.049999999999999822e+00
3.000000000000000000e+00
3.212000000000000188e+00
2.975999999999999979e+00
2.298999999999999932e+00
3.000999999999999890e+00
2.674999999999999822e+00
2.930000000000000160e+00
2.212000000000000188e+00
2.899000000000000021e+00
2.971999999999999975e+00
2.753000000000000114e+00
2.922000000000000153e+00
2.771999999999999797e+00
2.645000000000000018e+00
3.056000000000000050e+00
2.984999999999999876e+00
2.891999999999999904e+00
2.754999999999999893e+00
2.813000000000000167e+00
2.871999999999999886e+00
2.592999999999999972e+00
2.895000000000000018e+00
2.999000000000000110e+00
3.107000000000000206e+00
2.991000000000000103e+00
2.906000000000000139e+00
2.995000000000000107e+00
2.741000000000000103e+00
2.850000000000000089e+00
2.778999999999999915e+00
2.801000000000000156e+00
2.975000000000000089e+00
2.847999999999999865e+00
2.795999999999999819e+00
2.725000000000000089e+00
2.971000000000000085e+00
2.813000000000000167e+00
3.104000000000000092e+00
2.954000000000000181e+00
2.888999999999999790e+00
3.083000000000000185e+00
2.963999999999999968e+00
3.000999999999999890e+00
2.786000000000000032e+00
2.950000000000000178e+00
2.459000000000000075e+00
2.682999999999999829e+00
3.245999999999999996e+00
2.995000000000000107e+00
2.975999999999999979e+00
2.831999999999999851e+00
2.786999999999999922e+00
3.053999999999999826e+00
2.891999999999999904e+00
2.841000000000000192e+00
3.059000000000000163e+00
