2.197000000000000064e+00
3.089999999999999858e+00
2.777000000000000135e+00
3.081999999999999851e+00
2.766000000000000014e+00
2.750999999999999890e+00
3.137999999999999901e+00
2.754000000000000004e+00
2.596999999999999975e+00
2.938000000000000167e+00
2.883000000000000007e+00
2.248000000000000220e+00
2.866999999999999993e+00
2.664000000000000146e+00
2.767999999999999794e+00
2.654999999999999805e+00
3.245999999999999996e+00
2.751999999999999780e+00
2.976999999999999869e+00
2.751999999999999780e+00
2.958000000000000185e+00
2.564999999999999947e+00
2.802999999999999936e+00
2.846000000000000085e+00
2.911000000000000032e+00
2.402000000000000135e+00
2.787999999999999812e+00
2.865000000000000213e+00
2.915000000000000036e+00
1.901000000000000023e+00
3.121999999999999886e+00
2.862000000000000099e+00
2.866999999999999993e+00
3.000999999999999890e+00
2.779999999999999805e+00
2.694999999999999840e+00
2.830999999999999961e+00
3.134999999999999787e+00
3.024999999999999911e+00
2.865000000000000213e+00
2.900999999999999801e+00
2.946000000000000174e+00
2.853000000000000203e+00
3.045999999999999819e+00
2.750999999999999890e+00
2.883000000000000007e+00
2.924999999999999822e+00
2.838999999999999968e+00
2.950000000000000178e+00
2.813000000000000167e+00
2.995000000000000107e+00
2.765000000000000124e+00
3.044999999999999929e+00
2.883999999999999897e+00
2.971000000000000085e+00
3.125999999999999890e+00
2.853000000000000203e+00
3.123000000000000220e+00
2.983999999999999986e+00
3.003000000000000114e+00
3.153999999999999915e+00
2.983000000000000096e+00
3.307999999999999829e+00
2.834000000000000075e+00
2.939000000000000057e+00
3.060000000000000053e+00
3.105999999999999872e+00
2.634999999999999787e+00
2.734999999999999876e+00
2.859999999999999876e+00
2.741999999999999993e+00
2.654999999999999805e+00
2.818000000000000060e+00
2.984999999999999876e+00
2.939000000000000057e+00
2.827999999999999847e+00
2.657999999999999918e+00
2.460999999999999854e+00
2.769000000000000128e+00
2.063000000000000167e+00
2.911000000000000032e+00
2.959000000000000075e+00
2.755999999999999783e+00
2.875000000000000000e+00
2.770999999999999908e+00
2.956999999999999851e+00
2.962000000000000188e+00
2.613999999999999879e+00
2.763999999999999790e+00
2.745000000000000107e+00
2.766000000000000014e+00
2.673999999999999932e+00
2.061999999999999833e+00
2.483000000000000096e+00
2.782000000000000028e+00
2.446000000000000174e+00
2.924999999999999822e+00
2.763999999999999790e+00
2.138999999999999790e+00
2.931000000000000050e+00
2.916999999999999815e+00
3.278000000000000025e+00
2.818999999999999950e+00
2.708000000000000185e+00
3.201999999999999957e+00
2.721999999999999975e+00
2.810000000000000053e+00
2.089999999999999858e+00
2.673999999999999932e+00
2.567000000000000171e+00
