3.232000000000000206e+00
3.072000000000000064e+00
3.060999999999999943e+00
3.237999999999999989e+00
2.811999999999999833e+00
3.133999999999999897e+00
3.504999999999999893e+00
3.020999999999999908e+00
3.367999999999999883e+00
3.035000000000000142e+00
2.954000000000000181e+00
3.221000000000000085e+00
3.068999999999999950e+00
2.793000000000000149e+00
3.020999999999999908e+00
3.061999999999999833e+00
3.670999999999999819e+00
3.365000000000000213e+00
3.116000000000000103e+00
2.911000000000000032e+00
3.107000000000000206e+00
2.888999999999999790e+00
3.176000000000000156e+00
3.020000000000000018e+00
3.132000000000000117e+00
3.023000000000000131e+00
3.205000000000000071e+00
2.978000000000000203e+00
3.060999999999999943e+00
2.932999999999999829e+00
3.305000000000000160e+00
3.306999999999999940e+00
3.495999999999999996e+00
3.237999999999999989e+00
3.125000000000000000e+00
3.161000000000000032e+00
3.137000000000000011e+00
3.270999999999999908e+00
3.370999999999999996e+00
3.056000000000000050e+00
2.939999999999999947e+00
3.363999999999999879e+00
3.392999999999999794e+00
3.422000000000000153e+00
3.120000000000000107e+00
3.593999999999999861e+00
3.194999999999999840e+00
3.366000000000000103e+00
3.323999999999999844e+00
3.064000000000000057e+00
2.902000000000000135e+00
3.516000000000000014e+00
3.165999999999999925e+00
3.036000000000000032e+00
3.487999999999999989e+00
3.387000000000000011e+00
2.825000000000000178e+00
3.431999999999999940e+00
3.411000000000000032e+00
3.467999999999999972e+00
3.180000000000000160e+00
3.055000000000000160e+00
3.185000000000000053e+00
3.037999999999999812e+00
3.178999999999999826e+00
3.338999999999999968e+00
3.017999999999999794e+00
2.753000000000000114e+00
2.846999999999999975e+00
3.080000000000000071e+00
2.966000000000000192e+00
2.903999999999999915e+00
3.255999999999999783e+00
3.240000000000000213e+00
3.123000000000000220e+00
2.813000000000000167e+00
2.754999999999999893e+00
2.737999999999999989e+00
3.125999999999999890e+00
3.189999999999999947e+00
3.382000000000000117e+00
3.209000000000000075e+00
3.228000000000000203e+00
3.080999999999999961e+00
3.031000000000000139e+00
3.682999999999999829e+00
3.161000000000000032e+00
2.986000000000000210e+00
3.111000000000000210e+00
2.781000000000000139e+00
2.952999999999999847e+00
2.999000000000000110e+00
2.995999999999999996e+00
2.762999999999999901e+00
2.955000000000000071e+00
2.875999999999999890e+00
3.157000000000000028e+00
3.000000000000000000e+00
3.285000000000000142e+00
3.306999999999999940e+00
3.120999999999999996e+00
3.537999999999999812e+00
2.943999999999999950e+00
3.225999999999999979e+00
3.297000000000000153e+00
3.176000000000000156e+00
3.129000000000000004e+00
3.205999999999999961e+00
2.821000000000000174e+00
2.975000000000000089e+00
