3.317000000000000171e+00
3.150999999999999801e+00
2.870000000000000107e+00
3.001999999999999780e+00
2.862000000000000099e+00
2.607000000000000206e+00
3.000000000000000000e+00
3.004000000000000004e+00
2.987999999999999989e+00
2.819999999999999840e+00
2.638999999999999790e+00
2.736000000000000210e+00
2.931999999999999940e+00
2.758999999999999897e+00
2.846999999999999975e+00
3.250999999999999890e+00
3.536999999999999922e+00
2.741999999999999993e+00
2.709000000000000075e+00
3.224000000000000199e+00
3.048000000000000043e+00
2.736000000000000210e+00
2.696000000000000174e+00
2.932999999999999829e+00
3.013999999999999790e+00
2.693000000000000060e+00
3.059000000000000163e+00
2.978000000000000203e+00
2.920999999999999819e+00
3.028000000000000025e+00
2.890000000000000124e+00
3.222999999999999865e+00
3.168000000000000149e+00
3.193000000000000060e+00
3.201000000000000068e+00
3.172000000000000153e+00
2.990000000000000213e+00
2.970000000000000195e+00
3.036000000000000032e+00
3.061999999999999833e+00
2.869000000000000217e+00
3.313000000000000167e+00
3.258999999999999897e+00
2.789000000000000146e+00
3.488999999999999879e+00
3.448999999999999844e+00
2.805000000000000160e+00
3.190999999999999837e+00
3.192000000000000171e+00
3.285000000000000142e+00
3.174999999999999822e+00
3.065999999999999837e+00
3.133000000000000007e+00
2.994000000000000217e+00
3.200000000000000178e+00
3.188000000000000167e+00
2.705999999999999961e+00
3.153000000000000025e+00
3.185000000000000053e+00
1.681000000000000050e+00
3.237999999999999989e+00
2.857000000000000206e+00
2.996999999999999886e+00
3.259999999999999787e+00
2.996999999999999886e+00
3.055000000000000160e+00
3.374000000000000110e+00
2.790000000000000036e+00
2.779999999999999805e+00
2.975999999999999979e+00
3.254000000000000004e+00
2.947999999999999954e+00
3.152000000000000135e+00
2.697999999999999954e+00
3.073999999999999844e+00
2.938000000000000167e+00
3.204000000000000181e+00
2.734999999999999876e+00
3.096999999999999975e+00
3.190999999999999837e+00
3.226999999999999869e+00
2.884999999999999787e+00
3.302999999999999936e+00
3.245999999999999996e+00
3.229000000000000092e+00
3.286999999999999922e+00
2.366000000000000103e+00
3.541999999999999815e+00
2.951999999999999957e+00
2.716000000000000192e+00
3.286999999999999922e+00
3.233999999999999986e+00
2.608999999999999986e+00
3.004000000000000004e+00
2.895999999999999908e+00
3.198999999999999844e+00
3.076999999999999957e+00
3.213999999999999968e+00
2.811999999999999833e+00
2.766000000000000014e+00
3.205999999999999961e+00
3.088999999999999968e+00
3.375000000000000000e+00
3.253000000000000114e+00
3.041999999999999815e+00
2.859999999999999876e+00
3.322999999999999954e+00
2.980999999999999872e+00
3.099000000000000199e+00
3.087000000000000188e+00
