1.157709507503228785e+01
1.100103628512709086e+01
1.194407974657162086e+01
1.062414237097077674e+01
1.177267488718509014e+01
1.094490591429452309e+01
1.080750998878249547e+01
1.072981571777144971e+01
1.128703183185792369e+01
1.086027699517469358e+01
1.126977078341551675e+01
1.100103628512709086e+01
1.080711345305480187e+01
1.148983740669949150e+01
1.144907864837262501e+01
1.143092593002698365e+01
1.142690405973187318e+01
1.111341842686227643e+01
1.072767069371812099e+01
1.095242739376964636e+01
1.081963319347341468e+01
1.111341842686227643e+01
1.177073790755372151e+01
1.117448125269998371e+01
1.113605155045982187e+01
1.141770916611978848e+01
1.066845985692403609e+01
1.195163874609101562e+01
1.140241023220542083e+01
1.194407974657162086e+01
1.079450897788812469e+01
1.070490771747011571e+01
1.094490591429452309e+01
1.196812505959743511e+01
1.196634847356633635e+01
1.126977078341551675e+01
1.072767069371812099e+01
1.175226260832096337e+01
1.174957072212491305e+01
1.086139877402810860e+01
1.136019254025603686e+01
1.089672485572077143e+01
1.095242739376964636e+01
1.194407974657162086e+01
1.144406441127862806e+01
1.165189656031827781e+01
1.175226260832096337e+01
1.070490771747011571e+01
1.084236907845771292e+01
1.066845985692403609e+01
1.094490591429452309e+01
1.089672485572077143e+01
1.158193617456207747e+01
1.195843681443418305e+01
1.084236907845771292e+01
1.080750998878249547e+01
1.119418377336161363e+01
1.093967406928762820e+01
1.113605155045982187e+01
1.154476997699575769e+01
1.142013898813859818e+01
1.061701042690868668e+01
1.145057883932896026e+01
1.098266411444932800e+01
1.092553356917683693e+01
1.121694674960962068e+01
1.154790147191935112e+01
1.086789130343889020e+01
1.080921914687643337e+01
1.128703183185792369e+01
1.086027699517469358e+01
1.091948783196877848e+01
1.158097331196866797e+01
1.172091777195194773e+01
1.175738325403897733e+01
1.188525020737571403e+01
1.175982160784035635e+01
1.070618743761665748e+01
1.092553356917683693e+01
1.141301657406193293e+01
1.113605155045982187e+01
1.098419929791661254e+01
1.161076999971213475e+01
1.087758888534895796e+01
1.126687164350405013e+01
1.177267488718509014e+01
1.195163874609101562e+01
1.125407199275299064e+01
1.178116520085592889e+01
1.110916456521129447e+01
1.195843681443418305e+01
1.134221915659380286e+01
1.186701538523520760e+01
1.113246992539112767e+01
1.184654101236166213e+01
1.116540470171036681e+01
1.086027699517469358e+01
1.094490591429452309e+01
1.080748123948538897e+01
1.075051911719419273e+01
1.089672485572077143e+01
1.112315901324828005e+01
1.080708184027441909e+01
1.140000920172852616e+01
1.178997124471217539e+01
1.192338137836882339e+01
1.072767069371812099e+01
1.083142293049650640e+01
1.129849520276793307e+01
1.094490591429452309e+01
1.196812505959743511e+01
1.063413680618472767e+01
1.087702233505914151e+01
1.172183081147610650e+01
1.089672485572077143e+01
1.174679161041526143e+01
1.124236483193536529e+01
1.128703183185792369e+01
1.081227682801631218e+01
1.174522767703563275e+01
1.158208313334638717e+01
1.174392460379073100e+01
1.115773591281553578e+01
1.144581635511689299e+01
1.140346268663669882e+01
1.106852076351001557e+01
1.127870012986337045e+01
1.091425598696188359e+01
1.089672485572077143e+01
1.175226260832096337e+01
1.062343093177272735e+01
1.066477408157677331e+01
1.138006121967282347e+01
1.094490591429452309e+01
1.062781605522275719e+01
1.080832975061682077e+01
1.094490591429452309e+01
1.113605155045982187e+01
1.088324679115616966e+01
1.091948783196877848e+01
1.102223044740847691e+01
1.174455030734223371e+01
1.111270698766422882e+01
1.159440679247555472e+01
1.149044973965563798e+01
1.174957072212491305e+01
1.135722183996102430e+01
1.141240467277448900e+01
1.127571571603754386e+01
1.109521469360726620e+01
1.090479530328201641e+01
1.078049472752401527e+01
1.179311465369594103e+01
1.177800531467966394e+01
1.081607676381391059e+01
1.117646094012376246e+01
1.123274406747551346e+01
1.143837925253438037e+01
1.081009683999874227e+01
1.070490771747011571e+01
1.075308877604386737e+01
1.084632712357066531e+01
1.193278617110069462e+01
1.126977078341551675e+01
1.078049472752401527e+01
1.175738738177740395e+01
1.154102998772177102e+01
1.107505450525339263e+01
1.110916456521129447e+01
1.112590990509574418e+01
1.129800770676196642e+01
1.194668507665535806e+01
1.070490771747011571e+01
1.068520519680848579e+01
1.063505659610616583e+01
1.129800770676196642e+01
1.156636564045197169e+01
1.172904898145858610e+01
1.175738738177740395e+01
1.174957072212491305e+01
1.196255504580437901e+01
1.083399990797729728e+01
1.176871972702029545e+01
1.126977078341551675e+01
1.107795364516485748e+01
1.081284985236994345e+01
1.138561062258178147e+01
1.112315901324828005e+01
1.177630792134677939e+01
1.063434979696613425e+01
1.157202505242817558e+01
1.087702233505914151e+01
1.159532783242586795e+01
1.124236483193536529e+01
1.112362585285763394e+01
1.173792422819190051e+01
1.101411668768269081e+01
1.135722183996102430e+01
1.141301657406193293e+01
1.087702233505914151e+01
1.101633755766430234e+01
1.173156424011816590e+01
1.166157905717537702e+01
1.157696341618739666e+01
1.083290707502578165e+01
1.148525207935739623e+01
1.096591877456487829e+01
1.087702233505914151e+01
1.113605155045982187e+01
1.094490591429452309e+01
1.061520419636534562e+01
1.097231186577467454e+01
1.154633267074481573e+01
1.111341842686227643e+01
1.194668507665535806e+01
1.104092692922485419e+01
1.072767069371812099e+01
1.163290617474386046e+01
1.193860874866591892e+01
1.142105916536002752e+01
1.110916456521129447e+01
1.160725128450986787e+01
1.083850825543155949e+01
1.100457879166933317e+01
1.087702233505914151e+01
1.081657184903323277e+01
1.072767069371812099e+01
1.079450897788812469e+01
1.126977078341551675e+01
1.075308877604386737e+01
1.128703183185792369e+01
1.081524807002338662e+01
1.068520519680848579e+01
1.068520519680848579e+01
1.092923080558700200e+01
1.083511810821167387e+01
1.161553961608999330e+01
1.094490591429452309e+01
1.132786868871048114e+01
1.136019254025603686e+01
1.080736256182823318e+01
1.110667806451727557e+01
1.107505450525339263e+01
1.086305827954392278e+01
1.127870012986337045e+01
1.078049472752401527e+01
1.174679161041526143e+01
1.089672485572077143e+01
1.097231186577467454e+01
1.167494303329093697e+01
1.094490591429452309e+01
1.140141071231493086e+01
1.107505450525339263e+01
1.128703183185792369e+01
1.177962418471562067e+01
1.113786920385007484e+01
1.083664114208587925e+01
1.196255504580437901e+01
1.188428191820108459e+01
1.083214791654530806e+01
1.196812505959743511e+01
1.083859263281897967e+01
1.097231186577467454e+01
1.141082019088627852e+01
1.106413564005998573e+01
1.095868933843880910e+01
1.174957072212491305e+01
1.176443708564213431e+01
1.162623772094164387e+01
1.173792422819190051e+01
1.081440134846651979e+01
1.087702233505914151e+01
1.177630792134677939e+01
1.140276867043808551e+01
1.110916456521129447e+01
1.075861825380230030e+01
1.115773591281553578e+01
1.164052254537534559e+01
1.094490591429452309e+01
1.176661967618352556e+01
1.081873974087252499e+01
1.088324679115616966e+01
1.139051902141591022e+01
1.161219499517053322e+01
1.092088984941356955e+01
1.115773591281553578e+01
1.104092692922485419e+01
1.113605155045982187e+01
1.176604195303120015e+01
1.066322801191714120e+01
1.095242739376964636e+01
1.091668926314596888e+01
1.132786868871048114e+01
1.175982160784035635e+01
1.120593382593334830e+01
1.083501100775028547e+01
1.106173742240654256e+01
1.195398842424549812e+01
1.081512064997467881e+01
1.089672485572077143e+01
1.167982414288802850e+01
1.095196890296085002e+01
1.090023778569391766e+01
1.175738738177740395e+01
1.157872116253525796e+01
1.081553103255183146e+01
1.138561062258178147e+01
1.089672485572077143e+01
1.081286756442931285e+01
1.125697254277670289e+01
1.174392460379073100e+01
1.065317919951843528e+01
1.063413680618472767e+01
1.087702233505914151e+01
1.194874142730940214e+01
1.124236483193536529e+01
1.144143472644971027e+01
1.129800770676196642e+01
1.102512961135896319e+01
1.098266411444932800e+01
1.068520519680848579e+01
1.089672485572077143e+01
1.157413782382829659e+01
1.136019254025603686e+01
1.133742956400802981e+01
1.110973574565715438e+01
1.126687164350405013e+01
1.088938507670658318e+01
1.107505450525339263e+01
1.091948783196877848e+01
1.070490771747011571e+01
1.127571571603754386e+01
1.102512961135896319e+01
1.126977078341551675e+01
1.065185223937132974e+01
1.127870012986337045e+01
1.080921914687643337e+01
1.065317919951843528e+01
1.136019254025603686e+01
1.121694674960962068e+01
1.143238181682609067e+01
1.197444617075252715e+01
1.096591877456487829e+01
1.089672485572077143e+01
1.176661967618352556e+01
1.174679161041526143e+01
1.117646094012376246e+01
1.119418377336161363e+01
1.081595950922143423e+01
1.107795364516485748e+01
1.111341842686227643e+01
1.150060116784795383e+01
1.157871814882868300e+01
1.082616693521679174e+01
1.160959353696014595e+01
1.081524807002338662e+01
1.160186296361813518e+01
1.175738738177740395e+01
1.108389857778688814e+01
1.083501100775028547e+01
1.197838125273698040e+01
1.104092692922485419e+01
1.086027699517469358e+01
1.196053686527095117e+01
1.092160128861161894e+01
1.062058138254046824e+01
1.080779203190455640e+01
1.094065278714047196e+01
1.178116520085592889e+01
1.138861995491360801e+01
1.111709211111425688e+01
1.110667806451727557e+01
1.089672485572077143e+01
1.124236483193536529e+01
1.082723103928866060e+01
1.156620511415822783e+01
1.160556883308261966e+01
1.097231186577467454e+01
1.083214791654530806e+01
1.194407974657162086e+01
1.148075724455572910e+01
1.094490591429452309e+01
1.110619056851130892e+01
1.172750465457787072e+01
1.115773591281553578e+01
1.132786868871048114e+01
1.129849520276793307e+01
1.081524807002338662e+01
1.091948783196877848e+01
1.193278617110069462e+01
1.113557075901256788e+01
1.084109527856377042e+01
1.115773591281553578e+01
1.094490591429452309e+01
1.094501765089233380e+01
1.061701042690868668e+01
1.176443708564213431e+01
1.087702233505914151e+01
1.076410479930858877e+01
1.194407974657162086e+01
1.080938280382197370e+01
1.176443708564213431e+01
1.097231186577467454e+01
1.074259286419844095e+01
1.177630792134677939e+01
1.065450998532000781e+01
1.178656411448632291e+01
1.133742956400802981e+01
1.085045317029335266e+01
1.194920452002806321e+01
1.110667806451727557e+01
1.129849520276793307e+01
1.162175530300696380e+01
1.142418155703749072e+01
1.078049472752401527e+01
1.196053686527095117e+01
1.145744346397270697e+01
1.192338137836882339e+01
1.075308877604386559e+01
1.116540470171036681e+01
1.100751343297820029e+01
1.094065278714047196e+01
1.174392460379073100e+01
1.114424453202030385e+01
1.176871972702029545e+01
1.194668507665535806e+01
1.086794578406952461e+01
1.067124114129326706e+01
1.177073790755372151e+01
1.183719630601218853e+01
1.152199310057542725e+01
1.115040201834314537e+01
1.138561062258178147e+01
1.126977078341551675e+01
1.153330569380206327e+01
1.082781775957363735e+01
